-1.243923823426207109e+00 6.298191135120277673e-02 2.221989688291675424e+00 -1.015718134767774750e+01 -1.205511714178558597e-01
-1.506131758541436660e+00 8.755439522227655147e-02 7.148424406450491375e+00 -1.888770498203650838e+00 6.501039991284875974e-01
-1.041558459286296534e+00 4.885963236750530403e-02 -3.641781538412312003e+00 -2.337331000955621363e+01 -1.173458777138703946e+00
-1.705542838398327765e+00 1.110726272746102444e-01 9.600496332018625623e+00 1.475826656986869989e-01 9.201195992846304961e-01
-1.241079064672600429e+00 1.380524669705250618e-01 2.069321085190732656e+00 -1.095237634999642751e+01 -7.041048783764919774e-04
-1.513392914299047209e+00 1.821394917409069614e-01 7.718011431039095704e+00 -2.201296654277704601e+00 1.276351798488433387e+00
-1.026544397941451470e+00 1.121298847290527201e-01 -4.439967526962978361e+00 -2.448461058230475729e+01 -1.444182800205712880e+00
-1.716739540785760854e+00 2.233709360961566581e-01 1.047283546301022561e+01 -1.133573851430802609e-01 1.797589872313548165e+00
-1.236552061216926068e+00 1.213205015666209488e-02 2.352902391941799287e+00 -8.337662246709587777e+00 1.613245658293321894e+00
-1.487767553247481889e+00 1.789389906181677176e-02 6.814240287258457762e+00 -1.297788308726887330e+00 3.265997424261815607e-01
-1.047595235093966792e+00 8.938420235322390786e-03 -3.054119071914695560e+00 -2.062340752707800462e+01 4.571389743474394862e+00
-1.682692455161195921e+00 2.361043353796878422e-02 9.229151520826523125e+00 4.232548333364057336e-01 2.290934155276829753e-01
-1.228146795384620349e+00 1.965238737098791988e-01 3.551622346425655774e+00 -9.285534515321469229e+00 1.134331692867652341e+00
-1.504738437879910906e+00 2.548409015992587623e-01 8.766902126358957048e+00 -1.798567936570001802e+00 1.904327359153085375e+00
-1.010609979439611061e+00 1.619028487587000353e-01 -2.488468440988505836e+00 -2.160089432159618639e+01 7.150123122850940982e-01
-1.710423802555619988e+00 3.089690085978903378e-01 1.143017015964430350e+01 -2.405794865688123951e-01 2.391989156342970713e+00
-1.197320119290408380e+00 2.847191437422356142e-01 5.960472813468194353e+00 -7.360304215679501105e+00 1.997477987990798232e+00
-1.474416594315837381e+00 3.698634753341633608e-01 1.082202585251244820e+01 -2.612218602242488252e+00 2.912189767702249910e+00
-9.827473762634257870e-01 2.329477193514800093e-01 3.121416755743971483e-01 -1.645916933793031944e+01 9.235979567268227663e-01
-1.681544583770464785e+00 4.479325742006110556e-01 1.349439653954137519e+01 -1.913427517099329345e+00 3.408379207685141576e+00
-1.169562191063755030e+00 3.645168385454281013e-01 7.329220690883442302e+00 -6.544289822557415093e+00 2.138885376237936953e+00
-1.444285105012055537e+00 4.748041576427263211e-01 1.244390604678556755e+01 -3.285168633617638445e+00 3.243002484543924258e+00
-9.565065671239314504e-01 2.952026199776329185e-01 1.669037287310014550e+00 -1.335828927196401317e+01 6.974282192801088964e-01
-1.650164741252546419e+00 5.741699393689932984e-01 1.533402977956929014e+01 -3.110217667240269712e+00 3.762456954254397967e+00
-1.217896035600644966e+00 2.263615968061552242e-01 4.592133970965190493e+00 -8.257474254756179022e+00 1.628746203144968652e+00
-1.495231745278906565e+00 2.931885817701999630e-01 9.479474555959708226e+00 -1.871774111774822336e+00 2.295512178157324445e+00
-1.001301943466674560e+00 1.865025007246234601e-01 -1.146248094291442809e+00 -1.946463449902610421e+01 1.222508417149718474e+00
-1.701812575312800613e+00 3.550813016008314005e-01 1.205551946918095929e+01 -6.781366327344579004e-01 2.750842364335332135e+00
-1.148287976839341917e+00 4.263979811893907623e-01 8.054651856436013446e+00 -6.307002790473418941e+00 1.998681064728245582e+00
-1.420516960281568375e+00 5.537271032865463960e-01 1.323740757949123648e+01 -3.967478053758159096e+00 3.076215737302453235e+00
-9.349602302861330649e-01 3.441258771431216501e-01 2.575976943403418762e+00 -1.145804919304674740e+01 6.244145715571663979e-01
-1.624489855298025809e+00 6.668882869416298265e-01 1.623540077782845259e+01 -4.027040058125269439e+00 3.591109746969271654e+00
-1.113690751944188317e+00 5.158927898107317223e-01 9.524198706009775250e+00 -5.967955028637912385e+00 1.936209147206694015e+00
-1.382185533256710341e+00 6.629328790712805120e-01 1.435711812282071342e+01 -4.804508331551391898e+00 2.677604004521585424e+00
-8.994907085667488422e-01 4.174571663743895100e-01 4.717231393250543192e+00 -8.957176709742533660e+00 1.148438632409735094e+00
-1.583111878258108174e+00 7.914186179180344727e-01 1.733111092068063996e+01 -4.972198074751323915e+00 3.158347971140505805e+00
-1.077211264672735203e+00 5.863180159033424266e-01 1.182415209634591058e+01 -4.875553781974589995e+00 2.481351426336256161e+00
-1.342068739987733572e+00 7.479665644327828655e-01 1.636864030214700705e+01 -4.716390913625819969e+00 2.900376215296609050e+00
-8.656492183930154516e-01 4.760713422817586249e-01 7.484176340277656436e+00 -6.418637019592257076e+00 2.112951787585726215e+00
-1.540686012450791287e+00 8.874319327978800187e-01 1.920670795007350051e+01 -5.230849063223719675e+00 3.213585133195271393e+00
-1.137015119913775019e+00 4.588646533126283789e-01 8.358368074629490607e+00 -6.330293701700693276e+00 1.849334744975893674e+00
-1.407936209103686220e+00 5.937265698968116068e-01 1.343527994749595145e+01 -4.415311251795977832e+00 2.825593664930284632e+00
-9.230015895264342962e-01 3.704266779354530303e-01 3.121219538501096569e+00 -1.063392029959610241e+01 6.701018774736121619e-01
-1.610774278414592198e+00 7.127710726898817128e-01 1.645200231776611943e+01 -4.486824358511833033e+00 3.349233392784846330e+00
-1.042980969853142481e+00 6.407317911553337408e-01 1.358702045036604211e+01 -4.033788284644015398e+00 2.802204192781861281e+00
-1.304114906727745771e+00 8.143593684497884011e-01 1.788812291023743839e+01 -4.542536597795096220e+00 2.988294716256726602e+00
-8.361685655962629582e-01 5.209258313399354190e-01 9.756218977430702211e+00 -4.551178520838139896e+00 2.777101738393571662e+00
-1.500826451600479228e+00 9.623157666113644204e-01 2.067420871232990365e+01 -5.285846411361796449e+00 3.188072395718657415e+00
-9.784778326509521174e-01 7.281605827341781634e-01 1.618751211004150292e+01 -3.059227258808810301e+00 2.991108626224966649e+00
-1.230377843471796240e+00 9.226712710262530148e-01 1.973511312505044302e+01 -4.625193850414942354e+00 2.685553401007182206e+00
-7.840135976224720249e-01 5.911198991434652994e-01 1.354544538658532460e+01 -1.889048756877512059e+00 3.581825462955464889e+00
-1.422854469755740814e+00 1.084215811005257768e+00 2.225665013808844961e+01 -5.713724660420873569e+00 2.630687552986353150e+00
-9.167559622502404748e-01 8.009317888011254771e-01 1.873120246832824520e+01 -2.047722372918478140e+00 3.201948097840025209e+00
-1.156699272688433977e+00 1.012922153432420869e+00 2.147337767164237476e+01 -4.419369570322130514e+00 2.421995641358802853e+00
-7.360441413781733111e-01 6.480752222367490711e-01 1.722817979508023001e+01 3.726450551802702460e-01 4.308563735029353303e+00
-1.343527052890669315e+00 1.184759894502613653e+00 2.360166166658190434e+01 -5.821985084668273025e+00 2.062518736044884893e+00
-1.021926246431832386e+00 6.708430700144074610e-01 1.440669597311319805e+01 -3.733130280294639114e+00 2.847802550846996184e+00
-1.280472497046716063e+00 8.515979612037016810e-01 1.850783600292319164e+01 -4.584174374890897852e+00 2.894221366108491900e+00
-8.188360640482730268e-01 5.453501528935562614e-01 1.095658504125836785e+01 -3.671682966419230532e+00 3.029680033163131281e+00
-1.475997411398950687e+00 1.004368204422793953e+00 2.125802191152907028e+01 -5.420520412198088778e+00 3.035757176980118377e+00
-8.680786144596800424e-01 8.522850750139527864e-01 2.044901112954886457e+01 -1.493634135835665067e+00 3.221614767979892768e+00
-1.096903037992595475e+00 1.076433665692463348e+00 2.263193583425396227e+01 -4.278168113395628858e+00 2.131357328391314976e+00
-6.991080381073077055e-01 6.876002872958039136e-01 1.976535360453044277e+01 1.636670926028362283e+00 4.662157869653664299e+00
-1.278254105732054446e+00 1.254914242710585270e+00 2.447111956068792082e+01 -5.822358413856919768e+00 1.554763052047954064e+00
-7.938864649358401415e-01 9.214737358930279454e-01 2.261811434325077741e+01 -6.466193419554230326e-01 3.137685854624611803e+00
-1.004344328251846497e+00 1.161376871720912973e+00 2.396229653813693616e+01 -3.757073381193675843e+00 1.645370502254233314e+00
-6.428921234678117713e-01 7.407480830450056120e-01 2.315185891810711638e+01 3.154616500679017665e+00 5.016066090317086612e+00
-1.175778677171458231e+00 1.348120903597870957e+00 2.549207940289427299e+01 -5.306718827846527375e+00 8.292622390091966000e-01
-7.282898375518390699e-01 9.749743005938585894e-01 2.491587309024687258e+01 3.327458264404227761e-01 3.208199700057066117e+00
-9.229317383951924914e-01 1.226085383264502005e+00 2.527658339511641472e+01 -3.061548322405716949e+00 1.311005979216256279e+00
-5.917230856673023620e-01 7.828438717895579435e-01 2.669066661139538965e+01 4.630929872146428927e+00 5.521647863858550664e+00
-1.084695620097052116e+00 1.418730523770473262e+00 2.640315777204490288e+01 -4.605856469100270800e+00 2.761518818652974883e-01
-8.423677939602728371e-01 8.774149848623273851e-01 2.114803991919287895e+01 -1.281980186997056625e+00 3.157473854196896745e+00
-1.064835181800184660e+00 1.107388731070806154e+00 2.308839015528373295e+01 -4.177399719578761328e+00 1.940089782604246915e+00
-6.797993488490774450e-01 7.067916954118483863e-01 2.083738447582815212e+01 2.088791086909215444e+00 4.733627751219900759e+00
-1.242932582565511757e+00 1.288911721853412518e+00 2.482855208465438679e+01 -5.729321738704571843e+00 1.278104972600340394e+00
-6.746503544175534994e-01 1.014368787167227559e+00 2.673993856507624400e+01 1.032994551004198680e+00 3.221293507859413818e+00
-8.569751131304770286e-01 1.272822617911944176e+00 2.633645679573556464e+01 -2.463746737554262101e+00 1.040969681567629479e+00
-5.488529870964380386e-01 8.146428111077940182e-01 2.936012223440128110e+01 5.514149552769334939e+00 5.810262802069675381e+00
-1.010664554950839955e+00 1.469243015633020732e+00 2.711796228974802858e+01 -3.946684381029369693e+00 -1.484490495959201184e-01
-5.862885330878472301e-01 1.071688986425642476e+00 2.961102880631991496e+01 2.142889695505504122e+00 3.186800832772151093e+00
-7.491262902763331510e-01 1.338966265682753010e+00 2.774841070248029240e+01 -1.272537677906598441e+00 6.277573612549621762e-01
-4.768907705016385834e-01 8.626316195576174684e-01 3.400207469733153687e+01 6.676179280784245940e+00 6.128014490098962597e+00
-8.893089110232070826e-01 1.539768331171729843e+00 2.787051396275803938e+01 -2.553127321168971786e+00 -7.889581612566715085e-01
-5.085241121649584084e-01 1.114138881818870885e+00 3.205182605992207812e+01 3.036828710048291136e+00 3.015643924046924607e+00
-6.537802853730105834e-01 1.386247435000008688e+00 2.880246954001014714e+01 -1.800109660232230291e-01 2.292535828985583779e-01
-4.131850564535858306e-01 9.000730933409902823e-01 3.814873878733499879e+01 7.520781527023661539e+00 6.171307263783150532e+00
-7.810436092687471632e-01 1.589513383709985739e+00 2.832114728428687656e+01 -1.196230743245458639e+00 -1.317446231949436664e+00
-6.444627555289890175e-01 1.035077859406836165e+00 2.771308807096274407e+01 1.399766016770630506e+00 3.214248421361959096e+00
-8.201302860210258894e-01 1.296996246806691788e+00 2.686171597352121410e+01 -2.087732885586676357e+00 8.956013724144524790e-01
-5.243593928389438386e-01 8.316936266983367965e-01 3.084832522025398305e+01 5.906480070470296440e+00 5.930454899541573788e+00
-9.693012031984961085e-01 1.495141915786949216e+00 2.743623342774579044e+01 -3.510209339800061557e+00 -3.750769494684897398e-01
-4.482277927568010800e-01 1.142210520618102576e+00 3.382697374638347299e+01 3.636382415948030911e+00 2.768182079714276433e+00
-5.792195556156736203e-01 1.416494664501790623e+00 2.949651725284902426e+01 6.632417487975992287e-01 -1.136764828247723152e-01
-3.637749673454774846e-01 9.260748694390741331e-01 4.125980630524624360e+01 8.015025610079588247e+00 6.024198243869106406e+00
-6.955058726838095895e-01 1.620995171977991811e+00 2.856496662877434645e+01 -8.171048437128178299e-02 -1.703698916683682452e+00
-3.568922175971227517e-01 1.177805421878341585e+00 3.656450839322693014e+01 4.808337194146147908e+00 2.477462561183807477e+00
-4.647584586348745828e-01 1.453232681929339298e+00 3.031337518613016968e+01 2.378516517361424665e+00 -3.740678028932819532e-01
-2.891739601035195895e-01 9.609423717193027459e-01 4.649990297859940114e+01 8.908184304568390388e+00 5.644709670376649946e+00
-5.623633327941840454e-01 1.658644751548175478e+00 2.864165370433529034e+01 2.142614114326578445e+00 -1.958374171544525977e+00
-2.813174859216583945e-01 1.201913849225473285e+00 3.887254666449277352e+01 5.865821498575643389e+00 2.093843353172152533e+00
-3.686625031629806037e-01 1.476478799057117985e+00 3.077350382274272889e+01 3.835073504849200177e+00 -5.706274976394023479e-01
-2.276402782025216953e-01 9.862339224823002404e-01 5.128852162254612068e+01 9.842359269844497049e+00 5.039111358815365982e+00
-4.488703337868683030e-01 1.681695482482194803e+00 2.844734460505529938e+01 4.011146999183065276e+00 -2.042231965774262470e+00
-4.161226075002519842e-01 1.155521350359328903e+00 3.475704006596235729e+01 3.993970226336502449e+00 2.652105100855400188e+00
-5.392044895468479648e-01 1.430467279971635586e+00 2.981084662331056023e+01 1.203587329604490774e+00 -2.430776827139483065e-01
-3.375140339122387201e-01 9.388665337209119999e-01 4.297741146911574361e+01 8.274275925891389605e+00 5.911028589410673995e+00
-6.492215261225207090e-01 1.635419974181991698e+00 2.863526874171843772e+01 6.328168451652161908e-01 -1.840888376681441896e+00
-2.242919254388099637e-01 1.216753863419819170e+00 4.051944322446023961e+01 6.631890328153820846e+00 1.652662548187855407e+00
-2.954003536931277818e-01 1.489487378668070239e+00 3.092402502742753967e+01 4.846058609775191428e+00 -7.480564138058373169e-01
-1.812647623851535716e-01 1.003117298779568012e+00 5.501812479872029371e+01 1.060310126129135710e+01 4.336121806327290606e+00
-3.613746821471036652e-01 1.693923264756824310e+00 2.812120917080342863e+01 5.310790728343687483e+00 -2.048100592548812493e+00
-1.383351976752594248e-01 1.233764012203315108e+00 4.282964333280597913e+01 7.947909600340382852e+00 1.185528147194722548e+00
-1.837126510302072580e-01 1.501745457336206568e+00 3.078041094868123650e+01 6.369737233514783270e+00 -6.011707073173921945e-01
-1.114920257257361602e-01 1.025135193085664698e+00 6.168358778685142596e+01 1.230714312460495385e+01 3.228619685596337163e+00
-2.264283270845365847e-01 1.703903917620145148e+00 2.760641746328730761e+01 7.236129266999874687e+00 -1.532759829979622790e+00
-6.721664128912792358e-02 1.243051310056266789e+00 4.432845152410461509e+01 8.834046635701541916e+00 5.931922951289931856e-01
-8.991483761011610787e-02 1.505224168522000916e+00 3.008589389893020893e+01 7.110511341326476220e+00 -3.651138248542189491e-01
-5.404197820069554792e-02 1.040368533730714473e+00 6.769512789624522497e+01 1.399856209314079969e+01 1.774902702556650613e+00
-1.115341144879306440e-01 1.704424721128682707e+00 2.680640652969081117e+01 8.177368949172027612e+00 -8.316251985168457983e-01
-1.941291708976016495e-01 1.223418963881488963e+00 4.135511220743644856e+01 7.076366563063792192e+00 1.460509514527076780e+00
-2.564048784881132748e-01 1.494756117160149111e+00 3.093536977394161624e+01 5.400599960085650686e+00 -7.609241422716517267e-01
-1.567440171080205225e-01 1.011278915207878715e+00 5.718224035695642726e+01 1.110949238652900029e+01 3.962523675405664303e+00
-3.144818134309408930e-01 1.698547294398986329e+00 2.795274280850087933e+01 6.017798640056280846e+00 -1.948296772812275091e+00
-1.399337162609010608e-02 1.246942709396383853e+00 4.499483552841695655e+01 9.231382301833985338e+00 -6.285761206629995879e-02
-1.882491414503633179e-02 1.503567325538531785e+00 2.911963547629854077e+01 7.181940672915091639e+00 -1.666632266614694602e-01
-1.122910855276766824e-02 1.049863359720117906e+00 7.228100276461114504e+01 1.535491103168990534e+01 2.155390043007973100e-01
-2.346689595440270421e-02 1.699866434733675158e+00 2.593414445086463260e+01 8.319150956177141509e+00 -1.829700754379791627e-01
-2.008637001517727505e+00 1.553070051278839792e-01 1.233932153479883986e+01 5.550047992968115684e-01 6.885807529416210215e-01
-2.264513387348966234e+00 2.011841503452919955e-01 1.467530433140901458e+01 1.072444657108872157e+00 4.205435740487140639e-01
-1.811224310144982752e+00 1.252718213601370367e-01 1.059148690061881481e+01 3.229334782423348704e-01 9.087769231429551064e-01
-2.459351622173234109e+00 2.414580635948310738e-01 1.652017515604123332e+01 1.578384122946443036e+00 2.765399073588791778e-01
-2.021071714172179234e+00 2.988398008508120762e-01 1.313014907933425945e+01 1.924026554646650778e-03 1.332000793814653861e+00
-2.275605569083690050e+00 3.749563986217224754e-01 1.536984514008561398e+01 4.713148705198030863e-01 9.923769949825648196e-01
-1.823361365896996267e+00 2.478815714362727352e-01 1.146732555486501859e+01 -6.728293005301264063e-02 1.740968876786104458e+00
-2.468988809198892742e+00 4.405770252143554888e-01 1.711689920903907591e+01 1.011496312756661409e+00 8.489265856452995473e-01
-1.984068655084398225e+00 3.479780262533274660e-02 1.208012812129591751e+01 1.001824820058173859e+00 3.369329941453235167e-01
-2.241931320331720823e+00 4.687264933680376777e-02 1.456729487672163792e+01 1.562914290497634529e+00 3.373806414630834416e-01
-1.787054785330842499e+00 2.714319267919287904e-02 1.026914660617834230e+01 6.587804960014194133e-01 2.829333212263970276e-01
-2.438534274050051742e+00 5.776234982427682491e-02 1.659800488064351853e+01 2.070930824588389285e+00 2.946004503125768670e-01
-2.016436917941452744e+00 4.069917397925839619e-01 1.371867831689587369e+01 -4.505451231683815227e-01 1.724146528006004431e+00
-2.271820691008705762e+00 5.046452919092206946e-01 1.587314469297902875e+01 -1.904516982934227262e-02 1.387544004542369480e+00
-1.817698259134371774e+00 3.409673189992235010e-01 1.231358823968676930e+01 -3.708655621496128596e-01 2.272861226242246957e+00
-2.465180368670475630e+00 5.881117832271146595e-01 1.766210357153807919e+01 5.750432577725922423e-01 1.286397468752575657e+00
-1.989798375877449566e+00 5.875583561884066830e-01 1.518308424309669746e+01 -1.699871226710891747e+00 2.435735826890966127e+00
-2.247630493793181916e+00 7.246519910245045049e-01 1.676634569777436923e+01 -1.068454299073836822e+00 1.788246258456330562e+00
-1.789371018579862804e+00 4.937857483186283702e-01 1.429280041826330816e+01 -1.967882600503439550e+00 3.241919430166268601e+00
-2.441841514531263968e+00 8.405840530515664710e-01 1.824367600180936222e+01 -4.212620311125599426e-01 1.486726448741666262e+00
-1.957973308238980303e+00 7.496924463101516389e-01 1.681110922530251983e+01 -2.510832761567934224e+00 2.805214658055105392e+00
-2.215852540294995787e+00 9.196983074303300976e-01 1.803976970615285325e+01 -1.672751560304740481e+00 2.075040551968337699e+00
-1.757736473391087184e+00 6.321617125701555207e-01 1.614903468314180301e+01 -3.102573592385750700e+00 3.615245194647936255e+00
-2.410184810151589030e+00 1.062404836070907965e+00 1.923626727056817387e+01 -9.795361365184129809e-01 1.683188859686799876e+00
-2.008922450156040540e+00 4.667774262199378410e-01 1.406031272031136758e+01 -8.595881278775749923e-01 1.931662465536081008e+00
-2.265375774978760415e+00 5.775416265846267105e-01 1.604118343922761625e+01 -3.983017284872844566e-01 1.499571735213962143e+00
-1.809389424091850662e+00 3.916098929572583986e-01 1.287167245510683244e+01 -8.256874473061184272e-01 2.596230418998280776e+00
-2.459078308130958401e+00 6.718635938873134261e-01 1.777620576436918753e+01 2.168291788770595196e-01 1.353414243719355703e+00
-1.930932252696222928e+00 8.651590166694780315e-01 1.761592891518235149e+01 -3.184705500385490051e+00 2.742804252913951579e+00
-2.187717541428102042e+00 1.055256439745598795e+00 1.868366989692411906e+01 -2.225849928013486689e+00 2.062665220647157405e+00
-1.731606480732781117e+00 7.327077903086648414e-01 1.706214800981317126e+01 -3.958773095011871135e+00 3.477922936673928156e+00
-2.381776935629570602e+00 1.214228493632074635e+00 1.975549612015123557e+01 -1.506865702752763214e+00 1.689657145417736039e+00
-1.887063461330713565e+00 1.014472545207897314e+00 1.822569251555384895e+01 -4.089141146670503879e+00 2.340094499855369214e+00
-2.141953946187673985e+00 1.225747404501146276e+00 1.887906956159140393e+01 -3.083130792989599467e+00 1.709337358185645916e+00
-1.689401374240413478e+00 8.658900574881657208e-01 1.804868473344960123e+01 -4.875679000589773437e+00 3.053882033932971751e+00
-2.335681533122972553e+00 1.401748085689961343e+00 1.968989526962844749e+01 -2.311287567551729705e+00 1.396693238122517222e+00
-1.842504556480093703e+00 1.127413458610623698e+00 1.961543537531193948e+01 -4.426688136811551821e+00 2.305857090690025313e+00
-2.096820474716408533e+00 1.353060451586467039e+00 1.984417941640482397e+01 -3.391348311750606026e+00 1.650540591449530137e+00
-1.646066851880678472e+00 9.677954123295688937e-01 1.977919027828036747e+01 -5.210215014224147012e+00 3.051805219699590843e+00
-2.291012869111740180e+00 1.540116215540854983e+00 2.034167937057375397e+01 -2.578314030763825038e+00 1.336433439504947973e+00
-1.916338637149082924e+00 9.205972394895460820e-01 1.771591693459540551e+01 -3.582535786722181648e+00 2.552231976417274950e+00
-2.172326385359752088e+00 1.118840300415929967e+00 1.867994632068955241e+01 -2.598522408521804827e+00 1.912192211810682663e+00
-1.717624184208685456e+00 7.819319331808604057e-01 1.726230069689521329e+01 -4.384125397253902712e+00 3.255730746401462650e+00
-2.366183584667270079e+00 1.284391137819803408e+00 1.969379918276103680e+01 -1.866726211087765597e+00 1.572553030789167305e+00
-1.800883861548800091e+00 1.214259684003911488e+00 2.076910056342340027e+01 -4.543074704060377833e+00 2.248023355854306793e+00
-2.055477678190009705e+00 1.449666720780737661e+00 2.071849781424014836e+01 -3.492933697632372603e+00 1.598995744244497086e+00
-1.605316723668705814e+00 1.046872612621327248e+00 2.116258531303304835e+01 -5.319745762198045291e+00 2.993327662466155559e+00
-2.250677324193121720e+00 1.643583641864926781e+00 2.100756128022091218e+01 -2.652580988466501921e+00 1.295979940789865781e+00
-1.719559078896779836e+00 1.352853627219037236e+00 2.202121278791353376e+01 -4.729066727110356361e+00 1.846635369445524200e+00
-1.975447943404308848e+00 1.600278013288128021e+00 2.161513939807796447e+01 -3.571468852018943707e+00 1.313908886255465314e+00
-1.525515765364698240e+00 1.174837063026690442e+00 2.264707307383813628e+01 -5.712304630667466299e+00 2.435316919588983886e+00
-2.173417686151303041e+00 1.801208593374993061e+00 2.157681124361505098e+01 -2.736442338534120555e+00 1.046740231057987858e+00
-1.636143640469271965e+00 1.464095090171873226e+00 2.306819293350875455e+01 -4.696266143808510485e+00 1.462187197874418976e+00
-1.892733566756794383e+00 1.717115387535910864e+00 2.238843115787625138e+01 -3.497312966142225754e+00 1.070807520422885739e+00
-1.444126097324202718e+00 1.279598366503520435e+00 2.387032456116157775e+01 -5.811580903649407936e+00 1.860883983567249045e+00
-2.093477495086656592e+00 1.919864461219020990e+00 2.209056535119464471e+01 -2.710029354874125218e+00 8.481897318654844087e-01
-1.775031410246506569e+00 1.262561098846363805e+00 2.123445743093214944e+01 -4.624500405183848528e+00 2.130369071473615428e+00
-2.030062323966636217e+00 1.502803280964710719e+00 2.105794925631615655e+01 -3.544260924948408498e+00 1.510419128434540958e+00
-1.579919947087762733e+00 1.091143896891977327e+00 2.171982320530410959e+01 -5.448596934521884094e+00 2.840299917379160988e+00
-2.226104690044357071e+00 1.699794028342562768e+00 2.124033019342280326e+01 -2.696235884171295893e+00 1.219740416926558657e+00
-1.566741563295887207e+00 1.540191906500022689e+00 2.375767258478365918e+01 -4.625493843367328495e+00 1.127740785916376165e+00
-1.823121500053010990e+00 1.794947331635348808e+00 2.291661219668798921e+01 -3.428460000238210181e+00 8.660354634428175657e-01
-1.376931298186942154e+00 1.352315903629595972e+00 2.465647993692667228e+01 -5.799186169822200476e+00 1.357140401588180945e+00
-2.025751839944182731e+00 1.997020848090043099e+00 2.245649595851089231e+01 -2.696526141715563263e+00 6.884293725948090747e-01
-1.455161524077008828e+00 1.640143538208161278e+00 2.454125752022737572e+01 -4.222202052934784788e+00 6.224634661524464097e-01
-1.708232066934726845e+00 1.895597338740556692e+00 2.349332996243045102e+01 -3.178953425797717447e+00 5.314374142031885739e-01
-1.270661689398223659e+00 1.448634584314030693e+00 2.559239491072119321e+01 -5.286645804862848408e+00 6.444567967423907584e-01
-1.911368248716947660e+00 2.095360722931720598e+00 2.285176108427749142e+01 -2.592518255260178872e+00 4.243290273861315409e-01
-1.352934288646123973e+00 1.715651303841382536e+00 2.521009668399112513e+01 -3.688915596889990489e+00 2.202842923811816900e-01
-1.599343630628966118e+00 1.971749727695901289e+00 2.397915528394306861e+01 -2.840097638164405414e+00 2.510037617473264149e-01
-1.175308496414839476e+00 1.521481756690993281e+00 2.639988385234318358e+01 -4.600594606740605386e+00 9.329328723619657870e-02
-1.799331310775357906e+00 2.170003311620950726e+00 2.318682845438843643e+01 -2.416840978376551430e+00 1.935191659477134840e-01
-1.528781237803430004e+00 1.576643738440138831e+00 2.404183707030421857e+01 -4.538631704428323310e+00 9.410513399629844011e-01
-1.784605777546104388e+00 1.831620120463437029e+00 2.313124276289033787e+01 -3.374471344164515330e+00 7.462785366043188651e-01
-1.340451223099676792e+00 1.387451431740016394e+00 2.498622605749585901e+01 -5.699964424848066535e+00 1.087275006649502940e+00
-1.987954958061698640e+00 2.032811794292191721e+00 2.260395794642312950e+01 -2.684603839677122572e+00 5.949026471118574744e-01
-1.268610258034299720e+00 1.769156347460668632e+00 2.573072923218813557e+01 -3.178912188245136772e+00 -9.320116104235887100e-02
-1.507958498266078973e+00 2.025480053914813894e+00 2.435786936519679458e+01 -2.514408055636699668e+00 2.351400627807509122e-02
-1.097459661620144633e+00 1.573389422616251254e+00 2.702577892751559219e+01 -3.945737051979228749e+00 -3.279544500562331932e-01
-1.703688512151078749e+00 2.222598345684112520e+00 2.344876463537638855e+01 -2.242525358725055540e+00 -8.428835995459140005e-04
-1.128742172630809781e+00 1.842862239502858435e+00 2.622265820779289669e+01 -2.059049772950351187e+00 -5.837742825304516048e-01
-1.354209423880486041e+00 2.098987244391432139e+00 2.471749775464663301e+01 -1.745383318864572653e+00 -3.428391982490798795e-01
-9.693991488111901589e-01 1.645466776168169609e+00 2.762370529875846970e+01 -2.555741730694279568e+00 -9.705241032441190852e-01
-1.540519933664091790e+00 2.294326287899140393e+00 2.371255900740183975e+01 -1.755852652485066612e+00 -3.102350572887886959e-01
-1.001517193396878946e+00 1.894439240217294707e+00 2.648845845774404850e+01 -9.778425906614733876e-01 -9.926678521352172435e-01
-1.211563721635055879e+00 2.150398299429686411e+00 2.490052130938488872e+01 -1.035318436451792445e+00 -6.628149238781367858e-01
-8.544372961896598007e-01 1.696105699110103782e+00 2.794854017914844491e+01 -1.192520238627533535e+00 -1.490695138211413751e+00
-1.386498821819542204e+00 2.344592793121050178e+00 2.383242287909205714e+01 -1.340568000645089963e+00 -5.889640964277074175e-01
-1.221221320911731745e+00 1.796325488944686466e+00 2.595156499997434452e+01 -2.830658358169799715e+00 -2.644549545921590639e-01
-1.456213795634480279e+00 2.052612471060593524e+00 2.451985156315051029e+01 -2.278438033687457231e+00 -1.030857322015369393e-01
-1.053891426063486181e+00 1.599902255546251206e+00 2.729250633584284813e+01 -3.510036371000777145e+00 -5.544440897908877730e-01
-1.649114221460674878e+00 2.249081180176292882e+00 2.356566318576189900e+01 -2.097447058066108649e+00 -1.083793993283465318e-01
-8.990986864356208530e-01 1.926993582642798852e+00 2.661943355129199773e+01 -1.014838525561181093e-01 -1.292733608918495314e+00
-1.094742639852293253e+00 2.182991141031033422e+00 2.497948393155669677e+01 -4.917939252868787081e-01 -9.099909369016940808e-01
-7.630349821529014420e-01 1.728081511406764026e+00 2.810832793537225172e+01 -6.437908901812741669e-02 -1.860769065622692064e+00
-1.258603383549239840e+00 2.376642267274761355e+00 2.386629099537575982e+01 -1.058168423390143387e+00 -8.128347589964838305e-01
-7.358835152272934499e-01 1.965740601579929026e+00 2.644974862465827314e+01 1.693640816060801413e+00 -1.513338644191596583e+00
-9.047456893136951450e-01 2.222011047315583188e+00 2.474419697680489350e+01 7.842167613722322850e-01 -1.107370591778791713e+00
-6.196105577944360787e-01 1.766189775585419452e+00 2.803298099938060162e+01 2.174719994981768600e+00 -2.105684515630670273e+00
-1.047325928137369022e+00 2.415354941050840587e+00 2.361475406178238146e+01 -1.384610832818754522e-01 -9.872451643058596238e-01
-5.931456948854317845e-01 1.988930775133615825e+00 2.607608251804044741e+01 3.159824027483433273e+00 -1.590275802853401421e+00
-7.349427958521734805e-01 2.245332067247853391e+00 2.435446597126079382e+01 1.788548396598790280e+00 -1.196715338768427728e+00
-4.962685537525181600e-01 1.789274150055773838e+00 2.771879212741017540e+01 4.043186830691392508e+00 -2.166176568796915003e+00
-8.554263201008069917e-01 2.438725920210627507e+00 2.324475841463693371e+01 5.573118996216204213e-01 -1.071766373554249752e+00
-8.429027382405558377e-01 1.941903003301611808e+00 2.661525329744230817e+01 4.714621523726045260e-01 -1.404771670357495283e+00
-1.029866937310897956e+00 2.197999185332250249e+00 2.494929058707970171e+01 -1.013236803892263033e-01 -1.006065646745677666e+00
-7.133401223568832661e-01 1.742713647733793891e+00 2.813025767540624855e+01 6.577129076762027182e-01 -1.992564865578204669e+00
-1.186915573791695877e+00 2.391491476112558967e+00 2.382194323669055791e+01 -7.995298196198338259e-01 -8.990928447342133589e-01
-4.810429270034307092e-01 2.000725847331731533e+00 2.566073281850287202e+01 4.129381496089990833e+00 -1.590898232765700859e+00
-5.995270431409103207e-01 2.257125868679042746e+00 2.395893195799388664e+01 2.395132020187296984e+00 -1.221901547090516571e+00
-4.005645385724204144e-01 1.801290445643386695e+00 2.732142551433527089e+01 5.332550772619955914e+00 -2.137985346630043360e+00
-7.006723165649688667e-01 2.450725275604474174e+00 2.288413098803158263e+01 9.251448856405103394e-01 -1.101308202257408775e+00
-3.048475203665274580e-01 2.009061404235868764e+00 2.542164222184120348e+01 5.652173391318283890e+00 -1.150525110954443875e+00
-3.833655854641374594e-01 2.265225093436398662e+00 2.374568912439878332e+01 3.478925904477268904e+00 -8.506091372645064874e-01
-2.519858183126494899e-01 1.810520959813468833e+00 2.691596085876559741e+01 7.258574875054677911e+00 -1.579559587283939415e+00
-4.508637923932467539e-01 2.459356555518486420e+00 2.260907564219757049e+01 1.752046984980138777e+00 -7.379710568747723798e-01
-1.516047012610547140e-01 2.007194049817950798e+00 2.507271649407958947e+01 6.432674439077781692e+00 -6.200994203526518644e-01
-1.920775692563881643e-01 2.262882794731282399e+00 2.348644694335797922e+01 4.055274552911102504e+00 -4.664316693051883123e-01
-1.245436937856969489e-01 1.809978613997813346e+00 2.631618106687858472e+01 8.219292232507360296e+00 -8.463089862605475133e-01
-2.270571979345449576e-01 2.457611225936972232e+00 2.232004301414195169e+01 2.212243199569533747e+00 -4.057999977427264593e-01
-4.202783380236220778e-01 2.004919347793572282e+00 2.552639675727379043e+01 4.668961074175752124e+00 -1.498192813118727873e+00
-5.254480131550888222e-01 2.261275788195320047e+00 2.383196928202163178e+01 2.755812857615687950e+00 -1.143413080700781403e+00
-3.490693790471499081e-01 1.805714528329937174e+00 2.715918646989030449e+01 6.035458641239334732e+00 -2.020051165189692632e+00
-6.154530692063375774e-01 2.455038342489549219e+00 2.275011429998288293e+01 1.176765330119101449e+00 -1.022222480862775562e+00
-3.213044660260028912e-02 2.000189536086364406e+00 2.464687106170394415e+01 6.589551821917703833e+00 -1.630601415090838224e-01
-4.093565180231764633e-02 2.255342992722253026e+00 2.317219550371091330e+01 4.178131909870785421e+00 -1.712375323952278205e-01
-2.627192464045698464e-02 1.804340823604349442e+00 2.565492909437748992e+01 8.395097206563598036e+00 -1.760899753349107200e-01
-4.857458033258038599e-02 2.450617606817535155e+00 2.201241100245243132e+01 2.316548695996575535e+00 -1.764512969275693621e-01
-2.755583802091790435e+00 3.112621547064490235e-01 1.750482400992909859e+01 1.991802327475505452e+00 1.123337415427167474e-01
-3.006178522548731191e+00 3.779793721336169865e-01 1.809974522907819505e+01 2.462915218830383779e+00 4.642229687294588403e-02
-2.562711649180335893e+00 2.647024287924873986e-01 1.711361565753528424e+01 1.759090570001608844e+00 2.141212312199997636e-01
-3.198493807619469997e+00 4.339974564856571293e-01 1.860109129994001620e+01 2.893038015082224135e+00 3.519350792237894987e-02
-2.762349130345100878e+00 5.535846947304881027e-01 1.798854483564916507e+01 1.499523571496993446e+00 6.280505227985379024e-01
-3.009678599084392392e+00 6.625887691798432177e-01 1.850491052567069516e+01 1.990821133992226821e+00 5.318568990719048095e-01
-2.571606551921951755e+00 4.781185028707891083e-01 1.766037503570025891e+01 1.224201629676715752e+00 7.732316946417426839e-01
-3.200141558677944253e+00 7.549566458365069010e-01 1.895396420193064912e+01 2.422868742133796882e+00 5.122143616934974331e-01
-2.738697899006758085e+00 7.694837838954014797e-02 1.774723712636679807e+01 2.436276640307949215e+00 2.980650666385616931e-01
-2.995469592261281289e+00 9.525105437305721179e-02 1.841558084592298172e+01 2.868113269530901288e+00 2.837476702504491688e-01
-2.542571243771909462e+00 6.413708630858550030e-02 1.727836670599092628e+01 2.240213410511549430e+00 2.864783216755489859e-01
-3.191505131062632561e+00 1.104493185717641407e-01 1.896176382636435065e+01 3.276787016074221182e+00 2.553935046720514079e-01
-2.758213032882633531e+00 7.315576208251828305e-01 1.859112592260706620e+01 1.152155389652300688e+00 1.089406027633360141e+00
-3.006049612531814130e+00 8.705565382046827061e-01 1.917266678227521481e+01 1.687220238430079400e+00 1.007087962164588957e+00
-2.567524910276377081e+00 6.356508253546134801e-01 1.822890158385012072e+01 8.274046117460157612e-01 1.222907860331081453e+00
-3.196860220717956391e+00 9.883381545674516655e-01 1.967929733281183857e+01 2.147947665940155737e+00 9.938156078423767692e-01
-2.736345046148348281e+00 1.038286843836369489e+00 1.883414165487528891e+01 1.887429356388229118e-01 1.121694843148215215e+00
-2.988139219267709201e+00 1.228398253255496453e+00 1.919454689096546574e+01 7.213829186269650195e-01 9.336599809482358792e-01
-2.544116642465864775e+00 9.061794372624608629e-01 1.868797912711752218e+01 -1.507922898907267939e-01 1.349982782294128825e+00
-3.181718042167689831e+00 1.387370648783786464e+00 1.958701844793974800e+01 1.189389550699736509e+00 8.567481387615145660e-01
-2.706040382425139779e+00 1.303600039895132179e+00 1.966019159218639345e+01 -2.765921974969769992e-01 1.262588678833026501e+00
-2.961051559442116954e+00 1.532380157564841472e+00 1.988277932847139695e+01 2.931053387809032795e-01 1.012386743006743917e+00
-2.512570778357769985e+00 1.142825863665277275e+00 1.959314964210143728e+01 -6.833989890273418633e-01 1.518004234511779460e+00
-3.157712631058386954e+00 1.721551921772457083e+00 2.015281512798186014e+01 7.600488817609717396e-01 8.737807261978948192e-01
-2.752545933069594941e+00 8.337091403677197032e-01 1.863286830949481754e+01 8.051703892967463361e-01 1.116890851764852810e+00
-3.001661288301866293e+00 9.905001758516935872e-01 1.918495047272430298e+01 1.343052137962413628e+00 1.016781781537526630e+00
-2.561368817580558677e+00 7.254641160655056487e-01 1.832151390501826782e+01 4.782434787963159573e-01 1.273169486246821247e+00
-3.193265514813355299e+00 1.122897134537412356e+00 1.969532377470845574e+01 1.815015654937135237e+00 9.977904528586282185e-01
-2.678509786543061377e+00 1.481664042584561747e+00 2.025514732196927170e+01 -7.018943922096586574e-01 1.314153179651829317e+00
-2.935347663202906965e+00 1.733341836245059886e+00 2.055281938656241891e+01 -5.119578052551883307e-02 1.081045595903588508e+00
-2.484340070105478304e+00 1.303715256143967327e+00 2.010649686228895305e+01 -1.188001837587234766e+00 1.539258866073140553e+00
-3.134348763469154697e+00 1.940751047866672518e+00 2.085694818830702246e+01 4.571089345863902365e-01 9.407118450278221244e-01
-2.633934580653293889e+00 1.696833476734521007e+00 2.006010263474395572e+01 -1.359028628268373229e+00 1.064275292240594695e+00
-2.893353709587376699e+00 1.973204986973303487e+00 2.029163351459871478e+01 -6.323949241383407527e-01 8.427687540192397853e-01
-2.438670494444492576e+00 1.500777725850382049e+00 1.996424657505317768e+01 -1.944237161800212776e+00 1.271669395554138715e+00
-3.095985477856946222e+00 2.201268875781512868e+00 2.054442128306959248e+01 -1.081610186887271008e-01 7.004023185953174302e-01
-2.591731368112713429e+00 1.852701687286214982e+00 2.044014501507843207e+01 -1.515252399578090436e+00 1.007114070962548569e+00
-2.855134823560220969e+00 2.145105662403876678e+00 2.044535265410735647e+01 -7.852444448971507285e-01 7.648573827553178939e-01
-2.394607158807045000e+00 1.645087590319534998e+00 2.049669830839188833e+01 -2.169875086315460777e+00 1.215344402476477459e+00
-3.062145248498704841e+00 2.386287727187344387e+00 2.050506723395588082e+01 -3.258270854212300671e-01 5.874320572679004870e-01
-2.663334273655722395e+00 1.562480806504603859e+00 2.022119992806945987e+01 -1.010523204895112048e+00 1.228293037814853328e+00
-2.920889919227139586e+00 1.823512771522727505e+00 2.056069226487039714e+01 -3.171645542373144333e-01 1.012442725352278527e+00
-2.468875033501332972e+00 1.377580663235325353e+00 2.004075813306756260e+01 -1.534533102509497926e+00 1.436664473400814934e+00
-3.121033871243706237e+00 2.038700323246866564e+00 2.089487623805185379e+01 2.160747701784081209e-01 8.815194078223389518e-01
-2.554496870370014161e+00 1.966139895682585070e+00 2.094390175543875543e+01 -1.510775019395515839e+00 9.972230584525416663e-01
-2.822585675637913294e+00 2.267446210622931169e+00 2.080370677103164567e+01 -7.810677545688833323e-01 7.622493322268026894e-01
-2.355035855404499667e+00 1.751932160099659574e+00 2.108711537753453058e+01 -2.214734665546321590e+00 1.185741237988974017e+00
-3.034198092207621045e+00 2.515286348422758333e+00 2.072038298957185987e+01 -3.800323666530980304e-01 5.693501624921347704e-01
-2.484625273090285358e+00 2.131671474310364189e+00 2.124516187292512370e+01 -1.600059243596448688e+00 7.991044696912711354e-01
-2.762837212975781220e+00 2.438764930175490342e+00 2.094950331168436719e+01 -8.693876326880309868e-01 6.186884069786172669e-01
-2.279726865728944230e+00 1.912368432104047056e+00 2.152235196846448062e+01 -2.307053209848134667e+00 9.497070971053552801e-01
-2.983872866995305184e+00 2.689509047282499399e+00 2.076167053538600982e+01 -4.629071820979301921e-01 4.745393771845334285e-01
-2.412439098899382017e+00 2.249522670263721658e+00 2.148965344345158002e+01 -1.654638932993059530e+00 6.324767724152845494e-01
-2.700561511557796113e+00 2.553544557759594991e+00 2.102497914032929316e+01 -9.618200380346243472e-01 4.804293509282385188e-01
-2.201972186151729183e+00 2.031078542372467766e+00 2.191608139669903466e+01 -2.316226363916031872e+00 7.618613363235645641e-01
-2.930946224988990600e+00 2.800209476344351245e+00 2.073646010657812866e+01 -5.506663387080146244e-01 3.704111308087109644e-01
-2.532181477980937512e+00 2.026308663750671979e+00 2.110117620694203211e+01 -1.533817010259473479e+00 9.444968086851650568e-01
-2.803505291881351003e+00 2.330926698981081291e+00 2.091237502230679013e+01 -7.977981323800771296e-01 7.297203255619996165e-01
-2.331035058515639413e+00 1.809496015606266717e+00 2.128009335117726764e+01 -2.252337364969609013e+00 1.116254517405189439e+00
-3.018139167394093381e+00 2.580878133164743904e+00 2.078675159281594276e+01 -4.037849349305859814e-01 5.490916420297417000e-01
-2.350699748170942627e+00 2.322511414437133048e+00 2.166254740476425056e+01 -1.722647516562941128e+00 4.994353410692352613e-01
-2.646476775409845938e+00 2.620383493893886584e+00 2.106678803163629610e+01 -1.065589330849205707e+00 3.636753571198774182e-01
-2.135958845256164640e+00 2.107184807789616698e+00 2.220070258997792578e+01 -2.338830664956172090e+00 6.129274642292744657e-01
-2.884360596905868768e+00 2.860873902294374993e+00 2.069727334406610098e+01 -6.469555150233139429e-01 2.741751467054753255e-01
-2.241677552720115596e+00 2.412535156994405128e+00 2.186578157555139157e+01 -1.756707663906229566e+00 3.003714663349159042e-01
-2.545599821565834642e+00 2.698760183426154313e+00 2.119257337964811683e+01 -1.139437514365801762e+00 2.243147387185175090e-01
-2.022956207604521772e+00 2.203342646618465572e+00 2.250709775639832699e+01 -2.304668923383434098e+00 3.710048825034949482e-01
-2.792353533732655713e+00 2.927946951634042616e+00 2.080028862257112365e+01 -7.196972954042152315e-01 1.866493073400689318e-01
-2.127680100155115550e+00 2.481369276856055794e+00 2.203901496354257361e+01 -1.713387217544498853e+00 1.253869059473855518e-01
-2.432058367225820472e+00 2.759138709518055954e+00 2.130215779141633803e+01 -1.140990948690709939e+00 1.042435065322466076e-01
-1.909958510430911360e+00 2.276501648304827263e+00 2.276863889903108529e+01 -2.198553418706834517e+00 1.575198165692764107e-01
-2.680821229729266175e+00 2.979964093817989657e+00 2.088845618655939518e+01 -7.382939855816024188e-01 1.112673139167101727e-01
-2.315730758674305445e+00 2.355217900368905770e+00 2.173382326454743563e+01 -1.757044591913649922e+00 4.262828700639004209e-01
-2.615270095661433647e+00 2.648846767668455726e+00 2.109761410144131588e+01 -1.114452727916660502e+00 3.067877079065702284e-01
-2.098960240631948526e+00 2.142156390497683915e+00 2.231431643678479659e+01 -2.349424942539227956e+00 5.268822041863061578e-01
-2.857008554026775116e+00 2.885252609744327401e+00 2.070897176416089991e+01 -6.914598541764217510e-01 2.326337083273566642e-01
-2.027073253547070575e+00 2.529905204940761987e+00 2.217268190069187028e+01 -1.651698320690195620e+00 -2.485351281824782141e-02
-2.328227064147591729e+00 2.801830070384911497e+00 2.137937359430512174e+01 -1.123629247306767054e+00 -3.131117717186581925e-03
-1.812460712992612022e+00 2.328048614392467464e+00 2.297354425592254046e+01 -2.084815002472072631e+00 -2.406979956572781812e-02
-2.575359239461440186e+00 3.016890010272138767e+00 2.094062046427632851e+01 -7.449651852642484862e-01 3.722069021246648957e-02
-1.850863252752237509e+00 2.595990384582404609e+00 2.237646514551869359e+01 -1.364227557656210843e+00 -2.385101370355545702e-01
-2.141443155692113631e+00 2.860043253255548201e+00 2.152848708928740962e+01 -9.693814069660877664e-01 -1.553844331296759251e-01
-1.644689446883714545e+00 2.398276834458016094e+00 2.320659569554293000e+01 -1.701418443838996764e+00 -3.022324539206508454e-01
-2.380995850528056845e+00 3.067381658281330914e+00 2.103104200233457277e+01 -7.027789792860570373e-01 -8.440393652864723595e-02
-1.679662833235564312e+00 2.642614205692754403e+00 2.249547785071638373e+01 -1.142793741874397195e+00 -4.423469453772665982e-01
-1.955218103958341835e+00 2.901490475559390436e+00 2.162540957044799228e+01 -8.764992545008515323e-01 -3.134739977628847596e-01
-1.484742935515604767e+00 2.447575144070782915e+00 2.331673232465283618e+01 -1.389365743688393051e+00 -5.564993648924329017e-01
-2.183001752307837773e+00 3.103599353415298800e+00 2.108789587510510088e+01 -7.151268908532009139e-01 -2.210802608169364358e-01
-1.968787497361680350e+00 2.554285055622194989e+00 2.224754350728366248e+01 -1.572076797345377974e+00 -1.019101027070759280e-01
-2.267099379822649308e+00 2.823265412080305126e+00 2.142860602333833597e+01 -1.082240606149853290e+00 -5.776132143181424150e-02
-1.756555534254629514e+00 2.353975919853752874e+00 2.307142150352595067e+01 -1.974044936345883627e+00 -1.220744316692266990e-01
-2.512344824667052556e+00 3.035449166516421382e+00 2.097025920221136985e+01 -7.337928174984632568e-01 -4.046336811256641061e-03
-1.534440724855181681e+00 2.672697753936149834e+00 2.254379135895165476e+01 -1.024571384896961534e+00 -6.201749860633565259e-01
-1.794484983149361002e+00 2.928576531426645868e+00 2.166704143081690503e+01 -8.603961896330974968e-01 -4.627913916476420475e-01
-1.350917423182020904e+00 2.479119710941197763e+00 2.334710487235610543e+01 -1.196489261085072808e+00 -7.656779162833947661e-01
-2.009812981051040559e+00 3.127489578621808430e+00 2.110580234496421070e+01 -7.788140004157781959e-01 -3.566501143778552096e-01
-1.288961273900911975e+00 2.709704034597552269e+00 2.240573036702165766e+01 -2.623864207737392484e-01 -7.416034903987875904e-01
-1.517881098955606189e+00 2.962456444431352587e+00 2.155276641040330432e+01 -2.087858436148272434e-01 -5.713348848438238869e-01
-1.128013503273205709e+00 2.517451617289300891e+00 2.312831078423484854e+01 -3.761151347381765930e-01 -9.196091126602480292e-01
-1.707923637083672119e+00 3.157748409601969897e+00 2.096041510014232756e+01 -2.323688075145129150e-01 -4.742296414788191306e-01
-1.060679149960690015e+00 2.732611800166163452e+00 2.216270286161441305e+01 2.439116877411724171e-01 -8.264973661126128190e-01
-1.255889789402806711e+00 2.983850494914321416e+00 2.134220775429468375e+01 1.506314098215157382e-01 -6.821527843761828747e-01
-9.238470503641823539e-01 2.540802020164095509e+00 2.280093848332640860e+01 2.233159957170028631e-01 -9.989765858161545609e-01
-1.418311541111884955e+00 3.177187780288580399e+00 2.073162784243432810e+01 1.672252843773993974e-03 -6.156108809492272238e-01
-1.451924764040948057e+00 2.686802251682475440e+00 2.252625286898596002e+01 -8.290090031625425571e-01 -6.839415643039733483e-01
-1.702192947396822698e+00 2.941422523660436106e+00 2.165331296807359251e+01 -7.044320708077846938e-01 -5.163540602221977638e-01
-1.275535479482315271e+00 2.493789757323154888e+00 2.330860831124034860e+01 -9.769406090933635545e-01 -8.441431009180752065e-01
-1.909608623896405399e+00 3.138912374689856399e+00 2.108047847387380713e+01 -6.579018078108521683e-01 -4.082664021558685685e-01
-8.736279042221603008e-01 2.744839258595765497e+00 2.190449503247576502e+01 4.233993609475510400e-01 -8.894494817393432395e-01
-1.038574264006069114e+00 2.995614504400129441e+00 2.111079590883145585e+01 1.841971642541616050e-01 -7.885008331622835875e-01
-7.582583282387722612e-01 2.552962041364405188e+00 2.247766694233647300e+01 5.073250628965620956e-01 -1.033713003350618775e+00
-1.176050669530977588e+00 3.188150371894171275e+00 2.049049918088473987e+01 -7.914142258296053001e-02 -7.579981334540097926e-01
-5.669057468099373276e-01 2.754710107577163392e+00 2.154908296596680728e+01 1.077873074107329021e+00 -5.760163778774097798e-01
-6.779849527994593616e-01 3.005920508519936973e+00 2.069990143280490358e+01 7.809137588018782994e-01 -5.117869658427736113e-01
-4.894389193668310933e-01 2.562095098837479323e+00 2.216759246495076852e+01 1.248546997017122573e+00 -6.802923776786805599e-01
-7.707908276469799258e-01 3.198384538030424107e+00 2.004490153642055361e+01 5.125493476814096949e-01 -4.998220679619291840e-01
-2.874388749173734658e-01 2.754774409627601006e+00 2.116547791457466587e+01 1.394062584680102246e+00 -3.162101489828634815e-01
-3.453989184772245924e-01 3.007423892040061553e+00 2.025815127639807756e+01 1.022704751649729404e+00 -2.945258377109690184e-01
-2.471055328161219367e-01 2.560976451178201163e+00 2.184404157567783855e+01 1.655048276850653366e+00 -3.716629754772750593e-01
-3.939122075154609104e-01 3.200910931889583644e+00 1.957329631354760480e+01 7.259909212309160198e-01 -3.030163105389158673e-01
-7.696585438491267972e-01 2.749473021510652870e+00 2.177410361648370696e+01 5.983593296346759738e-01 -8.285363509878228561e-01
-9.169218236141847278e-01 3.000245324805391522e+00 2.097406992953967020e+01 3.193987823763251299e-01 -7.451784722040353248e-01
-6.667664955376431113e-01 2.557420055461586017e+00 2.234361144194063797e+01 7.222056501258422578e-01 -9.574198795815490604e-01
-1.039768844738813369e+00 3.192599839537806794e+00 2.034469350383592712e+01 3.528957700030203176e-02 -7.262609883857868986e-01
-6.179844521398281110e-02 2.749635891819599554e+00 2.079959799541818910e+01 1.391140827863644347e+00 -1.596497276373463059e-01
-7.451649139823084134e-02 3.004053236632775459e+00 1.985487497175695282e+01 9.405017095961344387e-01 -1.795956717596568775e-01
-5.296159714411056985e-02 2.554586638974428947e+00 2.151879039706389563e+01 1.731871670840551714e+00 -1.688294261962397236e-01
-8.517506618772946458e-02 3.198998928611316739e+00 1.915153226187080548e+01 5.987457262644001466e-01 -2.094843822672677325e-01
-3.494325999459984011e+00 5.274045154272068991e-01 1.905066069566511899e+01 3.607820947723481275e+00 -6.848706635933456480e-03
-3.748189976317739980e+00 6.133511525555788158e-01 1.946106980808619014e+01 4.356181806484810792e+00 1.349740895295806556e-03
-3.301318288686649449e+00 4.656239382588936437e-01 1.879591264061450673e+01 3.122301889697501665e+00 2.210585227242286774e-02
-3.946401511085207314e+00 6.841357660376429228e-01 1.981359998225788033e+01 4.966704966634763352e+00 2.946450794245638119e-02
-3.494383500119401909e+00 9.134439739598494423e-01 1.921314371261302512e+01 3.054182347009085419e+00 3.652977757729101715e-01
-3.747345452803521937e+00 1.067372393707710865e+00 1.950743048116491352e+01 3.711572226585668766e+00 3.004926782467108870e-01
-3.302432941554385160e+00 8.075831260226375985e-01 1.909396786845875127e+01 2.635032882792564202e+00 4.738035965393923576e-01
-3.946016039761482297e+00 1.199447970983454681e+00 1.982475263962949086e+01 4.261385533477248799e+00 2.981716844833330327e-01
-3.491648458080820472e+00 1.348587995606685963e-01 1.948313102911654937e+01 3.963817362281385925e+00 2.281722808329034735e-01
-3.749510016403558410e+00 1.555704332508512366e-01 1.990698814847438669e+01 4.699880040655205704e+00 2.024657789958879961e-01
-3.295411297533917150e+00 1.189119156208600092e-01 1.918590067945636335e+01 3.497283598564525420e+00 2.430329041688874536e-01
-3.947379734293039011e+00 1.712735756621708294e-01 2.025163414354707214e+01 5.324757828212939081e+00 1.794735400321999519e-01
-3.492264650567331152e+00 1.191988291973237857e+00 1.995422762483343604e+01 2.758215716578249044e+00 7.745172098156521967e-01
-3.747123309498936461e+00 1.392505396908675364e+00 2.027383142118809189e+01 3.377812851347648415e+00 6.466190365795422279e-01
-3.299254799196042143e+00 1.055437747611574828e+00 1.983225871431381293e+01 2.362608318514575423e+00 9.396631127017170959e-01
-3.946226814451040621e+00 1.564478869909732062e+00 2.062492721322649913e+01 3.904545559696517731e+00 6.044586814655124041e-01
-3.482521806892402427e+00 1.658379236371387844e+00 1.964751203532479096e+01 1.752410658888059469e+00 5.193458194720873555e-01
-3.744343203743993431e+00 1.919566860124432672e+00 1.981111853548165058e+01 2.233161562520915133e+00 2.765259735586868550e-01
-3.285206029107546222e+00 1.476950493150952504e+00 1.967543273991005393e+01 1.409398813670731165e+00 7.674660756112264837e-01
-3.946253360215446371e+00 2.135876519306533439e+00 2.007621380176142267e+01 2.627529586104850878e+00 1.403948724890012878e-01
-3.465164034571166951e+00 2.038565234998578113e+00 2.005313648702270868e+01 1.262638872801999268e+00 5.088724664933268471e-01
-3.735500031366077334e+00 2.336412300489011606e+00 1.993987511606049878e+01 1.446655333276043010e+00 1.414510077908484320e-01
-3.262971602596760778e+00 1.827272193090785368e+00 2.019488920523053466e+01 9.867912410128102385e-01 7.748154271603605592e-01
-3.944435818054974341e+00 2.577681715703317611e+00 1.992491214195000637e+01 1.484275283578613269e+00 -1.560549662731931519e-01
-3.490167436174699489e+00 1.351348560656808750e+00 1.994746469562947055e+01 2.412776116561830886e+00 7.424628457098065848e-01
-3.747002886931793064e+00 1.575601754110235619e+00 2.027936532448627105e+01 3.021063042593530312e+00 5.923579369553931828e-01
-3.295905239013632748e+00 1.198091944346508564e+00 1.984337430699117988e+01 2.031214955901984087e+00 9.342378440895594549e-01
-3.946466596024811757e+00 1.765889441615604571e+00 2.065907367705830922e+01 3.547915782391906525e+00 5.386531730441210808e-01
-3.447302361988247021e+00 2.286297022270607826e+00 2.083160030603669810e+01 9.172865012531694617e-01 6.381527491161912424e-01
-3.724966540345668431e+00 2.608493382817565376e+00 2.061193502166311120e+01 8.365144776638427926e-01 2.170000029252610041e-01
-3.241247840057235319e+00 2.056475198562423667e+00 2.093361017208376040e+01 6.984968893781255961e-01 8.628509820297154409e-01
-3.941898403044685306e+00 2.869334949195495366e+00 2.039554821441759813e+01 5.290879034817534965e-01 -2.028752124772912058e-01
-3.417488160325733215e+00 2.581993747815140683e+00 2.055243020968315193e+01 3.571524027778367194e-01 5.263437183092164462e-01
-3.706526869888525866e+00 2.939407071504327895e+00 2.040063882792264138e+01 3.949061969299353381e-01 2.729980610941193375e-01
-3.205574002975066783e+00 2.328845364599680501e+00 2.061291914446481499e+01 1.206299305126910110e-01 6.442175132007565974e-01
-3.937237705323152426e+00 3.233731872678061947e+00 2.021157345610975398e+01 2.152071748896157155e-01 -9.109448258242247923e-03
-3.392678198541103640e+00 2.789082859965342109e+00 2.029624791474851975e+01 7.146511104474592702e-02 3.981301847241876524e-01
-3.692303867268633688e+00 3.168681333332949102e+00 2.003780357167095971e+01 2.252888273449367706e-01 2.166214121926437475e-01
-3.174565775855450855e+00 2.521193443117751620e+00 2.047985634566332180e+01 -1.470690581816936904e-01 5.118434118824084500e-01
-3.933852026351135400e+00 3.483298257750897520e+00 1.980393342806002721e+01 2.258549168658254835e-01 3.753976018445885632e-02
-3.436814305251416179e+00 2.397308728523203314e+00 2.094298630789103299e+01 6.772028827624054781e-01 6.394370950323450264e-01
-3.718380112043230934e+00 2.732249433589422516e+00 2.075402971816552977e+01 5.738671781272352002e-01 2.584325777383173484e-01
-3.228823988606994266e+00 2.158878534809079763e+00 2.099492489121029593e+01 4.623735632800160533e-01 8.192541221379330274e-01
-3.940218011267223375e+00 3.005103981575155458e+00 2.052039684774901929e+01 2.248688955530774303e-01 -1.493105005433501276e-01
-3.373426366086028860e+00 2.928089986911640796e+00 2.030865270549121959e+01 -5.584040235440015237e-02 3.249286820249041585e-01
-3.682202955346061124e+00 3.316532293491811334e+00 1.986646567834384314e+01 1.463443476942789256e-01 1.378764035360026119e-01
-3.149370081793625875e+00 2.653590593605940740e+00 2.061834190645334175e+01 -2.451940373458789402e-01 4.720455089490421252e-01
-3.931643364831441723e+00 3.637735121411246109e+00 1.945970180497064206e+01 2.455661452264065736e-01 -1.856352869332096589e-02
-3.340072597756368555e+00 3.104000030221984119e+00 2.030698010596560010e+01 -8.717141806877276577e-02 2.451160735939313662e-01
-3.665569538074586298e+00 3.491333235010964486e+00 1.982362233636812832e+01 9.353091453005391021e-02 3.429273742149550885e-02
-3.104498670397615179e+00 2.828611695409322557e+00 2.063033239413907793e+01 -3.107166414547205546e-01 3.925871090280299569e-01
-3.928188570443217120e+00 3.808678436123391631e+00 1.931273673294638016e+01 8.964018393172548671e-02 -1.840986695165495457e-01
-3.304314407525945629e+00 3.205646574369075630e+00 2.026719800865788201e+01 -8.896106262684243260e-02 1.958884187023277601e-01
-3.647089116535565889e+00 3.582821803198861232e+00 1.986581776033746394e+01 1.132517245445654325e-01 2.344706225464070204e-02
-3.057109378127032429e+00 2.936481165831523743e+00 2.058188630730039392e+01 -3.693178042250772619e-01 3.106582801950295014e-01
-3.924190834804455630e+00 3.890503448604085257e+00 1.950047270405605815e+01 2.044213748155033344e-02 -1.852727663872761887e-01
-3.362814080857908117e+00 2.996104488386436948e+00 2.033113129544861408e+01 -8.187338946909508697e-02 2.933443202694715479e-01
-3.676964514861362776e+00 3.385853407922530423e+00 1.982907763825259551e+01 1.195056511705838848e-01 9.020331448273526120e-02
-3.135052738322563926e+00 2.720068811990408619e+00 2.066651971557892509e+01 -2.729899319568943050e-01 4.510586176937188552e-01
-3.930570475090470417e+00 3.706986160052470503e+00 1.933054050881003860e+01 2.070824535084300200e-01 -8.819871565176616579e-02
-3.272073862199493366e+00 3.254560547503622114e+00 2.020586404840737060e+01 -9.511976817028268416e-02 1.563977582258737620e-01
-3.629905375820242419e+00 3.619741595799121026e+00 1.991754365215244249e+01 1.587683345031174753e-01 5.234433029157668088e-02
-3.015109334055654955e+00 2.993374488406354672e+00 2.052128946975817314e+01 -4.364507773979904859e-01 2.332337833769758395e-01
-3.920363360716023760e+00 3.917197500506221619e+00 2.016650497224008731e+01 -1.823798086689563114e-01 -4.727290310518118127e-02
-3.198470516163222310e+00 3.300471076928034542e+00 2.034302721745673637e+01 -1.157951506676036940e-01 1.573122606550452218e-01
-3.576882382307206232e+00 3.644037526940846483e+00 2.002544809308838580e+01 1.961987079986643456e-01 1.097768896467139765e-01
-2.928855822399512476e+00 3.053681369799717160e+00 2.063226767210142754e+01 -4.939935927573012031e-01 1.778003713140644815e-01
-3.886676032298810313e+00 3.923318517129708027e+00 1.985513396425464450e+01 2.083397646030827055e-01 4.827999604935453992e-02
-3.092935045341619116e+00 3.336449403262056190e+00 2.042548584565132685e+01 -1.531531249009011331e-01 1.302675394037956236e-01
-3.479129625999681341e+00 3.663004117820228167e+00 2.004871072898028572e+01 1.408149549633303521e-01 9.548431045558303243e-02
-2.819060105636921332e+00 3.100637449267047874e+00 2.071959773316620712e+01 -5.185752096209972350e-01 1.238462213634153736e-01
-3.796913037128258228e+00 3.927484583512804051e+00 1.974691538265787827e+01 1.867986528610408037e-01 2.527493592002640760e-02
-3.252412588308791541e+00 3.271366424537619721e+00 2.022504387578124962e+01 -1.021805947334323422e-01 1.494072732498122058e-01
-3.618642192223716414e+00 3.628921326649832135e+00 1.996110103148171433e+01 1.849193221722926217e-01 7.943520290487524060e-02
-2.990186521429783806e+00 3.015319400063403155e+00 2.053183157202645859e+01 -4.693166772342944881e-01 2.032700545194764119e-01
-3.916856884385820692e+00 3.920040727676342041e+00 2.028265114314825013e+01 -8.647389373487726627e-02 5.374732523952836100e-02
-2.986301119639676482e+00 3.362245801816290403e+00 2.045390218529245629e+01 -2.034959330333383776e-01 7.951627211414102891e-02
-3.372392920834486052e+00 3.676753699107802031e+00 2.002892487122366205e+01 4.555984210953014507e-02 4.332491412732231151e-02
-2.713073163764090800e+00 3.134072473796698954e+00 2.076471906841724646e+01 -5.384311460342200428e-01 6.292824968659861684e-02
-3.690821945834803053e+00 3.930534546035292287e+00 1.966759330414140550e+01 6.688566258235298378e-02 -3.668266760497250478e-02
-2.780824331378553005e+00 3.397753023056325539e+00 2.049520600668657622e+01 -3.087478489152846173e-01 -2.156447481358477608e-02
-3.157144379111363808e+00 3.695816151515941339e+00 2.015193738351855046e+01 -7.025532999055802974e-02 1.414813347589194935e-02
-2.514888915395632640e+00 3.179884283304389658e+00 2.082174728928674767e+01 -5.597247372381397579e-01 -5.365231390086867835e-02
-3.468000677243525676e+00 3.934790276337348125e+00 1.995020449166857546e+01 4.695031861319056560e-02 4.297237935883736065e-02
-2.563896139227006987e+00 3.423465264331432500e+00 2.051609591344287153e+01 -4.210444633148217042e-01 -1.217005471096008901e-01
-2.922661708440143613e+00 3.709726378493100718e+00 2.023758371078190166e+01 -1.677789906930691466e-01 -8.682836642762136251e-03
-2.310514964011165961e+00 3.212857992707395471e+00 2.085268661828938619e+01 -6.227154154609012560e-01 -1.830395934613459064e-01
-3.219214862868368776e+00 3.937913969455983487e+00 2.014120293404395312e+01 2.534657082021210886e-02 1.101282952392690362e-01
-2.920773190040486522e+00 3.375264132379920401e+00 2.046627819572272955e+01 -2.385179720117391045e-01 4.457100864939376322e-02
-3.304796937222567621e+00 3.683727361739320028e+00 2.005172890386433338e+01 -4.490517511941994298e-03 2.244032656697858563e-02
-2.649174418423865252e+00 3.150896512647117564e+00 2.078479018696965497e+01 -5.451637037726762003e-01 2.471651364839586723e-02
-3.621732519844027109e+00 3.932088686210405637e+00 1.972189635513766248e+01 3.317240495821244944e-02 -3.378216817177865511e-02
-2.370190184939222622e+00 3.440614501765904887e+00 2.051529055730885531e+01 -5.325516454831221713e-01 -2.134802974913106444e-01
-2.709689181030012772e+00 3.719083102676060459e+00 2.027714393386705538e+01 -2.536938170582165863e-01 -3.432482813226944013e-02
-2.130447340158382996e+00 3.234697167092804193e+00 2.085514150929987309e+01 -7.176853389883270928e-01 -3.094032169012965738e-01
-2.990361830033727131e+00 3.940028177501277540e+00 2.023831226930942506e+01 -7.494718566717204454e-03 1.488838568512197980e-01
-2.026299549087078322e+00 3.462702600008428000e+00 2.028546537818757400e+01 -9.208190034354639397e-02 -3.096506197206559396e-01
-2.326181913414146152e+00 3.731278590947260998e+00 1.995415455123462678e+01 6.708973120741613949e-02 -1.254417068626138276e-01
-1.814500397100752505e+00 3.262531520937223650e+00 2.068179441391617246e+01 -2.143236158508393108e-01 -4.246321881950264610e-01
-2.574070783937528528e+00 3.942806167264821582e+00 1.982332442936068873e+01 1.916031355523416801e-01 4.528299064079043673e-02
-1.690668208898333802e+00 3.477305046235228403e+00 1.999123130646995605e+01 -2.093467513623150159e-02 -4.386952233825629488e-01
-1.947123148822577754e+00 3.739491664345538258e+00 1.957752898450679879e+01 -2.277322596915856354e-02 -2.522904087593815792e-01
-1.509489973089816361e+00 3.280607673015182080e+00 2.043344180174300462e+01 -3.954011147304475199e-02 -5.691426533903479745e-01
-2.159063276146762966e+00 3.944698712141016639e+00 1.936588764452771017e+01 -4.010256478690722021e-02 -9.277098632447806914e-02
-2.256860376282582514e+00 3.448893236553812081e+00 2.046790363969004289e+01 -4.344508400621075461e-01 -2.499125308269110335e-01
-2.583983743493147411e+00 3.723632119171230492e+00 2.021582595169666874e+01 -1.703684242753103484e-01 -5.620692752860107638e-02
-2.025849251032259879e+00 3.245176606164515309e+00 2.082071444077739386e+01 -6.093584152689592859e-01 -3.579952420326831808e-01
-2.854418223846143743e+00 3.941061206838180730e+00 2.016528038225394681e+01 6.202570117708793018e-02 1.360809665332469720e-01
-1.406741605631356418e+00 3.485879692073274416e+00 1.970936173664711077e+01 -2.597562548921991121e-01 -5.705182686521712565e-01
-1.623867889062091674e+00 3.744434967488931232e+00 1.924382130547981973e+01 -3.989202172712002503e-01 -3.742700806222204468e-01
-1.253290030102026220e+00 3.290961592077860765e+00 2.018045681336212738e+01 -1.771417171632565235e-01 -7.160987970843671890e-01
-1.803247996013091603e+00 3.945854823318243554e+00 1.898243319884880265e+01 -5.251178453601497154e-01 -2.139518810457202713e-01
-9.266689418336961914e-01 3.494638989078045377e+00 1.913387471711092758e+01 3.456867773701396418e-01 -2.852166079540296995e-01
-1.073240487755309669e+00 3.749741571272956264e+00 1.839761883553629573e+01 2.086059977461637016e-01 -1.000638380148466400e-01
-8.229970574347512668e-01 3.300983365022297278e+00 1.971609582887857570e+01 4.218204094036541174e-01 -4.514990206584736376e-01
-1.194247317798580399e+00 3.947131288644495584e+00 1.786242437057084942e+01 8.406203964804125073e-02 2.571313918206090399e-02
-4.754525209012442910e-01 3.497945613497423167e+00 1.855023124688487002e+01 4.991377927979510076e-01 -1.784135570354904721e-01
-5.520688727567575338e-01 3.752100576715996283e+00 1.758376207263405178e+01 2.964604533308219936e-01 -8.525209122395296935e-02
-4.212275874765615824e-01 3.303997669440120522e+00 1.922884478715367607e+01 6.208025647507343647e-01 -2.766143968044731949e-01
-6.152887225736679566e-01 3.947745374183001754e+00 1.681995790064475216e+01 1.217705630943510114e-01 -3.295585424722234646e-02
-1.245982014230810897e+00 3.489522568532708480e+00 1.952731105213575802e+01 -1.668991487855108480e-01 -5.217195099660594249e-01
-1.440003715512748972e+00 3.746590495929649212e+00 1.899171840876937267e+01 -3.251973892331218585e-01 -3.191305952604655549e-01
-1.108819863256077287e+00 3.295240643216556187e+00 2.002840574230949144e+01 -7.029907097612753120e-02 -6.817788998056262262e-01
-1.600256360457753990e+00 3.946366578862641195e+00 1.865959121254751452e+01 -4.657512322390110482e-01 -1.624835010325214046e-01
-1.030984299831967793e-01 3.497897899289445611e+00 1.804716997953697089e+01 2.681305572619875344e-01 -2.302931373705577878e-01
-1.199310059984125265e-01 3.752565607807068826e+00 1.692503433287840053e+01 -3.574979061050703733e-02 -2.623556126237584496e-01
-9.118018844508539444e-02 3.302875558253415722e+00 1.879507757603164109e+01 4.645684649280907297e-01 -2.190854827161243246e-01
-1.338153274070827126e-01 3.947921992736610708e+00 1.600988597002105607e+01 -2.875365553100878713e-01 -2.953676914716742430e-01
