-1.481196280658688913e+00 1.864879622211279564e-01 7.144874929291873400e+00 -4.023638788439519942e+00 8.472116767283546235e-01
-1.987922589966047981e+00 3.209490720755633908e-01 1.257833912474029603e+01 8.916433373667651541e-01 1.027988073685525139e+00
-1.079475484394500473e+00 1.168288793573989126e-01 7.577006025859366334e-01 -1.538420532961444387e+01 7.753637145831587807e-01
-2.371111163742371630e+00 4.604121090029726915e-01 1.591761134988952087e+01 1.538815331633879957e+00 1.136983858139553494e+00
-1.471051425483714592e+00 3.707639063472408791e-01 9.414810774102976509e+00 -4.399840804568483144e+00 1.606606179367110254e+00
-1.985100629938979955e+00 5.946842277064621207e-01 1.465280264370292862e+01 -5.616265011062296919e-01 1.727273676581442041e+00
-1.044497583998149182e+00 2.492123753107644835e-01 3.162742216057659927e+00 -1.292540686888085233e+01 1.643906789216309061e+00
-2.366393887574248289e+00 8.202650810001544945e-01 1.767793735738243299e+01 6.705681267716774585e-02 1.859350798905250679e+00
-1.455723123923293505e+00 4.027117876061348661e-02 6.466334592924331659e+00 -2.536560957685139783e+00 2.677407429841333064e-01
-1.952888458133714478e+00 7.502522179811615954e-02 1.208649907318541850e+01 2.249022516239956637e+00 5.874999062691086404e-01
-1.089495235478860735e+00 2.332245395323681234e-02 -6.477152637504702826e-01 -1.619747354574835541e+01 7.301740237825485869e-01
-2.340780912153608728e+00 1.123481100179925252e-01 1.562938053006425321e+01 2.668774478950946882e+00 6.426723232213445991e-01
-1.429263737951191882e+00 5.119196840592605824e-01 1.153449679786733917e+01 -3.915721036566079505e+00 2.042515666380640749e+00
-1.948595831880839624e+00 7.951297211917851548e-01 1.649524250139494086e+01 -1.361332870619360147e+00 2.080288812690456623e+00
-1.000508296656440255e+00 3.536701563903783541e-01 6.066922517492138844e+00 -1.000353192203636965e+01 2.625965776802247298e+00
-2.332974200680114407e+00 1.073650174714290806e+00 1.952416794379213982e+01 -9.194853685513920682e-01 2.248847301744798965e+00
-1.313095052403252305e+00 7.338926460151716791e-01 1.519546897898412219e+01 -3.811015427062011796e+00 2.413779300187842924e+00
-1.831930600885069760e+00 1.108959397929584201e+00 1.883929256876211156e+01 -2.676300311890373429e+00 1.950312067304848629e+00
-9.089008272699585778e-01 5.106371289451238082e-01 1.175967370699145853e+01 -6.843362967443688660e+00 3.707906674982192285e+00
-2.224870637550999675e+00 1.458116516211261260e+00 2.127092138944605892e+01 -2.339258781788940311e+00 1.957452210749342392e+00
-1.181984719729091360e+00 9.160534502394472867e-01 1.870596405487705383e+01 -3.381373353041207785e+00 2.429076105243106909e+00
-1.683010451695752474e+00 1.352823935443229209e+00 2.092680042868492052e+01 -3.373251164144562608e+00 1.553062030883024081e+00
-8.157877481505046990e-01 6.356869196772150232e-01 1.765124291920205835e+01 -4.079803204344580436e+00 4.083333127183836453e+00
-2.080268540606195593e+00 1.736746983571819669e+00 2.257083329959549545e+01 -3.317567884649269772e+00 1.279800100458803769e+00
-1.394522305808596041e+00 5.885884635561349221e-01 1.270719848844086286e+01 -3.808129192657202289e+00 2.206459082231093216e+00
-1.916000746556744572e+00 9.049988466751391902e-01 1.730063608697742339e+01 -1.830110287910212685e+00 2.111729676510180731e+00
-9.714233240717236040e-01 4.087571023670164561e-01 7.934534336885281647e+00 -8.677423091924561405e+00 3.098840934075397957e+00
-2.303535276493705819e+00 1.211070082093969713e+00 2.024540400487280678e+01 -1.422915339886434261e+00 2.271692241974610837e+00
-1.069215065157144151e+00 1.041551114482319074e+00 2.127799459031194829e+01 -3.005440420064404261e+00 2.224132665482774218e+00
-1.546799306986061051e+00 1.510076838778585229e+00 2.234743642327948265e+01 -3.797383859405267348e+00 1.136354208562260659e+00
-7.394389419928523166e-01 7.213759623211197791e-01 2.243751206518111729e+01 -2.045827117921426908e+00 3.982968508111973893e+00
-1.944294545076976632e+00 1.903313847088893951e+00 2.336435859459965769e+01 -4.005254146886150224e+00 6.401825456775387391e-01
-8.888054962781323232e-01 1.198777119794830925e+00 2.437517499109793562e+01 -1.329487962048497840e+00 1.868300063290789792e+00
-1.316987406376917580e+00 1.695097396626144892e+00 2.331451972079900159e+01 -3.163647228734362216e+00 4.978163556302562243e-01
-6.179149455856784989e-01 8.315455002346794355e-01 2.939443200096728503e+01 1.830354276084605658e+00 3.754482902910452946e+00
-1.700606933723738390e+00 2.086917407849775419e+00 2.352835709915117235e+01 -3.740733478978782056e+00 -2.611952596214380806e-01
-7.264993530458876414e-01 1.302677568269654307e+00 2.700342714849327308e+01 3.414432704702733412e-01 1.523744841504542924e+00
-1.098938010670685639e+00 1.814766008226321059e+00 2.394592850986098043e+01 -2.192172834752905253e+00 -4.873240226730135571e-02
-5.050279748064343543e-01 9.095987022878235795e-01 3.501582315480654017e+01 4.725595813952735647e+00 3.478406808270022577e+00
-1.447969099949965033e+00 2.206258497155926257e+00 2.351013517957883181e+01 -2.960963688795589022e+00 -9.405855666307479934e-01
-1.007130003977865673e+00 1.101340962670815049e+00 2.241109719685728052e+01 -2.601202317461047020e+00 2.075454560671062598e+00
-1.469459456207910408e+00 1.580947282328842629e+00 2.281397683785512953e+01 -3.774412377207473135e+00 9.003713056958424499e-01
-6.980793956455857430e-01 7.625218140780252174e-01 2.487829872263763420e+01 -8.153096011943490318e-01 3.859202263304616576e+00
-1.865403529514688463e+00 1.973729594294337364e+00 2.353514043343624351e+01 -4.123029696262483945e+00 3.000927328211085987e-01
-5.918142985720660221e-01 1.368536673412626747e+00 2.886922977057265172e+01 1.504200195462549683e+00 1.090567076638877975e+00
-9.123635372031581037e-01 1.888395739433393672e+00 2.437485042335742591e+01 -1.329126651969215978e+00 -5.200804821342634998e-01
-4.092754915397916471e-01 9.630654450709933423e-01 3.878009485686175140e+01 6.359698462262233676e+00 2.993192748215183663e+00
-1.221176874459153572e+00 2.279795951026557521e+00 2.351077055744125133e+01 -2.111602850428312639e+00 -1.416723588879717610e+00
-3.713138601157611740e-01 1.445967843713335421e+00 3.148795167051697419e+01 4.117807480526800568e+00 8.645600098687905577e-01
-5.936436922883877587e-01 1.970279730333908130e+00 2.428747933080370913e+01 1.413599176341083119e+00 -6.318348998185747689e-01
-2.524234545354755999e-01 1.033389605618678209e+00 4.631981987232754960e+01 9.440834657964440879e+00 2.451928347482196013e+00
-8.155614603587624245e-01 2.361416291806710088e+00 2.287327244319042663e+01 9.379799219995308412e-01 -1.470575857206485315e+00
-1.829970935253213138e-01 1.483571507808976175e+00 3.279936854815958469e+01 5.884563893695840875e+00 4.198147607316112806e-01
-3.015420317639123104e-01 2.004026403124531175e+00 2.339700893904413448e+01 3.119219778786564756e+00 -5.802464467540430215e-01
-1.225363953050472715e-01 1.076739205793172838e+00 5.302519136767236319e+01 1.205963736392260621e+01 1.396257472567108193e+00
-4.227982156274396330e-01 2.394996539974951766e+00 2.187566313413801922e+01 2.804669510028908519e+00 -1.130112596153983073e+00
-5.155046381007793999e-01 1.399411098724439473e+00 2.981983770477296858e+01 2.299838554854638506e+00 9.480657818432929318e-01
-8.047788258129671135e-01 1.921909075149860868e+00 2.447848911380372883e+01 -5.232807909259021839e-01 -6.500878351105339181e-01
-3.544813680504264597e-01 9.897817573441055616e-01 4.106386303477138000e+01 7.283779588641674962e+00 2.778939238165517356e+00
-1.087182362840495298e+00 2.313214000402044945e+00 2.340123176555903584e+01 -1.215575264531690625e+00 -1.537338927032447344e+00
-3.851813851808180006e-02 1.494657212138612357e+00 3.266679550203765103e+01 6.384770407162532635e+00 -2.213734192334972928e-01
-6.491614072937479385e-02 2.007385836557780578e+00 2.212227889580258022e+01 3.401389221490661363e+00 -4.780322220615832451e-01
-2.549115201642977724e-02 1.099581720565177889e+00 5.758632175848001111e+01 1.372639226056692685e+01 -5.692727652099145719e-02
-9.235450623982466301e-02 2.398269225801720861e+00 2.086661666859314934e+01 3.162484982786885723e+00 -6.384118950941521931e-01
-2.965315085887278546e+00 7.372547796146484700e-01 1.737634954767614914e+01 1.301224482545171535e+00 5.473275967106974171e-01
-3.483832883197600871e+00 1.029794964686508774e+00 1.867558030253315593e+01 2.232716564233574896e+00 3.247620652264968100e-01
-2.576021551788757247e+00 5.486852410544978964e-01 1.682101010477271075e+01 1.327046497354655630e+00 9.848504540072574587e-01
-3.890270858792900910e+00 1.292188038317526599e+00 1.990573905015024891e+01 3.217236743734622539e+00 2.859030754538194885e-01
-2.955749961397831083e+00 1.266537680780478015e+00 1.814533601346806080e+01 4.452351870663606020e-02 7.499696420858181778e-01
-3.472340282844830650e+00 1.748419165324593294e+00 1.904036305988829980e+01 1.114681229444759003e+00 2.895623642712257251e-01
-2.570156599338118575e+00 9.616597606685545196e-01 1.823865222767438254e+01 -7.196843635755649504e-02 1.572790740503116069e+00
-3.886167683823229524e+00 2.190892466874072575e+00 2.027418547747134880e+01 2.242287337878123399e+00 2.241203592303923631e-01
-2.948912061311808053e+00 1.865916796269226907e-01 1.772754459684852435e+01 2.292087051898009431e+00 4.760898025531601352e-01
-3.486044127232323486e+00 2.623569791275407459e-01 1.927403030091502245e+01 3.037721053876653254e+00 4.024185874990958145e-01
-2.547866887135252778e+00 1.361494614824580729e-01 1.677783749025182303e+01 2.412772232684847307e+00 5.868122079085394960e-01
-3.893737605318800643e+00 3.265117501630295238e-01 2.067431535159084888e+01 3.924143989493270368e+00 3.794992177639644471e-01
-2.928129079117592681e+00 1.618439781573570269e+00 1.957373223896867742e+01 -7.068083291161696424e-01 9.117714398147854782e-01
-3.457168740010651664e+00 2.206790877369252168e+00 2.034957292799980522e+01 4.323820404174365528e-01 3.258325283148700291e-01
-2.537546122059590292e+00 1.245808652438391118e+00 1.996275014916398760e+01 -9.986756224910215973e-01 1.903426074713542304e+00
-3.882927283929524798e+00 2.741687702250158676e+00 2.178388876653360029e+01 1.632451694026895828e+00 2.468967379672359075e-01
-2.844634747010389653e+00 2.113593633988197773e+00 2.020696756173915887e+01 -1.135113335480029573e+00 7.367769756092316102e-01
-3.414818372977861394e+00 2.803423232084750971e+00 1.986261987915988669e+01 2.666391277440252269e-02 1.064579187710829877e-01
-2.434137610830604093e+00 1.666379207966687925e+00 2.139635431144383304e+01 -2.045593482406633967e+00 1.647656850125093664e+00
-3.874586000669552721e+00 3.406358078828469971e+00 2.062640291043036811e+01 9.608544208516300866e-01 -5.145246774944185059e-02
-2.731664514984495362e+00 2.425636732061009493e+00 2.089799084696502263e+01 -1.234244423946846414e+00 5.205535253724137279e-01
-3.352458089114473072e+00 3.129806667538578058e+00 1.970061705375265859e+01 6.632800167186705953e-02 5.335763204048461078e-02
-2.296582633078815938e+00 1.958308986815635588e+00 2.245781188769031544e+01 -2.756557843659648732e+00 1.061497018216557509e+00
-3.860746464065828665e+00 3.730835056103477321e+00 1.966867983413611753e+01 6.339889883497235035e-01 -1.611761143277037622e-01
-2.905385318358672198e+00 1.802883417770477115e+00 1.997136849878941689e+01 -9.554018812221615198e-01 9.010250712407821272e-01
-3.446176562919766706e+00 2.437902227690003532e+00 2.050538283566403663e+01 1.912190722444732371e-01 2.759868997181500472e-01
-2.509228616723384597e+00 1.398126352854181187e+00 2.060231278237733221e+01 -1.404491641667156232e+00 1.922582316766465516e+00
-3.880946842574678257e+00 3.007221849588238793e+00 2.188712405480305989e+01 1.354765607731213350e+00 1.820868132369651282e-01
-2.622984070091624709e+00 2.583438366736614089e+00 2.153487196148053684e+01 -1.329132113633278545e+00 3.515245425635678544e-01
-3.289170751892385614e+00 3.262568407843202678e+00 1.999344312726864104e+01 2.754547117552906266e-01 1.315182668607097760e-01
-2.166870619747162330e+00 2.124722477135533527e+00 2.311961242261888216e+01 -3.304504484789987817e+00 5.049857997244839858e-01
-3.845889564249763914e+00 3.836027867680984027e+00 1.938562933613470918e+01 3.570732176056257701e-01 -1.644832609815697622e-01
-2.394934274905058391e+00 2.729140819299380905e+00 2.191231646882598127e+01 -1.200717709505892739e+00 4.219983142066906917e-02
-3.104396020997304273e+00 3.345195691825245010e+00 2.068364001975578148e+01 1.739126430899927966e-01 2.526562272609657600e-01
-1.924787838447129973e+00 2.300368890261871524e+00 2.321995926180440151e+01 -3.127197602486893491e+00 -3.045963982311973850e-01
-3.717897249817744942e+00 3.857836371798768038e+00 2.011802728463857903e+01 1.899416066324241537e-01 2.881071515883579237e-01
-2.100385471203217058e+00 2.826134884682885762e+00 2.207861133978099133e+01 -9.804602366529420188e-01 -2.404811830480792223e-01
-2.781175811595600678e+00 3.400912173902853386e+00 2.079495296145460159e+01 -3.030240995560868345e-01 1.654041945278871828e-01
-1.656850978506031913e+00 2.415397101799075408e+00 2.320035081735492710e+01 -2.480615222571675105e+00 -9.002279020452464975e-01
-3.380279545324106572e+00 3.870639319804094480e+00 1.990292540734391125e+01 -7.688433387434759902e-01 2.429677681181750259e-01
-2.557327823842090009e+00 2.639500723581447605e+00 2.174912376300604677e+01 -1.350502893243026747e+00 2.450953623385793978e-01
-3.247494767275753702e+00 3.295278445726601113e+00 2.032426480861696305e+01 3.392757717878172041e-01 2.066068351283571469e-01
-2.090906614307330269e+00 2.192088686766167971e+00 2.324981406348004143e+01 -3.420328316522151191e+00 1.996785308179014617e-01
-3.832098302740199802e+00 3.846695366022055751e+00 1.991407062288291385e+01 3.796994251985845170e-01 7.890647153500422728e-02
-1.808726388136260965e+00 2.887285161359029129e+00 2.216125768046936173e+01 -8.447610114110077895e-01 -4.990457594542002662e-01
-2.427969180377955283e+00 3.437029839931310171e+00 2.072118468816063697e+01 -9.447444048497012359e-01 -2.788370298035281608e-02
-1.408463609198783661e+00 2.486733657579038415e+00 2.321210461184665519e+01 -1.767567161655469565e+00 -1.310453120008229444e+00
-2.976901649311523013e+00 3.879154949918049766e+00 1.958127586750012483e+01 -1.932352074519149809e+00 4.512155854811109729e-02
-1.246504257901476231e+00 2.957173171785904664e+00 2.172183921520116456e+01 1.107700056797797927e+00 -5.856655700650020835e-01
-1.705084162629449063e+00 3.479361346454381110e+00 2.022139776055155735e+01 4.255791934818070610e-01 -9.708506865313308587e-02
-9.522583325491980055e-01 2.566686786503234341e+00 2.263797522829662867e+01 1.067164138135499485e+00 -1.362923756203738623e+00
-2.113792844294937190e+00 3.889334334399482174e+00 1.900526693103769205e+01 -5.082502144055035531e-01 4.409026078964787404e-02
-6.614519215063393576e-01 2.988854002711716973e+00 2.109314725716333427e+01 2.075303411640932794e+00 -6.308013908616117993e-01
-9.169726349442379743e-01 3.499501735328567786e+00 1.964905905165948141e+01 8.463585201674592717e-01 -3.681041347364284455e-01
-4.982604895166758974e-01 2.600886336922950015e+00 2.180358606563202883e+01 2.739683366566810108e+00 -1.075711295217369301e+00
-1.145467495458356133e+00 3.894303162788939510e+00 1.843752780996966223e+01 -2.426687886157704310e-01 -2.986569196189702291e-01
-1.628697046471141219e+00 2.915486232254997478e+00 2.208554866564673702e+01 -3.460081083489877640e-01 -5.679929151744875782e-01
-2.201564717571577123e+00 3.453969430705235322e+00 2.058609090678459097e+01 -7.189706899471324242e-01 -6.780065422677954146e-02
-1.259471127343295027e+00 2.519287417911938221e+00 2.311035561684180450e+01 -9.450775408789134913e-01 -1.413938010375213050e+00
-2.710484492268820489e+00 3.883208541682513726e+00 1.937835385106431119e+01 -1.760136667019969403e+00 3.054904538657562604e-02
-1.468212100156841837e-01 2.995730434196079539e+00 2.045345334660569492e+01 2.006824603908594629e+00 -6.126737877473342753e-01
-2.053613753120605012e-01 3.504982910616059044e+00 1.910710572808808649e+01 4.757820335971996162e-01 -6.569812235828392799e-01
-1.095424943971773091e-01 2.605911270569092775e+00 2.097629463227640301e+01 3.009947930536766680e+00 -6.472930957626342741e-01
-2.578185562437519396e-01 3.895794059708471924e+00 1.792994402504237073e+01 -7.532349243621361268e-01 -7.193817652133954743e-01
