-1.872319617993050800e+00 6.201032870459506352e-01 -7.080590852055252959e+00 9.539532559956184210e-01 -7.193288236628297971e-01
-2.939077764894362232e+00 1.324219917689136050e+00 -8.933890476331786346e+00 -2.288816119581922603e-01 -5.433751016652319521e-01
-1.101990159243682488e+00 3.351863574068977281e-01 -4.631600363985108437e+00 3.786414837232691788e+00 -1.213872716897223869e+00
-3.777097704079623863e+00 2.114438752713664105e+00 -1.027475056166504785e+01 -6.838628473401202612e-01 -5.751520572404419385e-01
-1.716380140380777242e+00 1.103987598417317528e+00 -8.975650609474620012e+00 1.284768766675713270e+00 -7.329487535255376773e-01
-2.807972710782464354e+00 2.157356424571155173e+00 -1.008506768955633781e+01 2.666661239023482288e-01 -3.063339368157921294e-01
-9.796534311076076085e-01 6.125746756206744692e-01 -7.342094594554588127e+00 3.611556008273392848e+00 -1.876361504112848744e+00
-3.738924568983186703e+00 3.278289321023658776e+00 -1.097844170363774907e+01 -4.060191845045014181e-01 -3.602470185592396290e-01
-1.918336657222897923e+00 1.453539628870768041e-01 -6.332687156325017774e+00 3.919344299806799548e-01 -6.149276428174235143e-01
-2.974258648072524380e+00 3.319046884193702085e-01 -8.402239887975468946e+00 -4.962493156169802688e-01 -5.176649792258831706e-01
-1.167874037647059993e+00 7.621834861937344663e-02 -3.945843508470981309e+00 3.387253044594185525e+00 -8.069338288213856458e-01
-3.789023003536297729e+00 5.472290332820989311e-01 -9.945033032707405241e+00 -7.373425437088731993e-01 -4.830438655447029106e-01
-1.523478278204000613e+00 1.393690290268522425e+00 -1.055345302504601968e+01 1.344385453222536109e+00 -6.571994725503012003e-01
-2.642740783509692992e+00 2.525053057138645141e+00 -1.101449314468499985e+01 1.033097051248381693e+00 -9.064079263455816771e-02
-8.575273738221421693e-01 7.817560741258124946e-01 -1.146514401007640771e+01 2.459361928479884885e+00 -1.997057762513618551e+00
-3.692304518960305426e+00 3.647217021529296499e+00 -1.219511646320612641e+01 1.079161790138345234e+00 -6.522824418560235933e-03
-1.094283910002192384e+00 1.725873313225633865e+00 -1.222843123979660618e+01 -8.038058368542263382e-03 -5.889788605220162010e-01
-2.126696047222084829e+00 2.814334722273432732e+00 -1.086834839803728059e+01 4.497103631194302453e-01 4.601968338849364917e-03
-6.112650835924261505e-01 9.830190323172037781e-01 -1.758703356048329169e+01 -1.767097429391280672e+00 -1.324833729839996144e+00
-3.226256092492893135e+00 3.739976932734535797e+00 -1.052908790197765754e+01 4.974979213404209233e-01 3.484311964440966469e-01
-5.976375285042051511e-01 1.905798811186146358e+00 -1.310751601691227108e+01 -1.105361990504533543e+00 -1.823226166663986236e-01
-1.246648788341298220e+00 2.957620583934144953e+00 -1.076939992699540838e+01 -3.421722614996763889e-01 2.832476241463020572e-01
-3.322327843122215296e-01 1.114784415412998886e+00 -2.007021419382182970e+01 -3.467804780388316743e+00 -5.585820827968323021e-01
-1.976109825238258288e+00 3.778937983103900500e+00 -1.040438248048707948e+01 -2.865243859682205518e-01 5.257849916336683194e-01
-1.393148032991426533e+00 1.523973553595886266e+00 -1.123636337221345904e+01 1.056958562579867866e+00 -6.401435038339433614e-01
-2.523464537575174305e+00 2.643126349811457665e+00 -1.110294873006835914e+01 1.165050598939944448e+00 -6.968905228904065385e-02
-7.816820940597373202e-01 8.576879113948009392e-01 -1.406228687154195711e+01 9.900440225601795374e-01 -1.784201924551050533e+00
-3.644654535140944951e+00 3.692383857114980295e+00 -1.157840256356397290e+01 1.780050117431953849e+00 1.942912038215598991e-01
-1.351951521608780737e-01 1.979705855141338233e+00 -1.321931575051630681e+01 -1.438686144078125562e+00 4.371176778074133962e-01
-2.943976887701940659e-01 3.006054318630478228e+00 -1.065506081874503153e+01 -7.112797267973514082e-01 5.427278787908513813e-01
-7.492272199789129505e-02 1.191435723588954998e+00 -2.077260164182747815e+01 -3.710855922916860727e+00 2.328465964136794686e-01
-4.781659490182246786e-01 3.791068086736261389e+00 -1.040890590132196358e+01 -6.929125959149725622e-01 5.702173417241235276e-01
