-1.00000e+00 0.00000e+00 1.01787e-03
-1.06122e+00 0.00000e+00 1.05009e-03
-1.12245e+00 0.00000e+00 1.08231e-03
-1.18367e+00 0.00000e+00 1.11453e-03
-1.24490e+00 0.00000e+00 1.14675e-03
-1.30612e+00 0.00000e+00 1.17897e-03
-1.36734e+00 0.00000e+00 1.21120e-03
-1.42857e+00 0.00000e+00 1.24342e-03
-1.48979e+00 0.00000e+00 1.27564e-03
-1.55101e+00 0.00000e+00 1.30786e-03
-1.61224e+00 0.00000e+00 1.34008e-03
-1.67346e+00 0.00000e+00 1.37230e-03
-1.73469e+00 0.00000e+00 1.40452e-03
-1.79591e+00 0.00000e+00 1.43674e-03
-1.85713e+00 0.00000e+00 1.46896e-03
-1.91836e+00 0.00000e+00 1.50118e-03
-1.97958e+00 0.00000e+00 1.53340e-03
-2.04081e+00 0.00000e+00 1.56563e-03
-2.10203e+00 0.00000e+00 1.59785e-03
-2.16325e+00 0.00000e+00 1.63007e-03
-2.22448e+00 0.00000e+00 1.66229e-03
-2.28570e+00 0.00000e+00 1.69451e-03
-2.34693e+00 0.00000e+00 1.72673e-03
-2.40815e+00 0.00000e+00 1.75895e-03
-2.46937e+00 0.00000e+00 1.79117e-03
-2.53060e+00 0.00000e+00 1.82339e-03
-2.59182e+00 0.00000e+00 1.85561e-03
-2.65304e+00 0.00000e+00 1.88783e-03
-2.71427e+00 0.00000e+00 1.92006e-03
-2.77549e+00 0.00000e+00 1.95228e-03
-2.83672e+00 0.00000e+00 1.98450e-03
-2.89794e+00 0.00000e+00 2.01672e-03
-2.95916e+00 0.00000e+00 2.04894e-03
-3.02039e+00 0.00000e+00 2.08116e-03
-3.08161e+00 0.00000e+00 2.11338e-03
-3.14284e+00 0.00000e+00 2.14560e-03
-3.20406e+00 0.00000e+00 2.17782e-03
-3.26528e+00 0.00000e+00 2.21004e-03
-3.32651e+00 0.00000e+00 2.24226e-03
-3.38773e+00 0.00000e+00 2.27449e-03
-3.44896e+00 0.00000e+00 2.30671e-03
-3.51018e+00 0.00000e+00 2.33893e-03
-3.57140e+00 0.00000e+00 2.37115e-03
-3.63263e+00 0.00000e+00 2.40337e-03
-3.69385e+00 0.00000e+00 2.43559e-03
-3.75507e+00 0.00000e+00 2.46781e-03
-3.81630e+00 0.00000e+00 2.50003e-03
-3.87752e+00 0.00000e+00 2.53225e-03
-3.93875e+00 0.00000e+00 2.56447e-03
-3.99997e+00 0.00000e+00 2.59669e-03
-9.89526e-01 2.47775e-02 1.00932e-03
-1.05181e+00 2.63840e-02 1.04025e-03
-1.11404e+00 2.81758e-02 1.07135e-03
-1.17620e+00 3.01526e-02 1.10262e-03
-1.23830e+00 3.23142e-02 1.13405e-03
-1.30034e+00 3.46605e-02 1.16562e-03
-1.36233e+00 3.71912e-02 1.19734e-03
-1.42426e+00 3.99063e-02 1.22918e-03
-1.48613e+00 4.28055e-02 1.26112e-03
-1.54796e+00 4.58888e-02 1.29316e-03
-1.60973e+00 4.91560e-02 1.32527e-03
-1.67146e+00 5.26069e-02 1.35746e-03
-1.73314e+00 5.62415e-02 1.38970e-03
-1.79478e+00 6.00597e-02 1.42199e-03
-1.85637e+00 6.40614e-02 1.45432e-03
-1.91793e+00 6.82465e-02 1.48669e-03
-1.97945e+00 7.26149e-02 1.51908e-03
-2.04093e+00 7.71667e-02 1.55149e-03
-2.10238e+00 8.19017e-02 1.58392e-03
-2.16379e+00 8.68200e-02 1.61636e-03
-2.22517e+00 9.19214e-02 1.64881e-03
-2.28653e+00 9.72061e-02 1.68126e-03
-2.34785e+00 1.02674e-01 1.71372e-03
-2.40915e+00 1.08325e-01 1.74617e-03
-2.47043e+00 1.14159e-01 1.77862e-03
-2.53169e+00 1.20177e-01 1.81107e-03
-2.59292e+00 1.26378e-01 1.84351e-03
-2.65414e+00 1.32762e-01 1.87595e-03
-2.71534e+00 1.39330e-01 1.90837e-03
-2.77653e+00 1.46081e-01 1.94079e-03
-2.83770e+00 1.53016e-01 1.97319e-03
-2.89887e+00 1.60135e-01 2.00558e-03
-2.96002e+00 1.67437e-01 2.03797e-03
-3.02117e+00 1.74923e-01 2.07033e-03
-3.08231e+00 1.82594e-01 2.10269e-03
-3.14344e+00 1.90448e-01 2.13503e-03
-3.20458e+00 1.98487e-01 2.16736e-03
-3.26571e+00 2.06711e-01 2.19967e-03
-3.32685e+00 2.15119e-01 2.23197e-03
-3.38799e+00 2.23712e-01 2.26426e-03
-3.44914e+00 2.32490e-01 2.29653e-03
-3.51029e+00 2.41453e-01 2.32878e-03
-3.57145e+00 2.50602e-01 2.36102e-03
-3.63262e+00 2.59937e-01 2.39324e-03
-3.69380e+00 2.69457e-01 2.42545e-03
-3.75500e+00 2.79164e-01 2.45764e-03
-3.81622e+00 2.89057e-01 2.48982e-03
-3.87745e+00 2.99137e-01 2.52198e-03
-3.93870e+00 3.09404e-01 2.55412e-03
-3.99997e+00 3.19858e-01 2.58625e-03
-9.78510e-01 4.98228e-02 1.00547e-03
-1.04176e+00 5.30715e-02 1.03572e-03
-1.10489e+00 5.66798e-02 1.06621e-03
-1.16789e+00 6.06469e-02 1.09692e-03
-1.23078e+00 6.49720e-02 1.12786e-03
-1.29355e+00 6.96545e-02 1.15901e-03
-1.35621e+00 7.46937e-02 1.19034e-03
-1.41877e+00 8.00890e-02 1.22184e-03
-1.48122e+00 8.58398e-02 1.25350e-03
-1.54358e+00 9.19456e-02 1.28530e-03
-1.60585e+00 9.84059e-02 1.31721e-03
-1.66802e+00 1.05220e-01 1.34922e-03
-1.73011e+00 1.12388e-01 1.38132e-03
-1.79211e+00 1.19910e-01 1.41350e-03
-1.85403e+00 1.27784e-01 1.44574e-03
-1.91588e+00 1.36011e-01 1.47803e-03
-1.97766e+00 1.44591e-01 1.51036e-03
-2.03937e+00 1.53523e-01 1.54273e-03
-2.10102e+00 1.62807e-01 1.57513e-03
-2.16261e+00 1.72444e-01 1.60754e-03
-2.22414e+00 1.82432e-01 1.63998e-03
-2.28562e+00 1.92772e-01 1.67242e-03
-2.34704e+00 2.03465e-01 1.70487e-03
-2.40843e+00 2.14509e-01 1.73731e-03
-2.46977e+00 2.25906e-01 1.76976e-03
-2.53107e+00 2.37655e-01 1.80221e-03
-2.59234e+00 2.49756e-01 1.83464e-03
-2.65357e+00 2.62210e-01 1.86707e-03
-2.71478e+00 2.75017e-01 1.89949e-03
-2.77596e+00 2.88177e-01 1.93189e-03
-2.83713e+00 3.01691e-01 1.96428e-03
-2.89827e+00 3.15559e-01 1.99665e-03
-2.95940e+00 3.29782e-01 2.02900e-03
-3.02053e+00 3.44359e-01 2.06134e-03
-3.08164e+00 3.59292e-01 2.09365e-03
-3.14275e+00 3.74580e-01 2.12595e-03
-3.20387e+00 3.90225e-01 2.15823e-03
-3.26498e+00 4.06227e-01 2.19048e-03
-3.32611e+00 4.22587e-01 2.22271e-03
-3.38724e+00 4.39306e-01 2.25492e-03
-3.44839e+00 4.56383e-01 2.28711e-03
-3.50956e+00 4.73821e-01 2.31927e-03
-3.57075e+00 4.91619e-01 2.35141e-03
-3.63196e+00 5.09779e-01 2.38353e-03
-3.69321e+00 5.28302e-01 2.41562e-03
-3.75448e+00 5.47188e-01 2.44769e-03
-3.81579e+00 5.66439e-01 2.47974e-03
-3.87714e+00 5.86056e-01 2.51176e-03
-3.93853e+00 6.06039e-01 2.54376e-03
-3.99997e+00 6.26390e-01 2.57573e-03
-9.66950e-01 7.51073e-02 1.00632e-03
-1.03106e+00 8.00339e-02 1.03642e-03
-1.09498e+00 8.54829e-02 1.06672e-03
-1.15873e+00 9.14528e-02 1.09722e-03
-1.22231e+00 9.79420e-02 1.12793e-03
-1.28572e+00 1.04949e-01 1.15883e-03
-1.34898e+00 1.12472e-01 1.18990e-03
-1.41208e+00 1.20511e-01 1.22114e-03
-1.47504e+00 1.29063e-01 1.25252e-03
-1.53787e+00 1.38128e-01 1.28404e-03
-1.60055e+00 1.47705e-01 1.31567e-03
-1.66311e+00 1.57793e-01 1.34741e-03
-1.72555e+00 1.68391e-01 1.37924e-03
-1.78788e+00 1.79498e-01 1.41114e-03
-1.85009e+00 1.91114e-01 1.44311e-03
-1.91219e+00 2.03238e-01 1.47514e-03
-1.97420e+00 2.15870e-01 1.50722e-03
-2.03612e+00 2.29009e-01 1.53933e-03
-2.09794e+00 2.42655e-01 1.57147e-03
-2.15969e+00 2.56808e-01 1.60364e-03
-2.22136e+00 2.71468e-01 1.63583e-03
-2.28295e+00 2.86634e-01 1.66803e-03
-2.34448e+00 3.02307e-01 1.70025e-03
-2.40595e+00 3.18487e-01 1.73246e-03
-2.46736e+00 3.35175e-01 1.76468e-03
-2.52873e+00 3.52369e-01 1.79690e-03
-2.59004e+00 3.70072e-01 1.82911e-03
-2.65132e+00 3.88282e-01 1.86131e-03
-2.71257e+00 4.07002e-01 1.89351e-03
-2.77378e+00 4.26231e-01 1.92569e-03
-2.83497e+00 4.45971e-01 1.95786e-03
-2.89615e+00 4.66222e-01 1.99001e-03
-2.95731e+00 4.86985e-01 2.02215e-03
-3.01846e+00 5.08261e-01 2.05427e-03
-3.07961e+00 5.30051e-01 2.08637e-03
-3.14076e+00 5.52356e-01 2.11845e-03
-3.20192e+00 5.75178e-01 2.15051e-03
-3.26309e+00 5.98517e-01 2.18255e-03
-3.32427e+00 6.22377e-01 2.21456e-03
-3.38548e+00 6.46756e-01 2.24656e-03
-3.44672e+00 6.71659e-01 2.27853e-03
-3.50799e+00 6.97085e-01 2.31048e-03
-3.56930e+00 7.23037e-01 2.34240e-03
-3.63066e+00 7.49517e-01 2.37430e-03
-3.69206e+00 7.76527e-01 2.40618e-03
-3.75351e+00 8.04068e-01 2.43803e-03
-3.81503e+00 8.32143e-01 2.46986e-03
-3.87660e+00 8.60754e-01 2.50166e-03
-3.93825e+00 8.89904e-01 2.53344e-03
-3.99997e+00 9.19594e-01 2.56520e-03
-9.54845e-01 1.00600e-01 1.01191e-03
-1.01969e+00 1.07240e-01 1.04227e-03
-1.08431e+00 1.14554e-01 1.07272e-03
-1.14870e+00 1.22538e-01 1.10330e-03
-1.21287e+00 1.31191e-01 1.13399e-03
-1.27684e+00 1.40509e-01 1.16480e-03
-1.34060e+00 1.50490e-01 1.19572e-03
-1.40418e+00 1.61132e-01 1.22675e-03
-1.46757e+00 1.72434e-01 1.25787e-03
-1.53078e+00 1.84393e-01 1.28909e-03
-1.59383e+00 1.97008e-01 1.32040e-03
-1.65672e+00 2.10277e-01 1.35178e-03
-1.71946e+00 2.24199e-01 1.38322e-03
-1.78205e+00 2.38772e-01 1.41472e-03
-1.84451e+00 2.53996e-01 1.44628e-03
-1.90684e+00 2.69870e-01 1.47788e-03
-1.96904e+00 2.86393e-01 1.50952e-03
-2.03114e+00 3.03565e-01 1.54119e-03
-2.09312e+00 3.21384e-01 1.57289e-03
-2.15501e+00 3.39851e-01 1.60461e-03
-2.21680e+00 3.58966e-01 1.63635e-03
-2.27851e+00 3.78728e-01 1.66810e-03
-2.34015e+00 3.99138e-01 1.69986e-03
-2.40171e+00 4.20196e-01 1.73163e-03
-2.46321e+00 4.41903e-01 1.76341e-03
-2.52465e+00 4.64259e-01 1.79518e-03
-2.58604e+00 4.87264e-01 1.82695e-03
-2.64739e+00 5.10920e-01 1.85872e-03
-2.70870e+00 5.35227e-01 1.89049e-03
-2.76998e+00 5.60187e-01 1.92225e-03
-2.83124e+00 5.85802e-01 1.95400e-03
-2.89249e+00 6.12071e-01 1.98574e-03
-2.95373e+00 6.38998e-01 2.01748e-03
-3.01496e+00 6.66583e-01 2.04920e-03
-3.07620e+00 6.94829e-01 2.08091e-03
-3.13745e+00 7.23738e-01 2.11260e-03
-3.19873e+00 7.53311e-01 2.14428e-03
-3.26002e+00 7.83551e-01 2.17595e-03
-3.32135e+00 8.14460e-01 2.20760e-03
-3.38271e+00 8.46041e-01 2.23924e-03
-3.44413e+00 8.78297e-01 2.27086e-03
-3.50559e+00 9.11230e-01 2.30246e-03
-3.56711e+00 9.44843e-01 2.33405e-03
-3.62870e+00 9.79140e-01 2.36562e-03
-3.69036e+00 1.01412e+00 2.39718e-03
-3.75209e+00 1.04980e+00 2.42872e-03
-3.81392e+00 1.08617e+00 2.46024e-03
-3.87583e+00 1.12323e+00 2.49175e-03
-3.93785e+00 1.16100e+00 2.52324e-03
-3.99997e+00 1.19947e+00 2.55471e-03
-9.42196e-01 1.26269e-01 1.02234e-03
-1.00767e+00 1.34658e-01 1.05325e-03
-1.07287e+00 1.43860e-01 1.08412e-03
-1.13779e+00 1.53869e-01 1.11496e-03
-1.20246e+00 1.64683e-01 1.14580e-03
-1.26688e+00 1.76297e-01 1.17663e-03
-1.33107e+00 1.88708e-01 1.20748e-03
-1.39503e+00 2.01913e-01 1.23834e-03
-1.45878e+00 2.15910e-01 1.26922e-03
-1.52232e+00 2.30695e-01 1.30013e-03
-1.58566e+00 2.46267e-01 1.33105e-03
-1.64882e+00 2.62622e-01 1.36200e-03
-1.71180e+00 2.79760e-01 1.39298e-03
-1.77462e+00 2.97678e-01 1.42397e-03
-1.83728e+00 3.16375e-01 1.45499e-03
-1.89979e+00 3.35850e-01 1.48602e-03
-1.96217e+00 3.56102e-01 1.51707e-03
-2.02441e+00 3.77129e-01 1.54814e-03
-2.08654e+00 3.98932e-01 1.57922e-03
-2.14855e+00 4.21510e-01 1.61031e-03
-2.21047e+00 4.44863e-01 1.64141e-03
-2.27229e+00 4.68991e-01 1.67252e-03
-2.33403e+00 4.93895e-01 1.70364e-03
-2.39569e+00 5.19574e-01 1.73476e-03
-2.45728e+00 5.46029e-01 1.76589e-03
-2.51882e+00 5.73262e-01 1.79703e-03
-2.58030e+00 6.01273e-01 1.82816e-03
-2.64175e+00 6.30064e-01 1.85931e-03
-2.70316e+00 6.59636e-01 1.89045e-03
-2.76455e+00 6.89991e-01 1.92159e-03
-2.82592e+00 7.21131e-01 1.95273e-03
-2.88729e+00 7.53059e-01 1.98388e-03
-2.94866e+00 7.85775e-01 2.01502e-03
-3.01003e+00 8.19284e-01 2.04617e-03
-3.07142e+00 8.53587e-01 2.07731e-03
-3.13284e+00 8.88689e-01 2.10845e-03
-3.19429e+00 9.24591e-01 2.13959e-03
-3.25579e+00 9.61297e-01 2.17073e-03
-3.31733e+00 9.98811e-01 2.20187e-03
-3.37893e+00 1.03714e+00 2.23300e-03
-3.44060e+00 1.07628e+00 2.26414e-03
-3.50234e+00 1.11624e+00 2.29527e-03
-3.56417e+00 1.15702e+00 2.32640e-03
-3.62609e+00 1.19864e+00 2.35754e-03
-3.68810e+00 1.24109e+00 2.38867e-03
-3.75023e+00 1.28437e+00 2.41980e-03
-3.81247e+00 1.32850e+00 2.45093e-03
-3.87483e+00 1.37349e+00 2.48206e-03
-3.93733e+00 1.41932e+00 2.51319e-03
-3.99997e+00 1.46602e+00 2.54433e-03
-9.29006e-01 1.52079e-01 1.03771e-03
-9.94986e-01 1.62253e-01 1.06939e-03
-1.06065e+00 1.73365e-01 1.10082e-03
-1.12600e+00 1.85409e-01 1.13206e-03
-1.19106e+00 1.98381e-01 1.16313e-03
-1.25585e+00 2.12274e-01 1.19406e-03
-1.32036e+00 2.27086e-01 1.22487e-03
-1.38463e+00 2.42811e-01 1.25558e-03
-1.44865e+00 2.59447e-01 1.28621e-03
-1.51244e+00 2.76988e-01 1.31677e-03
-1.57602e+00 2.95433e-01 1.34728e-03
-1.63939e+00 3.14779e-01 1.37774e-03
-1.70256e+00 3.35022e-01 1.40816e-03
-1.76556e+00 3.56161e-01 1.43855e-03
-1.82838e+00 3.78195e-01 1.46892e-03
-1.89104e+00 4.01120e-01 1.49926e-03
-1.95355e+00 4.24937e-01 1.52959e-03
-2.01593e+00 4.49643e-01 1.55991e-03
-2.07818e+00 4.75239e-01 1.59022e-03
-2.14031e+00 5.01725e-01 1.62053e-03
-2.20233e+00 5.29099e-01 1.65083e-03
-2.26426e+00 5.57362e-01 1.68113e-03
-2.32611e+00 5.86515e-01 1.71143e-03
-2.38788e+00 6.16558e-01 1.74173e-03
-2.44958e+00 6.47492e-01 1.77204e-03
-2.51123e+00 6.79319e-01 1.80235e-03
-2.57284e+00 7.12041e-01 1.83267e-03
-2.63441e+00 7.45658e-01 1.86299e-03
-2.69595e+00 7.80174e-01 1.89333e-03
-2.75749e+00 8.15590e-01 1.92368e-03
-2.81901e+00 8.51910e-01 1.95403e-03
-2.88054e+00 8.89136e-01 1.98440e-03
-2.94209e+00 9.27272e-01 2.01478e-03
-3.00366e+00 9.66321e-01 2.04518e-03
-3.06527e+00 1.00629e+00 2.07559e-03
-3.12691e+00 1.04717e+00 2.10602e-03
-3.18862e+00 1.08899e+00 2.13646e-03
-3.25038e+00 1.13173e+00 2.16692e-03
-3.31222e+00 1.17540e+00 2.19740e-03
-3.37414e+00 1.22002e+00 2.22789e-03
-3.43615e+00 1.26558e+00 2.25841e-03
-3.49826e+00 1.31210e+00 2.28895e-03
-3.56048e+00 1.35957e+00 2.31951e-03
-3.62283e+00 1.40800e+00 2.35009e-03
-3.68530e+00 1.45741e+00 2.38070e-03
-3.74791e+00 1.50779e+00 2.41133e-03
-3.81068e+00 1.55916e+00 2.44198e-03
-3.87360e+00 1.61152e+00 2.47266e-03
-3.93670e+00 1.66488e+00 2.50337e-03
-3.99997e+00 1.71924e+00 2.53411e-03
-9.15280e-01 1.77994e-01 1.05820e-03
-9.81638e-01 1.89988e-01 1.09071e-03
-1.04764e+00 2.03033e-01 1.12278e-03
-1.11332e+00 2.17121e-01 1.15445e-03
-1.17867e+00 2.32245e-01 1.18578e-03
-1.24371e+00 2.48401e-01 1.21681e-03
-1.30847e+00 2.65581e-01 1.24758e-03
-1.37295e+00 2.83782e-01 1.27812e-03
-1.43717e+00 3.02998e-01 1.30847e-03
-1.50114e+00 3.23224e-01 1.33865e-03
-1.56488e+00 3.44458e-01 1.36868e-03
-1.62840e+00 3.66695e-01 1.39858e-03
-1.69172e+00 3.89932e-01 1.42838e-03
-1.75484e+00 4.14168e-01 1.45808e-03
-1.81778e+00 4.39399e-01 1.48770e-03
-1.88056e+00 4.65623e-01 1.51725e-03
-1.94318e+00 4.92840e-01 1.54675e-03
-2.00566e+00 5.21047e-01 1.57620e-03
-2.06802e+00 5.50245e-01 1.60561e-03
-2.13025e+00 5.80433e-01 1.63499e-03
-2.19238e+00 6.11611e-01 1.66435e-03
-2.25442e+00 6.43779e-01 1.69369e-03
-2.31637e+00 6.76938e-01 1.72302e-03
-2.37826e+00 7.11089e-01 1.75235e-03
-2.44009e+00 7.46233e-01 1.78167e-03
-2.50188e+00 7.82373e-01 1.81100e-03
-2.56363e+00 8.19511e-01 1.84034e-03
-2.62535e+00 8.57648e-01 1.86969e-03
-2.68707e+00 8.96788e-01 1.89905e-03
-2.74878e+00 9.36934e-01 1.92843e-03
-2.81050e+00 9.78090e-01 1.95784e-03
-2.87225e+00 1.02026e+00 1.98727e-03
-2.93403e+00 1.06345e+00 2.01672e-03
-2.99585e+00 1.10765e+00 2.04621e-03
-3.05773e+00 1.15289e+00 2.07573e-03
-3.11967e+00 1.19916e+00 2.10529e-03
-3.18169e+00 1.24647e+00 2.13489e-03
-3.24380e+00 1.29482e+00 2.16453e-03
-3.30601e+00 1.34422e+00 2.19421e-03
-3.36833e+00 1.39467e+00 2.22393e-03
-3.43076e+00 1.44620e+00 2.25370e-03
-3.49333e+00 1.49879e+00 2.28352e-03
-3.55605e+00 1.55246e+00 2.31340e-03
-3.61891e+00 1.60723e+00 2.34332e-03
-3.68194e+00 1.66308e+00 2.37330e-03
-3.74515e+00 1.72004e+00 2.40334e-03
-3.80855e+00 1.77812e+00 2.43344e-03
-3.87214e+00 1.83732e+00 2.46360e-03
-3.93594e+00 1.89766e+00 2.49382e-03
-3.99997e+00 1.95914e+00 2.52410e-03
-9.01024e-01 2.03976e-01 1.08402e-03
-9.67631e-01 2.17825e-01 1.11732e-03
-1.03386e+00 2.32824e-01 1.14996e-03
-1.09973e+00 2.48964e-01 1.18201e-03
-1.16527e+00 2.66236e-01 1.21355e-03
-1.23047e+00 2.84634e-01 1.24463e-03
-1.29537e+00 3.04151e-01 1.27530e-03
-1.35999e+00 3.24780e-01 1.30563e-03
-1.42432e+00 3.46517e-01 1.33563e-03
-1.48841e+00 3.69355e-01 1.36537e-03
-1.55224e+00 3.93290e-01 1.39485e-03
-1.61586e+00 4.18319e-01 1.42413e-03
-1.67926e+00 4.44437e-01 1.45322e-03
-1.74246e+00 4.71642e-01 1.48215e-03
-1.80549e+00 4.99931e-01 1.51094e-03
-1.86834e+00 5.29301e-01 1.53961e-03
-1.93104e+00 5.59752e-01 1.56817e-03
-1.99361e+00 5.91282e-01 1.59665e-03
-2.05605e+00 6.23890e-01 1.62505e-03
-2.11837e+00 6.57575e-01 1.65339e-03
-2.18060e+00 6.92339e-01 1.68168e-03
-2.24275e+00 7.28182e-01 1.70994e-03
-2.30482e+00 7.65104e-01 1.73817e-03
-2.36684e+00 8.03108e-01 1.76638e-03
-2.42881e+00 8.42195e-01 1.79459e-03
-2.49074e+00 8.82367e-01 1.82279e-03
-2.55266e+00 9.23628e-01 1.85100e-03
-2.61457e+00 9.65980e-01 1.87923e-03
-2.67649e+00 1.00943e+00 1.90747e-03
-2.73843e+00 1.05397e+00 1.93574e-03
-2.80039e+00 1.09962e+00 1.96405e-03
-2.86240e+00 1.14638e+00 1.99239e-03
-2.92447e+00 1.19425e+00 2.02078e-03
-2.98660e+00 1.24325e+00 2.04921e-03
-3.04881e+00 1.29336e+00 2.07770e-03
-3.11111e+00 1.34461e+00 2.10625e-03
-3.17352e+00 1.39700e+00 2.13486e-03
-3.23605e+00 1.45053e+00 2.16354e-03
-3.29870e+00 1.50522e+00 2.19229e-03
-3.36150e+00 1.56108e+00 2.22112e-03
-3.42445e+00 1.61810e+00 2.25002e-03
-3.48757e+00 1.67631e+00 2.27901e-03
-3.55086e+00 1.73570e+00 2.30809e-03
-3.61435e+00 1.79630e+00 2.33725e-03
-3.67804e+00 1.85810e+00 2.36651e-03
-3.74194e+00 1.92113e+00 2.39587e-03
-3.80607e+00 1.98539e+00 2.42533e-03
-3.87045e+00 2.05090e+00 2.45490e-03
-3.93507e+00 2.11767e+00 2.48457e-03
-3.99997e+00 2.18570e+00 2.51435e-03
-8.86246e-01 2.29984e-01 1.11539e-03
-9.52968e-01 2.45724e-01 1.14931e-03
-1.01930e+00 2.62698e-01 1.18236e-03
-1.08525e+00 2.80897e-01 1.21466e-03
-1.15085e+00 3.00310e-01 1.24627e-03
-1.21612e+00 3.20930e-01 1.27728e-03
-1.28107e+00 3.42749e-01 1.30776e-03
-1.34573e+00 3.65760e-01 1.33775e-03
-1.41010e+00 3.89955e-01 1.36733e-03
-1.47422e+00 4.15330e-01 1.39653e-03
-1.53809e+00 4.41880e-01 1.42539e-03
-1.60173e+00 4.69598e-01 1.45395e-03
-1.66517e+00 4.98483e-01 1.48226e-03
-1.72841e+00 5.28529e-01 1.51033e-03
-1.79147e+00 5.59735e-01 1.53820e-03
-1.85437e+00 5.92098e-01 1.56590e-03
-1.91712e+00 6.25616e-01 1.59344e-03
-1.97975e+00 6.60288e-01 1.62085e-03
-2.04226e+00 6.96114e-01 1.64815e-03
-2.10467e+00 7.33093e-01 1.67535e-03
-2.16699e+00 7.71226e-01 1.70248e-03
-2.22924e+00 8.10514e-01 1.72955e-03
-2.29144e+00 8.50957e-01 1.75657e-03
-2.35359e+00 8.92559e-01 1.78356e-03
-2.41572e+00 9.35322e-01 1.81053e-03
-2.47783e+00 9.79247e-01 1.83749e-03
-2.53994e+00 1.02434e+00 1.86445e-03
-2.60207e+00 1.07060e+00 1.89143e-03
-2.66423e+00 1.11804e+00 1.91843e-03
-2.72642e+00 1.16666e+00 1.94546e-03
-2.78867e+00 1.21647e+00 1.97254e-03
-2.85099e+00 1.26746e+00 1.99966e-03
-2.91340e+00 1.31966e+00 2.02685e-03
-2.97590e+00 1.37306e+00 2.05410e-03
-3.03851e+00 1.42767e+00 2.08143e-03
-3.10124e+00 1.48350e+00 2.10884e-03
-3.16410e+00 1.54056e+00 2.13634e-03
-3.22712e+00 1.59886e+00 2.16394e-03
-3.29030e+00 1.65841e+00 2.19164e-03
-3.35366e+00 1.71921e+00 2.21945e-03
-3.41721e+00 1.78128e+00 2.24737e-03
-3.48096e+00 1.84463e+00 2.27542e-03
-3.54493e+00 1.90927e+00 2.30359e-03
-3.60913e+00 1.97521e+00 2.33190e-03
-3.67358e+00 2.04246e+00 2.36035e-03
-3.73828e+00 2.11105e+00 2.38895e-03
-3.80326e+00 2.18097e+00 2.41770e-03
-3.86852e+00 2.25225e+00 2.44660e-03
-3.93409e+00 2.32491e+00 2.47567e-03
-3.99997e+00 2.39895e+00 2.50491e-03
-8.70957e-01 2.55977e-01 1.15260e-03
-9.37656e-01 2.73643e-01 1.18682e-03
-1.00395e+00 2.92613e-01 1.22001e-03
-1.06987e+00 3.12877e-01 1.25230e-03
-1.13543e+00 3.34424e-01 1.28378e-03
-1.20065e+00 3.57245e-01 1.31454e-03
-1.26555e+00 3.81330e-01 1.34465e-03
-1.33016e+00 4.06672e-01 1.37418e-03
-1.39449e+00 4.33265e-01 1.40319e-03
-1.45857e+00 4.61100e-01 1.43174e-03
-1.52240e+00 4.90174e-01 1.45987e-03
-1.58602e+00 5.20480e-01 1.48762e-03
-1.64943e+00 5.52015e-01 1.51505e-03
-1.71266e+00 5.84774e-01 1.54218e-03
-1.77572e+00 6.18755e-01 1.56905e-03
-1.83863e+00 6.53956e-01 1.59569e-03
-1.90141e+00 6.90375e-01 1.62213e-03
-1.96408e+00 7.28010e-01 1.64840e-03
-2.02664e+00 7.66861e-01 1.67451e-03
-2.08912e+00 8.06929e-01 1.70050e-03
-2.15153e+00 8.48214e-01 1.72638e-03
-2.21389e+00 8.90717e-01 1.75217e-03
-2.27622e+00 9.34440e-01 1.77789e-03
-2.33852e+00 9.79387e-01 1.80357e-03
-2.40082e+00 1.02556e+00 1.82920e-03
-2.46313e+00 1.07296e+00 1.85482e-03
-2.52546e+00 1.12160e+00 1.88044e-03
-2.58784e+00 1.17147e+00 1.90607e-03
-2.65027e+00 1.22259e+00 1.93172e-03
-2.71276e+00 1.27495e+00 1.95741e-03
-2.77535e+00 1.32858e+00 1.98315e-03
-2.83803e+00 1.38346e+00 2.00895e-03
-2.90082e+00 1.43962e+00 2.03482e-03
-2.96375e+00 1.49706e+00 2.06078e-03
-3.02682e+00 1.55578e+00 2.08683e-03
-3.09004e+00 1.61580e+00 2.11299e-03
-3.15344e+00 1.67713e+00 2.13927e-03
-3.21702e+00 1.73977e+00 2.16567e-03
-3.28080e+00 1.80374e+00 2.19221e-03
-3.34480e+00 1.86905e+00 2.21889e-03
-3.40904e+00 1.93572e+00 2.24573e-03
-3.47351e+00 2.00375e+00 2.27273e-03
-3.53825e+00 2.07315e+00 2.29991e-03
-3.60326e+00 2.14395e+00 2.32727e-03
-3.66856e+00 2.21616e+00 2.35483e-03
-3.73417e+00 2.28979e+00 2.38258e-03
-3.80010e+00 2.36486e+00 2.41055e-03
-3.86637e+00 2.44138e+00 2.43874e-03
-3.93298e+00 2.51937e+00 2.46715e-03
-3.99997e+00 2.59886e+00 2.49581e-03
-8.55169e-01 2.81913e-01 1.19597e-03
-9.21703e-01 3.01539e-01 1.23002e-03
-9.87835e-01 3.22526e-01 1.26295e-03
-1.05359e+00 3.44861e-01 1.29490e-03
-1.11899e+00 3.68532e-01 1.32595e-03
-1.18406e+00 3.93530e-01 1.35620e-03
-1.24882e+00 4.19846e-01 1.38572e-03
-1.31329e+00 4.47470e-01 1.41459e-03
-1.37749e+00 4.76394e-01 1.44287e-03
-1.44145e+00 5.06613e-01 1.47062e-03
-1.50518e+00 5.38121e-01 1.49789e-03
-1.56871e+00 5.70910e-01 1.52472e-03
-1.63205e+00 6.04979e-01 1.55117e-03
-1.69522e+00 6.40322e-01 1.57727e-03
-1.75824e+00 6.76936e-01 1.60305e-03
-1.82113e+00 7.14820e-01 1.62856e-03
-1.88390e+00 7.53971e-01 1.65382e-03
-1.94658e+00 7.94389e-01 1.67887e-03
-2.00918e+00 8.36074e-01 1.70373e-03
-2.07172e+00 8.79026e-01 1.72843e-03
-2.13422e+00 9.23246e-01 1.75299e-03
-2.19669e+00 9.68736e-01 1.77744e-03
-2.25915e+00 1.01550e+00 1.80180e-03
-2.32162e+00 1.06354e+00 1.82608e-03
-2.38411e+00 1.11285e+00 1.85032e-03
-2.44663e+00 1.16346e+00 1.87453e-03
-2.50922e+00 1.21534e+00 1.89872e-03
-2.57187e+00 1.26853e+00 1.92292e-03
-2.63461e+00 1.32301e+00 1.94714e-03
-2.69745e+00 1.37881e+00 1.97140e-03
-2.76041e+00 1.43591e+00 1.99571e-03
-2.82350e+00 1.49434e+00 2.02009e-03
-2.88674e+00 1.55410e+00 2.04456e-03
-2.95015e+00 1.61521e+00 2.06913e-03
-3.01374e+00 1.67766e+00 2.09381e-03
-3.07752e+00 1.74148e+00 2.11862e-03
-3.14152e+00 1.80666e+00 2.14357e-03
-3.20574e+00 1.87324e+00 2.16868e-03
-3.27021e+00 1.94121e+00 2.19396e-03
-3.33493e+00 2.01059e+00 2.21942e-03
-3.39993e+00 2.08140e+00 2.24508e-03
-3.46522e+00 2.15365e+00 2.27095e-03
-3.53082e+00 2.22735e+00 2.29704e-03
-3.59674e+00 2.30252e+00 2.32337e-03
-3.66300e+00 2.37919e+00 2.34995e-03
-3.72961e+00 2.45735e+00 2.37679e-03
-3.79660e+00 2.53704e+00 2.40391e-03
-3.86398e+00 2.61827e+00 2.43132e-03
-3.93176e+00 2.70107e+00 2.45904e-03
-3.99997e+00 2.78544e+00 2.48707e-03
-8.38897e-01 3.07748e-01 1.24585e-03
-9.05120e-01 3.29369e-01 1.27910e-03
-9.70953e-01 3.52391e-01 1.31124e-03
-1.03642e+00 3.76801e-01 1.34239e-03
-1.10154e+00 4.02588e-01 1.37264e-03
-1.16635e+00 4.29740e-01 1.40205e-03
-1.23087e+00 4.58248e-01 1.43071e-03
-1.29511e+00 4.88102e-01 1.45869e-03
-1.35910e+00 5.19294e-01 1.48603e-03
-1.42287e+00 5.51818e-01 1.51281e-03
-1.48643e+00 5.85667e-01 1.53906e-03
-1.54980e+00 6.20836e-01 1.56485e-03
-1.61301e+00 6.57321e-01 1.59020e-03
-1.67607e+00 6.95117e-01 1.61516e-03
-1.73901e+00 7.34221e-01 1.63977e-03
-1.80184e+00 7.74632e-01 1.66407e-03
-1.86458e+00 8.16349e-01 1.68809e-03
-1.92726e+00 8.59370e-01 1.71185e-03
-1.98989e+00 9.03696e-01 1.73540e-03
-2.05248e+00 9.49328e-01 1.75875e-03
-2.11506e+00 9.96268e-01 1.78194e-03
-2.17764e+00 1.04452e+00 1.80500e-03
-2.24024e+00 1.09408e+00 1.82794e-03
-2.30288e+00 1.14496e+00 1.85078e-03
-2.36558e+00 1.19716e+00 1.87357e-03
-2.42834e+00 1.25068e+00 1.89630e-03
-2.49120e+00 1.30554e+00 1.91902e-03
-2.55416e+00 1.36174e+00 1.94173e-03
-2.61725e+00 1.41928e+00 1.96445e-03
-2.68047e+00 1.47818e+00 1.98722e-03
-2.74385e+00 1.53843e+00 2.01004e-03
-2.80741e+00 1.60006e+00 2.03293e-03
-2.87115e+00 1.66307e+00 2.05592e-03
-2.93510e+00 1.72748e+00 2.07902e-03
-2.99927e+00 1.79328e+00 2.10225e-03
-3.06368e+00 1.86051e+00 2.12563e-03
-3.12835e+00 1.92916e+00 2.14918e-03
-3.19328e+00 1.99925e+00 2.17291e-03
-3.25851e+00 2.07079e+00 2.19684e-03
-3.32404e+00 2.14381e+00 2.22099e-03
-3.38989e+00 2.21832e+00 2.24539e-03
-3.45609e+00 2.29432e+00 2.27003e-03
-3.52264e+00 2.37185e+00 2.29496e-03
-3.58956e+00 2.45092e+00 2.32017e-03
-3.65688e+00 2.53154e+00 2.34570e-03
-3.72461e+00 2.61373e+00 2.37156e-03
-3.79276e+00 2.69753e+00 2.39778e-03
-3.86136e+00 2.78294e+00 2.42436e-03
-3.93042e+00 2.86999e+00 2.45134e-03
-3.99997e+00 2.95870e+00 2.47873e-03
-8.22157e-01 3.33436e-01 1.30262e-03
-8.87921e-01 3.57086e-01 1.33427e-03
-9.53315e-01 3.82162e-01 1.36496e-03
-1.01836e+00 4.08653e-01 1.39476e-03
-1.08309e+00 4.36544e-01 1.42373e-03
-1.14753e+00 4.65826e-01 1.45192e-03
-1.21170e+00 4.96487e-01 1.47938e-03
-1.27562e+00 5.28519e-01 1.50618e-03
-1.33931e+00 5.61913e-01 1.53235e-03
-1.40281e+00 5.96663e-01 1.55795e-03
-1.46613e+00 6.32762e-01 1.58302e-03
-1.52929e+00 6.70204e-01 1.60760e-03
-1.59231e+00 7.08987e-01 1.63173e-03
-1.65522e+00 7.49105e-01 1.65545e-03
-1.71804e+00 7.90557e-01 1.67880e-03
-1.78078e+00 8.33340e-01 1.70181e-03
-1.84346e+00 8.77454e-01 1.72451e-03
-1.90611e+00 9.22899e-01 1.74693e-03
-1.96874e+00 9.69675e-01 1.76912e-03
-2.03138e+00 1.01778e+00 1.79108e-03
-2.09403e+00 1.06723e+00 1.81286e-03
-2.15673e+00 1.11801e+00 1.83448e-03
-2.21948e+00 1.17013e+00 1.85596e-03
-2.28230e+00 1.22360e+00 1.87734e-03
-2.34522e+00 1.27842e+00 1.89863e-03
-2.40825e+00 1.33460e+00 1.91986e-03
-2.47141e+00 1.39214e+00 1.94106e-03
-2.53472e+00 1.45105e+00 1.96224e-03
-2.59819e+00 1.51135e+00 1.98343e-03
-2.66184e+00 1.57303e+00 2.00466e-03
-2.72569e+00 1.63611e+00 2.02594e-03
-2.78975e+00 1.70059e+00 2.04729e-03
-2.85405e+00 1.76650e+00 2.06875e-03
-2.91860e+00 1.83384e+00 2.09033e-03
-2.98341e+00 1.90262e+00 2.11204e-03
-3.04852e+00 1.97286e+00 2.13393e-03
-3.11392e+00 2.04458e+00 2.15600e-03
-3.17965e+00 2.11778e+00 2.17828e-03
-3.24571e+00 2.19248e+00 2.20079e-03
-3.31213e+00 2.26870e+00 2.22356e-03
-3.37893e+00 2.34645e+00 2.24661e-03
-3.44611e+00 2.42576e+00 2.26996e-03
-3.51371e+00 2.50665e+00 2.29364e-03
-3.58174e+00 2.58912e+00 2.31768e-03
-3.65021e+00 2.67321e+00 2.34209e-03
-3.71915e+00 2.75893e+00 2.36691e-03
-3.78858e+00 2.84631e+00 2.39216e-03
-3.85851e+00 2.93537e+00 2.41787e-03
-3.92897e+00 3.02614e+00 2.44408e-03
-3.99997e+00 3.11863e+00 2.47081e-03
-8.04968e-01 3.58933e-01 1.36671e-03
-8.70122e-01 3.84645e-01 1.39577e-03
-9.34935e-01 4.11794e-01 1.42420e-03
-9.99436e-01 4.40367e-01 1.45199e-03
-1.06365e+00 4.70352e-01 1.47912e-03
-1.12760e+00 5.01738e-01 1.50562e-03
-1.19132e+00 5.34513e-01 1.53151e-03
-1.25482e+00 5.68670e-01 1.55680e-03
-1.31813e+00 6.04199e-01 1.58152e-03
-1.38128e+00 6.41095e-01 1.60572e-03
-1.44429e+00 6.79350e-01 1.62940e-03
-1.50717e+00 7.18961e-01 1.65262e-03
-1.56996e+00 7.59923e-01 1.67539e-03
-1.63267e+00 8.02233e-01 1.69776e-03
-1.69532e+00 8.45889e-01 1.71974e-03
-1.75793e+00 8.90889e-01 1.74138e-03
-1.82053e+00 9.37233e-01 1.76270e-03
-1.88313e+00 9.84922e-01 1.78374e-03
-1.94575e+00 1.03396e+00 1.80451e-03
-2.00842e+00 1.08434e+00 1.82505e-03
-2.07115e+00 1.13607e+00 1.84538e-03
-2.13396e+00 1.18916e+00 1.86554e-03
-2.19686e+00 1.24361e+00 1.88555e-03
-2.25989e+00 1.29942e+00 1.90543e-03
-2.32305e+00 1.35660e+00 1.92521e-03
-2.38637e+00 1.41515e+00 1.94492e-03
-2.44986e+00 1.47510e+00 1.96458e-03
-2.51354e+00 1.53643e+00 1.98421e-03
-2.57743e+00 1.59917e+00 2.00385e-03
-2.64154e+00 1.66332e+00 2.02351e-03
-2.70591e+00 1.72889e+00 2.04322e-03
-2.77053e+00 1.79590e+00 2.06300e-03
-2.83544e+00 1.86435e+00 2.08289e-03
-2.90065e+00 1.93427e+00 2.10290e-03
-2.96617e+00 2.00565e+00 2.12306e-03
-3.03203e+00 2.07853e+00 2.14340e-03
-3.09825e+00 2.15291e+00 2.16395e-03
-3.16484e+00 2.22881e+00 2.18472e-03
-3.23182e+00 2.30624e+00 2.20576e-03
-3.29921e+00 2.38523e+00 2.22708e-03
-3.36703e+00 2.46580e+00 2.24872e-03
-3.43530e+00 2.54796e+00 2.27070e-03
-3.50404e+00 2.63173e+00 2.29307e-03
-3.57326e+00 2.71713e+00 2.31585e-03
-3.64299e+00 2.80420e+00 2.33909e-03
-3.71325e+00 2.89294e+00 2.36280e-03
-3.78405e+00 2.98340e+00 2.38704e-03
-3.85543e+00 3.07558e+00 2.41184e-03
-3.92739e+00 3.16952e+00 2.43725e-03
-3.99996e+00 3.26524e+00 2.46331e-03
-7.87350e-01 3.84192e-01 1.43858e-03
-8.51739e-01 4.11998e-01 1.46385e-03
-9.15829e-01 4.41238e-01 1.48906e-03
-9.79648e-01 4.71897e-01 1.51406e-03
-1.04322e+00 5.03964e-01 1.53873e-03
-1.10658e+00 5.37427e-01 1.56301e-03
-1.16974e+00 5.72276e-01 1.58687e-03
-1.23273e+00 6.08504e-01 1.61029e-03
-1.29557e+00 6.46101e-01 1.63327e-03
-1.35829e+00 6.85062e-01 1.65580e-03
-1.42092e+00 7.25381e-01 1.67789e-03
-1.48346e+00 7.67054e-01 1.69956e-03
-1.54596e+00 8.10077e-01 1.72083e-03
-1.60841e+00 8.54447e-01 1.74172e-03
-1.67086e+00 9.00164e-01 1.76224e-03
-1.73331e+00 9.47226e-01 1.78243e-03
-1.79579e+00 9.95633e-01 1.80231e-03
-1.85832e+00 1.04539e+00 1.82190e-03
-1.92092e+00 1.09649e+00 1.84122e-03
-1.98361e+00 1.14894e+00 1.86031e-03
-2.04641e+00 1.20275e+00 1.87918e-03
-2.10933e+00 1.25792e+00 1.89786e-03
-2.17240e+00 1.31446e+00 1.91638e-03
-2.23564e+00 1.37236e+00 1.93476e-03
-2.29906e+00 1.43164e+00 1.95303e-03
-2.36268e+00 1.49231e+00 1.97121e-03
-2.42653e+00 1.55437e+00 1.98933e-03
-2.49062e+00 1.61784e+00 2.00741e-03
-2.55496e+00 1.68272e+00 2.02548e-03
-2.61959e+00 1.74902e+00 2.04357e-03
-2.68451e+00 1.81676e+00 2.06170e-03
-2.74975e+00 1.88595e+00 2.07990e-03
-2.81532e+00 1.95660e+00 2.09820e-03
-2.88124e+00 2.02873e+00 2.11662e-03
-2.94754e+00 2.10235e+00 2.13520e-03
-3.01422e+00 2.17748e+00 2.15396e-03
-3.08132e+00 2.25413e+00 2.17294e-03
-3.14885e+00 2.33232e+00 2.19216e-03
-3.21682e+00 2.41207e+00 2.21167e-03
-3.28527e+00 2.49341e+00 2.23149e-03
-3.35420e+00 2.57634e+00 2.25166e-03
-3.42364e+00 2.66089e+00 2.27222e-03
-3.49361e+00 2.74709e+00 2.29322e-03
-3.56413e+00 2.83495e+00 2.31469e-03
-3.63522e+00 2.92450e+00 2.33668e-03
-3.70690e+00 3.01577e+00 2.35923e-03
-3.77919e+00 3.10877e+00 2.38241e-03
-3.85212e+00 3.20355e+00 2.40627e-03
-3.92570e+00 3.30012e+00 2.43086e-03
-3.99996e+00 3.39852e+00 2.45625e-03
-7.69325e-01 4.09166e-01 1.51870e-03
-8.32793e-01 4.39100e-01 1.53878e-03
-8.96015e-01 4.70446e-01 1.55966e-03
-9.59017e-01 5.03194e-01 1.58096e-03
-1.02183e+00 5.37329e-01 1.60244e-03
-1.08447e+00 5.72843e-01 1.62392e-03
-1.14697e+00 6.09726e-01 1.64528e-03
-1.20935e+00 6.47970e-01 1.66643e-03
-1.27164e+00 6.87567e-01 1.68731e-03
-1.33385e+00 7.28513e-01 1.70790e-03
-1.39602e+00 7.70802e-01 1.72817e-03
-1.45816e+00 8.14431e-01 1.74811e-03
-1.52030e+00 8.59396e-01 1.76772e-03
-1.58246e+00 9.05696e-01 1.78700e-03
-1.64466e+00 9.53331e-01 1.80597e-03
-1.70692e+00 1.00230e+00 1.82463e-03
-1.76925e+00 1.05260e+00 1.84300e-03
-1.83169e+00 1.10424e+00 1.86109e-03
-1.89425e+00 1.15723e+00 1.87893e-03
-1.95695e+00 1.21155e+00 1.89654e-03
-2.01981e+00 1.26722e+00 1.91393e-03
-2.08285e+00 1.32425e+00 1.93113e-03
-2.14609e+00 1.38264e+00 1.94816e-03
-2.20955e+00 1.44239e+00 1.96505e-03
-2.27325e+00 1.50351e+00 1.98181e-03
-2.33720e+00 1.56602e+00 1.99847e-03
-2.40143e+00 1.62993e+00 2.01507e-03
-2.46596e+00 1.69523e+00 2.03161e-03
-2.53080e+00 1.76195e+00 2.04813e-03
-2.59597e+00 1.83010e+00 2.06465e-03
-2.66150e+00 1.89968e+00 2.08121e-03
-2.72740e+00 1.97072e+00 2.09783e-03
-2.79369e+00 2.04322e+00 2.11453e-03
-2.86039e+00 2.11721e+00 2.13136e-03
-2.92751e+00 2.19269e+00 2.14834e-03
-2.99509e+00 2.26969e+00 2.16551e-03
-3.06314e+00 2.34822e+00 2.18289e-03
-3.13168e+00 2.42830e+00 2.20053e-03
-3.20073e+00 2.50996e+00 2.21847e-03
-3.27031e+00 2.59321e+00 2.23675e-03
-3.34044e+00 2.67807e+00 2.25540e-03
-3.41114e+00 2.76457e+00 2.27449e-03
-3.48243e+00 2.85272e+00 2.29405e-03
-3.55434e+00 2.94256e+00 2.31415e-03
-3.62689e+00 3.03411e+00 2.33484e-03
-3.70010e+00 3.12740e+00 2.35618e-03
-3.77398e+00 3.22245e+00 2.37825e-03
-3.84857e+00 3.31929e+00 2.40112e-03
-3.92389e+00 3.41795e+00 2.42488e-03
-3.99996e+00 3.51847e+00 2.44962e-03
-7.50919e-01 4.33809e-01 1.60759e-03
-8.13307e-01 4.65901e-01 1.62082e-03
-8.75513e-01 4.99372e-01 1.63609e-03
-9.37561e-01 5.34208e-01 1.65271e-03
-9.99479e-01 5.70399e-01 1.67019e-03
-1.06129e+00 6.07937e-01 1.68822e-03
-1.12302e+00 6.46812e-01 1.70654e-03
-1.18470e+00 6.87017e-01 1.72498e-03
-1.24634e+00 7.28547e-01 1.74342e-03
-1.30797e+00 7.71396e-01 1.76177e-03
-1.36961e+00 8.15561e-01 1.77997e-03
-1.43129e+00 8.61040e-01 1.79798e-03
-1.49302e+00 9.07829e-01 1.81577e-03
-1.55483e+00 9.55929e-01 1.83331e-03
-1.61673e+00 1.00534e+00 1.85061e-03
-1.67876e+00 1.05606e+00 1.86766e-03
-1.74092e+00 1.10809e+00 1.88446e-03
-1.80324e+00 1.16145e+00 1.90102e-03
-1.86575e+00 1.21612e+00 1.91735e-03
-1.92845e+00 1.27211e+00 1.93346e-03
-1.99137e+00 1.32944e+00 1.94936e-03
-2.05453e+00 1.38810e+00 1.96509e-03
-2.11794e+00 1.44810e+00 1.98064e-03
-2.18164e+00 1.50946e+00 1.99604e-03
-2.24563e+00 1.57217e+00 2.01132e-03
-2.30993e+00 1.63626e+00 2.02649e-03
-2.37457e+00 1.70172e+00 2.04158e-03
-2.43957e+00 1.76858e+00 2.05661e-03
-2.50494e+00 1.83684e+00 2.07160e-03
-2.57070e+00 1.90652e+00 2.08659e-03
-2.63688e+00 1.97762e+00 2.10159e-03
-2.70349e+00 2.05017e+00 2.11664e-03
-2.77055e+00 2.12419e+00 2.13177e-03
-2.83808e+00 2.19967e+00 2.14701e-03
-2.90611e+00 2.27665e+00 2.16240e-03
-2.97464e+00 2.35515e+00 2.17796e-03
-3.04372e+00 2.43517e+00 2.19374e-03
-3.11334e+00 2.51674e+00 2.20978e-03
-3.18354e+00 2.59989e+00 2.22613e-03
-3.25433e+00 2.68462e+00 2.24282e-03
-3.32575e+00 2.77098e+00 2.25992e-03
-3.39780e+00 2.85897e+00 2.27747e-03
-3.47051e+00 2.94862e+00 2.29555e-03
-3.54391e+00 3.03997e+00 2.31421e-03
-3.61801e+00 3.13303e+00 2.33354e-03
-3.69285e+00 3.22784e+00 2.35362e-03
-3.76843e+00 3.32441e+00 2.37453e-03
-3.84480e+00 3.42279e+00 2.39639e-03
-3.92197e+00 3.52301e+00 2.41932e-03
-3.99996e+00 3.62509e+00 2.44344e-03
-7.32156e-01 4.58075e-01 1.70578e-03
-7.93305e-01 4.92357e-01 1.71025e-03
-8.54346e-01 5.27965e-01 1.71847e-03
-9.15304e-01 5.64891e-01 1.72928e-03
-9.76203e-01 6.03124e-01 1.74189e-03
-1.03707e+00 6.42657e-01 1.75575e-03
-1.09792e+00 6.83482e-01 1.77046e-03
-1.15879e+00 7.25594e-01 1.78573e-03
-1.21970e+00 7.68988e-01 1.80135e-03
-1.28066e+00 8.13661e-01 1.81716e-03
-1.34170e+00 8.59609e-01 1.83304e-03
-1.40284e+00 9.06830e-01 1.84891e-03
-1.46411e+00 9.55326e-01 1.86470e-03
-1.52552e+00 1.00509e+00 1.88038e-03
-1.58709e+00 1.05614e+00 1.89591e-03
-1.64884e+00 1.10846e+00 1.91126e-03
-1.71080e+00 1.16206e+00 1.92643e-03
-1.77299e+00 1.21694e+00 1.94141e-03
-1.83542e+00 1.27312e+00 1.95620e-03
-1.89811e+00 1.33058e+00 1.97081e-03
-1.96108e+00 1.38935e+00 1.98523e-03
-2.02436e+00 1.44943e+00 1.99948e-03
-2.08796e+00 1.51082e+00 2.01357e-03
-2.15189e+00 1.57353e+00 2.02752e-03
-2.21619e+00 1.63758e+00 2.04135e-03
-2.28087e+00 1.70298e+00 2.05506e-03
-2.34595e+00 1.76973e+00 2.06868e-03
-2.41145e+00 1.83785e+00 2.08223e-03
-2.47738e+00 1.90736e+00 2.09574e-03
-2.54378e+00 1.97825e+00 2.10922e-03
-2.61065e+00 2.05056e+00 2.12271e-03
-2.67802e+00 2.12430e+00 2.13623e-03
-2.74590e+00 2.19947e+00 2.14981e-03
-2.81433e+00 2.27611e+00 2.16349e-03
-2.88331e+00 2.35422e+00 2.17729e-03
-2.95287e+00 2.43383e+00 2.19126e-03
-3.02304e+00 2.51496e+00 2.20544e-03
-3.09382e+00 2.59762e+00 2.21987e-03
-3.16525e+00 2.68184e+00 2.23460e-03
-3.23734e+00 2.76765e+00 2.24968e-03
-3.31013e+00 2.85506e+00 2.26518e-03
-3.38362e+00 2.94409e+00 2.28116e-03
-3.45784e+00 3.03479e+00 2.29769e-03
-3.53282e+00 3.12717e+00 2.31486e-03
-3.60858e+00 3.22125e+00 2.33276e-03
-3.68515e+00 3.31708e+00 2.35151e-03
-3.76254e+00 3.41467e+00 2.37121e-03
-3.84079e+00 3.51407e+00 2.39203e-03
-3.91992e+00 3.61529e+00 2.41412e-03
-3.99996e+00 3.71838e+00 2.43769e-03
-7.13064e-01 4.81919e-01 1.81380e-03
-7.72814e-01 5.18418e-01 1.80735e-03
-8.32540e-01 5.56180e-01 1.80690e-03
-8.92268e-01 5.95195e-01 1.81067e-03
-9.52020e-01 6.35455e-01 1.81745e-03
-1.01182e+00 6.76955e-01 1.82639e-03
-1.07169e+00 7.19689e-01 1.83689e-03
-1.13165e+00 7.63652e-01 1.84850e-03
-1.19173e+00 8.08842e-01 1.86089e-03
-1.25194e+00 8.55256e-01 1.87383e-03
-1.31231e+00 9.02893e-01 1.88713e-03
-1.37285e+00 9.51754e-01 1.90065e-03
-1.43359e+00 1.00184e+00 1.91429e-03
-1.49455e+00 1.05315e+00 1.92796e-03
-1.55574e+00 1.10568e+00 1.94161e-03
-1.61719e+00 1.15945e+00 1.95519e-03
-1.67892e+00 1.21445e+00 1.96868e-03
-1.74094e+00 1.27069e+00 1.98204e-03
-1.80327e+00 1.32818e+00 1.99527e-03
-1.86594e+00 1.38692e+00 2.00836e-03
-1.92896e+00 1.44692e+00 2.02131e-03
-1.99236e+00 1.50819e+00 2.03411e-03
-2.05614e+00 1.57074e+00 2.04676e-03
-2.12033e+00 1.63458e+00 2.05929e-03
-2.18496e+00 1.69971e+00 2.07170e-03
-2.25003e+00 1.76615e+00 2.08399e-03
-2.31557e+00 1.83392e+00 2.09620e-03
-2.38160e+00 1.90302e+00 2.10832e-03
-2.44814e+00 1.97347e+00 2.12039e-03
-2.51520e+00 2.04528e+00 2.13243e-03
-2.58281e+00 2.11847e+00 2.14445e-03
-2.65099e+00 2.19306e+00 2.15648e-03
-2.71976e+00 2.26906e+00 2.16856e-03
-2.78913e+00 2.34649e+00 2.18071e-03
-2.85913e+00 2.42538e+00 2.19297e-03
-2.92979e+00 2.50573e+00 2.20537e-03
-3.00111e+00 2.58757e+00 2.21796e-03
-3.07313e+00 2.67093e+00 2.23078e-03
-3.14587e+00 2.75582e+00 2.24388e-03
-3.21934e+00 2.84227e+00 2.25734e-03
-3.29357e+00 2.93030e+00 2.27120e-03
-3.36859e+00 3.01994e+00 2.28555e-03
-3.44442e+00 3.11121e+00 2.30048e-03
-3.52108e+00 3.20415e+00 2.31608e-03
-3.59860e+00 3.29877e+00 2.33248e-03
-3.67700e+00 3.39512e+00 2.34981e-03
-3.75631e+00 3.49322e+00 2.36825e-03
-3.83655e+00 3.59310e+00 2.38798e-03
-3.91776e+00 3.69480e+00 2.40925e-03
-3.99996e+00 3.79835e+00 2.43236e-03
-6.93674e-01 5.05294e-01 1.93220e-03
-7.51861e-01 5.44040e-01 1.91238e-03
-8.10123e-01 5.83968e-01 1.90147e-03
-8.68481e-01 6.25071e-01 1.89686e-03
-9.26957e-01 6.67343e-01 1.89678e-03
-9.85572e-01 7.10781e-01 1.90000e-03
-1.04435e+00 7.55381e-01 1.90564e-03
-1.10330e+00 8.01140e-01 1.91309e-03
-1.16246e+00 8.48058e-01 1.92185e-03
-1.22184e+00 8.96134e-01 1.93159e-03
-1.28145e+00 9.45367e-01 1.94204e-03
-1.34133e+00 9.95761e-01 1.95300e-03
-1.40149e+00 1.04732e+00 1.96430e-03
-1.46194e+00 1.10004e+00 1.97584e-03
-1.52271e+00 1.15392e+00 1.98751e-03
-1.58381e+00 1.20899e+00 1.99924e-03
-1.64527e+00 1.26523e+00 2.01099e-03
-1.70710e+00 1.32265e+00 2.02270e-03
-1.76933e+00 1.38127e+00 2.03436e-03
-1.83196e+00 1.44109e+00 2.04593e-03
-1.89502e+00 1.50212e+00 2.05741e-03
-1.95853e+00 1.56437e+00 2.06878e-03
-2.02251e+00 1.62784e+00 2.08003e-03
-2.08697e+00 1.69255e+00 2.09118e-03
-2.15193e+00 1.75852e+00 2.10222e-03
-2.21742e+00 1.82575e+00 2.11315e-03
-2.28345e+00 1.89425e+00 2.12399e-03
-2.35004e+00 1.96405e+00 2.13476e-03
-2.41721e+00 2.03515e+00 2.14546e-03
-2.48498e+00 2.10757e+00 2.15610e-03
-2.55338e+00 2.18133e+00 2.16672e-03
-2.62241e+00 2.25645e+00 2.17733e-03
-2.69211e+00 2.33294e+00 2.18796e-03
-2.76249e+00 2.41081e+00 2.19864e-03
-2.83357e+00 2.49010e+00 2.20939e-03
-2.90538e+00 2.57083e+00 2.22026e-03
-2.97794e+00 2.65300e+00 2.23129e-03
-3.05127e+00 2.73665e+00 2.24252e-03
-3.12539e+00 2.82180e+00 2.25400e-03
-3.20032e+00 2.90848e+00 2.26581e-03
-3.27609e+00 2.99670e+00 2.27800e-03
-3.35273e+00 3.08649e+00 2.29068e-03
-3.43025e+00 3.17789e+00 2.30393e-03
-3.50869e+00 3.27091e+00 2.31788e-03
-3.58806e+00 3.36560e+00 2.33268e-03
-3.66840e+00 3.46197e+00 2.34850e-03
-3.74974e+00 3.56006e+00 2.36556e-03
-3.83209e+00 3.65991e+00 2.38416e-03
-3.91548e+00 3.76154e+00 2.40463e-03
-3.99996e+00 3.86499e+00 2.42745e-03
-6.74014e-01 5.28158e-01 2.06150e-03
-7.30478e-01 5.69177e-01 2.02556e-03
-7.87124e-01 6.11283e-01 2.00225e-03
-8.43972e-01 6.54472e-01 1.98781e-03
-9.01042e-01 6.98741e-01 1.97978e-03
-9.58353e-01 7.44088e-01 1.97643e-03
-1.01592e+00 7.90511e-01 1.97657e-03
-1.07377e+00 8.38011e-01 1.97932e-03
-1.13191e+00 8.86589e-01 1.98405e-03
-1.19037e+00 9.36245e-01 1.99026e-03
-1.24916e+00 9.86983e-01 1.99759e-03
-1.30830e+00 1.03880e+00 2.00576e-03
-1.36781e+00 1.09172e+00 2.01457e-03
-1.42771e+00 1.14572e+00 2.02383e-03
-1.48801e+00 1.20082e+00 2.03342e-03
-1.54873e+00 1.25703e+00 2.04323e-03
-1.60989e+00 1.31435e+00 2.05319e-03
-1.67151e+00 1.37278e+00 2.06322e-03
-1.73360e+00 1.43235e+00 2.07329e-03
-1.79618e+00 1.49305e+00 2.08335e-03
-1.85927e+00 1.55490e+00 2.09337e-03
-1.92290e+00 1.61790e+00 2.10334e-03
-1.98707e+00 1.68208e+00 2.11323e-03
-2.05180e+00 1.74743e+00 2.12305e-03
-2.11712e+00 1.81398e+00 2.13277e-03
-2.18304e+00 1.88173e+00 2.14241e-03
-2.24958e+00 1.95071e+00 2.15196e-03
-2.31676e+00 2.02092e+00 2.16144e-03
-2.38460e+00 2.09238e+00 2.17084e-03
-2.45312e+00 2.16511e+00 2.18018e-03
-2.52234e+00 2.23912e+00 2.18947e-03
-2.59229e+00 2.31444e+00 2.19874e-03
-2.66297e+00 2.39108e+00 2.20800e-03
-2.73441e+00 2.46905e+00 2.21727e-03
-2.80663e+00 2.54839e+00 2.22659e-03
-2.87967e+00 2.62911e+00 2.23598e-03
-2.95352e+00 2.71124e+00 2.24549e-03
-3.02823e+00 2.79479e+00 2.25515e-03
-3.10381e+00 2.87979e+00 2.26502e-03
-3.18029e+00 2.96627e+00 2.27517e-03
-3.25768e+00 3.05425e+00 2.28567e-03
-3.33602e+00 3.14375e+00 2.29661e-03
-3.41534e+00 3.23481e+00 2.30810e-03
-3.49565e+00 3.32746e+00 2.32028e-03
-3.57698e+00 3.42171e+00 2.33334e-03
-3.65936e+00 3.51762e+00 2.34750e-03
-3.74282e+00 3.61519e+00 2.36305e-03
-3.82739e+00 3.71448e+00 2.38041e-03
-3.91309e+00 3.81550e+00 2.40011e-03
-3.99996e+00 3.91831e+00 2.42294e-03
-6.54118e-01 5.50467e-01 2.20222e-03
-7.08696e-01 5.93785e-01 2.14711e-03
-7.63576e-01 6.38080e-01 2.10926e-03
-8.18775e-01 6.83352e-01 2.08347e-03
-8.74308e-01 7.29601e-01 2.06634e-03
-9.30193e-01 7.76827e-01 2.05555e-03
-9.86446e-01 8.25031e-01 2.04951e-03
-1.04308e+00 8.74217e-01 2.04704e-03
-1.10012e+00 9.24387e-01 2.04730e-03
-1.15758e+00 9.75544e-01 2.04964e-03
-1.21546e+00 1.02769e+00 2.05359e-03
-1.27380e+00 1.08084e+00 2.05878e-03
-1.33260e+00 1.13499e+00 2.06491e-03
-1.39188e+00 1.19015e+00 2.07178e-03
-1.45167e+00 1.24633e+00 2.07919e-03
-1.51196e+00 1.30353e+00 2.08701e-03
-1.57279e+00 1.36177e+00 2.09513e-03
-1.63416e+00 1.42104e+00 2.10346e-03
-1.69610e+00 1.48137e+00 2.11193e-03
-1.75862e+00 1.54276e+00 2.12048e-03
-1.82173e+00 1.60523e+00 2.12907e-03
-1.88547e+00 1.66878e+00 2.13767e-03
-1.94983e+00 1.73343e+00 2.14625e-03
-2.01485e+00 1.79919e+00 2.15479e-03
-2.08053e+00 1.86607e+00 2.16327e-03
-2.14690e+00 1.93409e+00 2.17168e-03
-2.21398e+00 2.00326e+00 2.18002e-03
-2.28178e+00 2.07361e+00 2.18829e-03
-2.35032e+00 2.14514e+00 2.19649e-03
-2.41963e+00 2.21787e+00 2.20462e-03
-2.48972e+00 2.29182e+00 2.21268e-03
-2.56061e+00 2.36702e+00 2.22070e-03
-2.63233e+00 2.44347e+00 2.22868e-03
-2.70489e+00 2.52120e+00 2.23664e-03
-2.77832e+00 2.60023e+00 2.24461e-03
-2.85264e+00 2.68057e+00 2.25260e-03
-2.92786e+00 2.76227e+00 2.26065e-03
-3.00402e+00 2.84533e+00 2.26880e-03
-3.08114e+00 2.92977e+00 2.27709e-03
-3.15924e+00 3.01564e+00 2.28559e-03
-3.23834e+00 3.10294e+00 2.29436e-03
-3.31848e+00 3.19172e+00 2.30350e-03
-3.39967e+00 3.28199e+00 2.31312e-03
-3.48195e+00 3.37378e+00 2.32338e-03
-3.56534e+00 3.46713e+00 2.33449e-03
-3.64987e+00 3.56206e+00 2.34673e-03
-3.73556e+00 3.65861e+00 2.36051e-03
-3.82246e+00 3.75681e+00 2.37642e-03
-3.91058e+00 3.85669e+00 2.39537e-03
-3.99996e+00 3.95829e+00 2.41882e-03
-6.34018e-01 5.72180e-01 2.35480e-03
-6.86550e-01 6.17820e-01 2.27718e-03
-7.39514e-01 6.64315e-01 2.22252e-03
-7.92922e-01 7.11666e-01 2.18375e-03
-8.46788e-01 7.59878e-01 2.15633e-03
-9.01127e-01 8.08953e-01 2.13722e-03
-9.55951e-01 8.58896e-01 2.12430e-03
-1.01128e+00 9.09712e-01 2.11608e-03
-1.06711e+00 9.61406e-01 2.11145e-03
-1.12348e+00 1.01399e+00 2.10959e-03
-1.18038e+00 1.06746e+00 2.10990e-03
-1.23784e+00 1.12183e+00 2.11189e-03
-1.29587e+00 1.17710e+00 2.11520e-03
-1.35449e+00 1.23329e+00 2.11953e-03
-1.41370e+00 1.29041e+00 2.12468e-03
-1.47353e+00 1.34846e+00 2.13044e-03
-1.53399e+00 1.40745e+00 2.13668e-03
-1.59509e+00 1.46740e+00 2.14328e-03
-1.65685e+00 1.52831e+00 2.15015e-03
-1.71929e+00 1.59020e+00 2.15721e-03
-1.78242e+00 1.65308e+00 2.16441e-03
-1.84626e+00 1.71696e+00 2.17168e-03
-1.91082e+00 1.78186e+00 2.17899e-03
-1.97612e+00 1.84778e+00 2.18632e-03
-2.04218e+00 1.91476e+00 2.19362e-03
-2.10902e+00 1.98279e+00 2.20090e-03
-2.17666e+00 2.05190e+00 2.20812e-03
-2.24510e+00 2.12210e+00 2.21528e-03
-2.31438e+00 2.19341e+00 2.22238e-03
-2.38451e+00 2.26584e+00 2.22941e-03
-2.45551e+00 2.33942e+00 2.23636e-03
-2.52740e+00 2.41417e+00 2.24325e-03
-2.60021e+00 2.49010e+00 2.25008e-03
-2.67394e+00 2.56724e+00 2.25685e-03
-2.74863e+00 2.64560e+00 2.26357e-03
-2.82430e+00 2.72521e+00 2.27028e-03
-2.90096e+00 2.80608e+00 2.27697e-03
-2.97865e+00 2.88826e+00 2.28369e-03
-3.05738e+00 2.97175e+00 2.29047e-03
-3.13718e+00 3.05658e+00 2.29734e-03
-3.21808e+00 3.14279e+00 2.30438e-03
-3.30010e+00 3.23038e+00 2.31165e-03
-3.38326e+00 3.31941e+00 2.31926e-03
-3.46761e+00 3.40988e+00 2.32737e-03
-3.55315e+00 3.50184e+00 2.33620e-03
-3.63993e+00 3.59531e+00 2.34606e-03
-3.72796e+00 3.69032e+00 2.35750e-03
-3.81729e+00 3.78691e+00 2.37141e-03
-3.90795e+00 3.88511e+00 2.38944e-03
-3.99995e+00 3.98495e+00 2.41506e-03
-6.13747e-01 5.93259e-01 2.51963e-03
-6.64074e-01 6.41243e-01 2.41587e-03
-7.14971e-01 6.89945e-01 2.34197e-03
-7.66450e-01 7.39371e-01 2.28853e-03
-8.18520e-01 7.89527e-01 2.24961e-03
-8.71191e-01 8.40420e-01 2.22126e-03
-9.24475e-01 8.92059e-01 2.20078e-03
-9.78382e-01 9.44451e-01 2.18627e-03
-1.03292e+00 9.97603e-01 2.17634e-03
-1.08811e+00 1.05153e+00 2.16997e-03
-1.14395e+00 1.10623e+00 2.16637e-03
-1.20047e+00 1.16172e+00 2.16496e-03
-1.25766e+00 1.21801e+00 2.16529e-03
-1.31555e+00 1.27510e+00 2.16698e-03
-1.37415e+00 1.33302e+00 2.16977e-03
-1.43347e+00 1.39177e+00 2.17342e-03
-1.49352e+00 1.45136e+00 2.17774e-03
-1.55432e+00 1.51181e+00 2.18260e-03
-1.61588e+00 1.57313e+00 2.18787e-03
-1.67822e+00 1.63533e+00 2.19346e-03
-1.74135e+00 1.69842e+00 2.19928e-03
-1.80528e+00 1.76242e+00 2.20528e-03
-1.87004e+00 1.82734e+00 2.21139e-03
-1.93564e+00 1.89321e+00 2.21757e-03
-2.00209e+00 1.96003e+00 2.22380e-03
-2.06941e+00 2.02781e+00 2.23002e-03
-2.13762e+00 2.09659e+00 2.23624e-03
-2.20674e+00 2.16637e+00 2.24241e-03
-2.27679e+00 2.23717e+00 2.24854e-03
-2.34778e+00 2.30901e+00 2.25460e-03
-2.41973e+00 2.38191e+00 2.26058e-03
-2.49266e+00 2.45589e+00 2.26649e-03
-2.56660e+00 2.53096e+00 2.27232e-03
-2.64157e+00 2.60716e+00 2.27806e-03
-2.71758e+00 2.68450e+00 2.28372e-03
-2.79465e+00 2.76300e+00 2.28930e-03
-2.87282e+00 2.84268e+00 2.29480e-03
-2.95211e+00 2.92358e+00 2.30023e-03
-3.03253e+00 3.00571e+00 2.30562e-03
-3.11411e+00 3.08909e+00 2.31096e-03
-3.19689e+00 3.17377e+00 2.31630e-03
-3.28088e+00 3.25975e+00 2.32166e-03
-3.36611e+00 3.34707e+00 2.32711e-03
-3.45261e+00 3.43576e+00 2.33273e-03
-3.54041e+00 3.52584e+00 2.33866e-03
-3.62954e+00 3.61735e+00 2.34516e-03
-3.72002e+00 3.71032e+00 2.35271e-03
-3.81190e+00 3.80477e+00 2.36242e-03
-3.90520e+00 3.90075e+00 2.37744e-03
-3.99995e+00 3.99828e+00 2.41165e-03
-5.93269e-01 6.13737e-01 2.70182e-03
-6.41254e-01 6.64063e-01 2.57316e-03
-6.89957e-01 7.14959e-01 2.48004e-03
-7.39384e-01 7.66437e-01 2.41134e-03
-7.89541e-01 8.18506e-01 2.36003e-03
-8.40436e-01 8.71176e-01 2.32146e-03
-8.92075e-01 9.24459e-01 2.29241e-03
-9.44467e-01 9.78365e-01 2.27062e-03
-9.97621e-01 1.03291e+00 2.25445e-03
-1.05154e+00 1.08809e+00 2.24267e-03
-1.10625e+00 1.14394e+00 2.23436e-03
-1.16174e+00 1.20045e+00 2.22881e-03
-1.21803e+00 1.25765e+00 2.22548e-03
-1.27512e+00 1.31554e+00 2.22392e-03
-1.33304e+00 1.37413e+00 2.22381e-03
-1.39179e+00 1.43345e+00 2.22485e-03
-1.45139e+00 1.49350e+00 2.22684e-03
-1.51183e+00 1.55430e+00 2.22959e-03
-1.57315e+00 1.61586e+00 2.23296e-03
-1.63535e+00 1.67820e+00 2.23682e-03
-1.69844e+00 1.74133e+00 2.24107e-03
-1.76244e+00 1.80526e+00 2.24564e-03
-1.82737e+00 1.87002e+00 2.25045e-03
-1.89323e+00 1.93562e+00 2.25545e-03
-1.96005e+00 2.00207e+00 2.26060e-03
-2.02783e+00 2.06939e+00 2.26585e-03
-2.09661e+00 2.13760e+00 2.27117e-03
-2.16639e+00 2.20672e+00 2.27654e-03
-2.23719e+00 2.27677e+00 2.28194e-03
-2.30903e+00 2.34776e+00 2.28735e-03
-2.38193e+00 2.41971e+00 2.29276e-03
-2.45591e+00 2.49265e+00 2.29816e-03
-2.53098e+00 2.56659e+00 2.30354e-03
-2.60718e+00 2.64155e+00 2.30891e-03
-2.68451e+00 2.71756e+00 2.31427e-03
-2.76301e+00 2.79464e+00 2.31962e-03
-2.84270e+00 2.87281e+00 2.32497e-03
-2.92359e+00 2.95209e+00 2.33035e-03
-3.00572e+00 3.03252e+00 2.33577e-03
-3.08911e+00 3.11410e+00 2.34127e-03
-3.17378e+00 3.19688e+00 2.34690e-03
-3.25976e+00 3.28087e+00 2.35274e-03
-3.34708e+00 3.36610e+00 2.35889e-03
-3.43577e+00 3.45260e+00 2.36552e-03
-3.52585e+00 3.54040e+00 2.37294e-03
-3.61736e+00 3.62953e+00 2.38163e-03
-3.71032e+00 3.72002e+00 2.39260e-03
-3.80478e+00 3.81190e+00 2.40808e-03
-3.90075e+00 3.90520e+00 2.43446e-03
-3.99829e+00 3.99995e+00 2.49994e-03
-5.72191e-01 6.34008e-01 2.89425e-03
-6.17832e-01 6.86539e-01 2.74535e-03
-6.64328e-01 7.39502e-01 2.63506e-03
-7.11680e-01 7.92909e-01 2.55176e-03
-7.59892e-01 8.46775e-01 2.48796e-03
-8.08968e-01 9.01113e-01 2.43863e-03
-8.58912e-01 9.55936e-01 2.40025e-03
-9.09729e-01 1.01126e+00 2.37032e-03
-9.61424e-01 1.06710e+00 2.34700e-03
-1.01400e+00 1.12346e+00 2.32890e-03
-1.06748e+00 1.18036e+00 2.31499e-03
-1.12185e+00 1.23783e+00 2.30446e-03
-1.17712e+00 1.29586e+00 2.29666e-03
-1.23331e+00 1.35447e+00 2.29110e-03
-1.29043e+00 1.41368e+00 2.28738e-03
-1.34848e+00 1.47351e+00 2.28517e-03
-1.40747e+00 1.53397e+00 2.28422e-03
-1.46742e+00 1.59507e+00 2.28430e-03
-1.52833e+00 1.65683e+00 2.28525e-03
-1.59022e+00 1.71927e+00 2.28692e-03
-1.65310e+00 1.78240e+00 2.28918e-03
-1.71698e+00 1.84624e+00 2.29194e-03
-1.78188e+00 1.91080e+00 2.29511e-03
-1.84781e+00 1.97610e+00 2.29862e-03
-1.91478e+00 2.04216e+00 2.30243e-03
-1.98281e+00 2.10900e+00 2.30647e-03
-2.05192e+00 2.17664e+00 2.31071e-03
-2.12212e+00 2.24509e+00 2.31511e-03
-2.19343e+00 2.31436e+00 2.31966e-03
-2.26587e+00 2.38450e+00 2.32433e-03
-2.33945e+00 2.45550e+00 2.32911e-03
-2.41419e+00 2.52739e+00 2.33399e-03
-2.49012e+00 2.60019e+00 2.33895e-03
-2.56726e+00 2.67393e+00 2.34401e-03
-2.64562e+00 2.74862e+00 2.34916e-03
-2.72523e+00 2.82428e+00 2.35442e-03
-2.80610e+00 2.90095e+00 2.35981e-03
-2.88828e+00 2.97863e+00 2.36534e-03
-2.97177e+00 3.05737e+00 2.37105e-03
-3.05660e+00 3.13717e+00 2.37699e-03
-3.14280e+00 3.21807e+00 2.38323e-03
-3.23040e+00 3.30009e+00 2.38984e-03
-3.31942e+00 3.38326e+00 2.39696e-03
-3.40990e+00 3.46760e+00 2.40476e-03
-3.50185e+00 3.55314e+00 2.41350e-03
-3.59532e+00 3.63992e+00 2.42357e-03
-3.69033e+00 3.72796e+00 2.43560e-03
-3.78692e+00 3.81729e+00 2.45066e-03
-3.88512e+00 3.90794e+00 2.47074e-03
-3.98496e+00 3.99995e+00 2.49998e-03
-5.50478e-01 6.54108e-01 3.08857e-03
-5.93797e-01 7.08686e-01 2.92030e-03
-6.38093e-01 7.63565e-01 2.79321e-03
-6.83366e-01 8.18762e-01 2.69538e-03
-7.29616e-01 8.74295e-01 2.61899e-03
-7.76843e-01 9.30179e-01 2.55869e-03
-8.25048e-01 9.86431e-01 2.51072e-03
-8.74235e-01 1.04307e+00 2.47236e-03
-9.24405e-01 1.10010e+00 2.44158e-03
-9.75563e-01 1.15756e+00 2.41687e-03
-1.02771e+00 1.21545e+00 2.39706e-03
-1.08086e+00 1.27378e+00 2.38124e-03
-1.13501e+00 1.33258e+00 2.36870e-03
-1.19017e+00 1.39187e+00 2.35886e-03
-1.24635e+00 1.45165e+00 2.35127e-03
-1.30355e+00 1.51194e+00 2.34556e-03
-1.36179e+00 1.57277e+00 2.34141e-03
-1.42107e+00 1.63414e+00 2.33859e-03
-1.48140e+00 1.69608e+00 2.33689e-03
-1.54279e+00 1.75860e+00 2.33613e-03
-1.60525e+00 1.82171e+00 2.33617e-03
-1.66880e+00 1.88545e+00 2.33690e-03
-1.73345e+00 1.94981e+00 2.33820e-03
-1.79921e+00 2.01483e+00 2.34001e-03
-1.86609e+00 2.08051e+00 2.34224e-03
-1.93411e+00 2.14688e+00 2.34483e-03
-2.00329e+00 2.21396e+00 2.34775e-03
-2.07363e+00 2.28176e+00 2.35094e-03
-2.14516e+00 2.35031e+00 2.35437e-03
-2.21790e+00 2.41961e+00 2.35802e-03
-2.29185e+00 2.48970e+00 2.36186e-03
-2.36704e+00 2.56060e+00 2.36588e-03
-2.44349e+00 2.63232e+00 2.37006e-03
-2.52122e+00 2.70488e+00 2.37441e-03
-2.60025e+00 2.77831e+00 2.37892e-03
-2.68060e+00 2.85262e+00 2.38360e-03
-2.76229e+00 2.92785e+00 2.38845e-03
-2.84535e+00 3.00401e+00 2.39349e-03
-2.92980e+00 3.08113e+00 2.39876e-03
-3.01566e+00 3.15923e+00 2.40427e-03
-3.10297e+00 3.23833e+00 2.41008e-03
-3.19174e+00 3.31847e+00 2.41626e-03
-3.28201e+00 3.39967e+00 2.42288e-03
-3.37380e+00 3.48194e+00 2.43005e-03
-3.46715e+00 3.56533e+00 2.43793e-03
-3.56208e+00 3.64986e+00 2.44672e-03
-3.65863e+00 3.73556e+00 2.45674e-03
-3.75683e+00 3.82245e+00 2.46843e-03
-3.85671e+00 3.91057e+00 2.48248e-03
-3.95831e+00 3.99996e+00 2.49999e-03
-5.28169e-01 6.74005e-01 3.28362e-03
-5.69189e-01 7.30467e-01 3.09702e-03
-6.11296e-01 7.87113e-01 2.95366e-03
-6.54486e-01 8.43960e-01 2.84152e-03
-6.98756e-01 9.01029e-01 2.75255e-03
-7.44104e-01 9.58339e-01 2.68118e-03
-7.90528e-01 1.01591e+00 2.62345e-03
-8.38029e-01 1.07376e+00 2.57644e-03
-8.86607e-01 1.13190e+00 2.53797e-03
-9.36265e-01 1.19036e+00 2.50639e-03
-9.87003e-01 1.24915e+00 2.48043e-03
-1.03883e+00 1.30829e+00 2.45907e-03
-1.09174e+00 1.36780e+00 2.44154e-03
-1.14574e+00 1.42769e+00 2.42718e-03
-1.20084e+00 1.48799e+00 2.41548e-03
-1.25705e+00 1.54871e+00 2.40604e-03
-1.31437e+00 1.60987e+00 2.39848e-03
-1.37281e+00 1.67149e+00 2.39255e-03
-1.43237e+00 1.73358e+00 2.38799e-03
-1.49307e+00 1.79616e+00 2.38460e-03
-1.55492e+00 1.85926e+00 2.38223e-03
-1.61793e+00 1.92288e+00 2.38073e-03
-1.68210e+00 1.98705e+00 2.37998e-03
-1.74746e+00 2.05178e+00 2.37988e-03
-1.81401e+00 2.11710e+00 2.38035e-03
-1.88176e+00 2.18302e+00 2.38132e-03
-1.95074e+00 2.24956e+00 2.38271e-03
-2.02095e+00 2.31674e+00 2.38449e-03
-2.09241e+00 2.38459e+00 2.38661e-03
-2.16514e+00 2.45311e+00 2.38902e-03
-2.23915e+00 2.52233e+00 2.39172e-03
-2.31447e+00 2.59227e+00 2.39466e-03
-2.39110e+00 2.66295e+00 2.39783e-03
-2.46908e+00 2.73440e+00 2.40121e-03
-2.54842e+00 2.80662e+00 2.40481e-03
-2.62914e+00 2.87965e+00 2.40861e-03
-2.71126e+00 2.95351e+00 2.41262e-03
-2.79482e+00 3.02822e+00 2.41684e-03
-2.87982e+00 3.10380e+00 2.42129e-03
-2.96630e+00 3.18028e+00 2.42598e-03
-3.05427e+00 3.25767e+00 2.43094e-03
-3.14378e+00 3.33602e+00 2.43621e-03
-3.23484e+00 3.41533e+00 2.44183e-03
-3.32748e+00 3.49564e+00 2.44786e-03
-3.42174e+00 3.57697e+00 2.45440e-03
-3.51764e+00 3.65936e+00 2.46154e-03
-3.61522e+00 3.74282e+00 2.46943e-03
-3.71450e+00 3.82738e+00 2.47827e-03
-3.81553e+00 3.91309e+00 2.48833e-03
-3.91833e+00 3.99996e+00 2.49999e-03
-5.05305e-01 6.93664e-01 3.47841e-03
-5.44053e-01 7.51851e-01 3.27462e-03
-5.83981e-01 8.10111e-01 3.11564e-03
-6.25085e-01 8.68469e-01 2.98952e-03
-6.67359e-01 9.26944e-01 2.88810e-03
-7.10798e-01 9.85559e-01 2.80567e-03
-7.55398e-01 1.04433e+00 2.73807e-03
-8.01159e-01 1.10329e+00 2.68226e-03
-8.48077e-01 1.16245e+00 2.63591e-03
-8.96153e-01 1.22182e+00 2.59726e-03
-9.45388e-01 1.28144e+00 2.56493e-03
-9.95782e-01 1.34131e+00 2.53783e-03
-1.04734e+00 1.40147e+00 2.51508e-03
-1.10006e+00 1.46192e+00 2.49599e-03
-1.15395e+00 1.52269e+00 2.47999e-03
-1.20901e+00 1.58380e+00 2.46661e-03
-1.26525e+00 1.64526e+00 2.45546e-03
-1.32268e+00 1.70709e+00 2.44622e-03
-1.38130e+00 1.76931e+00 2.43862e-03
-1.44112e+00 1.83194e+00 2.43244e-03
-1.50215e+00 1.89500e+00 2.42748e-03
-1.56439e+00 1.95851e+00 2.42359e-03
-1.62787e+00 2.02249e+00 2.42063e-03
-1.69258e+00 2.08695e+00 2.41847e-03
-1.75855e+00 2.15191e+00 2.41702e-03
-1.82578e+00 2.21740e+00 2.41620e-03
-1.89428e+00 2.28343e+00 2.41593e-03
-1.96408e+00 2.35002e+00 2.41615e-03
-2.03518e+00 2.41719e+00 2.41680e-03
-2.10760e+00 2.48497e+00 2.41783e-03
-2.18136e+00 2.55336e+00 2.41922e-03
-2.25648e+00 2.62240e+00 2.42093e-03
-2.33297e+00 2.69210e+00 2.42292e-03
-2.41084e+00 2.76248e+00 2.42519e-03
-2.49014e+00 2.83356e+00 2.42771e-03
-2.57086e+00 2.90537e+00 2.43047e-03
-2.65303e+00 2.97793e+00 2.43346e-03
-2.73668e+00 3.05126e+00 2.43668e-03
-2.82183e+00 3.12537e+00 2.44013e-03
-2.90851e+00 3.20031e+00 2.44381e-03
-2.99673e+00 3.27608e+00 2.44774e-03
-3.08652e+00 3.35272e+00 2.45194e-03
-3.17792e+00 3.43025e+00 2.45642e-03
-3.27094e+00 3.50868e+00 2.46121e-03
-3.36563e+00 3.58806e+00 2.46637e-03
-3.46200e+00 3.66840e+00 2.47193e-03
-3.56009e+00 3.74973e+00 2.47797e-03
-3.65994e+00 3.83208e+00 2.48458e-03
-3.76157e+00 3.91548e+00 2.49187e-03
-3.86502e+00 3.99996e+00 2.50000e-03
-4.81930e-01 7.13055e-01 3.67212e-03
-5.18431e-01 7.72803e-01 3.45235e-03
-5.56194e-01 8.32529e-01 3.27850e-03
-5.95209e-01 8.92256e-01 3.13882e-03
-6.35471e-01 9.52008e-01 3.02516e-03
-6.76972e-01 1.01181e+00 2.93172e-03
-7.19706e-01 1.07168e+00 2.85423e-03
-7.63671e-01 1.13164e+00 2.78952e-03
-8.08861e-01 1.19172e+00 2.73517e-03
-8.55276e-01 1.25193e+00 2.68929e-03
-9.02914e-01 1.31229e+00 2.65041e-03
-9.51775e-01 1.37284e+00 2.61738e-03
-1.00186e+00 1.43358e+00 2.58924e-03
-1.05317e+00 1.49453e+00 2.56523e-03
-1.10571e+00 1.55573e+00 2.54474e-03
-1.15947e+00 1.61718e+00 2.52725e-03
-1.21448e+00 1.67890e+00 2.51233e-03
-1.27072e+00 1.74092e+00 2.49962e-03
-1.32821e+00 1.80326e+00 2.48883e-03
-1.38695e+00 1.86592e+00 2.47969e-03
-1.44695e+00 1.92895e+00 2.47201e-03
-1.50822e+00 1.99234e+00 2.46559e-03
-1.57077e+00 2.05612e+00 2.46027e-03
-1.63461e+00 2.12032e+00 2.45592e-03
-1.69974e+00 2.18494e+00 2.45244e-03
-1.76618e+00 2.25002e+00 2.44971e-03
-1.83395e+00 2.31556e+00 2.44765e-03
-1.90305e+00 2.38159e+00 2.44618e-03
-1.97350e+00 2.44812e+00 2.44525e-03
-2.04531e+00 2.51519e+00 2.44480e-03
-2.11850e+00 2.58280e+00 2.44477e-03
-2.19309e+00 2.65098e+00 2.44514e-03
-2.26909e+00 2.71974e+00 2.44586e-03
-2.34653e+00 2.78912e+00 2.44690e-03
-2.42541e+00 2.85912e+00 2.44824e-03
-2.50576e+00 2.92978e+00 2.44985e-03
-2.58761e+00 3.00110e+00 2.45174e-03
-2.67096e+00 3.07312e+00 2.45387e-03
-2.75585e+00 3.14586e+00 2.45624e-03
-2.84230e+00 3.21933e+00 2.45884e-03
-2.93033e+00 3.29357e+00 2.46169e-03
-3.01997e+00 3.36859e+00 2.46477e-03
-3.11125e+00 3.44441e+00 2.46809e-03
-3.20418e+00 3.52107e+00 2.47168e-03
-3.29881e+00 3.59859e+00 2.47553e-03
-3.39516e+00 3.67700e+00 2.47968e-03
-3.49326e+00 3.75631e+00 2.48416e-03
-3.59314e+00 3.83655e+00 2.48901e-03
-3.69484e+00 3.91776e+00 2.49426e-03
-3.79839e+00 3.99996e+00 2.50000e-03
-4.58087e-01 7.32147e-01 3.86407e-03
-4.92369e-01 7.93295e-01 3.62954e-03
-5.27979e-01 8.54335e-01 3.44162e-03
-5.64906e-01 9.15292e-01 3.28888e-03
-6.03140e-01 9.76191e-01 3.16326e-03
-6.42674e-01 1.03706e+00 3.05894e-03
-6.83500e-01 1.09791e+00 2.97159e-03
-7.25613e-01 1.15878e+00 2.89794e-03
-7.69008e-01 1.21968e+00 2.83547e-03
-8.13681e-01 1.28064e+00 2.78224e-03
-8.59630e-01 1.34169e+00 2.73669e-03
-9.06853e-01 1.40283e+00 2.69757e-03
-9.55349e-01 1.46409e+00 2.66388e-03
-1.00512e+00 1.52550e+00 2.63480e-03
-1.05616e+00 1.58707e+00 2.60967e-03
-1.10848e+00 1.64883e+00 2.58791e-03
-1.16209e+00 1.71079e+00 2.56907e-03
-1.21697e+00 1.77297e+00 2.55275e-03
-1.27314e+00 1.83540e+00 2.53862e-03
-1.33061e+00 1.89809e+00 2.52641e-03
-1.38938e+00 1.96107e+00 2.51586e-03
-1.44946e+00 2.02434e+00 2.50679e-03
-1.51085e+00 2.08794e+00 2.49900e-03
-1.57356e+00 2.15188e+00 2.49236e-03
-1.63762e+00 2.21618e+00 2.48672e-03
-1.70301e+00 2.28086e+00 2.48198e-03
-1.76976e+00 2.34594e+00 2.47804e-03
-1.83789e+00 2.41143e+00 2.47481e-03
-1.90739e+00 2.47737e+00 2.47221e-03
-1.97829e+00 2.54376e+00 2.47018e-03
-2.05060e+00 2.61063e+00 2.46867e-03
-2.12433e+00 2.67800e+00 2.46762e-03
-2.19951e+00 2.74589e+00 2.46699e-03
-2.27614e+00 2.81432e+00 2.46674e-03
-2.35426e+00 2.88330e+00 2.46684e-03
-2.43387e+00 2.95286e+00 2.46727e-03
-2.51499e+00 3.02303e+00 2.46799e-03
-2.59766e+00 3.09381e+00 2.46899e-03
-2.68188e+00 3.16524e+00 2.47026e-03
-2.76768e+00 3.23734e+00 2.47177e-03
-2.85509e+00 3.31012e+00 2.47352e-03
-2.94413e+00 3.38361e+00 2.47551e-03
-3.03483e+00 3.45783e+00 2.47772e-03
-3.12721e+00 3.53282e+00 2.48016e-03
-3.22129e+00 3.60858e+00 2.48283e-03
-3.31712e+00 3.68514e+00 2.48574e-03
-3.41471e+00 3.76254e+00 2.48890e-03
-3.51411e+00 3.84079e+00 2.49231e-03
-3.61533e+00 3.91992e+00 2.49600e-03
-3.71843e+00 3.99996e+00 2.50000e-03
-4.33821e-01 7.50910e-01 4.05369e-03
-4.65914e-01 8.13298e-01 3.80564e-03
-4.99386e-01 8.75502e-01 3.60448e-03
-5.34223e-01 9.37551e-01 3.43921e-03
-5.70415e-01 9.99468e-01 3.30196e-03
-6.07954e-01 1.06128e+00 3.18693e-03
-6.46830e-01 1.12301e+00 3.08979e-03
-6.87036e-01 1.18469e+00 3.00719e-03
-7.28567e-01 1.24633e+00 2.93658e-03
-7.71417e-01 1.30796e+00 2.87590e-03
-8.15583e-01 1.36960e+00 2.82356e-03
-8.61062e-01 1.43127e+00 2.77823e-03
-9.07853e-01 1.49300e+00 2.73886e-03
-9.55953e-01 1.55481e+00 2.70458e-03
-1.00536e+00 1.61672e+00 2.67466e-03
-1.05609e+00 1.67874e+00 2.64850e-03
-1.10812e+00 1.74091e+00 2.62561e-03
-1.16147e+00 1.80323e+00 2.60556e-03
-1.21615e+00 1.86573e+00 2.58798e-03
-1.27214e+00 1.92843e+00 2.57256e-03
-1.32947e+00 1.99135e+00 2.55905e-03
-1.38813e+00 2.05451e+00 2.54722e-03
-1.44813e+00 2.11793e+00 2.53687e-03
-1.50949e+00 2.18162e+00 2.52784e-03
-1.57221e+00 2.24561e+00 2.51997e-03
-1.63629e+00 2.30992e+00 2.51314e-03
-1.70176e+00 2.37456e+00 2.50724e-03
-1.76862e+00 2.43956e+00 2.50217e-03
-1.83688e+00 2.50493e+00 2.49784e-03
-1.90655e+00 2.57069e+00 2.49418e-03
-1.97766e+00 2.63687e+00 2.49113e-03
-2.05021e+00 2.70347e+00 2.48861e-03
-2.12422e+00 2.77054e+00 2.48659e-03
-2.19971e+00 2.83807e+00 2.48502e-03
-2.27669e+00 2.90610e+00 2.48385e-03
-2.35519e+00 2.97463e+00 2.48306e-03
-2.43521e+00 3.04371e+00 2.48261e-03
-2.51678e+00 3.11333e+00 2.48248e-03
-2.59993e+00 3.18353e+00 2.48264e-03
-2.68467e+00 3.25433e+00 2.48307e-03
-2.77102e+00 3.32574e+00 2.48376e-03
-2.85901e+00 3.39779e+00 2.48469e-03
-2.94867e+00 3.47051e+00 2.48585e-03
-3.04001e+00 3.54390e+00 2.48723e-03
-3.13308e+00 3.61801e+00 2.48883e-03
-3.22788e+00 3.69284e+00 2.49064e-03
-3.32446e+00 3.76843e+00 2.49266e-03
-3.42284e+00 3.84480e+00 2.49489e-03
-3.52306e+00 3.92196e+00 2.49733e-03
-3.62514e+00 3.99996e+00 2.50000e-03
-4.09178e-01 7.69316e-01 4.24056e-03
-4.39113e-01 8.32784e-01 3.98018e-03
-4.70461e-01 8.96005e-01 3.76661e-03
-5.03209e-01 9.59007e-01 3.58938e-03
-5.37346e-01 1.02182e+00 3.44085e-03
-5.72861e-01 1.08446e+00 3.31533e-03
-6.09744e-01 1.14696e+00 3.20849e-03
-6.47989e-01 1.20934e+00 3.11699e-03
-6.87588e-01 1.27162e+00 3.03819e-03
-7.28534e-01 1.33384e+00 2.97002e-03
-7.70824e-01 1.39601e+00 2.91079e-03
-8.14454e-01 1.45815e+00 2.85916e-03
-8.59420e-01 1.52029e+00 2.81400e-03
-9.05721e-01 1.58245e+00 2.77439e-03
-9.53357e-01 1.64465e+00 2.73958e-03
-1.00233e+00 1.70690e+00 2.70892e-03
-1.05263e+00 1.76924e+00 2.68186e-03
-1.10427e+00 1.83168e+00 2.65796e-03
-1.15726e+00 1.89424e+00 2.63683e-03
-1.21158e+00 1.95694e+00 2.61812e-03
-1.26725e+00 2.01980e+00 2.60156e-03
-1.32428e+00 2.08284e+00 2.58688e-03
-1.38267e+00 2.14608e+00 2.57389e-03
-1.44242e+00 2.20954e+00 2.56240e-03
-1.50355e+00 2.27324e+00 2.55223e-03
-1.56606e+00 2.33719e+00 2.54325e-03
-1.62996e+00 2.40142e+00 2.53534e-03
-1.69527e+00 2.46595e+00 2.52838e-03
-1.76199e+00 2.53079e+00 2.52227e-03
-1.83014e+00 2.59596e+00 2.51694e-03
-1.89972e+00 2.66149e+00 2.51231e-03
-1.97076e+00 2.72739e+00 2.50830e-03
-2.04326e+00 2.79367e+00 2.50487e-03
-2.11725e+00 2.86037e+00 2.50195e-03
-2.19273e+00 2.92750e+00 2.49951e-03
-2.26973e+00 2.99508e+00 2.49750e-03
-2.34827e+00 3.06313e+00 2.49588e-03
-2.42835e+00 3.13167e+00 2.49462e-03
-2.51001e+00 3.20072e+00 2.49369e-03
-2.59325e+00 3.27030e+00 2.49307e-03
-2.67812e+00 3.34043e+00 2.49273e-03
-2.76461e+00 3.41113e+00 2.49266e-03
-2.85277e+00 3.48243e+00 2.49283e-03
-2.94261e+00 3.55434e+00 2.49324e-03
-3.03416e+00 3.62689e+00 2.49387e-03
-3.12745e+00 3.70009e+00 2.49470e-03
-3.22250e+00 3.77398e+00 2.49574e-03
-3.31934e+00 3.84857e+00 2.49697e-03
-3.41801e+00 3.92389e+00 2.49839e-03
-3.51852e+00 3.99996e+00 2.50000e-03
-3.84204e-01 7.87341e-01 4.42433e-03
-4.12012e-01 8.51730e-01 4.15276e-03
-4.41252e-01 9.15820e-01 3.92759e-03
-4.71913e-01 9.79638e-01 3.73896e-03
-5.03980e-01 1.04321e+00 3.57954e-03
-5.37444e-01 1.10657e+00 3.44376e-03
-5.72295e-01 1.16973e+00 3.32736e-03
-6.08523e-01 1.23272e+00 3.22700e-03
-6.46121e-01 1.29556e+00 3.14002e-03
-6.85083e-01 1.35828e+00 3.06431e-03
-7.25404e-01 1.42091e+00 2.99815e-03
-7.67077e-01 1.48345e+00 2.94013e-03
-8.10101e-01 1.54594e+00 2.88909e-03
-8.54473e-01 1.60840e+00 2.84407e-03
-9.00190e-01 1.67085e+00 2.80426e-03
-9.47253e-01 1.73330e+00 2.76900e-03
-9.95661e-01 1.79578e+00 2.73769e-03
-1.04542e+00 1.85831e+00 2.70986e-03
-1.09652e+00 1.92091e+00 2.68508e-03
-1.14897e+00 1.98360e+00 2.66300e-03
-1.20279e+00 2.04640e+00 2.64331e-03
-1.25795e+00 2.10932e+00 2.62573e-03
-1.31449e+00 2.17239e+00 2.61004e-03
-1.37239e+00 2.23563e+00 2.59602e-03
-1.43168e+00 2.29905e+00 2.58350e-03
-1.49235e+00 2.36267e+00 2.57233e-03
-1.55441e+00 2.42652e+00 2.56236e-03
-1.61788e+00 2.49060e+00 2.55348e-03
-1.68276e+00 2.55495e+00 2.54558e-03
-1.74906e+00 2.61958e+00 2.53855e-03
-1.81680e+00 2.68450e+00 2.53232e-03
-1.88599e+00 2.74973e+00 2.52682e-03
-1.95665e+00 2.81531e+00 2.52196e-03
-2.02878e+00 2.88123e+00 2.51770e-03
-2.10240e+00 2.94753e+00 2.51399e-03
-2.17752e+00 3.01421e+00 2.51076e-03
-2.25418e+00 3.08131e+00 2.50799e-03
-2.33237e+00 3.14884e+00 2.50563e-03
-2.41212e+00 3.21682e+00 2.50364e-03
-2.49346e+00 3.28526e+00 2.50201e-03
-2.57639e+00 3.35419e+00 2.50069e-03
-2.66095e+00 3.42363e+00 2.49967e-03
-2.74714e+00 3.49360e+00 2.49893e-03
-2.83500e+00 3.56412e+00 2.49844e-03
-2.92456e+00 3.63521e+00 2.49818e-03
-3.01582e+00 3.70689e+00 2.49815e-03
-3.10883e+00 3.77919e+00 2.49833e-03
-3.20361e+00 3.85211e+00 2.49870e-03
-3.30018e+00 3.92570e+00 2.49926e-03
-3.39858e+00 3.99996e+00 2.50000e-03
-3.58945e-01 8.04959e-01 4.60474e-03
-3.84658e-01 8.70113e-01 4.32305e-03
-4.11808e-01 9.34926e-01 4.08708e-03
-4.40383e-01 9.99426e-01 3.88761e-03
-4.70369e-01 1.06364e+00 3.71766e-03
-5.01755e-01 1.12759e+00 3.57187e-03
-5.34532e-01 1.19131e+00 3.44605e-03
-5.68689e-01 1.25481e+00 3.33690e-03
-6.04220e-01 1.31812e+00 3.24176e-03
-6.41116e-01 1.38127e+00 3.15849e-03
-6.79373e-01 1.44428e+00 3.08535e-03
-7.18985e-01 1.50716e+00 3.02088e-03
-7.59948e-01 1.56995e+00 2.96389e-03
-8.02259e-01 1.63266e+00 2.91338e-03
-8.45915e-01 1.69531e+00 2.86850e-03
-8.90917e-01 1.75792e+00 2.82855e-03
-9.37262e-01 1.82052e+00 2.79292e-03
-9.84952e-01 1.88312e+00 2.76109e-03
-1.03399e+00 1.94574e+00 2.73261e-03
-1.08437e+00 2.00841e+00 2.70709e-03
-1.13610e+00 2.07114e+00 2.68422e-03
-1.18919e+00 2.13395e+00 2.66368e-03
-1.24364e+00 2.19685e+00 2.64524e-03
-1.29945e+00 2.25988e+00 2.62866e-03
-1.35663e+00 2.32304e+00 2.61377e-03
-1.41519e+00 2.38636e+00 2.60037e-03
-1.47514e+00 2.44985e+00 2.58833e-03
-1.53647e+00 2.51353e+00 2.57751e-03
-1.59921e+00 2.57742e+00 2.56779e-03
-1.66336e+00 2.64153e+00 2.55907e-03
-1.72894e+00 2.70589e+00 2.55124e-03
-1.79595e+00 2.77052e+00 2.54423e-03
-1.86440e+00 2.83543e+00 2.53797e-03
-1.93431e+00 2.90064e+00 2.53238e-03
-2.00570e+00 2.96616e+00 2.52741e-03
-2.07858e+00 3.03202e+00 2.52299e-03
-2.15296e+00 3.09824e+00 2.51909e-03
-2.22886e+00 3.16483e+00 2.51566e-03
-2.30630e+00 3.23181e+00 2.51266e-03
-2.38529e+00 3.29920e+00 2.51006e-03
-2.46585e+00 3.36702e+00 2.50781e-03
-2.54801e+00 3.43529e+00 2.50590e-03
-2.63179e+00 3.50403e+00 2.50430e-03
-2.71719e+00 3.57325e+00 2.50298e-03
-2.80426e+00 3.64299e+00 2.50193e-03
-2.89301e+00 3.71325e+00 2.50112e-03
-2.98346e+00 3.78405e+00 2.50053e-03
-3.07564e+00 3.85543e+00 2.50016e-03
-3.16958e+00 3.92739e+00 2.49999e-03
-3.26531e+00 3.99996e+00 2.50000e-03
-3.33449e-01 8.22149e-01 4.78161e-03
-3.57099e-01 8.87913e-01 4.49078e-03
-3.82177e-01 9.53306e-01 4.24475e-03
-4.08668e-01 1.01835e+00 4.03496e-03
-4.36561e-01 1.08308e+00 3.85485e-03
-4.65843e-01 1.14752e+00 3.69929e-03
-4.96505e-01 1.21169e+00 3.56420e-03
-5.28538e-01 1.27561e+00 3.44634e-03
-5.61934e-01 1.33930e+00 3.34307e-03
-5.96685e-01 1.40280e+00 3.25224e-03
-6.32784e-01 1.46612e+00 3.17208e-03
-6.70228e-01 1.52928e+00 3.10111e-03
-7.09012e-01 1.59230e+00 3.03812e-03
-7.49131e-01 1.65521e+00 2.98206e-03
-7.90584e-01 1.71803e+00 2.93206e-03
-8.33369e-01 1.78077e+00 2.88737e-03
-8.77484e-01 1.84345e+00 2.84735e-03
-9.22930e-01 1.90610e+00 2.81147e-03
-9.69707e-01 1.96873e+00 2.77924e-03
-1.01782e+00 2.03137e+00 2.75025e-03
-1.06726e+00 2.09402e+00 2.72415e-03
-1.11804e+00 2.15672e+00 2.70063e-03
-1.17017e+00 2.21947e+00 2.67941e-03
-1.22364e+00 2.28229e+00 2.66026e-03
-1.27846e+00 2.34521e+00 2.64296e-03
-1.33464e+00 2.40824e+00 2.62734e-03
-1.39218e+00 2.47140e+00 2.61322e-03
-1.45110e+00 2.53471e+00 2.60046e-03
-1.51139e+00 2.59818e+00 2.58893e-03
-1.57307e+00 2.66183e+00 2.57851e-03
-1.63615e+00 2.72568e+00 2.56910e-03
-1.70064e+00 2.78974e+00 2.56061e-03
-1.76655e+00 2.85404e+00 2.55296e-03
-1.83389e+00 2.91859e+00 2.54606e-03
-1.90268e+00 2.98341e+00 2.53986e-03
-1.97292e+00 3.04851e+00 2.53429e-03
-2.04463e+00 3.11391e+00 2.52930e-03
-2.11783e+00 3.17964e+00 2.52484e-03
-2.19254e+00 3.24571e+00 2.52087e-03
-2.26876e+00 3.31213e+00 2.51734e-03
-2.34651e+00 3.37892e+00 2.51422e-03
-2.42583e+00 3.44611e+00 2.51147e-03
-2.50671e+00 3.51371e+00 2.50908e-03
-2.58919e+00 3.58173e+00 2.50700e-03
-2.67328e+00 3.65021e+00 2.50521e-03
-2.75900e+00 3.71915e+00 2.50370e-03
-2.84638e+00 3.78858e+00 2.50244e-03
-2.93545e+00 3.85851e+00 2.50142e-03
-3.02621e+00 3.92896e+00 2.50061e-03
-3.11871e+00 3.99997e+00 2.50000e-03
-3.07761e-01 8.38889e-01 4.95482e-03
-3.29382e-01 9.05112e-01 4.65574e-03
-3.52405e-01 9.70944e-01 4.40032e-03
-3.76817e-01 1.03641e+00 4.18071e-03
-4.02605e-01 1.10154e+00 3.99078e-03
-4.29758e-01 1.16634e+00 3.82566e-03
-4.58266e-01 1.23086e+00 3.68144e-03
-4.88122e-01 1.29510e+00 3.55495e-03
-5.19315e-01 1.35909e+00 3.44358e-03
-5.51840e-01 1.42286e+00 3.34518e-03
-5.85691e-01 1.48642e+00 3.25799e-03
-6.20861e-01 1.54979e+00 3.18050e-03
-6.57346e-01 1.61300e+00 3.11147e-03
-6.95143e-01 1.67606e+00 3.04982e-03
-7.34249e-01 1.73900e+00 2.99465e-03
-7.74661e-01 1.80183e+00 2.94518e-03
-8.16379e-01 1.86458e+00 2.90075e-03
-8.59402e-01 1.92725e+00 2.86077e-03
-9.03729e-01 1.98988e+00 2.82476e-03
-9.49362e-01 2.05247e+00 2.79228e-03
-9.96303e-01 2.11505e+00 2.76294e-03
-1.04455e+00 2.17763e+00 2.73642e-03
-1.09412e+00 2.24023e+00 2.71243e-03
-1.14500e+00 2.30287e+00 2.69070e-03
-1.19720e+00 2.36557e+00 2.67101e-03
-1.25073e+00 2.42833e+00 2.65317e-03
-1.30558e+00 2.49119e+00 2.63698e-03
-1.36178e+00 2.55415e+00 2.62230e-03
-1.41933e+00 2.61724e+00 2.60898e-03
-1.47822e+00 2.68046e+00 2.59689e-03
-1.53848e+00 2.74385e+00 2.58593e-03
-1.60011e+00 2.80740e+00 2.57598e-03
-1.66313e+00 2.87114e+00 2.56697e-03
-1.72753e+00 2.93509e+00 2.55880e-03
-1.79334e+00 2.99926e+00 2.55141e-03
-1.86056e+00 3.06367e+00 2.54473e-03
-1.92921e+00 3.12834e+00 2.53869e-03
-1.99931e+00 3.19328e+00 2.53325e-03
-2.07086e+00 3.25850e+00 2.52835e-03
-2.14388e+00 3.32403e+00 2.52394e-03
-2.21838e+00 3.38989e+00 2.52000e-03
-2.29439e+00 3.45608e+00 2.51648e-03
-2.37192e+00 3.52264e+00 2.51334e-03
-2.45099e+00 3.58956e+00 2.51057e-03
-2.53161e+00 3.65688e+00 2.50812e-03
-2.61381e+00 3.72461e+00 2.50597e-03
-2.69760e+00 3.79276e+00 2.50411e-03
-2.78302e+00 3.86136e+00 2.50251e-03
-2.87007e+00 3.93042e+00 2.50114e-03
-2.95878e+00 3.99997e+00 2.50000e-03
-2.81926e-01 8.55161e-01 5.12429e-03
-3.01553e-01 9.21695e-01 4.81776e-03
-3.22541e-01 9.87827e-01 4.55354e-03
-3.44876e-01 1.05358e+00 4.32454e-03
-3.68549e-01 1.11898e+00 4.12510e-03
-3.93548e-01 1.18405e+00 3.95063e-03
-4.19864e-01 1.24881e+00 3.79740e-03
-4.47489e-01 1.31328e+00 3.66234e-03
-4.76416e-01 1.37749e+00 3.54290e-03
-5.06636e-01 1.44144e+00 3.43695e-03
-5.38144e-01 1.50518e+00 3.34271e-03
-5.70935e-01 1.56870e+00 3.25868e-03
-6.05005e-01 1.63204e+00 3.18358e-03
-6.40349e-01 1.69521e+00 3.11632e-03
-6.76964e-01 1.75823e+00 3.05595e-03
-7.14849e-01 1.82112e+00 3.00168e-03
-7.54002e-01 1.88389e+00 2.95282e-03
-7.94421e-01 1.94657e+00 2.90875e-03
-8.36107e-01 2.00917e+00 2.86896e-03
-8.79061e-01 2.07171e+00 2.83298e-03
-9.23282e-01 2.13421e+00 2.80041e-03
-9.68774e-01 2.19668e+00 2.77090e-03
-1.01554e+00 2.25914e+00 2.74415e-03
-1.06358e+00 2.32161e+00 2.71986e-03
-1.11290e+00 2.38410e+00 2.69780e-03
-1.16350e+00 2.44663e+00 2.67776e-03
-1.21539e+00 2.50921e+00 2.65954e-03
-1.26858e+00 2.57186e+00 2.64297e-03
-1.32306e+00 2.63460e+00 2.62789e-03
-1.37885e+00 2.69744e+00 2.61418e-03
-1.43596e+00 2.76040e+00 2.60170e-03
-1.49439e+00 2.82349e+00 2.59034e-03
-1.55416e+00 2.88674e+00 2.58002e-03
-1.61526e+00 2.95014e+00 2.57063e-03
-1.67772e+00 3.01373e+00 2.56210e-03
-1.74154e+00 3.07751e+00 2.55434e-03
-1.80673e+00 3.14151e+00 2.54731e-03
-1.87330e+00 3.20573e+00 2.54093e-03
-1.94128e+00 3.27020e+00 2.53516e-03
-2.01066e+00 3.33493e+00 2.52994e-03
-2.08147e+00 3.39993e+00 2.52523e-03
-2.15372e+00 3.46522e+00 2.52098e-03
-2.22742e+00 3.53081e+00 2.51717e-03
-2.30260e+00 3.59674e+00 2.51375e-03
-2.37926e+00 3.66300e+00 2.51070e-03
-2.45743e+00 3.72961e+00 2.50798e-03
-2.53712e+00 3.79660e+00 2.50558e-03
-2.61836e+00 3.86398e+00 2.50346e-03
-2.70115e+00 3.93176e+00 2.50161e-03
-2.78553e+00 3.99997e+00 2.50000e-03
-2.55990e-01 8.70949e-01 5.29001e-03
-2.73657e-01 9.37648e-01 4.97670e-03
-2.92628e-01 1.00394e+00 4.70419e-03
-3.12893e-01 1.06986e+00 4.46617e-03
-3.34441e-01 1.13542e+00 4.25747e-03
-3.57262e-01 1.20064e+00 4.07382e-03
-3.81349e-01 1.26555e+00 3.91168e-03
-4.06692e-01 1.33015e+00 3.76811e-03
-4.33286e-01 1.39449e+00 3.64062e-03
-4.61123e-01 1.45856e+00 3.52712e-03
-4.90197e-01 1.52240e+00 3.42583e-03
-5.20505e-01 1.58601e+00 3.33525e-03
-5.52041e-01 1.64942e+00 3.25407e-03
-5.84802e-01 1.71265e+00 3.18118e-03
-6.18784e-01 1.77571e+00 3.11562e-03
-6.53986e-01 1.83862e+00 3.05655e-03
-6.90406e-01 1.90140e+00 3.00326e-03
-7.28043e-01 1.96407e+00 2.95511e-03
-7.66896e-01 2.02663e+00 2.91155e-03
-8.06965e-01 2.08911e+00 2.87210e-03
-8.48251e-01 2.15152e+00 2.83634e-03
-8.90756e-01 2.21388e+00 2.80388e-03
-9.34481e-01 2.27621e+00 2.77439e-03
-9.79428e-01 2.33851e+00 2.74759e-03
-1.02560e+00 2.40081e+00 2.72321e-03
-1.07301e+00 2.46312e+00 2.70102e-03
-1.12164e+00 2.52546e+00 2.68081e-03
-1.17152e+00 2.58783e+00 2.66240e-03
-1.22264e+00 2.65026e+00 2.64563e-03
-1.27501e+00 2.71276e+00 2.63034e-03
-1.32863e+00 2.77534e+00 2.61640e-03
-1.38352e+00 2.83802e+00 2.60369e-03
-1.43968e+00 2.90082e+00 2.59211e-03
-1.49711e+00 2.96374e+00 2.58155e-03
-1.55584e+00 3.02681e+00 2.57193e-03
-1.61586e+00 3.09003e+00 2.56317e-03
-1.67719e+00 3.15343e+00 2.55520e-03
-1.73984e+00 3.21701e+00 2.54795e-03
-1.80381e+00 3.28080e+00 2.54136e-03
-1.86912e+00 3.34480e+00 2.53537e-03
-1.93579e+00 3.40903e+00 2.52995e-03
-2.00382e+00 3.47351e+00 2.52504e-03
-2.07323e+00 3.53825e+00 2.52060e-03
-2.14403e+00 3.60326e+00 2.51660e-03
-2.21624e+00 3.66856e+00 2.51300e-03
-2.28987e+00 3.73417e+00 2.50977e-03
-2.36494e+00 3.80010e+00 2.50688e-03
-2.44147e+00 3.86636e+00 2.50430e-03
-2.51947e+00 3.93298e+00 2.50202e-03
-2.59895e+00 3.99997e+00 2.50000e-03
-2.29997e-01 8.86239e-01 5.45196e-03
-2.45738e-01 9.52961e-01 5.13244e-03
-2.62713e-01 1.01929e+00 4.85207e-03
-2.80912e-01 1.08524e+00 4.60533e-03
-3.00327e-01 1.15085e+00 4.38755e-03
-3.20948e-01 1.21611e+00 4.19483e-03
-3.42768e-01 1.28106e+00 4.02386e-03
-3.65780e-01 1.34572e+00 3.87180e-03
-3.89977e-01 1.41009e+00 3.73628e-03
-4.15353e-01 1.47421e+00 3.61523e-03
-4.41903e-01 1.53808e+00 3.50689e-03
-4.69624e-01 1.60172e+00 3.40975e-03
-4.98509e-01 1.66516e+00 3.32250e-03
-5.28557e-01 1.72840e+00 3.24400e-03
-5.59764e-01 1.79146e+00 3.17326e-03
-5.92129e-01 1.85436e+00 3.10942e-03
-6.25648e-01 1.91712e+00 3.05173e-03
-6.60322e-01 1.97974e+00 2.99954e-03
-6.96149e-01 2.04225e+00 2.95227e-03
-7.33130e-01 2.10466e+00 2.90940e-03
-7.71264e-01 2.16698e+00 2.87048e-03
-8.10554e-01 2.22923e+00 2.83513e-03
-8.50999e-01 2.29143e+00 2.80298e-03
-8.92602e-01 2.35359e+00 2.77373e-03
-9.35366e-01 2.41571e+00 2.74709e-03
-9.79294e-01 2.47782e+00 2.72282e-03
-1.02439e+00 2.53994e+00 2.70070e-03
-1.07065e+00 2.60206e+00 2.68053e-03
-1.11809e+00 2.66422e+00 2.66212e-03
-1.16672e+00 2.72642e+00 2.64532e-03
-1.21652e+00 2.78867e+00 2.62999e-03
-1.26752e+00 2.85099e+00 2.61600e-03
-1.31972e+00 2.91339e+00 2.60323e-03
-1.37312e+00 2.97589e+00 2.59157e-03
-1.42773e+00 3.03850e+00 2.58093e-03
-1.48357e+00 3.10123e+00 2.57123e-03
-1.54063e+00 3.16410e+00 2.56238e-03
-1.59893e+00 3.22712e+00 2.55431e-03
-1.65848e+00 3.29030e+00 2.54696e-03
-1.71928e+00 3.35366e+00 2.54028e-03
-1.78136e+00 3.41720e+00 2.53420e-03
-1.84471e+00 3.48096e+00 2.52868e-03
-1.90935e+00 3.54493e+00 2.52367e-03
-1.97529e+00 3.60913e+00 2.51914e-03
-2.04255e+00 3.67357e+00 2.51504e-03
-2.11114e+00 3.73828e+00 2.51135e-03
-2.18107e+00 3.80326e+00 2.50802e-03
-2.25235e+00 3.86852e+00 2.50504e-03
-2.32500e+00 3.93409e+00 2.50238e-03
-2.39905e+00 3.99997e+00 2.50000e-03
-2.03988e-01 9.01017e-01 5.61018e-03
-2.17839e-01 9.67624e-01 5.28490e-03
-2.32839e-01 1.03385e+00 4.99699e-03
-2.48979e-01 1.09973e+00 4.74172e-03
-2.66253e-01 1.16526e+00 4.51500e-03
-2.84652e-01 1.23047e+00 4.31328e-03
-3.04170e-01 1.29537e+00 4.13349e-03
-3.24800e-01 1.35998e+00 3.97297e-03
-3.46538e-01 1.42432e+00 3.82941e-03
-3.69378e-01 1.48840e+00 3.70080e-03
-3.93314e-01 1.55224e+00 3.58542e-03
-4.18344e-01 1.61585e+00 3.48173e-03
-4.44464e-01 1.67925e+00 3.38842e-03
-4.71670e-01 1.74246e+00 3.30433e-03
-4.99960e-01 1.80548e+00 3.22845e-03
-5.29332e-01 1.86833e+00 3.15989e-03
-5.59785e-01 1.93104e+00 3.09787e-03
-5.91316e-01 1.99360e+00 3.04171e-03
-6.23925e-01 2.05604e+00 2.99078e-03
-6.57613e-01 2.11837e+00 2.94457e-03
-6.92378e-01 2.18060e+00 2.90260e-03
-7.28223e-01 2.24274e+00 2.86444e-03
-7.65147e-01 2.30482e+00 2.82972e-03
-8.03153e-01 2.36683e+00 2.79810e-03
-8.42241e-01 2.42880e+00 2.76930e-03
-8.82416e-01 2.49074e+00 2.74304e-03
-9.23678e-01 2.55266e+00 2.71910e-03
-9.66032e-01 2.61457e+00 2.69724e-03
-1.00948e+00 2.67649e+00 2.67729e-03
-1.05403e+00 2.73842e+00 2.65908e-03
-1.09968e+00 2.80039e+00 2.64244e-03
-1.14644e+00 2.86240e+00 2.62724e-03
-1.19432e+00 2.92446e+00 2.61336e-03
-1.24331e+00 2.98659e+00 2.60068e-03
-1.29343e+00 3.04881e+00 2.58910e-03
-1.34468e+00 3.11111e+00 2.57852e-03
-1.39707e+00 3.17352e+00 2.56886e-03
-1.45061e+00 3.23605e+00 2.56005e-03
-1.50530e+00 3.29870e+00 2.55201e-03
-1.56116e+00 3.36150e+00 2.54468e-03
-1.61818e+00 3.42445e+00 2.53801e-03
-1.67639e+00 3.48756e+00 2.53193e-03
-1.73579e+00 3.55086e+00 2.52641e-03
-1.79639e+00 3.61435e+00 2.52140e-03
-1.85820e+00 3.67803e+00 2.51686e-03
-1.92123e+00 3.74194e+00 2.51275e-03
-1.98549e+00 3.80607e+00 2.50904e-03
-2.05100e+00 3.87045e+00 2.50570e-03
-2.11777e+00 3.93507e+00 2.50269e-03
-2.18581e+00 3.99997e+00 2.50000e-03
-1.78007e-01 9.15273e-01 5.76473e-03
-1.90002e-01 9.81632e-01 5.43401e-03
-2.03047e-01 1.04764e+00 5.13876e-03
-2.17136e-01 1.11331e+00 4.87509e-03
-2.32262e-01 1.17866e+00 4.63947e-03
-2.48419e-01 1.24371e+00 4.42875e-03
-2.65600e-01 1.30846e+00 4.24013e-03
-2.83802e-01 1.37294e+00 4.07111e-03
-3.03019e-01 1.43716e+00 3.91949e-03
-3.23247e-01 1.50114e+00 3.78332e-03
-3.44482e-01 1.56488e+00 3.66089e-03
-3.66720e-01 1.62840e+00 3.55067e-03
-3.89959e-01 1.69171e+00 3.45135e-03
-4.14196e-01 1.75484e+00 3.36172e-03
-4.39428e-01 1.81778e+00 3.28077e-03
-4.65654e-01 1.88055e+00 3.20757e-03
-4.92873e-01 1.94318e+00 3.14130e-03
-5.21082e-01 2.00566e+00 3.08126e-03
-5.50281e-01 2.06801e+00 3.02679e-03
-5.80471e-01 2.13024e+00 2.97735e-03
-6.11651e-01 2.19238e+00 2.93243e-03
-6.43820e-01 2.25441e+00 2.89157e-03
-6.76981e-01 2.31637e+00 2.85439e-03
-7.11134e-01 2.37826e+00 2.82054e-03
-7.46281e-01 2.44009e+00 2.78968e-03
-7.82423e-01 2.50187e+00 2.76155e-03
-8.19562e-01 2.56362e+00 2.73589e-03
-8.57702e-01 2.62535e+00 2.71246e-03
-8.96844e-01 2.68706e+00 2.69108e-03
-9.36993e-01 2.74877e+00 2.67154e-03
-9.78150e-01 2.81050e+00 2.65370e-03
-1.02032e+00 2.87225e+00 2.63739e-03
-1.06351e+00 2.93402e+00 2.62249e-03
-1.10772e+00 2.99585e+00 2.60887e-03
-1.15296e+00 3.05773e+00 2.59642e-03
-1.19923e+00 3.11967e+00 2.58505e-03
-1.24654e+00 3.18169e+00 2.57466e-03
-1.29489e+00 3.24380e+00 2.56517e-03
-1.34430e+00 3.30601e+00 2.55650e-03
-1.39476e+00 3.36832e+00 2.54860e-03
-1.44628e+00 3.43076e+00 2.54139e-03
-1.49888e+00 3.49333e+00 2.53482e-03
-1.55256e+00 3.55604e+00 2.52884e-03
-1.60732e+00 3.61891e+00 2.52341e-03
-1.66318e+00 3.68194e+00 2.51847e-03
-1.72015e+00 3.74515e+00 2.51399e-03
-1.77823e+00 3.80855e+00 2.50994e-03
-1.83743e+00 3.87214e+00 2.50627e-03
-1.89777e+00 3.93594e+00 2.50297e-03
-1.95925e+00 3.99997e+00 2.50000e-03
-1.52092e-01 9.29000e-01 5.91567e-03
-1.62267e-01 9.94979e-01 5.57970e-03
-1.73380e-01 1.06064e+00 5.27720e-03
-1.85425e-01 1.12599e+00 5.00513e-03
-1.98397e-01 1.19106e+00 4.76057e-03
-2.12292e-01 1.25584e+00 4.54079e-03
-2.27105e-01 1.32036e+00 4.34327e-03
-2.42831e-01 1.38462e+00 4.16570e-03
-2.59468e-01 1.44864e+00 4.00598e-03
-2.77011e-01 1.51244e+00 3.86223e-03
-2.95457e-01 1.57601e+00 3.73276e-03
-3.14804e-01 1.63938e+00 3.61605e-03
-3.35049e-01 1.70256e+00 3.51076e-03
-3.56190e-01 1.76555e+00 3.41569e-03
-3.78225e-01 1.82837e+00 3.32976e-03
-4.01152e-01 1.89103e+00 3.25202e-03
-4.24970e-01 1.95355e+00 3.18163e-03
-4.49679e-01 2.01592e+00 3.11784e-03
-4.75277e-01 2.07817e+00 3.05997e-03
-5.01764e-01 2.14030e+00 3.00744e-03
-5.29140e-01 2.20233e+00 2.95971e-03
-5.57405e-01 2.26426e+00 2.91631e-03
-5.86559e-01 2.32610e+00 2.87682e-03
-6.16605e-01 2.38787e+00 2.84086e-03
-6.47541e-01 2.44958e+00 2.80809e-03
-6.79370e-01 2.51123e+00 2.77822e-03
-7.12094e-01 2.57283e+00 2.75097e-03
-7.45714e-01 2.63440e+00 2.72611e-03
-7.80232e-01 2.69595e+00 2.70340e-03
-8.15651e-01 2.75748e+00 2.68267e-03
-8.51973e-01 2.81901e+00 2.66372e-03
-8.89202e-01 2.88054e+00 2.64641e-03
-9.27340e-01 2.94209e+00 2.63059e-03
-9.66392e-01 3.00366e+00 2.61612e-03
-1.00636e+00 3.06526e+00 2.60290e-03
-1.04725e+00 3.12691e+00 2.59082e-03
-1.08906e+00 3.18861e+00 2.57977e-03
-1.13181e+00 3.25038e+00 2.56968e-03
-1.17549e+00 3.31221e+00 2.56046e-03
-1.22011e+00 3.37413e+00 2.55205e-03
-1.26567e+00 3.43614e+00 2.54436e-03
-1.31219e+00 3.49826e+00 2.53736e-03
-1.35967e+00 3.56048e+00 2.53098e-03
-1.40810e+00 3.62282e+00 2.52516e-03
-1.45751e+00 3.68530e+00 2.51988e-03
-1.50790e+00 3.74791e+00 2.51508e-03
-1.55927e+00 3.81068e+00 2.51072e-03
-1.61163e+00 3.87360e+00 2.50678e-03
-1.66499e+00 3.93670e+00 2.50322e-03
-1.71936e+00 3.99997e+00 2.50000e-03
-1.26282e-01 9.42190e-01 6.06307e-03
-1.34672e-01 1.00766e+00 5.72192e-03
-1.43874e-01 1.07286e+00 5.41214e-03
-1.53885e-01 1.13779e+00 5.13157e-03
-1.64699e-01 1.20246e+00 4.87793e-03
-1.76314e-01 1.26688e+00 4.64895e-03
-1.88727e-01 1.33107e+00 4.44241e-03
-2.01933e-01 1.39503e+00 4.25619e-03
-2.15931e-01 1.45877e+00 4.08832e-03
-2.30718e-01 1.52231e+00 3.93697e-03
-2.46291e-01 1.58566e+00 3.80048e-03
-2.62648e-01 1.64882e+00 3.67733e-03
-2.79787e-01 1.71180e+00 3.56616e-03
-2.97707e-01 1.77462e+00 3.46574e-03
-3.16405e-01 1.83728e+00 3.37496e-03
-3.35882e-01 1.89979e+00 3.29283e-03
-3.56136e-01 1.96216e+00 3.21848e-03
-3.77165e-01 2.02441e+00 3.15111e-03
-3.98970e-01 2.08654e+00 3.09001e-03
-4.21550e-01 2.14855e+00 3.03457e-03
-4.44905e-01 2.21046e+00 2.98421e-03
-4.69035e-01 2.27229e+00 2.93844e-03
-4.93941e-01 2.33402e+00 2.89680e-03
-5.19622e-01 2.39568e+00 2.85891e-03
-5.46079e-01 2.45728e+00 2.82439e-03
-5.73314e-01 2.51881e+00 2.79294e-03
-6.01328e-01 2.58030e+00 2.76426e-03
-6.30121e-01 2.64175e+00 2.73809e-03
-6.59696e-01 2.70316e+00 2.71421e-03
-6.90054e-01 2.76455e+00 2.69240e-03
-7.21197e-01 2.82592e+00 2.67248e-03
-7.53127e-01 2.88729e+00 2.65427e-03
-7.85846e-01 2.94865e+00 2.63764e-03
-8.19357e-01 3.01003e+00 2.62243e-03
-8.53664e-01 3.07142e+00 2.60853e-03
-8.88768e-01 3.13284e+00 2.59583e-03
-9.24673e-01 3.19429e+00 2.58421e-03
-9.61382e-01 3.25578e+00 2.57360e-03
-9.98899e-01 3.31733e+00 2.56390e-03
-1.03723e+00 3.37893e+00 2.55504e-03
-1.07637e+00 3.44060e+00 2.54694e-03
-1.11634e+00 3.50234e+00 2.53956e-03
-1.15713e+00 3.56417e+00 2.53283e-03
-1.19874e+00 3.62609e+00 2.52669e-03
-1.24120e+00 3.68810e+00 2.52110e-03
-1.28449e+00 3.75023e+00 2.51602e-03
-1.32862e+00 3.81247e+00 2.51141e-03
-1.37361e+00 3.87483e+00 2.50722e-03
-1.41945e+00 3.93733e+00 2.50343e-03
-1.46615e+00 3.99997e+00 2.50000e-03
-1.00613e-01 9.54839e-01 6.20703e-03
-1.07254e-01 1.01969e+00 5.86062e-03
-1.14568e-01 1.08430e+00 5.54338e-03
-1.22554e-01 1.14869e+00 5.25408e-03
-1.31207e-01 1.21287e+00 4.99114e-03
-1.40526e-01 1.27683e+00 4.75275e-03
-1.50509e-01 1.34060e+00 4.53701e-03
-1.61152e-01 1.40417e+00 4.34201e-03
-1.72455e-01 1.46756e+00 4.16591e-03
-1.84416e-01 1.53078e+00 4.00695e-03
-1.97032e-01 1.59383e+00 3.86347e-03
-2.10303e-01 1.65672e+00 3.73395e-03
-2.24226e-01 1.71946e+00 3.61702e-03
-2.38801e-01 1.78205e+00 3.51139e-03
-2.54027e-01 1.84451e+00 3.41593e-03
-2.69903e-01 1.90684e+00 3.32961e-03
-2.86428e-01 1.96904e+00 3.25148e-03
-3.03601e-01 2.03113e+00 3.18074e-03
-3.21422e-01 2.09312e+00 3.11662e-03
-3.39892e-01 2.15501e+00 3.05848e-03
-3.59008e-01 2.21680e+00 3.00570e-03
-3.78773e-01 2.27851e+00 2.95776e-03
-3.99185e-01 2.34014e+00 2.91418e-03
-4.20246e-01 2.40171e+00 2.87455e-03
-4.41955e-01 2.46320e+00 2.83847e-03
-4.64313e-01 2.52464e+00 2.80561e-03
-4.87321e-01 2.58603e+00 2.77566e-03
-5.10979e-01 2.64738e+00 2.74835e-03
-5.35289e-01 2.70870e+00 2.72344e-03
-5.60252e-01 2.76998e+00 2.70070e-03
-5.85869e-01 2.83124e+00 2.67993e-03
-6.12142e-01 2.89249e+00 2.66096e-03
-6.39071e-01 2.95372e+00 2.64363e-03
-6.66660e-01 3.01496e+00 2.62779e-03
-6.94908e-01 3.07620e+00 2.61332e-03
-7.23820e-01 3.13745e+00 2.60008e-03
-7.53396e-01 3.19872e+00 2.58798e-03
-7.83639e-01 3.26002e+00 2.57692e-03
-8.14552e-01 3.32135e+00 2.56682e-03
-8.46137e-01 3.38271e+00 2.55758e-03
-8.78396e-01 3.44412e+00 2.54914e-03
-9.11332e-01 3.50559e+00 2.54144e-03
-9.44950e-01 3.56711e+00 2.53441e-03
-9.79250e-01 3.62870e+00 2.52799e-03
-1.01424e+00 3.69036e+00 2.52215e-03
-1.04992e+00 3.75209e+00 2.51683e-03
-1.08629e+00 3.81392e+00 2.51199e-03
-1.12336e+00 3.87583e+00 2.50760e-03
-1.16113e+00 3.93785e+00 2.50361e-03
-1.19960e+00 3.99997e+00 2.50000e-03
-7.51198e-02 9.66944e-01 6.34764e-03
-8.00471e-02 1.03105e+00 5.99574e-03
-8.54971e-02 1.09497e+00 5.67071e-03
-9.14680e-02 1.15872e+00 5.37234e-03
-9.79582e-02 1.22230e+00 5.09976e-03
-1.04966e-01 1.28572e+00 4.85167e-03
-1.12491e-01 1.34897e+00 4.62650e-03
-1.20531e-01 1.41208e+00 4.42258e-03
-1.29084e-01 1.47504e+00 4.23817e-03
-1.38151e-01 1.53786e+00 4.07157e-03
-1.47729e-01 1.60055e+00 3.92115e-03
-1.57819e-01 1.66311e+00 3.78538e-03
-1.68418e-01 1.72555e+00 3.66283e-03
-1.79527e-01 1.78787e+00 3.55218e-03
-1.91145e-01 1.85009e+00 3.45225e-03
-2.03271e-01 1.91219e+00 3.36195e-03
-2.15905e-01 1.97420e+00 3.28030e-03
-2.29046e-01 2.03612e+00 3.20643e-03
-2.42694e-01 2.09794e+00 3.13955e-03
-2.56849e-01 2.15969e+00 3.07894e-03
-2.71511e-01 2.22135e+00 3.02399e-03
-2.86680e-01 2.28295e+00 2.97412e-03
-3.02355e-01 2.34448e+00 2.92883e-03
-3.18538e-01 2.40595e+00 2.88766e-03
-3.35228e-01 2.46736e+00 2.85023e-03
-3.52425e-01 2.52872e+00 2.81615e-03
-3.70130e-01 2.59004e+00 2.78512e-03
-3.88343e-01 2.65132e+00 2.75685e-03
-4.07066e-01 2.71257e+00 2.73106e-03
-4.26298e-01 2.77378e+00 2.70754e-03
-4.46041e-01 2.83497e+00 2.68607e-03
-4.66295e-01 2.89615e+00 2.66647e-03
-4.87060e-01 2.95731e+00 2.64857e-03
-5.08340e-01 3.01846e+00 2.63221e-03
-5.30133e-01 3.07961e+00 2.61725e-03
-5.52441e-01 3.14076e+00 2.60359e-03
-5.75267e-01 3.20191e+00 2.59109e-03
-5.98610e-01 3.26308e+00 2.57967e-03
-6.22473e-01 3.32427e+00 2.56923e-03
-6.46856e-01 3.38548e+00 2.55969e-03
-6.71762e-01 3.44672e+00 2.55096e-03
-6.97192e-01 3.50799e+00 2.54300e-03
-7.23148e-01 3.56930e+00 2.53572e-03
-7.49632e-01 3.63066e+00 2.52908e-03
-7.76646e-01 3.69206e+00 2.52303e-03
-8.04191e-01 3.75351e+00 2.51751e-03
-8.32270e-01 3.81503e+00 2.51249e-03
-8.60886e-01 3.87660e+00 2.50792e-03
-8.90040e-01 3.93825e+00 2.50377e-03
-9.19734e-01 3.99997e+00 2.50000e-03
-4.98352e-02 9.78505e-01 6.48498e-03
-5.30847e-02 1.04176e+00 6.12720e-03
-5.66938e-02 1.10488e+00 5.79393e-03
-6.06619e-02 1.16789e+00 5.48601e-03
-6.49881e-02 1.23077e+00 5.20334e-03
-6.96717e-02 1.29355e+00 4.94517e-03
-7.47121e-02 1.35621e+00 4.71030e-03
-8.01087e-02 1.41877e+00 4.49727e-03
-8.58609e-02 1.48122e+00 4.30447e-03
-9.19682e-02 1.54358e+00 4.13025e-03
-9.84300e-02 1.60584e+00 3.97298e-03
-1.05246e-01 1.66802e+00 3.83109e-03
-1.12416e-01 1.73010e+00 3.70311e-03
-1.19939e-01 1.79211e+00 3.58768e-03
-1.27815e-01 1.85403e+00 3.48354e-03
-1.36045e-01 1.91588e+00 3.38954e-03
-1.44626e-01 1.97766e+00 3.30465e-03
-1.53560e-01 2.03937e+00 3.22793e-03
-1.62847e-01 2.10102e+00 3.15856e-03
-1.72485e-01 2.16261e+00 3.09578e-03
-1.82476e-01 2.22414e+00 3.03892e-03
-1.92819e-01 2.28562e+00 2.98738e-03
-2.03514e-01 2.34704e+00 2.94062e-03
-2.14561e-01 2.40843e+00 2.89817e-03
-2.25960e-01 2.46977e+00 2.85960e-03
-2.37711e-01 2.53107e+00 2.82453e-03
-2.49816e-01 2.59234e+00 2.79261e-03
-2.62273e-01 2.65357e+00 2.76355e-03
-2.75083e-01 2.71478e+00 2.73707e-03
-2.88246e-01 2.77596e+00 2.71292e-03
-3.01763e-01 2.83712e+00 2.69090e-03
-3.15634e-01 2.89827e+00 2.67080e-03
-3.29860e-01 2.95940e+00 2.65244e-03
-3.44441e-01 3.02052e+00 2.63568e-03
-3.59377e-01 3.08164e+00 2.62036e-03
-3.74669e-01 3.14275e+00 2.60636e-03
-3.90317e-01 3.20387e+00 2.59356e-03
-4.06323e-01 3.26498e+00 2.58185e-03
-4.22687e-01 3.32611e+00 2.57115e-03
-4.39409e-01 3.38724e+00 2.56137e-03
-4.56491e-01 3.44839e+00 2.55243e-03
-4.73932e-01 3.50956e+00 2.54426e-03
-4.91735e-01 3.57075e+00 2.53679e-03
-5.09899e-01 3.63196e+00 2.52997e-03
-5.28426e-01 3.69321e+00 2.52374e-03
-5.47317e-01 3.75448e+00 2.51807e-03
-5.66572e-01 3.81579e+00 2.51289e-03
-5.86193e-01 3.87714e+00 2.50818e-03
-6.06181e-01 3.93853e+00 2.50389e-03
-6.26537e-01 3.99997e+00 2.50000e-03
-2.47897e-02 9.89521e-01 6.61914e-03
-2.63970e-02 1.05181e+00 6.25494e-03
-2.81897e-02 1.11403e+00 5.91280e-03
-3.01674e-02 1.17620e+00 5.59470e-03
-3.23301e-02 1.23830e+00 5.30138e-03
-3.46775e-02 1.30034e+00 5.03269e-03
-3.72095e-02 1.36232e+00 4.78781e-03
-3.99259e-02 1.42425e+00 4.56548e-03
-4.28266e-02 1.48613e+00 4.36422e-03
-4.59113e-02 1.54795e+00 4.18241e-03
-4.91801e-02 1.60973e+00 4.01840e-03
-5.26327e-02 1.67146e+00 3.87059e-03
-5.62691e-02 1.73314e+00 3.73744e-03
-6.00891e-02 1.79478e+00 3.61750e-03
-6.40927e-02 1.85637e+00 3.50945e-03
-6.82798e-02 1.91793e+00 3.41207e-03
-7.26504e-02 1.97945e+00 3.32427e-03
-7.72043e-02 2.04093e+00 3.24505e-03
-8.19416e-02 2.10238e+00 3.17351e-03
-8.68622e-02 2.16379e+00 3.10887e-03
-9.19661e-02 2.22517e+00 3.05040e-03
-9.72533e-02 2.28653e+00 2.99748e-03
-1.02724e-01 2.34785e+00 2.94952e-03
-1.08378e-01 2.40915e+00 2.90604e-03
-1.14215e-01 2.47043e+00 2.86657e-03
-1.20235e-01 2.53169e+00 2.83071e-03
-1.26439e-01 2.59292e+00 2.79812e-03
-1.32826e-01 2.65414e+00 2.76846e-03
-1.39397e-01 2.71534e+00 2.74146e-03
-1.46152e-01 2.77653e+00 2.71685e-03
-1.53090e-01 2.83770e+00 2.69442e-03
-1.60212e-01 2.89887e+00 2.67396e-03
-1.67518e-01 2.96002e+00 2.65528e-03
-1.75008e-01 3.02117e+00 2.63823e-03
-1.82682e-01 3.08231e+00 2.62264e-03
-1.90540e-01 3.14344e+00 2.60840e-03
-1.98583e-01 3.20458e+00 2.59539e-03
-2.06810e-01 3.26571e+00 2.58348e-03
-2.15222e-01 3.32685e+00 2.57260e-03
-2.23819e-01 3.38799e+00 2.56265e-03
-2.32602e-01 3.44914e+00 2.55354e-03
-2.41569e-01 3.51029e+00 2.54522e-03
-2.50723e-01 3.57145e+00 2.53761e-03
-2.60062e-01 3.63262e+00 2.53066e-03
-2.69587e-01 3.69380e+00 2.52431e-03
-2.79298e-01 3.75500e+00 2.51851e-03
-2.89196e-01 3.81622e+00 2.51322e-03
-2.99281e-01 3.87745e+00 2.50839e-03
-3.09553e-01 3.93870e+00 2.50400e-03
-3.20012e-01 3.99997e+00 2.50000e-03
-1.20711e-05 9.99995e-01 6.75020e-03
-1.28496e-05 1.06122e+00 6.37885e-03
-1.37214e-05 1.12244e+00 6.02704e-03
-1.46866e-05 1.18367e+00 5.69799e-03
-1.57451e-05 1.24489e+00 5.39338e-03
-1.68969e-05 1.30612e+00 5.11366e-03
-1.81422e-05 1.36734e+00 4.85840e-03
-1.94807e-05 1.42857e+00 4.62658e-03
-2.09127e-05 1.48979e+00 4.41682e-03
-2.24379e-05 1.55101e+00 4.22749e-03
-2.40565e-05 1.61224e+00 4.05693e-03
-2.57685e-05 1.67346e+00 3.90344e-03
-2.75738e-05 1.73469e+00 3.76541e-03
-2.94725e-05 1.79591e+00 3.64131e-03
-3.14645e-05 1.85713e+00 3.52972e-03
-3.35499e-05 1.91836e+00 3.42934e-03
-3.57286e-05 1.97958e+00 3.33900e-03
-3.80007e-05 2.04081e+00 3.25763e-03
-4.03661e-05 2.10203e+00 3.18429e-03
-4.28249e-05 2.16325e+00 3.11812e-03
-4.53770e-05 2.22448e+00 3.05837e-03
-4.80225e-05 2.28570e+00 3.00437e-03
-5.07613e-05 2.34693e+00 2.95550e-03
-5.35934e-05 2.40815e+00 2.91125e-03
-5.65190e-05 2.46937e+00 2.87113e-03
-5.95378e-05 2.53060e+00 2.83473e-03
-6.26501e-05 2.59182e+00 2.80166e-03
-6.58556e-05 2.65305e+00 2.77161e-03
-6.91545e-05 2.71427e+00 2.74426e-03
-7.25468e-05 2.77549e+00 2.71936e-03
-7.60324e-05 2.83672e+00 2.69668e-03
-7.96114e-05 2.89794e+00 2.67599e-03
-8.32837e-05 2.95916e+00 2.65711e-03
-8.70494e-05 3.02039e+00 2.63988e-03
-9.09084e-05 3.08161e+00 2.62414e-03
-9.48608e-05 3.14284e+00 2.60976e-03
-9.89065e-05 3.20406e+00 2.59661e-03
-1.03046e-04 3.26528e+00 2.58459e-03
-1.07278e-04 3.32651e+00 2.57359e-03
-1.11604e-04 3.38773e+00 2.56353e-03
-1.16023e-04 3.44896e+00 2.55433e-03
-1.20535e-04 3.51018e+00 2.54591e-03
-1.25141e-04 3.57140e+00 2.53821e-03
-1.29840e-04 3.63263e+00 2.53116e-03
-1.34633e-04 3.69385e+00 2.52472e-03
-1.39519e-04 3.75507e+00 2.51884e-03
-1.44498e-04 3.81630e+00 2.51346e-03
-1.49571e-04 3.87752e+00 2.50856e-03
-1.54737e-04 3.93875e+00 2.50408e-03
-1.59996e-04 3.99997e+00 2.50000e-03
