-1.00000e+00 0.00000e+00 -6.12539e-05
-1.06122e+00 0.00000e+00 -6.92165e-05
-1.12245e+00 0.00000e+00 -7.26581e-05
-1.18367e+00 0.00000e+00 -7.23491e-05
-1.24490e+00 0.00000e+00 -6.90194e-05
-1.30612e+00 0.00000e+00 -6.33297e-05
-1.36734e+00 0.00000e+00 -5.58578e-05
-1.42857e+00 0.00000e+00 -4.70932e-05
-1.48979e+00 0.00000e+00 -3.74402e-05
-1.55101e+00 0.00000e+00 -2.72244e-05
-1.61224e+00 0.00000e+00 -1.67022e-05
-1.67346e+00 0.00000e+00 -6.07030e-06
-1.73469e+00 0.00000e+00 4.52439e-06
-1.79591e+00 0.00000e+00 3.30676e-05
-1.85713e+00 0.00000e+00 2.01775e-05
-1.91836e+00 0.00000e+00 1.00945e-05
-1.97958e+00 0.00000e+00 2.41282e-06
-2.04081e+00 0.00000e+00 -3.21973e-06
-2.10203e+00 0.00000e+00 -7.10789e-06
-2.16325e+00 0.00000e+00 -9.51433e-06
-2.22448e+00 0.00000e+00 -1.06649e-05
-2.28570e+00 0.00000e+00 -1.07536e-05
-2.34693e+00 0.00000e+00 -9.94644e-06
-2.40815e+00 0.00000e+00 -8.38564e-06
-2.46937e+00 0.00000e+00 -6.19275e-06
-2.53060e+00 0.00000e+00 -4.57275e-06
-2.59182e+00 0.00000e+00 -4.87814e-06
-2.65304e+00 0.00000e+00 -5.09787e-06
-2.71427e+00 0.00000e+00 -5.24449e-06
-2.77549e+00 0.00000e+00 -5.32874e-06
-2.83672e+00 0.00000e+00 -5.35982e-06
-2.89794e+00 0.00000e+00 -5.34562e-06
-2.95916e+00 0.00000e+00 -5.29289e-06
-3.02039e+00 0.00000e+00 -5.20738e-06
-3.08161e+00 0.00000e+00 -5.09405e-06
-3.14284e+00 0.00000e+00 -4.95710e-06
-3.20406e+00 0.00000e+00 -4.80012e-06
-3.26528e+00 0.00000e+00 -4.64100e-06
-3.32651e+00 0.00000e+00 -4.48219e-06
-3.38773e+00 0.00000e+00 -4.26198e-06
-3.44896e+00 0.00000e+00 -3.98802e-06
-3.51018e+00 0.00000e+00 -3.66706e-06
-3.57140e+00 0.00000e+00 -3.30510e-06
-3.63263e+00 0.00000e+00 -2.90742e-06
-3.69385e+00 0.00000e+00 -2.47872e-06
-3.75507e+00 0.00000e+00 -2.02317e-06
-3.81630e+00 0.00000e+00 -1.54445e-06
-3.87752e+00 0.00000e+00 -1.04584e-06
-3.93875e+00 0.00000e+00 -5.30251e-07
-3.99997e+00 0.00000e+00 -2.62841e-10
-9.88237e-01 2.78398e-02 3.09612e-04
-1.05003e+00 2.92779e-02 2.49106e-04
-1.11179e+00 3.09015e-02 1.95718e-04
-1.17350e+00 3.27102e-02 1.49099e-04
-1.23518e+00 3.47038e-02 1.08771e-04
-1.29681e+00 3.68822e-02 7.41905e-05
-1.35842e+00 3.92452e-02 4.47826e-05
-1.41998e+00 4.17927e-02 1.99775e-05
-1.48152e+00 4.45244e-02 -7.69907e-07
-1.54303e+00 4.74402e-02 -1.79658e-05
-1.60451e+00 5.05401e-02 -3.20702e-05
-1.66597e+00 5.38237e-02 -4.34945e-05
-1.72740e+00 5.72912e-02 -5.26015e-05
-1.78901e+00 6.09850e-02 5.74424e-05
-1.85066e+00 6.48789e-02 4.53653e-05
-1.91227e+00 6.89589e-02 3.55828e-05
-1.97385e+00 7.32250e-02 2.77815e-05
-2.03540e+00 7.76771e-02 2.16877e-05
-2.09692e+00 8.23152e-02 1.70632e-05
-2.15842e+00 8.71391e-02 1.37014e-05
-2.21989e+00 9.21490e-02 1.14233e-05
-2.28134e+00 9.73447e-02 1.00742e-05
-2.34277e+00 1.02726e-01 9.52047e-06
-2.40418e+00 1.08294e-01 9.64697e-06
-2.46557e+00 1.14047e-01 1.03544e-05
-2.52703e+00 1.20017e-01 1.17796e-05
-2.58856e+00 1.26201e-01 1.09933e-05
-2.65006e+00 1.32571e-01 1.02916e-05
-2.71154e+00 1.39125e-01 9.66478e-06
-2.77300e+00 1.45864e-01 9.10418e-06
-2.83443e+00 1.52789e-01 8.60240e-06
-2.89584e+00 1.59899e-01 8.15298e-06
-2.95724e+00 1.67194e-01 7.75027e-06
-3.01862e+00 1.74674e-01 7.38938e-06
-3.07998e+00 1.82340e-01 7.06603e-06
-3.14133e+00 1.90192e-01 6.77651e-06
-3.20268e+00 1.98229e-01 6.51758e-06
-3.26403e+00 2.06463e-01 7.11651e-06
-3.32544e+00 2.14911e-01 6.10004e-06
-3.38682e+00 2.23540e-01 5.17910e-06
-3.44819e+00 2.32351e-01 4.34497e-06
-3.50954e+00 2.41343e-01 3.58981e-06
-3.57088e+00 2.50518e-01 2.90657e-06
-3.63220e+00 2.59875e-01 2.28889e-06
-3.69351e+00 2.69414e-01 1.73102e-06
-3.75481e+00 2.79137e-01 1.22779e-06
-3.81611e+00 2.89042e-01 7.74494e-07
-3.87740e+00 2.99130e-01 3.66894e-07
-3.93869e+00 3.09402e-01 1.13901e-09
-3.99997e+00 3.19858e-01 -3.26264e-07
-9.75984e-01 5.57237e-02 6.21528e-04
-1.03826e+00 5.86306e-02 5.16717e-04
-1.10046e+00 6.18973e-02 4.22209e-04
-1.16258e+00 6.55230e-02 3.37648e-04
-1.22462e+00 6.95071e-02 2.62483e-04
-1.28660e+00 7.38487e-02 1.96040e-04
-1.34851e+00 7.85472e-02 1.37580e-04
-1.41036e+00 8.36019e-02 8.63500e-05
-1.47215e+00 8.90123e-02 4.16077e-05
-1.53389e+00 9.47779e-02 2.64872e-06
-1.59557e+00 1.00898e-01 -3.11822e-05
-1.65721e+00 1.07372e-01 -6.04839e-05
-1.71881e+00 1.14201e-01 -8.57964e-05
-1.78077e+00 1.21475e-01 7.90964e-05
-1.84279e+00 1.29139e-01 6.81363e-05
-1.90476e+00 1.37161e-01 5.89488e-05
-1.96666e+00 1.45541e-01 5.13072e-05
-2.02851e+00 1.54278e-01 4.50123e-05
-2.09031e+00 1.63373e-01 3.98899e-05
-2.15206e+00 1.72826e-01 3.57877e-05
-2.21376e+00 1.82635e-01 3.25730e-05
-2.27543e+00 1.92803e-01 3.01303e-05
-2.33705e+00 2.03327e-01 2.83589e-05
-2.39865e+00 2.14209e-01 2.71716e-05
-2.46021e+00 2.25448e-01 2.64922e-05
-2.52193e+00 2.37110e-01 2.75274e-05
-2.58377e+00 2.49192e-01 2.62896e-05
-2.64557e+00 2.61630e-01 2.51307e-05
-2.70732e+00 2.74423e-01 2.40439e-05
-2.76903e+00 2.87572e-01 2.30230e-05
-2.83070e+00 3.01077e-01 2.20627e-05
-2.89234e+00 3.14939e-01 2.11582e-05
-2.95394e+00 3.29158e-01 2.03053e-05
-3.01552e+00 3.43734e-01 1.95003e-05
-3.07708e+00 3.58668e-01 1.87398e-05
-3.13861e+00 3.73960e-01 1.80208e-05
-3.20013e+00 3.89611e-01 1.73407e-05
-3.26168e+00 4.05644e-01 1.80284e-05
-3.32333e+00 4.22097e-01 1.60699e-05
-3.38495e+00 4.38901e-01 1.42208e-05
-3.44654e+00 4.56055e-01 1.24727e-05
-3.50809e+00 4.73562e-01 1.08178e-05
-3.56963e+00 4.91421e-01 9.24903e-06
-3.63114e+00 5.09634e-01 7.76002e-06
-3.69263e+00 5.28201e-01 6.34495e-06
-3.75411e+00 5.47124e-01 4.99848e-06
-3.81559e+00 5.66403e-01 3.71576e-06
-3.87705e+00 5.86040e-01 2.49234e-06
-3.93851e+00 6.06035e-01 1.32415e-06
-3.99997e+00 6.26390e-01 2.07464e-07
-9.63240e-01 8.36112e-02 8.74791e-04
-1.02590e+00 8.80178e-02 7.33995e-04
-1.08845e+00 9.29474e-02 6.07146e-04
-1.15089e+00 9.83982e-02 4.93511e-04
-1.21323e+00 1.04368e-01 3.92178e-04
-1.27547e+00 1.10857e-01 3.02137e-04
-1.33761e+00 1.17862e-01 2.22343e-04
-1.39968e+00 1.25382e-01 1.51765e-04
-1.46166e+00 1.33416e-01 8.94169e-05
-1.52356e+00 1.41963e-01 3.43759e-05
-1.58540e+00 1.51022e-01 -1.42046e-05
-1.64718e+00 1.60592e-01 -5.70920e-05
-1.70890e+00 1.70672e-01 -9.49739e-05
-1.77115e+00 1.81413e-01 9.80986e-05
-1.83351e+00 1.92721e-01 8.85069e-05
-1.89579e+00 2.04544e-01 8.01633e-05
-1.95799e+00 2.16884e-01 7.29220e-05
-2.02011e+00 2.29739e-01 6.66540e-05
-2.08216e+00 2.43109e-01 6.12457e-05
-2.14415e+00 2.56993e-01 5.65973e-05
-2.20608e+00 2.71393e-01 5.26207e-05
-2.26795e+00 2.86306e-01 4.92389e-05
-2.32977e+00 3.01735e-01 4.63842e-05
-2.39156e+00 3.17678e-01 4.39972e-05
-2.45330e+00 3.34136e-01 4.20258e-05
-2.51527e+00 3.51214e-01 4.25266e-05
-2.57744e+00 3.68909e-01 4.08658e-05
-2.63955e+00 3.87115e-01 3.92741e-05
-2.70159e+00 4.05834e-01 3.77478e-05
-2.76358e+00 4.25065e-01 3.62834e-05
-2.82552e+00 4.44809e-01 3.48779e-05
-2.88742e+00 4.65068e-01 3.35283e-05
-2.94928e+00 4.85842e-01 3.22321e-05
-3.01110e+00 5.07132e-01 3.09867e-05
-3.07290e+00 5.28939e-01 2.97902e-05
-3.13467e+00 5.51265e-01 2.86403e-05
-3.19642e+00 5.74110e-01 2.75352e-05
-3.25823e+00 5.97512e-01 2.79710e-05
-3.32019e+00 6.21532e-01 2.53056e-05
-3.38211e+00 6.46059e-01 2.27434e-05
-3.44399e+00 6.71094e-01 2.02772e-05
-3.50584e+00 6.96639e-01 1.79002e-05
-3.56765e+00 7.22696e-01 1.56065e-05
-3.62944e+00 7.49266e-01 1.33904e-05
-3.69122e+00 7.76353e-01 1.12470e-05
-3.75297e+00 8.03957e-01 9.17141e-06
-3.81472e+00 8.32080e-01 7.15948e-06
-3.87647e+00 8.60726e-01 5.20723e-06
-3.93822e+00 8.89897e-01 3.31104e-06
-3.99997e+00 9.19594e-01 1.46757e-06
-9.50011e-01 1.11460e-01 1.06937e-03
-1.01296e+00 1.17398e-01 9.01116e-04
-1.07577e+00 1.24010e-01 7.50762e-04
-1.13844e+00 1.31293e-01 6.16877e-04
-1.20098e+00 1.39245e-01 4.97947e-04
-1.26340e+00 1.47863e-01 3.92453e-04
-1.32571e+00 1.57144e-01 2.98927e-04
-1.38792e+00 1.67086e-01 2.15990e-04
-1.45003e+00 1.77687e-01 1.42369e-04
-1.51205e+00 1.88946e-01 7.69085e-05
-1.57398e+00 2.00860e-01 1.85735e-05
-1.63585e+00 2.13429e-01 -3.35564e-05
-1.69764e+00 2.26649e-01 -8.02928e-05
-1.76015e+00 2.40740e-01 1.14552e-04
-1.82281e+00 2.55564e-01 1.06529e-04
-1.88537e+00 2.71048e-01 9.92314e-05
-1.94782e+00 2.87192e-01 9.25904e-05
-2.01019e+00 3.03995e-01 8.65423e-05
-2.07247e+00 3.21457e-01 8.10310e-05
-2.13468e+00 3.39577e-01 7.60059e-05
-2.19682e+00 3.58354e-01 7.14223e-05
-2.25889e+00 3.77790e-01 6.72402e-05
-2.32091e+00 3.97884e-01 6.34239e-05
-2.38289e+00 4.18636e-01 5.99417e-05
-2.44482e+00 4.40046e-01 5.67652e-05
-2.50706e+00 4.62266e-01 5.66437e-05
-2.56957e+00 4.85289e-01 5.45864e-05
-2.63200e+00 5.08966e-01 5.25851e-05
-2.69436e+00 5.33298e-01 5.06392e-05
-2.75666e+00 5.58286e-01 4.87479e-05
-2.81890e+00 5.83931e-01 4.69106e-05
-2.88109e+00 6.10234e-01 4.51263e-05
-2.94324e+00 6.37198e-01 4.33941e-05
-3.00535e+00 6.64824e-01 4.17132e-05
-3.06744e+00 6.93114e-01 4.00825e-05
-3.12950e+00 7.22069e-01 3.85012e-05
-3.19155e+00 7.51692e-01 3.69683e-05
-3.25368e+00 7.82035e-01 3.68265e-05
-3.31602e+00 8.13187e-01 3.36873e-05
-3.37831e+00 8.44989e-01 3.06252e-05
-3.44056e+00 8.77445e-01 2.76350e-05
-3.50277e+00 9.10557e-01 2.47119e-05
-3.56496e+00 9.44328e-01 2.18516e-05
-3.62711e+00 9.78762e-01 1.90501e-05
-3.68926e+00 1.01386e+00 1.63037e-05
-3.75139e+00 1.04963e+00 1.36091e-05
-3.81352e+00 1.08607e+00 1.09632e-05
-3.87566e+00 1.12319e+00 8.36323e-06
-3.93780e+00 1.16099e+00 5.80649e-06
-3.99997e+00 1.19947e+00 3.29060e-06
-9.36299e-01 1.39225e-01 1.20494e-03
-9.99433e-01 1.46727e-01 1.01807e-03
-1.06240e+00 1.55041e-01 8.53204e-04
-1.12521e+00 1.64164e-01 7.07922e-04
-1.18787e+00 1.74092e-01 5.79911e-04
-1.25040e+00 1.84820e-01 4.67010e-04
-1.31280e+00 1.96346e-01 3.67240e-04
-1.37508e+00 2.08665e-01 2.78820e-04
-1.43725e+00 2.21775e-01 2.00166e-04
-1.49932e+00 2.35674e-01 1.29884e-04
-1.56130e+00 2.50358e-01 6.67537e-05
-1.62320e+00 2.65826e-01 9.71830e-06
-1.68503e+00 2.82075e-01 -4.21367e-05
-1.74775e+00 2.99397e-01 1.28591e-04
-1.81067e+00 3.17608e-01 1.22285e-04
-1.87346e+00 3.36610e-01 1.16190e-04
-1.93615e+00 3.56402e-01 1.10308e-04
-1.99873e+00 3.76983e-01 1.04637e-04
-2.06123e+00 3.98353e-01 9.91734e-05
-2.12364e+00 4.20510e-01 9.39144e-05
-2.18598e+00 4.43456e-01 8.88557e-05
-2.24825e+00 4.67189e-01 8.39926e-05
-2.31046e+00 4.91709e-01 7.93205e-05
-2.37263e+00 5.17018e-01 7.48343e-05
-2.43476e+00 5.43116e-01 7.05290e-05
-2.49728e+00 5.70202e-01 6.97579e-05
-2.56013e+00 5.98271e-01 6.73274e-05
-2.62291e+00 6.27123e-01 6.49373e-05
-2.68561e+00 6.56759e-01 6.25900e-05
-2.74824e+00 6.87180e-01 6.02873e-05
-2.81081e+00 7.18390e-01 5.80309e-05
-2.87333e+00 7.50389e-01 5.58219e-05
-2.93582e+00 7.83180e-01 5.36610e-05
-2.99827e+00 8.16766e-01 5.15490e-05
-3.06070e+00 8.51150e-01 4.94863e-05
-3.12311e+00 8.86334e-01 4.74729e-05
-3.18551e+00 9.22322e-01 4.55091e-05
-3.24802e+00 9.59184e-01 4.44838e-05
-3.31081e+00 9.97036e-01 4.10979e-05
-3.37355e+00 1.03567e+00 3.77435e-05
-3.43624e+00 1.07509e+00 3.44181e-05
-3.49890e+00 1.11530e+00 3.11195e-05
-3.56153e+00 1.15631e+00 2.78455e-05
-3.62415e+00 1.19811e+00 2.45943e-05
-3.68676e+00 1.24072e+00 2.13642e-05
-3.74937e+00 1.28414e+00 1.81536e-05
-3.81199e+00 1.32837e+00 1.49611e-05
-3.87462e+00 1.37343e+00 1.17856e-05
-3.93728e+00 1.41931e+00 8.62582e-06
-3.99997e+00 1.46602e+00 5.48076e-06
-9.22112e-01 1.66860e-01 1.28087e-03
-9.85323e-01 1.75959e-01 1.08469e-03
-1.04835e+00 1.85996e-01 9.14543e-04
-1.11121e+00 1.96966e-01 7.66807e-04
-1.17390e+00 2.08863e-01 6.38218e-04
-1.23645e+00 2.21682e-01 5.25874e-04
-1.29886e+00 2.35419e-01 4.27230e-04
-1.36114e+00 2.50069e-01 3.40076e-04
-1.42331e+00 2.65629e-01 2.62507e-04
-1.48537e+00 2.82094e-01 1.92893e-04
-1.54735e+00 2.99462e-01 1.29843e-04
-1.60924e+00 3.17728e-01 7.21808e-05
-1.67106e+00 3.36892e-01 1.89101e-05
-1.73394e+00 3.57326e-01 1.40377e-04
-1.79707e+00 3.78794e-01 1.35887e-04
-1.86007e+00 4.01170e-01 1.31107e-04
-1.92295e+00 4.24452e-01 1.26101e-04
-1.98573e+00 4.48641e-01 1.20926e-04
-2.04841e+00 4.73734e-01 1.15628e-04
-2.11101e+00 4.99731e-01 1.10249e-04
-2.17354e+00 5.26632e-01 1.04821e-04
-2.23600e+00 5.54438e-01 9.93750e-05
-2.29841e+00 5.83147e-01 9.39340e-05
-2.36078e+00 6.12762e-01 8.85188e-05
-2.42311e+00 6.43282e-01 8.31469e-05
-2.48592e+00 6.74963e-01 8.17622e-05
-2.54914e+00 7.07797e-01 7.89780e-05
-2.61227e+00 7.41529e-01 7.62167e-05
-2.67533e+00 7.76161e-01 7.34835e-05
-2.73832e+00 8.11695e-01 7.07827e-05
-2.80126e+00 8.48135e-01 6.81182e-05
-2.86416e+00 8.85483e-01 6.54928e-05
-2.92701e+00 9.23742e-01 6.29093e-05
-2.98985e+00 9.62917e-01 6.03698e-05
-3.05267e+00 1.00301e+00 5.78758e-05
-3.11548e+00 1.04403e+00 5.54289e-05
-3.17830e+00 1.08597e+00 5.30302e-05
-3.24126e+00 1.12893e+00 5.08388e-05
-3.30456e+00 1.17305e+00 4.74230e-05
-3.36781e+00 1.21808e+00 4.39745e-05
-3.43103e+00 1.26401e+00 4.04938e-05
-3.49421e+00 1.31086e+00 3.69814e-05
-3.55739e+00 1.35862e+00 3.34377e-05
-3.62055e+00 1.40731e+00 2.98633e-05
-3.68372e+00 1.45692e+00 2.62589e-05
-3.74690e+00 1.50748e+00 2.26250e-05
-3.81011e+00 1.55898e+00 1.89622e-05
-3.87335e+00 1.61144e+00 1.52711e-05
-3.93663e+00 1.66486e+00 1.15525e-05
-3.99997e+00 1.71924e+00 7.80674e-06
-9.08167e-01 1.93016e-01 1.46292e-03
-9.71323e-01 2.03744e-01 1.25898e-03
-1.03429e+00 2.15522e-01 1.07962e-03
-1.09707e+00 2.28341e-01 9.21472e-04
-1.15968e+00 2.42194e-01 7.81555e-04
-1.22214e+00 2.57077e-01 6.57257e-04
-1.28446e+00 2.72981e-01 5.46309e-04
-1.34665e+00 2.89904e-01 4.46750e-04
-1.40873e+00 3.07838e-01 3.56891e-04
-1.47070e+00 3.26780e-01 2.75287e-04
-1.53259e+00 3.46725e-01 2.00704e-04
-1.59439e+00 3.67671e-01 1.32085e-04
-1.65613e+00 3.89613e-01 6.85317e-05
-1.71911e+00 4.13056e-01 1.60809e-04
-1.78238e+00 4.37678e-01 1.59563e-04
-1.84553e+00 4.63311e-01 1.56917e-04
-1.90856e+00 4.89953e-01 1.53139e-04
-1.97148e+00 5.17603e-01 1.48454e-04
-2.03431e+00 5.46261e-01 1.43055e-04
-2.09707e+00 5.75924e-01 1.37103e-04
-2.15975e+00 6.06594e-01 1.30736e-04
-2.22238e+00 6.38271e-01 1.24068e-04
-2.28496e+00 6.70955e-01 1.17198e-04
-2.34751e+00 7.04646e-01 1.10209e-04
-2.41004e+00 7.39347e-01 1.03169e-04
-2.47313e+00 7.75396e-01 1.03639e-04
-2.53671e+00 8.12782e-01 1.00440e-04
-2.60021e+00 8.51166e-01 9.72143e-05
-2.66364e+00 8.90551e-01 9.39699e-05
-2.72701e+00 9.30939e-01 9.07150e-05
-2.79033e+00 9.72336e-01 8.74564e-05
-2.85362e+00 1.01474e+00 8.42002e-05
-2.91689e+00 1.05817e+00 8.09515e-05
-2.98015e+00 1.10261e+00 7.77147e-05
-3.04340e+00 1.14808e+00 7.44937e-05
-3.10667e+00 1.19458e+00 7.12920e-05
-3.16996e+00 1.24212e+00 6.81123e-05
-3.23342e+00 1.29081e+00 6.36162e-05
-3.29729e+00 1.34085e+00 6.07359e-05
-3.36112e+00 1.39190e+00 5.72893e-05
-3.42493e+00 1.44395e+00 5.33155e-05
-3.48873e+00 1.49702e+00 4.88497e-05
-3.55252e+00 1.55111e+00 4.39242e-05
-3.61633e+00 1.60623e+00 3.85683e-05
-3.68015e+00 1.66239e+00 3.28087e-05
-3.74400e+00 1.71960e+00 2.66700e-05
-3.80790e+00 1.77787e+00 2.01745e-05
-3.87185e+00 1.83721e+00 1.33428e-05
-3.93587e+00 1.89763e+00 6.19364e-06
-3.99997e+00 1.95914e+00 -1.25552e-06
-8.93832e-01 2.18936e-01 1.55819e-03
-9.56826e-01 2.31325e-01 1.35365e-03
-1.01962e+00 2.44861e-01 1.17363e-03
-1.08223e+00 2.59534e-01 1.01459e-03
-1.14468e+00 2.75337e-01 8.73479e-04
-1.20697e+00 2.92261e-01 7.47650e-04
-1.26912e+00 3.10300e-01 6.34849e-04
-1.33115e+00 3.29448e-01 5.33148e-04
-1.39307e+00 3.49697e-01 4.40905e-04
-1.45489e+00 3.71044e-01 3.56720e-04
-1.51663e+00 3.93483e-01 2.79405e-04
-1.57830e+00 4.17010e-01 2.07946e-04
-1.63992e+00 4.41620e-01 1.41484e-04
-1.70294e+00 4.67953e-01 2.07111e-04
-1.76631e+00 4.95601e-01 2.02588e-04
-1.82956e+00 5.24349e-01 1.96900e-04
-1.89270e+00 5.54196e-01 1.90290e-04
-1.95574e+00 5.85140e-01 1.82963e-04
-2.01870e+00 6.17180e-01 1.75091e-04
-2.08158e+00 6.50317e-01 1.66819e-04
-2.14441e+00 6.84549e-01 1.58269e-04
-2.20720e+00 7.19877e-01 1.49544e-04
-2.26995e+00 7.56302e-01 1.40730e-04
-2.33269e+00 7.93825e-01 1.31899e-04
-2.39542e+00 8.32448e-01 1.23113e-04
-2.45880e+00 8.72596e-01 1.25010e-04
-2.52275e+00 9.14255e-01 1.21072e-04
-2.58663e+00 9.56999e-01 1.17080e-04
-2.65045e+00 1.00083e+00 1.13046e-04
-2.71422e+00 1.04576e+00 1.08985e-04
-2.77796e+00 1.09178e+00 1.04905e-04
-2.84168e+00 1.13890e+00 1.00818e-04
-2.90540e+00 1.18714e+00 9.67292e-05
-2.96912e+00 1.23648e+00 9.26472e-05
-3.03286e+00 1.28695e+00 8.85778e-05
-3.09663e+00 1.33854e+00 8.45262e-05
-3.16045e+00 1.39127e+00 8.04969e-05
-3.22448e+00 1.44528e+00 7.34914e-05
-3.28899e+00 1.50081e+00 7.03161e-05
-3.35348e+00 1.55743e+00 6.65207e-05
-3.41795e+00 1.61515e+00 6.21444e-05
-3.48244e+00 1.67397e+00 5.72225e-05
-3.54694e+00 1.73392e+00 5.17874e-05
-3.61146e+00 1.79499e+00 4.58685e-05
-3.67603e+00 1.85719e+00 3.94925e-05
-3.74066e+00 1.92055e+00 3.26840e-05
-3.80535e+00 1.98507e+00 2.54654e-05
-3.87013e+00 2.05076e+00 1.78573e-05
-3.93499e+00 2.11763e+00 9.87851e-06
-3.99997e+00 2.18570e+00 1.54627e-06
-8.79013e-01 2.44776e-01 1.64080e-03
-9.41739e-01 2.58857e-01 1.43595e-03
-1.00427e+00 2.74169e-01 1.25579e-03
-1.06662e+00 2.90702e-01 1.09654e-03
-1.12880e+00 3.08445e-01 9.55007e-04
-1.19085e+00 3.27392e-01 8.28502e-04
-1.25276e+00 3.47532e-01 7.14748e-04
-1.31455e+00 3.68859e-01 6.11828e-04
-1.37625e+00 3.91366e-01 5.18122e-04
-1.43786e+00 4.15046e-01 4.32262e-04
-1.49941e+00 4.39895e-01 3.53091e-04
-1.56090e+00 4.65907e-01 2.79630e-04
-1.62235e+00 4.93078e-01 2.11048e-04
-1.68537e+00 5.22181e-01 2.52433e-04
-1.74880e+00 5.52720e-01 2.44676e-04
-1.81212e+00 5.84437e-01 2.35993e-04
-1.87533e+00 6.17329e-01 2.26600e-04
-1.93846e+00 6.51394e-01 2.16680e-04
-2.00152e+00 6.86633e-01 2.06385e-04
-2.06453e+00 7.23043e-01 1.95842e-04
-2.12749e+00 7.60627e-01 1.85158e-04
-2.19043e+00 7.99384e-01 1.74422e-04
-2.25335e+00 8.39315e-01 1.63708e-04
-2.31628e+00 8.80422e-01 1.53078e-04
-2.37922e+00 9.22708e-01 1.42586e-04
-2.44290e+00 9.66681e-01 1.45210e-04
-2.50723e+00 1.01232e+00 1.40486e-04
-2.57151e+00 1.05913e+00 1.35681e-04
-2.63574e+00 1.10709e+00 1.30814e-04
-2.69994e+00 1.15623e+00 1.25901e-04
-2.76413e+00 1.20654e+00 1.20956e-04
-2.82832e+00 1.25804e+00 1.15991e-04
-2.89253e+00 1.31072e+00 1.11017e-04
-2.95676e+00 1.36459e+00 1.06042e-04
-3.02104e+00 1.41967e+00 1.01074e-04
-3.08537e+00 1.47596e+00 9.61198e-05
-3.14977e+00 1.53347e+00 9.11859e-05
-3.21443e+00 1.59237e+00 8.18736e-05
-3.27965e+00 1.65296e+00 7.83478e-05
-3.34486e+00 1.71471e+00 7.41398e-05
-3.41009e+00 1.77764e+00 6.92882e-05
-3.47534e+00 1.84175e+00 6.38278e-05
-3.54063e+00 1.90706e+00 5.77902e-05
-3.60597e+00 1.97359e+00 5.12043e-05
-3.67138e+00 2.04134e+00 4.40962e-05
-3.73688e+00 2.11033e+00 3.64898e-05
-3.80247e+00 2.18057e+00 2.84067e-05
-3.86817e+00 2.25207e+00 1.98668e-05
-3.93400e+00 2.32486e+00 1.08881e-05
-3.99997e+00 2.39895e+00 1.48701e-06
-8.63723e-01 2.70491e-01 1.71016e-03
-9.26071e-01 2.86295e-01 1.50550e-03
-9.88231e-01 3.03402e-01 1.32583e-03
-1.05022e+00 3.21799e-01 1.16712e-03
-1.11206e+00 3.41475e-01 1.02600e-03
-1.17377e+00 3.62422e-01 8.99694e-04
-1.23536e+00 3.84629e-01 7.85882e-04
-1.29686e+00 4.08089e-01 6.82640e-04
-1.35827e+00 4.32793e-01 5.88357e-04
-1.41962e+00 4.58736e-01 5.01685e-04
-1.48091e+00 4.85910e-01 4.21489e-04
-1.54218e+00 5.14311e-01 3.46814e-04
-1.60342e+00 5.43933e-01 2.76852e-04
-1.66639e+00 5.75685e-01 2.96669e-04
-1.72984e+00 6.08981e-01 2.85726e-04
-1.79318e+00 6.43518e-01 2.74099e-04
-1.85645e+00 6.79295e-01 2.61978e-04
-1.91964e+00 7.16309e-01 2.49521e-04
-1.98278e+00 7.54560e-01 2.36859e-04
-2.04589e+00 7.94048e-01 2.24101e-04
-2.10898e+00 8.34773e-01 2.11338e-04
-2.17206e+00 8.76736e-01 1.98645e-04
-2.23515e+00 9.19939e-01 1.86085e-04
-2.29828e+00 9.64384e-01 1.73708e-04
-2.36144e+00 1.01007e+00 1.61558e-04
-2.42543e+00 1.05760e+00 1.64232e-04
-2.49015e+00 1.10694e+00 1.58671e-04
-2.55485e+00 1.15750e+00 1.53007e-04
-2.61951e+00 1.20930e+00 1.47260e-04
-2.68417e+00 1.26232e+00 1.41451e-04
-2.74885e+00 1.31659e+00 1.35595e-04
-2.81354e+00 1.37210e+00 1.29706e-04
-2.87828e+00 1.42887e+00 1.23797e-04
-2.94307e+00 1.48690e+00 1.17878e-04
-3.00793e+00 1.54621e+00 1.11959e-04
-3.07287e+00 1.60680e+00 1.06047e-04
-3.13792e+00 1.66868e+00 1.00149e-04
-3.20328e+00 1.73206e+00 8.87143e-05
-3.26927e+00 1.79727e+00 8.47633e-05
-3.33528e+00 1.86371e+00 8.00582e-05
-3.40133e+00 1.93139e+00 7.46361e-05
-3.46742e+00 2.00033e+00 6.85303e-05
-3.53359e+00 2.07054e+00 6.17708e-05
-3.59984e+00 2.14203e+00 5.43847e-05
-3.66619e+00 2.21483e+00 4.63966e-05
-3.73265e+00 2.28894e+00 3.78284e-05
-3.79925e+00 2.36438e+00 2.86999e-05
-3.86599e+00 2.44117e+00 1.90290e-05
-3.93289e+00 2.51932e+00 8.83179e-06
-3.99997e+00 2.59886e+00 -1.87745e-06
-8.47974e-01 2.96037e-01 1.76559e-03
-9.09832e-01 3.13596e-01 1.56181e-03
-9.71519e-01 3.32514e-01 1.38346e-03
-1.03306e+00 3.52780e-01 1.22615e-03
-1.09446e+00 3.74380e-01 1.08633e-03
-1.15575e+00 3.97305e-01 9.61118e-04
-1.21695e+00 4.21545e-01 8.48146e-04
-1.27807e+00 4.47089e-01 7.45465e-04
-1.33913e+00 4.73931e-01 6.51463e-04
-1.40015e+00 5.02062e-01 5.64803e-04
-1.46115e+00 5.31477e-01 4.84367e-04
-1.52214e+00 5.62168e-01 4.09219e-04
-1.58313e+00 5.94133e-01 3.38572e-04
-1.64601e+00 6.28410e-01 3.39736e-04
-1.70943e+00 6.64328e-01 3.25659e-04
-1.77276e+00 7.01538e-01 3.11145e-04
-1.83604e+00 7.40039e-01 2.96355e-04
-1.89927e+00 7.79829e-01 2.81423e-04
-1.96247e+00 8.20908e-01 2.66458e-04
-2.02567e+00 8.63275e-01 2.51548e-04
-2.08887e+00 9.06932e-01 2.36769e-04
-2.15209e+00 9.51880e-01 2.22182e-04
-2.21536e+00 9.98121e-01 2.07835e-04
-2.27868e+00 1.04566e+00 1.93769e-04
-2.34207e+00 1.09450e+00 1.80017e-04
-2.40638e+00 1.14530e+00 1.82088e-04
-2.47151e+00 1.19806e+00 1.75640e-04
-2.53664e+00 1.25208e+00 1.69068e-04
-2.60176e+00 1.30739e+00 1.62395e-04
-2.66691e+00 1.36398e+00 1.55641e-04
-2.73209e+00 1.42187e+00 1.48826e-04
-2.79733e+00 1.48106e+00 1.41965e-04
-2.86264e+00 1.54156e+00 1.35070e-04
-2.92804e+00 1.60338e+00 1.28155e-04
-2.99354e+00 1.66654e+00 1.21227e-04
-3.05915e+00 1.73104e+00 1.14297e-04
-3.12491e+00 1.79690e+00 1.07371e-04
-3.19103e+00 1.86433e+00 9.39720e-05
-3.25785e+00 1.93374e+00 8.94988e-05
-3.32473e+00 2.00442e+00 8.41877e-05
-3.39168e+00 2.07641e+00 7.80730e-05
-3.45870e+00 2.14970e+00 7.11852e-05
-3.52583e+00 2.22433e+00 6.35512e-05
-3.59308e+00 2.30031e+00 5.51950e-05
-3.66046e+00 2.37765e+00 4.61376e-05
-3.72799e+00 2.45637e+00 3.63977e-05
-3.79569e+00 2.53649e+00 2.59914e-05
-3.86357e+00 2.61803e+00 1.49326e-05
-3.93166e+00 2.70101e+00 3.23351e-06
-3.99997e+00 2.78544e+00 -9.09587e-06
-8.31782e-01 3.21368e-01 1.80634e-03
-8.93035e-01 3.40713e-01 1.60440e-03
-9.54143e-01 3.61460e-01 1.42832e-03
-1.01512e+00 3.83598e-01 1.27339e-03
-1.07600e+00 4.07113e-01 1.13585e-03
-1.13679e+00 4.31994e-01 1.01268e-03
-1.19752e+00 4.58229e-01 9.01455e-04
-1.25819e+00 4.85810e-01 8.00211e-04
-1.31884e+00 5.14728e-01 7.07325e-04
-1.37947e+00 5.44975e-01 6.21468e-04
-1.44011e+00 5.76543e-01 5.41537e-04
-1.50078e+00 6.09428e-01 4.66612e-04
-1.56148e+00 6.43624e-01 3.95924e-04
-1.62422e+00 6.80305e-01 3.81573e-04
-1.68756e+00 7.18708e-01 3.64418e-04
-1.75085e+00 7.58443e-01 3.47079e-04
-1.81411e+00 7.99507e-01 3.29687e-04
-1.87735e+00 8.41900e-01 3.12347e-04
-1.94060e+00 8.85621e-01 2.95147e-04
-2.00386e+00 9.30671e-01 2.78155e-04
-2.06717e+00 9.77051e-01 2.61430e-04
-2.13053e+00 1.02476e+00 2.45015e-04
-2.19396e+00 1.07381e+00 2.28948e-04
-2.25749e+00 1.12419e+00 2.13257e-04
-2.32112e+00 1.17592e+00 1.97966e-04
-2.38576e+00 1.22974e+00 1.98811e-04
-2.45131e+00 1.28562e+00 1.91424e-04
-2.51688e+00 1.34282e+00 1.83894e-04
-2.58249e+00 1.40133e+00 1.76246e-04
-2.64815e+00 1.46117e+00 1.68500e-04
-2.71388e+00 1.52235e+00 1.60677e-04
-2.77970e+00 1.58487e+00 1.52791e-04
-2.84562e+00 1.64875e+00 1.44858e-04
-2.91167e+00 1.71400e+00 1.36887e-04
-2.97786e+00 1.78063e+00 1.28890e-04
-3.04421e+00 1.84865e+00 1.20874e-04
-3.11073e+00 1.91808e+00 1.12846e-04
-3.17767e+00 1.98917e+00 9.76084e-05
-3.24540e+00 2.06233e+00 9.24898e-05
-3.31322e+00 2.13683e+00 8.64347e-05
-3.38114e+00 2.21266e+00 7.94727e-05
-3.44917e+00 2.28986e+00 7.16295e-05
-3.51735e+00 2.36844e+00 6.29268e-05
-3.58568e+00 2.44841e+00 5.33833e-05
-3.65419e+00 2.52980e+00 4.30143e-05
-3.72288e+00 2.61262e+00 3.18323e-05
-3.79179e+00 2.69690e+00 1.98470e-05
-3.86093e+00 2.78266e+00 7.06552e-06
-3.93031e+00 2.86992e+00 -6.50733e-06
-3.99997e+00 2.95870e+00 -2.08692e-05
-8.15643e-01 3.45729e-01 1.85342e-03
-8.76171e-01 3.66885e-01 1.65440e-03
-9.36586e-01 3.89475e-01 1.48102e-03
-9.96907e-01 4.13485e-01 1.32840e-03
-1.05716e+00 4.38900e-01 1.19279e-03
-1.11735e+00 4.65709e-01 1.07120e-03
-1.17751e+00 4.93901e-01 9.61271e-04
-1.23766e+00 5.23466e-01 8.61098e-04
-1.29782e+00 5.54395e-01 7.69136e-04
-1.35799e+00 5.86681e-01 6.84121e-04
-1.41821e+00 6.20315e-01 6.05009e-04
-1.47849e+00 6.55293e-01 5.30932e-04
-1.53885e+00 6.91608e-01 4.61165e-04
-1.60138e+00 7.30584e-01 4.35304e-04
-1.66458e+00 7.71357e-01 4.13780e-04
-1.72777e+00 8.13488e-01 3.92517e-04
-1.79096e+00 8.56975e-01 3.71587e-04
-1.85416e+00 9.01818e-01 3.51041e-04
-1.91741e+00 9.48015e-01 3.30921e-04
-1.98072e+00 9.95570e-01 3.11257e-04
-2.04410e+00 1.04448e+00 2.92071e-04
-2.10757e+00 1.09476e+00 2.73380e-04
-2.17116e+00 1.14640e+00 2.55194e-04
-2.23488e+00 1.19940e+00 2.37520e-04
-2.29874e+00 1.25378e+00 2.20360e-04
-2.36371e+00 1.31037e+00 2.19367e-04
-2.42968e+00 1.36913e+00 2.10459e-04
-2.49571e+00 1.42923e+00 2.01441e-04
-2.56180e+00 1.49068e+00 1.92337e-04
-2.62799e+00 1.55348e+00 1.83168e-04
-2.69429e+00 1.61765e+00 1.73952e-04
-2.76072e+00 1.68319e+00 1.64706e-04
-2.82729e+00 1.75013e+00 1.55440e-04
-2.89402e+00 1.81847e+00 1.46166e-04
-2.96094e+00 1.88822e+00 1.36892e-04
-3.02807e+00 1.95940e+00 1.27625e-04
-3.09541e+00 2.03202e+00 1.18371e-04
-3.16323e+00 2.10636e+00 1.02685e-04
-3.23193e+00 2.18290e+00 9.46582e-05
-3.30075e+00 2.26079e+00 8.63817e-05
-3.36972e+00 2.34005e+00 7.78602e-05
-3.43884e+00 2.42071e+00 6.90964e-05
-3.50815e+00 2.50278e+00 6.00916e-05
-3.57765e+00 2.58628e+00 5.08460e-05
-3.64738e+00 2.67124e+00 4.13583e-05
-3.71734e+00 2.75767e+00 3.16262e-05
-3.78756e+00 2.84560e+00 2.16462e-05
-3.85806e+00 2.93506e+00 1.14135e-05
-3.92885e+00 3.02606e+00 9.22459e-07
-3.99997e+00 3.11863e+00 -9.83390e-06
-7.99193e-01 3.69706e-01 1.88689e-03
-8.58882e-01 3.92703e-01 1.69127e-03
-9.18496e-01 4.17149e-01 1.52101e-03
-9.78057e-01 4.43031e-01 1.37116e-03
-1.03758e+00 4.70335e-01 1.23794e-03
-1.09710e+00 4.99049e-01 1.11843e-03
-1.15662e+00 5.29161e-01 1.01028e-03
-1.21617e+00 5.60662e-01 9.11659e-04
-1.27576e+00 5.93541e-01 8.21063e-04
-1.33542e+00 6.27793e-01 7.37276e-04
-1.39516e+00 6.63409e-01 6.59293e-04
-1.45500e+00 7.00383e-01 5.86284e-04
-1.51497e+00 7.38712e-01 5.17553e-04
-1.57724e+00 7.79863e-01 4.82716e-04
-1.64025e+00 8.22874e-01 4.57232e-04
-1.70329e+00 8.67258e-01 4.32402e-04
-1.76637e+00 9.13011e-01 4.08245e-04
-1.82952e+00 9.60135e-01 3.84775e-04
-1.89274e+00 1.00863e+00 3.61996e-04
-1.95606e+00 1.05850e+00 3.39908e-04
-2.01951e+00 1.10974e+00 3.18508e-04
-2.08309e+00 1.16236e+00 2.97788e-04
-2.14682e+00 1.21637e+00 2.77740e-04
-2.21073e+00 1.27176e+00 2.58352e-04
-2.27483e+00 1.32854e+00 2.39613e-04
-2.34013e+00 1.38764e+00 2.36858e-04
-2.40653e+00 1.44900e+00 2.26576e-04
-2.47302e+00 1.51171e+00 2.16257e-04
-2.53963e+00 1.57579e+00 2.05918e-04
-2.60637e+00 1.64124e+00 1.95574e-04
-2.67327e+00 1.70808e+00 1.85235e-04
-2.74033e+00 1.77631e+00 1.74912e-04
-2.80759e+00 1.84595e+00 1.64612e-04
-2.87506e+00 1.91701e+00 1.54340e-04
-2.94276e+00 1.98951e+00 1.44099e-04
-3.01071e+00 2.06347e+00 1.33893e-04
-3.07893e+00 2.13889e+00 1.23721e-04
-3.14769e+00 2.21609e+00 1.08831e-04
-3.21743e+00 2.29557e+00 1.00275e-04
-3.28733e+00 2.37642e+00 9.15784e-05
-3.35741e+00 2.45867e+00 8.27361e-05
-3.42771e+00 2.54233e+00 7.37435e-05
-3.49823e+00 2.62742e+00 6.45948e-05
-3.56900e+00 2.71397e+00 5.52830e-05
-3.64003e+00 2.80200e+00 4.58004e-05
-3.71136e+00 2.89154e+00 3.61380e-05
-3.78299e+00 2.98261e+00 2.62859e-05
-3.85496e+00 3.07523e+00 1.62331e-05
-3.92727e+00 3.16943e+00 5.96721e-06
-3.99996e+00 3.26524e+00 -4.52506e-06
-7.82281e-01 3.93517e-01 1.91725e-03
-8.41016e-01 4.18382e-01 1.72420e-03
-8.99724e-01 4.44701e-01 1.55642e-03
-9.58426e-01 4.72458e-01 1.40886e-03
-1.01714e+00 5.01640e-01 1.27769e-03
-1.07589e+00 5.32234e-01 1.15997e-03
-1.13470e+00 5.64231e-01 1.05343e-03
-1.19357e+00 5.97618e-01 9.56226e-04
-1.25255e+00 6.32389e-01 8.66915e-04
-1.31163e+00 6.68534e-01 7.84310e-04
-1.37084e+00 7.06048e-01 7.07439e-04
-1.43020e+00 7.44926e-01 6.35498e-04
-1.48972e+00 7.85161e-01 5.67816e-04
-1.55168e+00 8.28363e-01 5.25637e-04
-1.61447e+00 8.73473e-01 4.96476e-04
-1.67732e+00 9.19957e-01 4.68343e-04
-1.74027e+00 9.67815e-01 4.41209e-04
-1.80332e+00 1.01705e+00 4.15046e-04
-1.86650e+00 1.06765e+00 3.89824e-04
-1.92982e+00 1.11963e+00 3.65515e-04
-1.99332e+00 1.17300e+00 3.42089e-04
-2.05700e+00 1.22775e+00 3.19516e-04
-2.12088e+00 1.28389e+00 2.97770e-04
-2.18498e+00 1.34142e+00 2.76823e-04
-2.24933e+00 1.40036e+00 2.56648e-04
-2.31497e+00 1.46168e+00 2.51995e-04
-2.38181e+00 1.52536e+00 2.40370e-04
-2.44879e+00 1.59039e+00 2.28775e-04
-2.51593e+00 1.65678e+00 2.17222e-04
-2.58325e+00 1.72456e+00 2.05717e-04
-2.65078e+00 1.79373e+00 1.94265e-04
-2.71852e+00 1.86430e+00 1.82871e-04
-2.78651e+00 1.93629e+00 1.71534e-04
-2.85476e+00 2.00972e+00 1.60256e-04
-2.92329e+00 2.08459e+00 1.49034e-04
-2.99212e+00 2.16094e+00 1.37867e-04
-3.06128e+00 2.23876e+00 1.26750e-04
-3.13105e+00 2.31840e+00 1.12231e-04
-3.20188e+00 2.40039e+00 1.03072e-04
-3.27293e+00 2.48376e+00 9.38811e-05
-3.34422e+00 2.56853e+00 8.46467e-05
-3.41576e+00 2.65473e+00 7.53572e-05
-3.48758e+00 2.74237e+00 6.60003e-05
-3.55970e+00 2.83149e+00 5.65629e-05
-3.63215e+00 2.92210e+00 4.70311e-05
-3.70493e+00 3.01423e+00 3.73900e-05
-3.77808e+00 3.10791e+00 2.76237e-05
-3.85163e+00 3.20317e+00 1.77150e-05
-3.92558e+00 3.30002e+00 7.64566e-06
-3.99996e+00 3.39852e+00 -2.60444e-06
-7.64928e-01 4.17117e-01 1.94401e-03
-8.22594e-01 4.43880e-01 1.75283e-03
-8.80288e-01 4.72086e-01 1.58702e-03
-9.38032e-01 5.01719e-01 1.44135e-03
-9.95844e-01 5.32768e-01 1.31193e-03
-1.05375e+00 5.65219e-01 1.19582e-03
-1.11175e+00 5.99063e-01 1.09073e-03
-1.16989e+00 6.34289e-01 9.94866e-04
-1.22817e+00 6.70890e-01 9.06786e-04
-1.28662e+00 7.08858e-01 8.25334e-04
-1.34525e+00 7.48187e-01 7.49566e-04
-1.40407e+00 7.88872e-01 6.78696e-04
-1.46312e+00 8.30909e-01 6.12074e-04
-1.52473e+00 8.76036e-01 5.64205e-04
-1.58724e+00 9.23106e-01 5.31660e-04
-1.64987e+00 9.71540e-01 5.00494e-04
-1.71264e+00 1.02134e+00 4.70635e-04
-1.77558e+00 1.07250e+00 4.42013e-04
-1.83869e+00 1.12503e+00 4.14568e-04
-1.90200e+00 1.17894e+00 3.88240e-04
-1.96554e+00 1.23421e+00 3.62976e-04
-2.02931e+00 1.29087e+00 3.38727e-04
-2.09334e+00 1.34891e+00 3.15446e-04
-2.15765e+00 1.40835e+00 2.93091e-04
-2.22225e+00 1.46919e+00 2.71621e-04
-2.28825e+00 1.53248e+00 2.64950e-04
-2.35553e+00 1.59817e+00 2.52006e-04
-2.42302e+00 1.66522e+00 2.39156e-04
-2.49071e+00 1.73363e+00 2.26403e-04
-2.55864e+00 1.80341e+00 2.13745e-04
-2.62683e+00 1.87458e+00 2.01182e-04
-2.69529e+00 1.94715e+00 1.88711e-04
-2.76405e+00 2.02114e+00 1.76326e-04
-2.83312e+00 2.09656e+00 1.64021e-04
-2.90254e+00 2.17343e+00 1.51790e-04
-2.97231e+00 2.25178e+00 1.39623e-04
-3.04246e+00 2.33160e+00 1.27512e-04
-3.11330e+00 2.41327e+00 1.12950e-04
-3.18531e+00 2.49734e+00 1.03098e-04
-3.25758e+00 2.58279e+00 9.33208e-05
-3.33013e+00 2.66964e+00 8.36027e-05
-3.40301e+00 2.75791e+00 7.39257e-05
-3.47621e+00 2.84763e+00 6.42719e-05
-3.54978e+00 2.93882e+00 5.46227e-05
-3.62372e+00 3.03152e+00 4.49591e-05
-3.69807e+00 3.12574e+00 3.52609e-05
-3.77284e+00 3.22151e+00 2.55068e-05
-3.84807e+00 3.31887e+00 1.56743e-05
-3.92376e+00 3.41785e+00 5.73889e-06
-3.99996e+00 3.51847e+00 -4.32559e-06
-7.47157e-01 4.40465e-01 1.96661e-03
-8.03637e-01 4.69154e-01 1.77675e-03
-8.60210e-01 4.99260e-01 1.61250e-03
-9.16895e-01 5.30771e-01 1.46845e-03
-9.73711e-01 5.63674e-01 1.34060e-03
-1.03068e+00 5.97958e-01 1.22596e-03
-1.08781e+00 6.33612e-01 1.12224e-03
-1.14514e+00 6.70628e-01 1.02765e-03
-1.20266e+00 7.08999e-01 9.40774e-04
-1.26041e+00 7.48717e-01 8.60469e-04
-1.31841e+00 7.89777e-01 7.85806e-04
-1.37666e+00 8.32175e-01 7.16019e-04
-1.43518e+00 8.75908e-01 6.50469e-04
-1.49639e+00 9.22836e-01 5.98570e-04
-1.55858e+00 9.71727e-01 5.62940e-04
-1.62094e+00 1.02196e+00 5.29021e-04
-1.68351e+00 1.07354e+00 4.96693e-04
-1.74630e+00 1.12646e+00 4.65851e-04
-1.80932e+00 1.18073e+00 4.36401e-04
-1.87261e+00 1.23636e+00 4.08258e-04
-1.93617e+00 1.29334e+00 3.81346e-04
-2.00003e+00 1.35169e+00 3.55594e-04
-2.06421e+00 1.41141e+00 3.30941e-04
-2.12872e+00 1.47250e+00 3.07327e-04
-2.19359e+00 1.53499e+00 2.84701e-04
-2.25995e+00 1.59998e+00 2.75903e-04
-2.32770e+00 1.66741e+00 2.61662e-04
-2.39570e+00 1.73618e+00 2.47572e-04
-2.46397e+00 1.80629e+00 2.33627e-04
-2.53254e+00 1.87776e+00 2.19818e-04
-2.60142e+00 1.95060e+00 2.06137e-04
-2.67063e+00 2.02483e+00 1.92573e-04
-2.74020e+00 2.10046e+00 1.79114e-04
-2.81015e+00 2.17752e+00 1.65748e-04
-2.88050e+00 2.25602e+00 1.52460e-04
-2.95127e+00 2.33597e+00 1.39236e-04
-3.02248e+00 2.41741e+00 1.26057e-04
-3.09445e+00 2.50069e+00 1.11041e-04
-3.16769e+00 2.58641e+00 1.00382e-04
-3.24125e+00 2.67350e+00 8.99034e-05
-3.31516e+00 2.76198e+00 7.95817e-05
-3.38944e+00 2.85186e+00 6.93947e-05
-3.46412e+00 2.94319e+00 5.93195e-05
-3.53921e+00 3.03598e+00 4.93333e-05
-3.61475e+00 3.13026e+00 3.94123e-05
-3.69076e+00 3.22606e+00 2.95319e-05
-3.76726e+00 3.32342e+00 1.96662e-05
-3.84428e+00 3.42235e+00 9.78724e-06
-3.92184e+00 3.52290e+00 -1.34689e-07
-3.99996e+00 3.62509e+00 -1.01323e-05
-7.28993e-01 4.63518e-01 1.98444e-03
-7.84169e-01 4.94158e-01 1.79551e-03
-8.39511e-01 5.26179e-01 1.63258e-03
-8.95036e-01 5.59568e-01 1.48997e-03
-9.50762e-01 5.94313e-01 1.36357e-03
-1.00671e+00 6.30404e-01 1.25034e-03
-1.06289e+00 6.67832e-01 1.14796e-03
-1.11933e+00 7.06589e-01 1.05465e-03
-1.17603e+00 7.46668e-01 9.68981e-04
-1.23303e+00 7.88063e-01 8.89839e-04
-1.29033e+00 8.30771e-01 8.16302e-04
-1.34796e+00 8.74788e-01 7.47617e-04
-1.40592e+00 9.20112e-01 6.83157e-04
-1.46668e+00 9.68717e-01 6.28886e-04
-1.52849e+00 1.01929e+00 5.90482e-04
-1.59055e+00 1.07117e+00 5.54094e-04
-1.65288e+00 1.12437e+00 5.19560e-04
-1.71550e+00 1.17887e+00 4.86739e-04
-1.77841e+00 1.23470e+00 4.55508e-04
-1.84165e+00 1.29186e+00 4.25756e-04
-1.90523e+00 1.35034e+00 3.97384e-04
-1.96918e+00 1.41016e+00 3.70305e-04
-2.03350e+00 1.47133e+00 3.44440e-04
-2.09822e+00 1.53385e+00 3.19717e-04
-2.16336e+00 1.59773e+00 2.96071e-04
-2.23009e+00 1.66415e+00 2.85044e-04
-2.29832e+00 1.73304e+00 2.69524e-04
-2.36685e+00 1.80323e+00 2.54204e-04
-2.43572e+00 1.87473e+00 2.39068e-04
-2.50495e+00 1.94757e+00 2.24100e-04
-2.57455e+00 2.02176e+00 2.09284e-04
-2.64456e+00 2.09731e+00 1.94599e-04
-2.71498e+00 2.17424e+00 1.80027e-04
-2.78585e+00 2.25257e+00 1.65546e-04
-2.85718e+00 2.33232e+00 1.51134e-04
-2.92900e+00 2.41351e+00 1.36767e-04
-3.00133e+00 2.49615e+00 1.22417e-04
-3.07450e+00 2.58064e+00 1.06529e-04
-3.14904e+00 2.66759e+00 9.49232e-05
-3.22396e+00 2.75588e+00 8.35913e-05
-3.29930e+00 2.84554e+00 7.25056e-05
-3.37507e+00 2.93658e+00 6.16392e-05
-3.45130e+00 3.02904e+00 5.09650e-05
-3.52802e+00 3.12295e+00 4.04559e-05
-3.60525e+00 3.21832e+00 3.00839e-05
-3.68302e+00 3.31520e+00 1.98197e-05
-3.76134e+00 3.41362e+00 9.63266e-06
-3.84026e+00 3.51360e+00 -5.10572e-07
-3.91979e+00 3.61518e+00 -1.06462e-05
-3.99996e+00 3.71838e+00 -2.08147e-05
-7.10682e-01 4.85966e-01 2.00062e-03
-7.64440e-01 5.18581e-01 1.81195e-03
-8.18443e-01 5.52526e-01 1.64987e-03
-8.72707e-01 5.87790e-01 1.50839e-03
-9.27250e-01 6.24362e-01 1.38323e-03
-9.82087e-01 6.62233e-01 1.27127e-03
-1.03724e+00 7.01396e-01 1.17015e-03
-1.09271e+00 7.41844e-01 1.07808e-03
-1.14853e+00 7.83571e-01 9.93654e-04
-1.20470e+00 8.26574e-01 9.15747e-04
-1.26126e+00 8.70849e-01 8.43455e-04
-1.31820e+00 9.16393e-01 7.76036e-04
-1.37554e+00 9.63205e-01 7.12875e-04
-1.43579e+00 1.01337e+00 6.57433e-04
-1.49718e+00 1.06550e+00 6.16302e-04
-1.55889e+00 1.11889e+00 5.77519e-04
-1.62094e+00 1.17355e+00 5.40875e-04
-1.68334e+00 1.22948e+00 5.06194e-04
-1.74611e+00 1.28669e+00 4.73318e-04
-1.80928e+00 1.34519e+00 4.42112e-04
-1.87285e+00 1.40498e+00 4.12455e-04
-1.93686e+00 1.46607e+00 3.84241e-04
-2.00132e+00 1.52847e+00 3.57374e-04
-2.06625e+00 1.59218e+00 3.31769e-04
-2.13166e+00 1.65723e+00 3.07351e-04
-2.19876e+00 1.72481e+00 2.94016e-04
-2.26746e+00 1.79488e+00 2.77044e-04
-2.33654e+00 1.86621e+00 2.60441e-04
-2.40602e+00 1.93882e+00 2.44177e-04
-2.47593e+00 2.01273e+00 2.28224e-04
-2.54629e+00 2.08794e+00 2.12551e-04
-2.61711e+00 2.16448e+00 1.97130e-04
-2.68842e+00 2.24237e+00 1.81932e-04
-2.76025e+00 2.32162e+00 1.66926e-04
-2.83261e+00 2.40226e+00 1.52082e-04
-2.90553e+00 2.48431e+00 1.37366e-04
-2.97903e+00 2.56778e+00 1.22745e-04
-3.05346e+00 2.65308e+00 1.07035e-04
-3.12936e+00 2.74084e+00 9.48778e-05
-3.20571e+00 2.82990e+00 8.32041e-05
-3.28255e+00 2.92029e+00 7.19912e-05
-3.35989e+00 3.01204e+00 6.12188e-05
-3.43776e+00 3.10517e+00 5.08692e-05
-3.51619e+00 3.19971e+00 4.09266e-05
-3.59521e+00 3.29570e+00 3.13778e-05
-3.67483e+00 3.39315e+00 2.22119e-05
-3.75509e+00 3.49211e+00 1.34206e-05
-3.83601e+00 3.59261e+00 4.99796e-06
-3.91763e+00 3.69468e+00 -3.05858e-06
-3.99996e+00 3.79835e+00 -1.07482e-05
-6.92074e-01 5.08011e-01 2.01234e-03
-7.44299e-01 5.42624e-01 1.82523e-03
-7.96855e-01 5.78503e-01 1.66477e-03
-8.49759e-01 6.15640e-01 1.52478e-03
-9.03025e-01 6.54025e-01 1.40095e-03
-9.56667e-01 6.93651e-01 1.29016e-03
-1.01070e+00 7.34511e-01 1.19005e-03
-1.06514e+00 7.76602e-01 1.09887e-03
-1.12000e+00 8.19918e-01 1.01523e-03
-1.17530e+00 8.64457e-01 9.38020e-04
-1.23104e+00 9.10217e-01 8.66364e-04
-1.28725e+00 9.57197e-01 7.99537e-04
-1.34394e+00 1.00540e+00 7.36940e-04
-1.40362e+00 1.05700e+00 6.80578e-04
-1.46453e+00 1.11055e+00 6.37237e-04
-1.52584e+00 1.16530e+00 5.96513e-04
-1.58757e+00 1.22126e+00 5.58162e-04
-1.64972e+00 1.27845e+00 5.21975e-04
-1.71233e+00 1.33687e+00 4.87770e-04
-1.77540e+00 1.39652e+00 4.55392e-04
-1.83896e+00 1.45741e+00 4.24701e-04
-1.90302e+00 1.51956e+00 3.95577e-04
-1.96761e+00 1.58296e+00 3.67913e-04
-2.03274e+00 1.64764e+00 3.41612e-04
-2.09843e+00 1.71360e+00 3.16590e-04
-2.16591e+00 1.78210e+00 3.01519e-04
-2.23509e+00 1.85307e+00 2.83674e-04
-2.30473e+00 1.92525e+00 2.66296e-04
-2.37484e+00 1.99866e+00 2.49346e-04
-2.44545e+00 2.07331e+00 2.32783e-04
-2.51659e+00 2.14923e+00 2.16571e-04
-2.58826e+00 2.22643e+00 2.00670e-04
-2.66050e+00 2.30493e+00 1.85042e-04
-2.73333e+00 2.38475e+00 1.69649e-04
-2.80678e+00 2.46591e+00 1.54451e-04
-2.88085e+00 2.54843e+00 1.39405e-04
-2.95558e+00 2.63234e+00 1.24469e-04
-3.03132e+00 2.71804e+00 1.09065e-04
-3.10865e+00 2.80619e+00 9.68366e-05
-3.18651e+00 2.89559e+00 8.51017e-05
-3.26492e+00 2.98627e+00 7.38384e-05
-3.34391e+00 3.07826e+00 6.30272e-05
-3.42350e+00 3.17159e+00 5.26513e-05
-3.50374e+00 3.26629e+00 4.26966e-05
-3.58463e+00 3.36239e+00 3.31520e-05
-3.66620e+00 3.45992e+00 2.40095e-05
-3.74850e+00 3.55891e+00 1.52651e-05
-3.83154e+00 3.65939e+00 6.91859e-06
-3.91535e+00 3.76141e+00 -1.02445e-06
-3.99996e+00 3.86499e+00 -8.55169e-06
-6.73045e-01 5.29805e-01 2.02262e-03
-7.23619e-01 5.66440e-01 1.83617e-03
-7.74621e-01 6.04266e-01 1.67663e-03
-8.26063e-01 6.43274e-01 1.53763e-03
-8.77960e-01 6.83459e-01 1.41475e-03
-9.30322e-01 7.24814e-01 1.30483e-03
-9.83162e-01 7.67335e-01 1.20552e-03
-1.03649e+00 8.11019e-01 1.11505e-03
-1.09033e+00 8.55864e-01 1.03204e-03
-1.14469e+00 9.01869e-01 9.55415e-04
-1.19957e+00 9.49033e-01 8.84293e-04
-1.25500e+00 9.97356e-01 8.17965e-04
-1.31099e+00 1.04684e+00 7.55841e-04
-1.37006e+00 1.09976e+00 6.98756e-04
-1.43045e+00 1.15458e+00 6.53595e-04
-1.49132e+00 1.21054e+00 6.11277e-04
-1.55269e+00 1.26765e+00 5.71525e-04
-1.61457e+00 1.32592e+00 5.34105e-04
-1.67698e+00 1.38535e+00 4.98814e-04
-1.73995e+00 1.44596e+00 4.65478e-04
-1.80348e+00 1.50775e+00 4.33943e-04
-1.86759e+00 1.57073e+00 4.04077e-04
-1.93231e+00 1.63492e+00 3.75761e-04
-1.99764e+00 1.70032e+00 3.48891e-04
-2.06362e+00 1.76695e+00 3.23376e-04
-2.13149e+00 1.83609e+00 3.06873e-04
-2.20116e+00 1.90767e+00 2.88285e-04
-2.27137e+00 1.98040e+00 2.70250e-04
-2.34213e+00 2.05430e+00 2.52717e-04
-2.41348e+00 2.12939e+00 2.35638e-04
-2.48542e+00 2.20568e+00 2.18967e-04
-2.55799e+00 2.28319e+00 2.02657e-04
-2.63120e+00 2.36195e+00 1.86662e-04
-2.70508e+00 2.44198e+00 1.70934e-04
-2.77965e+00 2.52329e+00 1.55426e-04
-2.85494e+00 2.60591e+00 1.40086e-04
-2.93096e+00 2.68986e+00 1.24859e-04
-3.00808e+00 2.77555e+00 1.09579e-04
-3.08690e+00 2.86365e+00 9.73203e-05
-3.16633e+00 2.95295e+00 8.55652e-05
-3.24639e+00 3.04347e+00 7.42927e-05
-3.32711e+00 3.13524e+00 6.34849e-05
-3.40852e+00 3.22831e+00 5.31273e-05
-3.49064e+00 3.32268e+00 4.32089e-05
-3.57350e+00 3.41840e+00 3.37231e-05
-3.65714e+00 3.51549e+00 2.46685e-05
-3.74157e+00 3.61400e+00 1.60498e-05
-3.82683e+00 3.71395e+00 7.88062e-06
-3.91295e+00 3.81537e+00 1.86286e-07
-3.99996e+00 3.91831e+00 -6.99021e-06
-6.53622e-01 5.51309e-01 2.03104e-03
-7.02430e-01 5.89990e-01 1.84443e-03
-7.51770e-01 6.29773e-01 1.68525e-03
-8.01651e-01 6.70651e-01 1.54682e-03
-8.52085e-01 7.12621e-01 1.42458e-03
-9.03080e-01 7.55680e-01 1.31530e-03
-9.54649e-01 7.99824e-01 1.21661e-03
-1.00680e+00 8.45054e-01 1.12672e-03
-1.05955e+00 8.91368e-01 1.04424e-03
-1.11290e+00 9.38767e-01 9.68107e-04
-1.16687e+00 9.87253e-01 8.97436e-04
-1.22147e+00 1.03683e+00 8.31527e-04
-1.27671e+00 1.08749e+00 7.69796e-04
-1.33512e+00 1.14160e+00 7.12195e-04
-1.39494e+00 1.19755e+00 6.65611e-04
-1.45533e+00 1.25457e+00 6.22048e-04
-1.51631e+00 1.31267e+00 5.81205e-04
-1.57789e+00 1.37184e+00 5.42825e-04
-1.64009e+00 1.43211e+00 5.06689e-04
-1.70293e+00 1.49348e+00 4.72607e-04
-1.76642e+00 1.55596e+00 4.40415e-04
-1.83058e+00 1.61956e+00 4.09969e-04
-1.89542e+00 1.68431e+00 3.81143e-04
-1.96097e+00 1.75019e+00 3.53826e-04
-2.02723e+00 1.81725e+00 3.27921e-04
-2.09551e+00 1.88676e+00 3.10271e-04
-2.16568e+00 1.95867e+00 2.91065e-04
-2.23648e+00 2.03165e+00 2.72480e-04
-2.30792e+00 2.10573e+00 2.54459e-04
-2.38002e+00 2.18093e+00 2.36945e-04
-2.45280e+00 2.25727e+00 2.19884e-04
-2.52630e+00 2.33476e+00 2.03222e-04
-2.60052e+00 2.41343e+00 1.86906e-04
-2.67550e+00 2.49330e+00 1.70879e-04
-2.75125e+00 2.57439e+00 1.55085e-04
-2.82780e+00 2.65673e+00 1.39460e-04
-2.90517e+00 2.74033e+00 1.23938e-04
-2.98374e+00 2.82561e+00 1.08608e-04
-3.06412e+00 2.91323e+00 9.63415e-05
-3.14519e+00 3.00198e+00 8.45863e-05
-3.22698e+00 3.09189e+00 7.33234e-05
-3.30951e+00 3.18300e+00 6.25375e-05
-3.39281e+00 3.27532e+00 5.22179e-05
-3.47691e+00 3.36888e+00 4.23591e-05
-3.56184e+00 3.46373e+00 3.29630e-05
-3.64763e+00 3.55989e+00 2.40405e-05
-3.73431e+00 3.65739e+00 1.56165e-05
-3.82190e+00 3.75627e+00 7.73620e-06
-3.91044e+00 3.85656e+00 4.78620e-07
-3.99996e+00 3.95829e+00 -6.01843e-06
-6.33839e-01 5.72484e-01 2.03712e-03
-6.80765e-01 6.13234e-01 1.84970e-03
-7.28335e-01 6.54983e-01 1.69041e-03
-7.76555e-01 6.97729e-01 1.55223e-03
-8.25433e-01 7.41470e-01 1.43040e-03
-8.74976e-01 7.86205e-01 1.32161e-03
-9.25193e-01 8.31936e-01 1.22341e-03
-9.76093e-01 8.78662e-01 1.13399e-03
-1.02768e+00 9.26386e-01 1.05197e-03
-1.07997e+00 9.75110e-01 9.76257e-04
-1.13298e+00 1.02484e+00 9.05974e-04
-1.18670e+00 1.07557e+00 8.40418e-04
-1.24115e+00 1.12732e+00 7.79008e-04
-1.29885e+00 1.18249e+00 7.21108e-04
-1.35805e+00 1.23944e+00 6.73501e-04
-1.41792e+00 1.29736e+00 6.29049e-04
-1.47847e+00 1.35628e+00 5.87427e-04
-1.53972e+00 1.41619e+00 5.48363e-04
-1.60168e+00 1.47711e+00 5.11623e-04
-1.66437e+00 1.53904e+00 4.77007e-04
-1.72781e+00 1.60201e+00 4.44341e-04
-1.79200e+00 1.66603e+00 4.13474e-04
-1.85697e+00 1.73110e+00 3.84275e-04
-1.92273e+00 1.79724e+00 3.56628e-04
-1.98930e+00 1.86447e+00 3.30431e-04
-2.05797e+00 1.93409e+00 3.11899e-04
-2.12866e+00 2.00604e+00 2.92191e-04
-2.20006e+00 2.07898e+00 2.73158e-04
-2.27219e+00 2.15294e+00 2.54734e-04
-2.34508e+00 2.22794e+00 2.36855e-04
-2.41874e+00 2.30399e+00 2.19461e-04
-2.49319e+00 2.38113e+00 2.02491e-04
-2.56847e+00 2.45936e+00 1.85882e-04
-2.64459e+00 2.53872e+00 1.69570e-04
-2.72157e+00 2.61921e+00 1.53487e-04
-2.79944e+00 2.70088e+00 1.37557e-04
-2.87822e+00 2.78374e+00 1.21694e-04
-2.95830e+00 2.86819e+00 1.06145e-04
-3.04030e+00 2.95491e+00 9.38637e-05
-3.12309e+00 3.04268e+00 8.20951e-05
-3.20668e+00 3.13154e+00 7.08221e-05
-3.29110e+00 3.22151e+00 6.00320e-05
-3.37638e+00 3.31262e+00 4.97188e-05
-3.46255e+00 3.40490e+00 3.98846e-05
-3.54964e+00 3.49838e+00 3.05438e-05
-3.63768e+00 3.59309e+00 2.17298e-05
-3.72670e+00 3.68907e+00 1.35083e-05
-3.81673e+00 3.78635e+00 6.00354e-06
-3.90781e+00 3.88497e+00 -5.39169e-07
-3.99995e+00 3.98495e+00 -5.59169e-06
-6.13727e-01 5.93293e-01 2.04038e-03
-6.58658e-01 6.36132e-01 1.85161e-03
-7.04352e-01 6.79855e-01 1.69188e-03
-7.50811e-01 7.24465e-01 1.55371e-03
-7.98040e-01 7.69963e-01 1.43215e-03
-8.46045e-01 8.16350e-01 1.32373e-03
-8.94830e-01 8.63629e-01 1.22595e-03
-9.44403e-01 9.11804e-01 1.13696e-03
-9.94770e-01 9.60878e-01 1.05535e-03
-1.04594e+00 1.01086e+00 9.80014e-04
-1.09791e+00 1.06175e+00 9.10073e-04
-1.15070e+00 1.11355e+00 8.44819e-04
-1.20432e+00 1.16628e+00 7.83666e-04
-1.26126e+00 1.22239e+00 7.25685e-04
-1.31979e+00 1.28019e+00 6.77468e-04
-1.37909e+00 1.33888e+00 6.32486e-04
-1.43918e+00 1.39845e+00 5.90401e-04
-1.50007e+00 1.45892e+00 5.50930e-04
-1.56177e+00 1.52031e+00 5.13829e-04
-1.62430e+00 1.58263e+00 4.78890e-04
-1.68766e+00 1.64589e+00 4.45934e-04
-1.75188e+00 1.71010e+00 4.14804e-04
-1.81697e+00 1.77527e+00 3.85366e-04
-1.88294e+00 1.84143e+00 3.57500e-04
-1.94982e+00 1.90859e+00 3.31103e-04
-2.01891e+00 1.97806e+00 3.11935e-04
-2.09011e+00 2.04976e+00 2.91839e-04
-2.16213e+00 2.12237e+00 2.72451e-04
-2.23497e+00 2.19590e+00 2.53700e-04
-2.30867e+00 2.27038e+00 2.35516e-04
-2.38323e+00 2.34583e+00 2.17833e-04
-2.45868e+00 2.42227e+00 2.00580e-04
-2.53505e+00 2.49972e+00 1.83687e-04
-2.61235e+00 2.57820e+00 1.67079e-04
-2.69061e+00 2.65774e+00 1.50671e-04
-2.76985e+00 2.73836e+00 1.34370e-04
-2.85010e+00 2.82008e+00 1.18066e-04
-2.93176e+00 2.90331e+00 1.02118e-04
-3.01545e+00 2.98870e+00 8.97653e-05
-3.10002e+00 3.07505e+00 7.79088e-05
-3.18548e+00 3.16241e+00 6.65290e-05
-3.27188e+00 3.25078e+00 5.56110e-05
-3.35922e+00 3.34021e+00 4.51462e-05
-3.44755e+00 3.43072e+00 3.51360e-05
-3.53690e+00 3.52235e+00 2.55972e-05
-3.62729e+00 3.61511e+00 1.65761e-05
-3.71876e+00 3.70906e+00 8.18204e-06
-3.81134e+00 3.80421e+00 6.84479e-07
-3.90506e+00 3.90061e+00 -5.12099e-06
-3.99995e+00 3.99828e+00 -5.66923e-06
-5.93303e-01 6.13717e-01 2.04038e-03
-6.36143e-01 6.58647e-01 1.85161e-03
-6.79868e-01 7.04340e-01 1.69188e-03
-7.24478e-01 7.50798e-01 1.55371e-03
-7.69977e-01 7.98026e-01 1.43215e-03
-8.16364e-01 8.46030e-01 1.32373e-03
-8.63644e-01 8.94815e-01 1.22595e-03
-9.11820e-01 9.44388e-01 1.13696e-03
-9.60895e-01 9.94754e-01 1.05535e-03
-1.01088e+00 1.04592e+00 9.80014e-04
-1.06177e+00 1.09790e+00 9.10074e-04
-1.11357e+00 1.15069e+00 8.44820e-04
-1.16630e+00 1.20430e+00 7.83668e-04
-1.22241e+00 1.26124e+00 7.25686e-04
-1.28021e+00 1.31977e+00 6.77469e-04
-1.33890e+00 1.37907e+00 6.32486e-04
-1.39847e+00 1.43916e+00 5.90402e-04
-1.45895e+00 1.50005e+00 5.50931e-04
-1.52034e+00 1.56175e+00 5.13829e-04
-1.58265e+00 1.62428e+00 4.78890e-04
-1.64591e+00 1.68764e+00 4.45934e-04
-1.71012e+00 1.75186e+00 4.14804e-04
-1.77529e+00 1.81695e+00 3.85366e-04
-1.84145e+00 1.88292e+00 3.57500e-04
-1.90861e+00 1.94980e+00 3.31103e-04
-1.97808e+00 2.01889e+00 3.11935e-04
-2.04978e+00 2.09010e+00 2.91838e-04
-2.12239e+00 2.16211e+00 2.72450e-04
-2.19592e+00 2.23496e+00 2.53699e-04
-2.27040e+00 2.30865e+00 2.35515e-04
-2.34585e+00 2.38321e+00 2.17832e-04
-2.42229e+00 2.45866e+00 2.00579e-04
-2.49974e+00 2.53503e+00 1.83686e-04
-2.57822e+00 2.61233e+00 1.67077e-04
-2.65776e+00 2.69060e+00 1.50669e-04
-2.73837e+00 2.76984e+00 1.34368e-04
-2.82009e+00 2.85009e+00 1.18064e-04
-2.90332e+00 2.93174e+00 1.02116e-04
-2.98871e+00 3.01544e+00 8.97628e-05
-3.07507e+00 3.10001e+00 7.79063e-05
-3.16242e+00 3.18547e+00 6.65264e-05
-3.25079e+00 3.27187e+00 5.56082e-05
-3.34022e+00 3.35921e+00 4.51434e-05
-3.43073e+00 3.44755e+00 3.51329e-05
-3.52235e+00 3.53690e+00 2.55938e-05
-3.61512e+00 3.62729e+00 1.65724e-05
-3.70907e+00 3.71876e+00 8.17798e-06
-3.80422e+00 3.81134e+00 6.79954e-07
-3.90061e+00 3.90506e+00 -5.12567e-06
-3.99829e+00 3.99995e+00 -5.66939e-06
-5.72494e-01 6.33829e-01 2.03713e-03
-6.13245e-01 6.80755e-01 1.84970e-03
-6.54995e-01 7.28324e-01 1.69041e-03
-6.97742e-01 7.76543e-01 1.55223e-03
-7.41484e-01 8.25420e-01 1.43040e-03
-7.86220e-01 8.74962e-01 1.32161e-03
-8.31952e-01 9.25179e-01 1.22341e-03
-8.78679e-01 9.76078e-01 1.13400e-03
-9.26403e-01 1.02767e+00 1.05198e-03
-9.75128e-01 1.07996e+00 9.76260e-04
-1.02486e+00 1.13296e+00 9.05977e-04
-1.07559e+00 1.18668e+00 8.40422e-04
-1.12734e+00 1.24113e+00 7.79011e-04
-1.18251e+00 1.29883e+00 7.21111e-04
-1.23946e+00 1.35803e+00 6.73504e-04
-1.29738e+00 1.41790e+00 6.29051e-04
-1.35630e+00 1.47845e+00 5.87429e-04
-1.41621e+00 1.53970e+00 5.48365e-04
-1.47713e+00 1.60166e+00 5.11625e-04
-1.53907e+00 1.66435e+00 4.77009e-04
-1.60204e+00 1.72779e+00 4.44343e-04
-1.66605e+00 1.79198e+00 4.13476e-04
-1.73112e+00 1.85695e+00 3.84276e-04
-1.79726e+00 1.92271e+00 3.56629e-04
-1.86449e+00 1.98928e+00 3.30432e-04
-1.93412e+00 2.05796e+00 3.11899e-04
-2.00606e+00 2.12864e+00 2.92192e-04
-2.07900e+00 2.20004e+00 2.73158e-04
-2.15296e+00 2.27217e+00 2.54733e-04
-2.22796e+00 2.34506e+00 2.36855e-04
-2.30402e+00 2.41872e+00 2.19460e-04
-2.38115e+00 2.49318e+00 2.02490e-04
-2.45938e+00 2.56845e+00 1.85881e-04
-2.53874e+00 2.64457e+00 1.69569e-04
-2.61923e+00 2.72155e+00 1.53486e-04
-2.70090e+00 2.79942e+00 1.37555e-04
-2.78376e+00 2.87820e+00 1.21693e-04
-2.86821e+00 2.95829e+00 1.06144e-04
-2.95493e+00 3.04029e+00 9.38621e-05
-3.04270e+00 3.12308e+00 8.20935e-05
-3.13156e+00 3.20667e+00 7.08204e-05
-3.22153e+00 3.29109e+00 6.00304e-05
-3.31263e+00 3.37637e+00 4.97171e-05
-3.40491e+00 3.46254e+00 3.98829e-05
-3.49839e+00 3.54964e+00 3.05421e-05
-3.59311e+00 3.63768e+00 2.17282e-05
-3.68909e+00 3.72670e+00 1.35067e-05
-3.78637e+00 3.81673e+00 6.00211e-06
-3.88498e+00 3.90780e+00 -5.40164e-07
-3.98496e+00 3.99995e+00 -5.59161e-06
-5.51319e-01 6.53613e-01 2.03104e-03
-5.90002e-01 7.02420e-01 1.84444e-03
-6.29785e-01 7.51758e-01 1.68525e-03
-6.70665e-01 8.01639e-01 1.54682e-03
-7.12635e-01 8.52072e-01 1.42458e-03
-7.55695e-01 9.03067e-01 1.31531e-03
-7.99840e-01 9.54635e-01 1.21662e-03
-8.45070e-01 1.00679e+00 1.12672e-03
-8.91385e-01 1.05953e+00 1.04425e-03
-9.38785e-01 1.11289e+00 9.68112e-04
-9.87272e-01 1.16686e+00 8.97442e-04
-1.03685e+00 1.22146e+00 8.31533e-04
-1.08751e+00 1.27670e+00 7.69801e-04
-1.14162e+00 1.33511e+00 7.12201e-04
-1.19757e+00 1.39493e+00 6.65616e-04
-1.25459e+00 1.45532e+00 6.22052e-04
-1.31269e+00 1.51629e+00 5.81209e-04
-1.37186e+00 1.57788e+00 5.42829e-04
-1.43213e+00 1.64008e+00 5.06692e-04
-1.49350e+00 1.70291e+00 4.72610e-04
-1.55598e+00 1.76640e+00 4.40418e-04
-1.61959e+00 1.83056e+00 4.09971e-04
-1.68433e+00 1.89540e+00 3.81145e-04
-1.75022e+00 1.96095e+00 3.53828e-04
-1.81727e+00 2.02722e+00 3.27923e-04
-1.88679e+00 2.09549e+00 3.10272e-04
-1.95869e+00 2.16566e+00 2.91066e-04
-2.03168e+00 2.23646e+00 2.72481e-04
-2.10576e+00 2.30790e+00 2.54459e-04
-2.18096e+00 2.38000e+00 2.36945e-04
-2.25729e+00 2.45279e+00 2.19884e-04
-2.33479e+00 2.52628e+00 2.03222e-04
-2.41346e+00 2.60051e+00 1.86906e-04
-2.49333e+00 2.67548e+00 1.70879e-04
-2.57442e+00 2.75123e+00 1.55084e-04
-2.65675e+00 2.82778e+00 1.39460e-04
-2.74035e+00 2.90516e+00 1.23937e-04
-2.82563e+00 2.98373e+00 1.08608e-04
-2.91325e+00 3.06411e+00 9.63406e-05
-3.00200e+00 3.14518e+00 8.45854e-05
-3.09192e+00 3.22697e+00 7.33226e-05
-3.18302e+00 3.30950e+00 6.25367e-05
-3.27534e+00 3.39280e+00 5.22170e-05
-3.36890e+00 3.47691e+00 4.23583e-05
-3.46375e+00 3.56184e+00 3.29622e-05
-3.55991e+00 3.64763e+00 2.40399e-05
-3.65741e+00 3.73430e+00 1.56159e-05
-3.75628e+00 3.82189e+00 7.73581e-06
-3.85657e+00 3.91044e+00 4.78498e-07
-3.95831e+00 3.99996e+00 -6.01809e-06
-5.29816e-01 6.73035e-01 2.02262e-03
-5.66452e-01 7.23608e-01 1.83617e-03
-6.04279e-01 7.74610e-01 1.67663e-03
-6.43288e-01 8.26052e-01 1.53763e-03
-6.83473e-01 8.77947e-01 1.41475e-03
-7.24829e-01 9.30309e-01 1.30483e-03
-7.67351e-01 9.83149e-01 1.20552e-03
-8.11036e-01 1.03648e+00 1.11505e-03
-8.55882e-01 1.09032e+00 1.03205e-03
-9.01887e-01 1.14467e+00 9.55422e-04
-9.49051e-01 1.19956e+00 8.84301e-04
-9.97375e-01 1.25498e+00 8.17973e-04
-1.04686e+00 1.31097e+00 7.55849e-04
-1.09978e+00 1.37004e+00 6.98764e-04
-1.15460e+00 1.43043e+00 6.53602e-04
-1.21056e+00 1.49130e+00 6.11283e-04
-1.26767e+00 1.55267e+00 5.71531e-04
-1.32594e+00 1.61455e+00 5.34110e-04
-1.38538e+00 1.67696e+00 4.98819e-04
-1.44598e+00 1.73993e+00 4.65482e-04
-1.50777e+00 1.80346e+00 4.33947e-04
-1.57076e+00 1.86757e+00 4.04080e-04
-1.63494e+00 1.93229e+00 3.75764e-04
-1.70034e+00 1.99762e+00 3.48894e-04
-1.76697e+00 2.06360e+00 3.23379e-04
-1.83612e+00 2.13147e+00 3.06875e-04
-1.90770e+00 2.20114e+00 2.88287e-04
-1.98043e+00 2.27135e+00 2.70251e-04
-2.05433e+00 2.34212e+00 2.52718e-04
-2.12941e+00 2.41346e+00 2.35639e-04
-2.20570e+00 2.48541e+00 2.18968e-04
-2.28322e+00 2.55797e+00 2.02657e-04
-2.36198e+00 2.63119e+00 1.86662e-04
-2.44200e+00 2.70507e+00 1.70935e-04
-2.52332e+00 2.77964e+00 1.55426e-04
-2.60594e+00 2.85492e+00 1.40086e-04
-2.68989e+00 2.93094e+00 1.24859e-04
-2.77558e+00 3.00807e+00 1.09579e-04
-2.86368e+00 3.08689e+00 9.73202e-05
-2.95297e+00 3.16632e+00 8.55651e-05
-3.04349e+00 3.24638e+00 7.42926e-05
-3.13527e+00 3.32710e+00 6.34848e-05
-3.22833e+00 3.40851e+00 5.31272e-05
-3.32270e+00 3.49064e+00 4.32088e-05
-3.41842e+00 3.57350e+00 3.37231e-05
-3.51552e+00 3.65713e+00 2.46685e-05
-3.61402e+00 3.74157e+00 1.60499e-05
-3.71397e+00 3.82683e+00 7.88084e-06
-3.81539e+00 3.91295e+00 1.86668e-07
-3.91833e+00 3.99996e+00 -6.98959e-06
-5.08022e-01 6.92065e-01 2.01234e-03
-5.42636e-01 7.44289e-01 1.82524e-03
-5.78516e-01 7.96845e-01 1.66478e-03
-6.15653e-01 8.49748e-01 1.52479e-03
-6.54039e-01 9.03013e-01 1.40096e-03
-6.93666e-01 9.56655e-01 1.29016e-03
-7.34527e-01 1.01069e+00 1.19006e-03
-7.76619e-01 1.06513e+00 1.09888e-03
-8.19936e-01 1.11999e+00 1.01524e-03
-8.64476e-01 1.17528e+00 9.38030e-04
-9.10236e-01 1.23103e+00 8.66374e-04
-9.57217e-01 1.28723e+00 7.99547e-04
-1.00542e+00 1.34392e+00 7.36950e-04
-1.05702e+00 1.40361e+00 6.80588e-04
-1.11057e+00 1.46452e+00 6.37247e-04
-1.16532e+00 1.52583e+00 5.96522e-04
-1.22129e+00 1.58755e+00 5.58169e-04
-1.27848e+00 1.64970e+00 5.21981e-04
-1.33689e+00 1.71231e+00 4.87776e-04
-1.39654e+00 1.77538e+00 4.55397e-04
-1.45744e+00 1.83894e+00 4.24706e-04
-1.51958e+00 1.90301e+00 3.95582e-04
-1.58299e+00 1.96759e+00 3.67917e-04
-1.64767e+00 2.03272e+00 3.41616e-04
-1.71363e+00 2.09841e+00 3.16593e-04
-1.78213e+00 2.16590e+00 3.01522e-04
-1.85310e+00 2.23507e+00 2.83676e-04
-1.92528e+00 2.30471e+00 2.66298e-04
-1.99869e+00 2.37482e+00 2.49348e-04
-2.07334e+00 2.44544e+00 2.32785e-04
-2.14926e+00 2.51657e+00 2.16572e-04
-2.22646e+00 2.58825e+00 2.00671e-04
-2.30496e+00 2.66049e+00 1.85043e-04
-2.38478e+00 2.73332e+00 1.69650e-04
-2.46594e+00 2.80676e+00 1.54451e-04
-2.54846e+00 2.88084e+00 1.39406e-04
-2.63237e+00 2.95557e+00 1.24470e-04
-2.71807e+00 3.03131e+00 1.09066e-04
-2.80622e+00 3.10864e+00 9.68372e-05
-2.89562e+00 3.18650e+00 8.51022e-05
-2.98630e+00 3.26491e+00 7.38390e-05
-3.07829e+00 3.34390e+00 6.30278e-05
-3.17162e+00 3.42350e+00 5.26519e-05
-3.26632e+00 3.50373e+00 4.26971e-05
-3.36242e+00 3.58462e+00 3.31525e-05
-3.45995e+00 3.66620e+00 2.40102e-05
-3.55894e+00 3.74850e+00 1.52657e-05
-3.65942e+00 3.83153e+00 6.91930e-06
-3.76144e+00 3.91535e+00 -1.02365e-06
-3.86502e+00 3.99996e+00 -8.55078e-06
-4.85977e-01 7.10673e-01 2.00062e-03
-5.18593e-01 7.64430e-01 1.81195e-03
-5.52539e-01 8.18433e-01 1.64988e-03
-5.87803e-01 8.72696e-01 1.50840e-03
-6.24376e-01 9.27238e-01 1.38324e-03
-6.62248e-01 9.82075e-01 1.27128e-03
-7.01412e-01 1.03722e+00 1.17016e-03
-7.41861e-01 1.09270e+00 1.07809e-03
-7.83589e-01 1.14851e+00 9.93666e-04
-8.26593e-01 1.20469e+00 9.15759e-04
-8.70868e-01 1.26124e+00 8.43467e-04
-9.16413e-01 1.31818e+00 7.76049e-04
-9.63226e-01 1.37553e+00 7.12888e-04
-1.01339e+00 1.43578e+00 6.57446e-04
-1.06552e+00 1.49717e+00 6.16314e-04
-1.11891e+00 1.55887e+00 5.77529e-04
-1.17357e+00 1.62092e+00 5.40885e-04
-1.22950e+00 1.68332e+00 5.06203e-04
-1.28672e+00 1.74609e+00 4.73326e-04
-1.34521e+00 1.80926e+00 4.42120e-04
-1.40500e+00 1.87284e+00 4.12462e-04
-1.46609e+00 1.93685e+00 3.84247e-04
-1.52849e+00 2.00130e+00 3.57380e-04
-1.59221e+00 2.06623e+00 3.31775e-04
-1.65725e+00 2.13164e+00 3.07356e-04
-1.72484e+00 2.19875e+00 2.94020e-04
-1.79491e+00 2.26745e+00 2.77048e-04
-1.86624e+00 2.33653e+00 2.60444e-04
-1.93885e+00 2.40601e+00 2.44180e-04
-2.01276e+00 2.47592e+00 2.28226e-04
-2.08797e+00 2.54627e+00 2.12553e-04
-2.16451e+00 2.61710e+00 1.97132e-04
-2.24240e+00 2.68841e+00 1.81934e-04
-2.32166e+00 2.76024e+00 1.66928e-04
-2.40230e+00 2.83260e+00 1.52084e-04
-2.48434e+00 2.90552e+00 1.37368e-04
-2.56782e+00 2.97902e+00 1.22746e-04
-2.65311e+00 3.05345e+00 1.07037e-04
-2.74088e+00 3.12935e+00 9.48791e-05
-2.82994e+00 3.20570e+00 8.32054e-05
-2.92033e+00 3.28254e+00 7.19924e-05
-3.01208e+00 3.35988e+00 6.12201e-05
-3.10521e+00 3.43776e+00 5.08704e-05
-3.19975e+00 3.51619e+00 4.09277e-05
-3.29573e+00 3.59520e+00 3.13789e-05
-3.39319e+00 3.67483e+00 2.22131e-05
-3.49215e+00 3.75509e+00 1.34217e-05
-3.59265e+00 3.83601e+00 4.99913e-06
-3.69472e+00 3.91763e+00 -3.05738e-06
-3.79839e+00 3.99996e+00 -1.07470e-05
-4.63529e-01 7.28984e-01 1.98445e-03
-4.94170e-01 7.84160e-01 1.79552e-03
-5.26193e-01 8.39501e-01 1.63259e-03
-5.59582e-01 8.95025e-01 1.48998e-03
-5.94328e-01 9.50751e-01 1.36358e-03
-6.30420e-01 1.00670e+00 1.25035e-03
-6.67849e-01 1.06288e+00 1.14797e-03
-7.06606e-01 1.11931e+00 1.05466e-03
-7.46686e-01 1.17602e+00 9.68993e-04
-7.88083e-01 1.23302e+00 8.89852e-04
-8.30791e-01 1.29032e+00 8.16315e-04
-8.74809e-01 1.34794e+00 7.47631e-04
-9.20133e-01 1.40590e+00 6.83172e-04
-9.68739e-01 1.46666e+00 6.28900e-04
-1.01931e+00 1.52848e+00 5.90494e-04
-1.07120e+00 1.59054e+00 5.54105e-04
-1.12439e+00 1.65287e+00 5.19570e-04
-1.17890e+00 1.71548e+00 4.86749e-04
-1.23473e+00 1.77840e+00 4.55517e-04
-1.29188e+00 1.84164e+00 4.25764e-04
-1.35037e+00 1.90522e+00 3.97391e-04
-1.41019e+00 1.96916e+00 3.70312e-04
-1.47136e+00 2.03348e+00 3.44446e-04
-1.53388e+00 2.09821e+00 3.19723e-04
-1.59776e+00 2.16335e+00 2.96077e-04
-1.66418e+00 2.23008e+00 2.85048e-04
-1.73307e+00 2.29830e+00 2.69528e-04
-1.80326e+00 2.36684e+00 2.54207e-04
-1.87477e+00 2.43571e+00 2.39070e-04
-1.94760e+00 2.50494e+00 2.24102e-04
-2.02179e+00 2.57454e+00 2.09285e-04
-2.09734e+00 2.64455e+00 1.94600e-04
-2.17427e+00 2.71497e+00 1.80027e-04
-2.25260e+00 2.78584e+00 1.65546e-04
-2.33235e+00 2.85717e+00 1.51133e-04
-2.41354e+00 2.92899e+00 1.36765e-04
-2.49619e+00 3.00132e+00 1.22414e-04
-2.58068e+00 3.07449e+00 1.06526e-04
-2.66763e+00 3.14903e+00 9.49198e-05
-2.75592e+00 3.22395e+00 8.35874e-05
-2.84558e+00 3.29929e+00 7.25014e-05
-2.93662e+00 3.37506e+00 6.16346e-05
-3.02908e+00 3.45129e+00 5.09601e-05
-3.12299e+00 3.52801e+00 4.04506e-05
-3.21836e+00 3.60524e+00 3.00783e-05
-3.31525e+00 3.68301e+00 1.98139e-05
-3.41366e+00 3.76134e+00 9.62660e-06
-3.51364e+00 3.84026e+00 -5.16837e-07
-3.61522e+00 3.91979e+00 -1.06527e-05
-3.71843e+00 3.99996e+00 -2.08213e-05
-4.40477e-01 7.47148e-01 1.96661e-03
-4.69166e-01 8.03628e-01 1.77676e-03
-4.99273e-01 8.60200e-01 1.61252e-03
-5.30785e-01 9.16884e-01 1.46846e-03
-5.63689e-01 9.73700e-01 1.34061e-03
-5.97974e-01 1.03067e+00 1.22597e-03
-6.33629e-01 1.08780e+00 1.12225e-03
-6.70646e-01 1.14512e+00 1.02766e-03
-7.09017e-01 1.20265e+00 9.40789e-04
-7.48736e-01 1.26040e+00 8.60485e-04
-7.89797e-01 1.31839e+00 7.85823e-04
-8.32196e-01 1.37664e+00 7.16036e-04
-8.75930e-01 1.43517e+00 6.50487e-04
-9.22859e-01 1.49638e+00 5.98585e-04
-9.71751e-01 1.55856e+00 5.62955e-04
-1.02198e+00 1.62093e+00 5.29034e-04
-1.07356e+00 1.68350e+00 4.96705e-04
-1.12649e+00 1.74628e+00 4.65862e-04
-1.18076e+00 1.80931e+00 4.36411e-04
-1.23638e+00 1.87259e+00 4.08267e-04
-1.29337e+00 1.93616e+00 3.81354e-04
-1.35172e+00 2.00002e+00 3.55602e-04
-1.41144e+00 2.06420e+00 3.30948e-04
-1.47254e+00 2.12871e+00 3.07334e-04
-1.53502e+00 2.19358e+00 2.84707e-04
-1.60001e+00 2.25994e+00 2.75908e-04
-1.66744e+00 2.32769e+00 2.61666e-04
-1.73621e+00 2.39569e+00 2.47576e-04
-1.80632e+00 2.46396e+00 2.33630e-04
-1.87779e+00 2.53253e+00 2.19820e-04
-1.95063e+00 2.60141e+00 2.06139e-04
-2.02486e+00 2.67062e+00 1.92574e-04
-2.10050e+00 2.74019e+00 1.79115e-04
-2.17756e+00 2.81014e+00 1.65748e-04
-2.25605e+00 2.88049e+00 1.52460e-04
-2.33601e+00 2.95126e+00 1.39235e-04
-2.41745e+00 3.02247e+00 1.26056e-04
-2.50073e+00 3.09444e+00 1.11039e-04
-2.58645e+00 3.16768e+00 1.00380e-04
-2.67354e+00 3.24124e+00 8.99010e-05
-2.76202e+00 3.31515e+00 7.95790e-05
-2.85191e+00 3.38943e+00 6.93917e-05
-2.94323e+00 3.46411e+00 5.93163e-05
-3.03602e+00 3.53921e+00 4.93299e-05
-3.13031e+00 3.61475e+00 3.94087e-05
-3.22611e+00 3.69076e+00 2.95282e-05
-3.32346e+00 3.76726e+00 1.96623e-05
-3.42240e+00 3.84428e+00 9.78333e-06
-3.52295e+00 3.92183e+00 -1.38632e-07
-3.62514e+00 3.99996e+00 -1.01362e-05
-4.17129e-01 7.64919e-01 1.94402e-03
-4.43893e-01 8.22585e-01 1.75284e-03
-4.72099e-01 8.80279e-01 1.58703e-03
-5.01734e-01 9.38022e-01 1.44136e-03
-5.32783e-01 9.95834e-01 1.31195e-03
-5.65236e-01 1.05373e+00 1.19584e-03
-5.99080e-01 1.11174e+00 1.09075e-03
-6.34307e-01 1.16988e+00 9.94884e-04
-6.70909e-01 1.22816e+00 9.06804e-04
-7.08878e-01 1.28661e+00 8.25353e-04
-7.48207e-01 1.34523e+00 7.49585e-04
-7.88893e-01 1.40406e+00 6.78716e-04
-8.30931e-01 1.46311e+00 6.12094e-04
-8.76059e-01 1.52472e+00 5.64223e-04
-9.23131e-01 1.58723e+00 5.31676e-04
-9.71565e-01 1.64986e+00 5.00509e-04
-1.02136e+00 1.71263e+00 4.70648e-04
-1.07253e+00 1.77556e+00 4.42026e-04
-1.12506e+00 1.83868e+00 4.14579e-04
-1.17896e+00 1.90199e+00 3.88250e-04
-1.23424e+00 1.96552e+00 3.62985e-04
-1.29090e+00 2.02930e+00 3.38735e-04
-1.34895e+00 2.09333e+00 3.15454e-04
-1.40838e+00 2.15763e+00 2.93098e-04
-1.46922e+00 2.22224e+00 2.71627e-04
-1.53251e+00 2.28823e+00 2.64956e-04
-1.59821e+00 2.35552e+00 2.52011e-04
-1.66526e+00 2.42300e+00 2.39161e-04
-1.73366e+00 2.49070e+00 2.26407e-04
-1.80345e+00 2.55863e+00 2.13749e-04
-1.87462e+00 2.62681e+00 2.01185e-04
-1.94719e+00 2.69528e+00 1.88713e-04
-2.02118e+00 2.76404e+00 1.76328e-04
-2.09660e+00 2.83311e+00 1.64023e-04
-2.17348e+00 2.90253e+00 1.51791e-04
-2.25182e+00 2.97230e+00 1.39624e-04
-2.33165e+00 3.04245e+00 1.27512e-04
-2.41331e+00 3.11329e+00 1.12950e-04
-2.49738e+00 3.18530e+00 1.03097e-04
-2.58283e+00 3.25757e+00 9.33198e-05
-2.66969e+00 3.33013e+00 8.36015e-05
-2.75796e+00 3.40300e+00 7.39243e-05
-2.84768e+00 3.47621e+00 6.42702e-05
-2.93887e+00 3.54977e+00 5.46210e-05
-3.03157e+00 3.62372e+00 4.49573e-05
-3.12579e+00 3.69806e+00 3.52590e-05
-3.22157e+00 3.77284e+00 2.55049e-05
-3.31893e+00 3.84806e+00 1.56724e-05
-3.41790e+00 3.92376e+00 5.73703e-06
-3.51852e+00 3.99996e+00 -4.32739e-06
-3.93528e-01 7.82272e-01 1.91727e-03
-4.18395e-01 8.41007e-01 1.72422e-03
-4.44714e-01 8.99715e-01 1.55644e-03
-4.72472e-01 9.58416e-01 1.40887e-03
-5.01655e-01 1.01713e+00 1.27770e-03
-5.32251e-01 1.07588e+00 1.15999e-03
-5.64248e-01 1.13469e+00 1.05345e-03
-5.97636e-01 1.19356e+00 9.56246e-04
-6.32408e-01 1.25253e+00 8.66936e-04
-6.68554e-01 1.31161e+00 7.84331e-04
-7.06069e-01 1.37082e+00 7.07461e-04
-7.44947e-01 1.43018e+00 6.35521e-04
-7.85184e-01 1.48971e+00 5.67839e-04
-8.28386e-01 1.55167e+00 5.25657e-04
-8.73498e-01 1.61446e+00 4.96495e-04
-9.19983e-01 1.67731e+00 4.68360e-04
-9.67841e-01 1.74025e+00 4.41224e-04
-1.01707e+00 1.80331e+00 4.15060e-04
-1.06768e+00 1.86648e+00 3.89837e-04
-1.11966e+00 1.92981e+00 3.65527e-04
-1.17303e+00 1.99330e+00 3.42099e-04
-1.22778e+00 2.05698e+00 3.19526e-04
-1.28392e+00 2.12086e+00 2.97780e-04
-1.34145e+00 2.18497e+00 2.76831e-04
-1.40039e+00 2.24932e+00 2.56656e-04
-1.46172e+00 2.31496e+00 2.52002e-04
-1.52539e+00 2.38180e+00 2.40376e-04
-1.59043e+00 2.44878e+00 2.28781e-04
-1.65682e+00 2.51592e+00 2.17227e-04
-1.72460e+00 2.58324e+00 2.05721e-04
-1.79377e+00 2.65077e+00 1.94269e-04
-1.86434e+00 2.71851e+00 1.82874e-04
-1.93634e+00 2.78650e+00 1.71537e-04
-2.00976e+00 2.85475e+00 1.60258e-04
-2.08464e+00 2.92328e+00 1.49036e-04
-2.16098e+00 2.99211e+00 1.37868e-04
-2.23881e+00 3.06127e+00 1.26751e-04
-2.31844e+00 3.13104e+00 1.12232e-04
-2.40044e+00 3.20188e+00 1.03073e-04
-2.48381e+00 3.27293e+00 9.38815e-05
-2.56858e+00 3.34421e+00 8.46469e-05
-2.65478e+00 3.41576e+00 7.53573e-05
-2.74243e+00 3.48758e+00 6.60003e-05
-2.83154e+00 3.55970e+00 5.65628e-05
-2.92215e+00 3.63214e+00 4.70309e-05
-3.01429e+00 3.70493e+00 3.73898e-05
-3.10797e+00 3.77808e+00 2.76235e-05
-3.20322e+00 3.85162e+00 1.77149e-05
-3.30009e+00 3.92558e+00 7.64563e-06
-3.39858e+00 3.99996e+00 -2.60437e-06
-3.69718e-01 7.99184e-01 1.88691e-03
-3.92715e-01 8.58873e-01 1.69129e-03
-4.17163e-01 9.18487e-01 1.52102e-03
-4.43046e-01 9.78047e-01 1.37118e-03
-4.70351e-01 1.03757e+00 1.23797e-03
-4.99065e-01 1.09709e+00 1.11845e-03
-5.29178e-01 1.15661e+00 1.01030e-03
-5.60680e-01 1.21616e+00 9.11683e-04
-5.93561e-01 1.27575e+00 8.21087e-04
-6.27813e-01 1.33541e+00 7.37300e-04
-6.63430e-01 1.39515e+00 6.59318e-04
-7.00405e-01 1.45499e+00 5.86310e-04
-7.38735e-01 1.51495e+00 5.17579e-04
-7.79886e-01 1.57722e+00 4.82738e-04
-8.22899e-01 1.64024e+00 4.57252e-04
-8.67284e-01 1.70328e+00 4.32420e-04
-9.13038e-01 1.76636e+00 4.08262e-04
-9.60163e-01 1.82950e+00 3.84791e-04
-1.00866e+00 1.89273e+00 3.62010e-04
-1.05853e+00 1.95605e+00 3.39921e-04
-1.10977e+00 2.01949e+00 3.18520e-04
-1.16239e+00 2.08307e+00 2.97799e-04
-1.21640e+00 2.14681e+00 2.77750e-04
-1.27179e+00 2.21072e+00 2.58362e-04
-1.32858e+00 2.27482e+00 2.39622e-04
-1.38767e+00 2.34012e+00 2.36866e-04
-1.44904e+00 2.40652e+00 2.26584e-04
-1.51175e+00 2.47301e+00 2.16264e-04
-1.57583e+00 2.53962e+00 2.05924e-04
-1.64128e+00 2.60636e+00 1.95579e-04
-1.70812e+00 2.67325e+00 1.85240e-04
-1.77635e+00 2.74032e+00 1.74917e-04
-1.84599e+00 2.80758e+00 1.64616e-04
-1.91706e+00 2.87505e+00 1.54343e-04
-1.98956e+00 2.94275e+00 1.44102e-04
-2.06352e+00 3.01070e+00 1.33895e-04
-2.13894e+00 3.07892e+00 1.23723e-04
-2.21614e+00 3.14768e+00 1.08833e-04
-2.29562e+00 3.21742e+00 1.00277e-04
-2.37648e+00 3.28732e+00 9.15803e-05
-2.45872e+00 3.35741e+00 8.27378e-05
-2.54238e+00 3.42770e+00 7.37451e-05
-2.62748e+00 3.49822e+00 6.45962e-05
-2.71403e+00 3.56899e+00 5.52844e-05
-2.80207e+00 3.64003e+00 4.58018e-05
-2.89160e+00 3.71135e+00 3.61395e-05
-2.98267e+00 3.78299e+00 2.62874e-05
-3.07529e+00 3.85495e+00 1.62346e-05
-3.16950e+00 3.92727e+00 5.96887e-06
-3.26531e+00 3.99996e+00 -4.52327e-06
-3.45741e-01 8.15635e-01 1.85344e-03
-3.66898e-01 8.76163e-01 1.65442e-03
-3.89489e-01 9.36577e-01 1.48104e-03
-4.13499e-01 9.96898e-01 1.32843e-03
-4.38915e-01 1.05715e+00 1.19281e-03
-4.65725e-01 1.11734e+00 1.07122e-03
-4.93918e-01 1.17750e+00 9.61296e-04
-5.23485e-01 1.23765e+00 8.61124e-04
-5.54415e-01 1.29781e+00 7.69163e-04
-5.86701e-01 1.35798e+00 6.84149e-04
-6.20336e-01 1.41820e+00 6.05037e-04
-6.55315e-01 1.47848e+00 5.30960e-04
-6.91631e-01 1.53884e+00 4.61194e-04
-7.30608e-01 1.60137e+00 4.35328e-04
-7.71383e-01 1.66457e+00 4.13802e-04
-8.13515e-01 1.72776e+00 3.92538e-04
-8.57003e-01 1.79094e+00 3.71606e-04
-9.01846e-01 1.85415e+00 3.51059e-04
-9.48045e-01 1.91740e+00 3.30937e-04
-9.95601e-01 1.98071e+00 3.11272e-04
-1.04452e+00 2.04409e+00 2.92085e-04
-1.09479e+00 2.10756e+00 2.73393e-04
-1.14643e+00 2.17115e+00 2.55206e-04
-1.19944e+00 2.23487e+00 2.37531e-04
-1.25382e+00 2.29873e+00 2.20370e-04
-1.31041e+00 2.36370e+00 2.19376e-04
-1.36917e+00 2.42967e+00 2.10468e-04
-1.42927e+00 2.49570e+00 2.01449e-04
-1.49072e+00 2.56179e+00 1.92344e-04
-1.55352e+00 2.62798e+00 1.83175e-04
-1.61769e+00 2.69428e+00 1.73959e-04
-1.68324e+00 2.76071e+00 1.64711e-04
-1.75018e+00 2.82728e+00 1.55445e-04
-1.81852e+00 2.89402e+00 1.46171e-04
-1.88827e+00 2.96094e+00 1.36896e-04
-1.95945e+00 3.02806e+00 1.27629e-04
-2.03207e+00 3.09540e+00 1.18374e-04
-2.10642e+00 3.16322e+00 1.02689e-04
-2.18296e+00 3.23192e+00 9.46616e-05
-2.26085e+00 3.30075e+00 8.63850e-05
-2.34011e+00 3.36971e+00 7.78633e-05
-2.42077e+00 3.43884e+00 6.90994e-05
-2.50284e+00 3.50814e+00 6.00946e-05
-2.58635e+00 3.57765e+00 5.08489e-05
-2.67131e+00 3.64737e+00 4.13613e-05
-2.75774e+00 3.71734e+00 3.16292e-05
-2.84567e+00 3.78756e+00 2.16492e-05
-2.93513e+00 3.85806e+00 1.14167e-05
-3.02613e+00 3.92885e+00 9.25732e-07
-3.11871e+00 3.99997e+00 -9.83050e-06
-3.21381e-01 8.31774e-01 1.80635e-03
-3.40726e-01 8.93027e-01 1.60441e-03
-3.61475e-01 9.54134e-01 1.42834e-03
-3.83613e-01 1.01512e+00 1.27341e-03
-4.07129e-01 1.07599e+00 1.13587e-03
-4.32011e-01 1.13678e+00 1.01270e-03
-4.58247e-01 1.19751e+00 9.01479e-04
-4.85829e-01 1.25818e+00 8.00235e-04
-5.14748e-01 1.31883e+00 7.07351e-04
-5.44995e-01 1.37946e+00 6.21495e-04
-5.76565e-01 1.44010e+00 5.41564e-04
-6.09451e-01 1.50077e+00 4.66639e-04
-6.43648e-01 1.56147e+00 3.95951e-04
-6.80330e-01 1.62421e+00 3.81594e-04
-7.18735e-01 1.68755e+00 3.64437e-04
-7.58471e-01 1.75084e+00 3.47096e-04
-7.99536e-01 1.81410e+00 3.29703e-04
-8.41930e-01 1.87734e+00 3.12362e-04
-8.85652e-01 1.94058e+00 2.95161e-04
-9.30703e-01 2.00385e+00 2.78168e-04
-9.77085e-01 2.06716e+00 2.61442e-04
-1.02480e+00 2.13052e+00 2.45026e-04
-1.07385e+00 2.19395e+00 2.28958e-04
-1.12423e+00 2.25748e+00 2.13267e-04
-1.17596e+00 2.32111e+00 1.97974e-04
-1.22978e+00 2.38575e+00 1.98819e-04
-1.28566e+00 2.45130e+00 1.91432e-04
-1.34286e+00 2.51687e+00 1.83901e-04
-1.40137e+00 2.58248e+00 1.76252e-04
-1.46122e+00 2.64814e+00 1.68506e-04
-1.52240e+00 2.71387e+00 1.60682e-04
-1.58492e+00 2.77969e+00 1.52796e-04
-1.64881e+00 2.84562e+00 1.44862e-04
-1.71406e+00 2.91166e+00 1.36891e-04
-1.78069e+00 2.97785e+00 1.28893e-04
-1.84871e+00 3.04420e+00 1.20877e-04
-1.91814e+00 3.11072e+00 1.12849e-04
-1.98923e+00 3.17766e+00 9.76098e-05
-2.06239e+00 3.24539e+00 9.24908e-05
-2.13689e+00 3.31321e+00 8.64353e-05
-2.21273e+00 3.38113e+00 7.94729e-05
-2.28993e+00 3.44917e+00 7.16291e-05
-2.36850e+00 3.51734e+00 6.29259e-05
-2.44848e+00 3.58568e+00 5.33818e-05
-2.52987e+00 3.65418e+00 4.30121e-05
-2.61269e+00 3.72288e+00 3.18292e-05
-2.69698e+00 3.79179e+00 1.98431e-05
-2.78274e+00 3.86093e+00 7.06064e-06
-2.87000e+00 3.93031e+00 -6.51324e-06
-2.95878e+00 3.99997e+00 -2.08762e-05
-2.96050e-01 8.47967e-01 1.76562e-03
-3.13609e-01 9.09824e-01 1.56184e-03
-3.32529e-01 9.71511e-01 1.38348e-03
-3.52795e-01 1.03305e+00 1.22617e-03
-3.74396e-01 1.09445e+00 1.08636e-03
-3.97322e-01 1.15574e+00 9.61145e-04
-4.21563e-01 1.21694e+00 8.48174e-04
-4.47108e-01 1.27806e+00 7.45494e-04
-4.73951e-01 1.33912e+00 6.51493e-04
-5.02083e-01 1.40014e+00 5.64833e-04
-5.31499e-01 1.46114e+00 4.84397e-04
-5.62192e-01 1.52213e+00 4.09248e-04
-5.94157e-01 1.58312e+00 3.38601e-04
-6.28436e-01 1.64600e+00 3.39757e-04
-6.64355e-01 1.70941e+00 3.25678e-04
-7.01567e-01 1.77275e+00 3.11163e-04
-7.40069e-01 1.83603e+00 2.96372e-04
-7.79860e-01 1.89926e+00 2.81439e-04
-8.20940e-01 1.96246e+00 2.66472e-04
-8.63308e-01 2.02566e+00 2.51562e-04
-9.06967e-01 2.08886e+00 2.36782e-04
-9.51916e-01 2.15208e+00 2.22193e-04
-9.98159e-01 2.21535e+00 2.07845e-04
-1.04570e+00 2.27867e+00 1.93778e-04
-1.09454e+00 2.34206e+00 1.80026e-04
-1.14534e+00 2.40637e+00 1.82097e-04
-1.19810e+00 2.47151e+00 1.75648e-04
-1.25213e+00 2.53663e+00 1.69075e-04
-1.30743e+00 2.60175e+00 1.62402e-04
-1.36403e+00 2.66690e+00 1.55648e-04
-1.42192e+00 2.73209e+00 1.48832e-04
-1.48111e+00 2.79732e+00 1.41971e-04
-1.54161e+00 2.86263e+00 1.35076e-04
-1.60344e+00 2.92803e+00 1.28159e-04
-1.66660e+00 2.99353e+00 1.21231e-04
-1.73110e+00 3.05915e+00 1.14301e-04
-1.79696e+00 3.12490e+00 1.07374e-04
-1.86440e+00 3.19102e+00 9.39742e-05
-1.93380e+00 3.25785e+00 8.95007e-05
-2.00449e+00 3.32473e+00 8.41893e-05
-2.07647e+00 3.39167e+00 7.80742e-05
-2.14978e+00 3.45870e+00 7.11860e-05
-2.22441e+00 3.52583e+00 6.35515e-05
-2.30038e+00 3.59307e+00 5.51947e-05
-2.37772e+00 3.66045e+00 4.61368e-05
-2.45645e+00 3.72799e+00 3.63963e-05
-2.53657e+00 3.79569e+00 2.59892e-05
-2.61811e+00 3.86357e+00 1.49297e-05
-2.70109e+00 3.93166e+00 3.22980e-06
-2.78553e+00 3.99997e+00 -9.10045e-06
-2.70504e-01 8.63716e-01 1.71019e-03
-2.86309e-01 9.26063e-01 1.50553e-03
-3.03416e-01 9.88223e-01 1.32587e-03
-3.21814e-01 1.05021e+00 1.16715e-03
-3.41492e-01 1.11206e+00 1.02604e-03
-3.62439e-01 1.17376e+00 8.99726e-04
-3.84647e-01 1.23536e+00 7.85915e-04
-4.08108e-01 1.29685e+00 6.82673e-04
-4.32814e-01 1.35826e+00 5.88390e-04
-4.58757e-01 1.41961e+00 5.01717e-04
-4.85932e-01 1.48090e+00 4.21521e-04
-5.14334e-01 1.54217e+00 3.46845e-04
-5.43958e-01 1.60341e+00 2.76884e-04
-5.75711e-01 1.66638e+00 2.96690e-04
-6.09008e-01 1.72983e+00 2.85746e-04
-6.43547e-01 1.79317e+00 2.74117e-04
-6.79325e-01 1.85644e+00 2.61995e-04
-7.16340e-01 1.91963e+00 2.49537e-04
-7.54593e-01 1.98277e+00 2.36874e-04
-7.94082e-01 2.04588e+00 2.24115e-04
-8.34809e-01 2.10897e+00 2.11351e-04
-8.76773e-01 2.17205e+00 1.98657e-04
-9.19978e-01 2.23515e+00 1.86096e-04
-9.64425e-01 2.29827e+00 1.73718e-04
-1.01012e+00 2.36143e+00 1.61567e-04
-1.05764e+00 2.42542e+00 1.64241e-04
-1.10699e+00 2.49015e+00 1.58680e-04
-1.15755e+00 2.55484e+00 1.53015e-04
-1.20934e+00 2.61950e+00 1.47268e-04
-1.26237e+00 2.68417e+00 1.41458e-04
-1.31664e+00 2.74884e+00 1.35601e-04
-1.37215e+00 2.81353e+00 1.29712e-04
-1.42893e+00 2.87827e+00 1.23803e-04
-1.48696e+00 2.94306e+00 1.17883e-04
-1.54627e+00 3.00792e+00 1.11963e-04
-1.60686e+00 3.07287e+00 1.06051e-04
-1.66875e+00 3.13792e+00 1.00153e-04
-1.73213e+00 3.20327e+00 8.87173e-05
-1.79734e+00 3.26926e+00 8.47661e-05
-1.86378e+00 3.33527e+00 8.00607e-05
-1.93147e+00 3.40132e+00 7.46383e-05
-2.00041e+00 3.46742e+00 6.85321e-05
-2.07062e+00 3.53359e+00 6.17722e-05
-2.14211e+00 3.59984e+00 5.43857e-05
-2.21491e+00 3.66619e+00 4.63971e-05
-2.28902e+00 3.73265e+00 3.78284e-05
-2.36446e+00 3.79924e+00 2.86993e-05
-2.44126e+00 3.86598e+00 1.90279e-05
-2.51941e+00 3.93289e+00 8.82996e-06
-2.59895e+00 3.99997e+00 -1.88000e-06
-2.44788e-01 8.79006e-01 1.64084e-03
-2.58870e-01 9.41732e-01 1.43599e-03
-2.74183e-01 1.00426e+00 1.25583e-03
-2.90717e-01 1.06661e+00 1.09658e-03
-3.08462e-01 1.12880e+00 9.55045e-04
-3.27409e-01 1.19084e+00 8.28539e-04
-3.47550e-01 1.25275e+00 7.14785e-04
-3.68878e-01 1.31454e+00 6.11865e-04
-3.91386e-01 1.37624e+00 5.18158e-04
-4.15068e-01 1.43785e+00 4.32297e-04
-4.39917e-01 1.49940e+00 3.53126e-04
-4.65931e-01 1.56089e+00 2.79664e-04
-4.93103e-01 1.62234e+00 2.11081e-04
-5.22207e-01 1.68536e+00 2.52455e-04
-5.52748e-01 1.74879e+00 2.44696e-04
-5.84466e-01 1.81211e+00 2.36012e-04
-6.17359e-01 1.87532e+00 2.26618e-04
-6.51426e-01 1.93845e+00 2.16696e-04
-6.86666e-01 2.00151e+00 2.06400e-04
-7.23079e-01 2.06452e+00 1.95856e-04
-7.60664e-01 2.12748e+00 1.85171e-04
-7.99422e-01 2.19042e+00 1.74434e-04
-8.39355e-01 2.25334e+00 1.63719e-04
-8.80464e-01 2.31627e+00 1.53089e-04
-9.22752e-01 2.37921e+00 1.42595e-04
-9.66727e-01 2.44289e+00 1.45220e-04
-1.01237e+00 2.50722e+00 1.40495e-04
-1.05918e+00 2.57150e+00 1.35690e-04
-1.10715e+00 2.63573e+00 1.30822e-04
-1.15628e+00 2.69994e+00 1.25909e-04
-1.20660e+00 2.76413e+00 1.20964e-04
-1.25809e+00 2.82832e+00 1.15998e-04
-1.31078e+00 2.89252e+00 1.11023e-04
-1.36465e+00 2.95675e+00 1.06048e-04
-1.41973e+00 3.02103e+00 1.01079e-04
-1.47602e+00 3.08536e+00 9.61251e-05
-1.53353e+00 3.14976e+00 9.11907e-05
-1.59244e+00 3.21443e+00 8.18773e-05
-1.65303e+00 3.27964e+00 7.83514e-05
-1.71478e+00 3.34486e+00 7.41432e-05
-1.77771e+00 3.41008e+00 6.92913e-05
-1.84183e+00 3.47533e+00 6.38305e-05
-1.90715e+00 3.54062e+00 5.77927e-05
-1.97368e+00 3.60597e+00 5.12064e-05
-2.04143e+00 3.67138e+00 4.40979e-05
-2.11042e+00 3.73687e+00 3.64911e-05
-2.18066e+00 3.80247e+00 2.84075e-05
-2.25217e+00 3.86817e+00 1.98671e-05
-2.32496e+00 3.93400e+00 1.08879e-05
-2.39905e+00 3.99997e+00 1.48622e-06
-2.18949e-01 8.93825e-01 1.55824e-03
-2.31339e-01 9.56819e-01 1.35369e-03
-2.44875e-01 1.01961e+00 1.17367e-03
-2.59549e-01 1.08223e+00 1.01464e-03
-2.75353e-01 1.14467e+00 8.73521e-04
-2.92278e-01 1.20696e+00 7.47692e-04
-3.10319e-01 1.26911e+00 6.34890e-04
-3.29467e-01 1.33114e+00 5.33189e-04
-3.49718e-01 1.39306e+00 4.40944e-04
-3.71066e-01 1.45488e+00 3.56759e-04
-3.93506e-01 1.51662e+00 2.79442e-04
-4.17034e-01 1.57829e+00 2.07982e-04
-4.41645e-01 1.63991e+00 1.41519e-04
-4.67980e-01 1.70293e+00 2.07134e-04
-4.95629e-01 1.76631e+00 2.02609e-04
-5.24379e-01 1.82955e+00 1.96919e-04
-5.54227e-01 1.89269e+00 1.90308e-04
-5.85173e-01 1.95573e+00 1.82980e-04
-6.17215e-01 2.01869e+00 1.75107e-04
-6.50353e-01 2.08158e+00 1.66834e-04
-6.84586e-01 2.14441e+00 1.58283e-04
-7.19916e-01 2.20719e+00 1.49557e-04
-7.56343e-01 2.26995e+00 1.40742e-04
-7.93868e-01 2.33268e+00 1.31910e-04
-8.32493e-01 2.39542e+00 1.23122e-04
-8.72643e-01 2.45879e+00 1.25020e-04
-9.14304e-01 2.52274e+00 1.21082e-04
-9.57050e-01 2.58662e+00 1.17089e-04
-1.00088e+00 2.65044e+00 1.13055e-04
-1.04581e+00 2.71422e+00 1.08993e-04
-1.09184e+00 2.77796e+00 1.04914e-04
-1.13896e+00 2.84168e+00 1.00825e-04
-1.18720e+00 2.90539e+00 9.67365e-05
-1.23655e+00 2.96911e+00 9.26542e-05
-1.28702e+00 3.03285e+00 8.85844e-05
-1.33861e+00 3.09662e+00 8.45323e-05
-1.39134e+00 3.16044e+00 8.05025e-05
-1.44535e+00 3.22447e+00 7.34958e-05
-1.50089e+00 3.28898e+00 7.03204e-05
-1.55751e+00 3.35347e+00 6.65249e-05
-1.61523e+00 3.41795e+00 6.21483e-05
-1.67406e+00 3.48243e+00 5.72262e-05
-1.73400e+00 3.54693e+00 5.17908e-05
-1.79508e+00 3.61146e+00 4.58716e-05
-1.85729e+00 3.67603e+00 3.94953e-05
-1.92065e+00 3.74066e+00 3.26864e-05
-1.98517e+00 3.80535e+00 2.54675e-05
-2.05086e+00 3.87013e+00 1.78590e-05
-2.11774e+00 3.93499e+00 9.87969e-06
-2.18581e+00 3.99997e+00 1.54698e-06
-1.93028e-01 9.08160e-01 1.46297e-03
-2.03758e-01 9.71316e-01 1.25903e-03
-2.15536e-01 1.03428e+00 1.07967e-03
-2.28356e-01 1.09706e+00 9.21520e-04
-2.42211e-01 1.15967e+00 7.81602e-04
-2.57094e-01 1.22213e+00 6.57304e-04
-2.73000e-01 1.28445e+00 5.46355e-04
-2.89923e-01 1.34664e+00 4.46794e-04
-3.07858e-01 1.40872e+00 3.56934e-04
-3.26802e-01 1.47069e+00 2.75329e-04
-3.46748e-01 1.53258e+00 2.00743e-04
-3.67695e-01 1.59438e+00 1.32123e-04
-3.89639e-01 1.65613e+00 6.85682e-05
-4.13083e-01 1.71910e+00 1.60832e-04
-4.37706e-01 1.78237e+00 1.59585e-04
-4.63341e-01 1.84552e+00 1.56937e-04
-4.89985e-01 1.90855e+00 1.53157e-04
-5.17637e-01 1.97147e+00 1.48471e-04
-5.46296e-01 2.03431e+00 1.43071e-04
-5.75961e-01 2.09706e+00 1.37118e-04
-6.06633e-01 2.15974e+00 1.30749e-04
-6.38312e-01 2.22237e+00 1.24081e-04
-6.70997e-01 2.28496e+00 1.17210e-04
-7.04690e-01 2.34751e+00 1.10220e-04
-7.39393e-01 2.41004e+00 1.03179e-04
-7.75444e-01 2.47312e+00 1.03650e-04
-8.12832e-01 2.53670e+00 1.00451e-04
-8.51219e-01 2.60020e+00 9.72243e-05
-8.90606e-01 2.66363e+00 9.39795e-05
-9.30997e-01 2.72700e+00 9.07242e-05
-9.72396e-01 2.79033e+00 8.74653e-05
-1.01481e+00 2.85362e+00 8.42087e-05
-1.05823e+00 2.91689e+00 8.09596e-05
-1.10268e+00 2.98014e+00 7.77224e-05
-1.14815e+00 3.04340e+00 7.45010e-05
-1.19466e+00 3.10666e+00 7.12988e-05
-1.24219e+00 3.16995e+00 6.81188e-05
-1.29089e+00 3.23341e+00 6.36214e-05
-1.34093e+00 3.29729e+00 6.07410e-05
-1.39198e+00 3.36112e+00 5.72942e-05
-1.44404e+00 3.42493e+00 5.33202e-05
-1.49710e+00 3.48873e+00 4.88542e-05
-1.55120e+00 3.55252e+00 4.39285e-05
-1.60632e+00 3.61632e+00 3.85723e-05
-1.66249e+00 3.68015e+00 3.28125e-05
-1.71970e+00 3.74400e+00 2.66734e-05
-1.77798e+00 3.80790e+00 2.01776e-05
-1.83732e+00 3.87185e+00 1.33455e-05
-1.89774e+00 3.93587e+00 6.19604e-06
-1.95925e+00 3.99997e+00 -1.25351e-06
-1.66874e-01 9.22105e-01 1.28090e-03
-1.75973e-01 9.85316e-01 1.08471e-03
-1.86011e-01 1.04834e+00 9.14563e-04
-1.96982e-01 1.11120e+00 7.66828e-04
-2.08880e-01 1.17389e+00 6.38241e-04
-2.21700e-01 1.23644e+00 5.25899e-04
-2.35438e-01 1.29885e+00 4.27258e-04
-2.50090e-01 1.36113e+00 3.40106e-04
-2.65650e-01 1.42330e+00 2.62539e-04
-2.82117e-01 1.48537e+00 1.92926e-04
-2.99486e-01 1.54734e+00 1.29878e-04
-3.17754e-01 1.60923e+00 7.22160e-05
-3.36919e-01 1.67105e+00 1.89455e-05
-3.57355e-01 1.73393e+00 1.40382e-04
-3.78824e-01 1.79706e+00 1.35894e-04
-4.01201e-01 1.86006e+00 1.31114e-04
-4.24486e-01 1.92294e+00 1.26109e-04
-4.48676e-01 1.98572e+00 1.20933e-04
-4.73770e-01 2.04841e+00 1.15636e-04
-4.99769e-01 2.11101e+00 1.10256e-04
-5.26673e-01 2.17353e+00 1.04829e-04
-5.54480e-01 2.23600e+00 9.93822e-05
-5.83191e-01 2.29841e+00 9.39408e-05
-6.12808e-01 2.36077e+00 8.85252e-05
-6.43331e-01 2.42311e+00 8.31527e-05
-6.75014e-01 2.48591e+00 8.17678e-05
-7.07850e-01 2.54913e+00 7.89834e-05
-7.41584e-01 2.61227e+00 7.62220e-05
-7.76218e-01 2.67532e+00 7.34886e-05
-8.11755e-01 2.73832e+00 7.07876e-05
-8.48197e-01 2.80126e+00 6.81228e-05
-8.85548e-01 2.86415e+00 6.54973e-05
-9.23810e-01 2.92701e+00 6.29136e-05
-9.62987e-01 2.98984e+00 6.03738e-05
-1.00308e+00 3.05266e+00 5.78797e-05
-1.04410e+00 3.11548e+00 5.54326e-05
-1.08605e+00 3.17830e+00 5.30336e-05
-1.12901e+00 3.24126e+00 5.08415e-05
-1.17314e+00 3.30456e+00 4.74258e-05
-1.21817e+00 3.36781e+00 4.39773e-05
-1.26410e+00 3.43102e+00 4.04966e-05
-1.31095e+00 3.49421e+00 3.69841e-05
-1.35872e+00 3.55738e+00 3.34403e-05
-1.40741e+00 3.62055e+00 2.98658e-05
-1.45703e+00 3.68372e+00 2.62612e-05
-1.50759e+00 3.74690e+00 2.26271e-05
-1.55909e+00 3.81011e+00 1.89641e-05
-1.61155e+00 3.87335e+00 1.52728e-05
-1.66497e+00 3.93663e+00 1.15539e-05
-1.71936e+00 3.99997e+00 7.80787e-06
-1.39238e-01 9.36292e-01 1.20499e-03
-1.46741e-01 9.99426e-01 1.01812e-03
-1.55056e-01 1.06239e+00 8.53244e-04
-1.64180e-01 1.12520e+00 7.07958e-04
-1.74109e-01 1.18787e+00 5.79945e-04
-1.84838e-01 1.25039e+00 4.67042e-04
-1.96365e-01 1.31279e+00 3.67271e-04
-2.08685e-01 1.37507e+00 2.78850e-04
-2.21797e-01 1.43724e+00 2.00196e-04
-2.35697e-01 1.49931e+00 1.29912e-04
-2.50382e-01 1.56130e+00 6.67810e-05
-2.65852e-01 1.62320e+00 9.74426e-06
-2.82102e-01 1.68503e+00 -4.21123e-05
-2.99426e-01 1.74774e+00 1.28598e-04
-3.17638e-01 1.81066e+00 1.22292e-04
-3.36642e-01 1.87346e+00 1.16198e-04
-3.56436e-01 1.93614e+00 1.10316e-04
-3.77019e-01 1.99873e+00 1.04645e-04
-3.98390e-01 2.06122e+00 9.91819e-05
-4.20550e-01 2.12363e+00 9.39228e-05
-4.43497e-01 2.18597e+00 8.88639e-05
-4.67232e-01 2.24824e+00 8.40005e-05
-4.91755e-01 2.31046e+00 7.93280e-05
-5.17066e-01 2.37263e+00 7.48413e-05
-5.43166e-01 2.43476e+00 7.05355e-05
-5.70254e-01 2.49727e+00 6.97641e-05
-5.98326e-01 2.56013e+00 6.73334e-05
-6.27180e-01 2.62290e+00 6.49431e-05
-6.56818e-01 2.68560e+00 6.25956e-05
-6.87242e-01 2.74823e+00 6.02927e-05
-7.18454e-01 2.81081e+00 5.80361e-05
-7.50456e-01 2.87333e+00 5.58269e-05
-7.83250e-01 2.93581e+00 5.36658e-05
-8.16839e-01 2.99826e+00 5.15536e-05
-8.51226e-01 3.06069e+00 4.94906e-05
-8.86413e-01 3.12310e+00 4.74771e-05
-9.22404e-01 3.18551e+00 4.55131e-05
-9.59269e-01 3.24802e+00 4.44873e-05
-9.97124e-01 3.31081e+00 4.11012e-05
-1.03576e+00 3.37354e+00 3.77468e-05
-1.07519e+00 3.43624e+00 3.44213e-05
-1.11540e+00 3.49890e+00 3.11225e-05
-1.15641e+00 3.56153e+00 2.78484e-05
-1.19822e+00 3.62415e+00 2.45970e-05
-1.24083e+00 3.68676e+00 2.13666e-05
-1.28425e+00 3.74937e+00 1.81558e-05
-1.32849e+00 3.81198e+00 1.49631e-05
-1.37355e+00 3.87462e+00 1.17873e-05
-1.41943e+00 3.93728e+00 8.62724e-06
-1.46615e+00 3.99997e+00 5.48189e-06
-1.11473e-01 9.50004e-01 1.06945e-03
-1.17412e-01 1.01295e+00 9.01186e-04
-1.24025e-01 1.07576e+00 7.50822e-04
-1.31309e-01 1.13843e+00 6.16930e-04
-1.39262e-01 1.20097e+00 4.97993e-04
-1.47881e-01 1.26340e+00 3.92494e-04
-1.57163e-01 1.32571e+00 2.98963e-04
-1.67106e-01 1.38791e+00 2.16021e-04
-1.77709e-01 1.45002e+00 1.42396e-04
-1.88969e-01 1.51204e+00 7.69319e-05
-2.00885e-01 1.57398e+00 1.85934e-05
-2.13454e-01 1.63584e+00 -3.35400e-05
-2.26677e-01 1.69764e+00 -8.02798e-05
-2.40769e-01 1.76014e+00 1.14560e-04
-2.55594e-01 1.82281e+00 1.06537e-04
-2.71080e-01 1.88536e+00 9.92402e-05
-2.87226e-01 1.94782e+00 9.25995e-05
-3.04031e-01 2.01019e+00 8.65516e-05
-3.21495e-01 2.07247e+00 8.10403e-05
-3.39617e-01 2.13468e+00 7.60151e-05
-3.58397e-01 2.19681e+00 7.14312e-05
-3.77834e-01 2.25889e+00 6.72487e-05
-3.97930e-01 2.32091e+00 6.34320e-05
-4.18685e-01 2.38288e+00 5.99492e-05
-4.40098e-01 2.44482e+00 5.67722e-05
-4.62319e-01 2.50705e+00 5.66504e-05
-4.85345e-01 2.56956e+00 5.45929e-05
-5.09025e-01 2.63199e+00 5.25914e-05
-5.33359e-01 2.69435e+00 5.06453e-05
-5.58350e-01 2.75665e+00 4.87538e-05
-5.83998e-01 2.81889e+00 4.69163e-05
-6.10304e-01 2.88108e+00 4.51318e-05
-6.37271e-01 2.94323e+00 4.33994e-05
-6.64900e-01 3.00535e+00 4.17183e-05
-6.93193e-01 3.06743e+00 4.00874e-05
-7.22151e-01 3.12950e+00 3.85058e-05
-7.51777e-01 3.19155e+00 3.69727e-05
-7.82124e-01 3.25367e+00 3.68306e-05
-8.13279e-01 3.31602e+00 3.36912e-05
-8.45085e-01 3.37831e+00 3.06289e-05
-8.77544e-01 3.44056e+00 2.76385e-05
-9.10660e-01 3.50277e+00 2.47152e-05
-9.44435e-01 3.56495e+00 2.18546e-05
-9.78872e-01 3.62711e+00 1.90529e-05
-1.01398e+00 3.68926e+00 1.63062e-05
-1.04975e+00 3.75139e+00 1.36113e-05
-1.08619e+00 3.81352e+00 1.09652e-05
-1.12331e+00 3.87566e+00 8.36486e-06
-1.16112e+00 3.93780e+00 5.80781e-06
-1.19960e+00 3.99997e+00 3.29160e-06
-8.36248e-02 9.63234e-01 8.74900e-04
-8.80322e-02 1.02590e+00 7.34089e-04
-9.29626e-02 1.08845e+00 6.07226e-04
-9.84143e-02 1.15088e+00 4.93579e-04
-1.04386e-01 1.21322e+00 3.92236e-04
-1.10875e-01 1.27546e+00 3.02185e-04
-1.17881e-01 1.33761e+00 2.22382e-04
-1.25402e-01 1.39967e+00 1.51797e-04
-1.33438e-01 1.46165e+00 8.94416e-05
-1.41987e-01 1.52356e+00 3.43942e-05
-1.51047e-01 1.58540e+00 -1.41924e-05
-1.60618e-01 1.64717e+00 -5.70854e-05
-1.70700e-01 1.70889e+00 -9.49725e-05
-1.81442e-01 1.77115e+00 9.81073e-05
-1.92752e-01 1.83351e+00 8.85163e-05
-2.04577e-01 1.89579e+00 8.01732e-05
-2.16919e-01 1.95798e+00 7.29321e-05
-2.29775e-01 2.02011e+00 6.66641e-05
-2.43147e-01 2.08216e+00 6.12558e-05
-2.57034e-01 2.14414e+00 5.66071e-05
-2.71436e-01 2.20607e+00 5.26302e-05
-2.86352e-01 2.26795e+00 4.92481e-05
-3.01783e-01 2.32977e+00 4.63929e-05
-3.17728e-01 2.39155e+00 4.40053e-05
-3.34189e-01 2.45330e+00 4.20332e-05
-3.51269e-01 2.51527e+00 4.25337e-05
-3.68967e-01 2.57744e+00 4.08728e-05
-3.87176e-01 2.63955e+00 3.92809e-05
-4.05897e-01 2.70159e+00 3.77543e-05
-4.25131e-01 2.76358e+00 3.62898e-05
-4.44879e-01 2.82552e+00 3.48840e-05
-4.65140e-01 2.88742e+00 3.35342e-05
-4.85917e-01 2.94928e+00 3.22377e-05
-5.07211e-01 3.01110e+00 3.09922e-05
-5.29021e-01 3.07289e+00 2.97954e-05
-5.51350e-01 3.13467e+00 2.86453e-05
-5.74199e-01 3.19642e+00 2.75401e-05
-5.97604e-01 3.25823e+00 2.79756e-05
-6.21628e-01 3.32019e+00 2.53099e-05
-6.46158e-01 3.38211e+00 2.27474e-05
-6.71197e-01 3.44399e+00 2.02809e-05
-6.96746e-01 3.50584e+00 1.79036e-05
-7.22807e-01 3.56765e+00 1.56096e-05
-7.49381e-01 3.62944e+00 1.33932e-05
-7.76472e-01 3.69121e+00 1.12494e-05
-8.04080e-01 3.75297e+00 9.17353e-06
-8.32208e-01 3.81472e+00 7.16126e-06
-8.60858e-01 3.87647e+00 5.20868e-06
-8.90033e-01 3.93822e+00 3.31216e-06
-9.19734e-01 3.99997e+00 1.46834e-06
-5.57374e-02 9.75978e-01 6.21666e-04
-5.86450e-02 1.03826e+00 5.16836e-04
-6.19125e-02 1.10045e+00 4.22310e-04
-6.55391e-02 1.16257e+00 3.37733e-04
-6.95241e-02 1.22462e+00 2.62553e-04
-7.38668e-02 1.28659e+00 1.96095e-04
-7.85664e-02 1.34851e+00 1.37624e-04
-8.36224e-02 1.41035e+00 8.63823e-05
-8.90341e-02 1.47215e+00 4.16298e-05
-9.48011e-02 1.53388e+00 2.66157e-06
-1.00923e-01 1.59557e+00 -3.11778e-05
-1.07399e-01 1.65721e+00 -6.04873e-05
-1.14228e-01 1.71881e+00 -8.58068e-05
-1.21505e-01 1.78076e+00 7.91064e-05
-1.29170e-01 1.84279e+00 6.81469e-05
-1.37194e-01 1.90475e+00 5.89597e-05
-1.45576e-01 1.96666e+00 5.13182e-05
-1.54315e-01 2.02851e+00 4.50233e-05
-1.63413e-01 2.09030e+00 3.99007e-05
-1.72867e-01 2.15205e+00 3.57982e-05
-1.82679e-01 2.21376e+00 3.25831e-05
-1.92849e-01 2.27542e+00 3.01399e-05
-2.03376e-01 2.33705e+00 2.83680e-05
-2.14260e-01 2.39865e+00 2.71800e-05
-2.25502e-01 2.46021e+00 2.65000e-05
-2.37166e-01 2.52192e+00 2.75350e-05
-2.49252e-01 2.58377e+00 2.62970e-05
-2.61692e-01 2.64557e+00 2.51378e-05
-2.74488e-01 2.70732e+00 2.40508e-05
-2.87641e-01 2.76903e+00 2.30296e-05
-3.01149e-01 2.83070e+00 2.20691e-05
-3.15014e-01 2.89233e+00 2.11644e-05
-3.29236e-01 2.95394e+00 2.03113e-05
-3.43815e-01 3.01552e+00 1.95061e-05
-3.58753e-01 3.07708e+00 1.87454e-05
-3.74048e-01 3.13861e+00 1.80262e-05
-3.89703e-01 3.20013e+00 1.73458e-05
-4.05740e-01 3.26168e+00 1.80336e-05
-4.22197e-01 3.32333e+00 1.60746e-05
-4.39004e-01 3.38495e+00 1.42252e-05
-4.56163e-01 3.44653e+00 1.24766e-05
-4.73673e-01 3.50809e+00 1.08213e-05
-4.91537e-01 3.56963e+00 9.25215e-06
-5.09754e-01 3.63114e+00 7.76275e-06
-5.28325e-01 3.69263e+00 6.34729e-06
-5.47252e-01 3.75411e+00 5.00044e-06
-5.66536e-01 3.81558e+00 3.71734e-06
-5.86177e-01 3.87705e+00 2.49354e-06
-6.06177e-01 3.93851e+00 1.32497e-06
-6.26537e-01 3.99997e+00 2.07916e-07
-2.78534e-02 9.88231e-01 3.09780e-04
-2.92923e-02 1.05003e+00 2.49249e-04
-3.09166e-02 1.11178e+00 1.95840e-04
-3.27262e-02 1.17350e+00 1.49199e-04
-3.47208e-02 1.23517e+00 1.08852e-04
-3.69003e-02 1.29681e+00 7.42540e-05
-3.92645e-02 1.35841e+00 4.48300e-05
-4.18132e-02 1.41998e+00 2.00102e-05
-4.45462e-02 1.48152e+00 -7.50517e-07
-4.74635e-02 1.54303e+00 -1.79584e-05
-5.05648e-02 1.60451e+00 -3.20737e-05
-5.38501e-02 1.66597e+00 -4.35079e-05
-5.73192e-02 1.72740e+00 -5.26237e-05
-6.10147e-02 1.78901e+00 5.74537e-05
-6.49105e-02 1.85066e+00 4.53771e-05
-6.89925e-02 1.91227e+00 3.55948e-05
-7.32607e-02 1.97385e+00 2.77935e-05
-7.77149e-02 2.03540e+00 2.16995e-05
-8.23552e-02 2.09692e+00 1.70747e-05
-8.71815e-02 2.15842e+00 1.37125e-05
-9.21937e-02 2.21989e+00 1.14339e-05
-9.73920e-02 2.28134e+00 1.00842e-05
-1.02776e-01 2.34276e+00 9.52987e-06
-1.08346e-01 2.40417e+00 9.65569e-06
-1.14102e-01 2.46556e+00 1.03624e-05
-1.20075e-01 2.52703e+00 1.17875e-05
-1.26262e-01 2.58856e+00 1.10010e-05
-1.32635e-01 2.65006e+00 1.02991e-05
-1.39192e-01 2.71154e+00 9.67197e-06
-1.45935e-01 2.77299e+00 9.11114e-06
-1.52863e-01 2.83443e+00 8.60913e-06
-1.59976e-01 2.89584e+00 8.15948e-06
-1.67274e-01 2.95724e+00 7.75655e-06
-1.74758e-01 3.01861e+00 7.39544e-06
-1.82428e-01 3.07998e+00 7.07188e-06
-1.90283e-01 3.14133e+00 6.78215e-06
-1.98325e-01 3.20267e+00 6.52301e-06
-2.06562e-01 3.26403e+00 7.12207e-06
-2.15014e-01 3.32544e+00 6.10508e-06
-2.23647e-01 3.38682e+00 5.18364e-06
-2.32462e-01 3.44819e+00 4.34901e-06
-2.41459e-01 3.50954e+00 3.59337e-06
-2.50638e-01 3.57088e+00 2.90966e-06
-2.60000e-01 3.63220e+00 2.29151e-06
-2.69544e-01 3.69351e+00 1.73319e-06
-2.79271e-01 3.75481e+00 1.22952e-06
-2.89181e-01 3.81611e+00 7.75792e-07
-2.99274e-01 3.87740e+00 3.67770e-07
-3.09551e-01 3.93869e+00 1.60278e-09
-3.20012e-01 3.99997e+00 -3.26203e-07
-1.36244e-05 9.99994e-01 -6.10576e-05
-1.43217e-05 1.06122e+00 -6.90480e-05
-1.51125e-05 1.12244e+00 -7.25162e-05
-1.59966e-05 1.18367e+00 -7.22325e-05
-1.69742e-05 1.24489e+00 -6.89264e-05
-1.80451e-05 1.30612e+00 -6.32585e-05
-1.92095e-05 1.36734e+00 -5.58066e-05
-2.04673e-05 1.42856e+00 -4.70602e-05
-2.18185e-05 1.48979e+00 -3.74236e-05
-2.32631e-05 1.55101e+00 -2.72227e-05
-2.48012e-05 1.61224e+00 -1.67137e-05
-2.64326e-05 1.67346e+00 -6.09362e-06
-2.81574e-05 1.73468e+00 4.49058e-06
-2.99947e-05 1.79591e+00 3.30802e-05
-3.19328e-05 1.85713e+00 2.01904e-05
-3.39656e-05 1.91836e+00 1.01075e-05
-3.60931e-05 1.97958e+00 2.42568e-06
-3.83152e-05 2.04080e+00 -3.20716e-06
-4.06320e-05 2.10203e+00 -7.09574e-06
-4.30435e-05 2.16325e+00 -9.50271e-06
-4.55496e-05 2.22448e+00 -1.06539e-05
-4.81504e-05 2.28570e+00 -1.07432e-05
-5.08459e-05 2.34692e+00 -9.93678e-06
-5.36360e-05 2.40815e+00 -8.37671e-06
-5.65208e-05 2.46937e+00 -6.18458e-06
-5.95138e-05 2.53060e+00 -4.56461e-06
-6.26147e-05 2.59182e+00 -4.87024e-06
-6.58098e-05 2.65304e+00 -5.09022e-06
-6.90991e-05 2.71427e+00 -5.23708e-06
-7.24826e-05 2.77549e+00 -5.32157e-06
-7.59602e-05 2.83672e+00 -5.35288e-06
-7.95320e-05 2.89794e+00 -5.33891e-06
-8.31980e-05 2.95916e+00 -5.28640e-06
-8.69582e-05 3.02039e+00 -5.20112e-06
-9.08126e-05 3.08161e+00 -5.08799e-06
-9.47612e-05 3.14284e+00 -4.95125e-06
-9.88039e-05 3.20406e+00 -4.79448e-06
-1.02946e-04 3.26528e+00 -4.63505e-06
-1.07194e-04 3.32651e+00 -4.47687e-06
-1.11534e-04 3.38773e+00 -4.25728e-06
-1.15967e-04 3.44895e+00 -3.98390e-06
-1.20491e-04 3.51018e+00 -3.66352e-06
-1.25107e-04 3.57140e+00 -3.30210e-06
-1.29815e-04 3.63263e+00 -2.90496e-06
-1.34616e-04 3.69385e+00 -2.47677e-06
-1.39508e-04 3.75507e+00 -2.02172e-06
-1.44492e-04 3.81630e+00 -1.54348e-06
-1.49568e-04 3.87752e+00 -1.04534e-06
-1.54736e-04 3.93875e+00 -5.30202e-07
-1.59996e-04 3.99997e+00 -6.51368e-10
