-1.00000e+00 0.00000e+00 -6.27097e-04
-1.06122e+00 0.00000e+00 -3.85943e-04
-1.12245e+00 0.00000e+00 -1.44789e-04
-1.18367e+00 0.00000e+00 9.63649e-05
-1.24490e+00 0.00000e+00 3.37519e-04
-1.30612e+00 0.00000e+00 5.78673e-04
-1.36734e+00 0.00000e+00 8.19827e-04
-1.42857e+00 0.00000e+00 1.06098e-03
-1.48979e+00 0.00000e+00 1.30213e-03
-1.55101e+00 0.00000e+00 1.54329e-03
-1.61224e+00 0.00000e+00 1.78444e-03
-1.67346e+00 0.00000e+00 2.02560e-03
-1.73469e+00 0.00000e+00 2.26675e-03
-1.79591e+00 0.00000e+00 1.68680e-03
-1.85713e+00 0.00000e+00 1.72410e-03
-1.91836e+00 0.00000e+00 1.76140e-03
-1.97958e+00 0.00000e+00 1.79870e-03
-2.04081e+00 0.00000e+00 1.83600e-03
-2.10203e+00 0.00000e+00 1.87330e-03
-2.16325e+00 0.00000e+00 1.91060e-03
-2.22448e+00 0.00000e+00 1.94790e-03
-2.28570e+00 0.00000e+00 1.98520e-03
-2.34693e+00 0.00000e+00 2.02250e-03
-2.40815e+00 0.00000e+00 2.05980e-03
-2.46937e+00 0.00000e+00 2.09710e-03
-2.53060e+00 0.00000e+00 2.08008e-03
-2.59182e+00 0.00000e+00 2.08998e-03
-2.65304e+00 0.00000e+00 2.09988e-03
-2.71427e+00 0.00000e+00 2.10978e-03
-2.77549e+00 0.00000e+00 2.11968e-03
-2.83672e+00 0.00000e+00 2.12958e-03
-2.89794e+00 0.00000e+00 2.13948e-03
-2.95916e+00 0.00000e+00 2.14938e-03
-3.02039e+00 0.00000e+00 2.15928e-03
-3.08161e+00 0.00000e+00 2.16918e-03
-3.14284e+00 0.00000e+00 2.17908e-03
-3.20406e+00 0.00000e+00 2.18898e-03
-3.26528e+00 0.00000e+00 2.19645e-03
-3.32651e+00 0.00000e+00 2.19878e-03
-3.38773e+00 0.00000e+00 2.20112e-03
-3.44896e+00 0.00000e+00 2.20345e-03
-3.51018e+00 0.00000e+00 2.20579e-03
-3.57140e+00 0.00000e+00 2.20812e-03
-3.63263e+00 0.00000e+00 2.21046e-03
-3.69385e+00 0.00000e+00 2.21279e-03
-3.75507e+00 0.00000e+00 2.21513e-03
-3.81630e+00 0.00000e+00 2.21746e-03
-3.87752e+00 0.00000e+00 2.21980e-03
-3.93875e+00 0.00000e+00 2.22213e-03
-3.99997e+00 0.00000e+00 2.22447e-03
-9.88237e-01 2.78398e-02 -6.51345e-04
-1.05003e+00 2.92779e-02 -4.13740e-04
-1.11179e+00 3.09015e-02 -1.76053e-04
-1.17350e+00 3.27102e-02 6.17969e-05
-1.23518e+00 3.47038e-02 2.99865e-04
-1.29681e+00 3.68822e-02 5.38185e-04
-1.35842e+00 3.92452e-02 7.76774e-04
-1.41998e+00 4.17927e-02 1.01564e-03
-1.48152e+00 4.45244e-02 1.25476e-03
-1.54303e+00 4.74402e-02 1.49414e-03
-1.60451e+00 5.05401e-02 1.73375e-03
-1.66597e+00 5.38237e-02 1.97357e-03
-1.72740e+00 5.72912e-02 2.21358e-03
-1.78901e+00 6.09850e-02 1.70746e-03
-1.85066e+00 6.48789e-02 1.74098e-03
-1.91227e+00 6.89589e-02 1.77469e-03
-1.97385e+00 7.32250e-02 1.80857e-03
-2.03540e+00 7.76771e-02 1.84263e-03
-2.09692e+00 8.23152e-02 1.87685e-03
-2.15842e+00 8.71391e-02 1.91123e-03
-2.21989e+00 9.21490e-02 1.94575e-03
-2.28134e+00 9.73447e-02 1.98042e-03
-2.34277e+00 1.02726e-01 2.01521e-03
-2.40418e+00 1.08294e-01 2.05013e-03
-2.46557e+00 1.14047e-01 2.08515e-03
-2.52703e+00 1.20017e-01 2.07909e-03
-2.58856e+00 1.26201e-01 2.08878e-03
-2.65006e+00 1.32571e-01 2.09849e-03
-2.71154e+00 1.39125e-01 2.10821e-03
-2.77300e+00 1.45864e-01 2.11795e-03
-2.83443e+00 1.52789e-01 2.12769e-03
-2.89584e+00 1.59899e-01 2.13745e-03
-2.95724e+00 1.67194e-01 2.14722e-03
-3.01862e+00 1.74674e-01 2.15699e-03
-3.07998e+00 1.82340e-01 2.16677e-03
-3.14133e+00 1.90192e-01 2.17656e-03
-3.20268e+00 1.98229e-01 2.18635e-03
-3.26403e+00 2.06463e-01 2.19398e-03
-3.32544e+00 2.14911e-01 2.19589e-03
-3.38682e+00 2.23540e-01 2.19781e-03
-3.44819e+00 2.32351e-01 2.19975e-03
-3.50954e+00 2.41343e-01 2.20171e-03
-3.57088e+00 2.50518e-01 2.20368e-03
-3.63220e+00 2.59875e-01 2.20567e-03
-3.69351e+00 2.69414e-01 2.20767e-03
-3.75481e+00 2.79137e-01 2.20969e-03
-3.81611e+00 2.89042e-01 2.21171e-03
-3.87740e+00 2.99130e-01 2.21375e-03
-3.93869e+00 3.09402e-01 2.21581e-03
-3.99997e+00 3.19858e-01 2.21787e-03
-9.75984e-01 5.57237e-02 -6.52538e-04
-1.03826e+00 5.86306e-02 -4.22103e-04
-1.10046e+00 6.18973e-02 -1.91593e-04
-1.16258e+00 6.55230e-02 3.92376e-05
-1.22462e+00 6.95071e-02 2.70568e-04
-1.28660e+00 7.38487e-02 5.02524e-04
-1.34851e+00 7.85472e-02 7.35180e-04
-1.41036e+00 8.36019e-02 9.68576e-04
-1.47215e+00 8.90123e-02 1.20272e-03
-1.53389e+00 9.47779e-02 1.43760e-03
-1.59557e+00 1.00898e-01 1.67320e-03
-1.65721e+00 1.07372e-01 1.90946e-03
-1.71881e+00 1.14201e-01 2.14634e-03
-1.78077e+00 1.21475e-01 1.71937e-03
-1.84279e+00 1.29139e-01 1.75015e-03
-1.90476e+00 1.37161e-01 1.78122e-03
-1.96666e+00 1.45541e-01 1.81256e-03
-2.02851e+00 1.54278e-01 1.84416e-03
-2.09031e+00 1.63373e-01 1.87602e-03
-2.15206e+00 1.72826e-01 1.90811e-03
-2.21376e+00 1.82635e-01 1.94043e-03
-2.27543e+00 1.92803e-01 1.97297e-03
-2.33705e+00 2.03327e-01 2.00570e-03
-2.39865e+00 2.14209e-01 2.03863e-03
-2.46021e+00 2.25448e-01 2.07173e-03
-2.52193e+00 2.37110e-01 2.07424e-03
-2.58377e+00 2.49192e-01 2.08384e-03
-2.64557e+00 2.61630e-01 2.09347e-03
-2.70732e+00 2.74423e-01 2.10312e-03
-2.76903e+00 2.87572e-01 2.11279e-03
-2.83070e+00 3.01077e-01 2.12248e-03
-2.89234e+00 3.14939e-01 2.13218e-03
-2.95394e+00 3.29158e-01 2.14191e-03
-3.01552e+00 3.43734e-01 2.15164e-03
-3.07708e+00 3.58668e-01 2.16139e-03
-3.13861e+00 3.73960e-01 2.17115e-03
-3.20013e+00 3.89611e-01 2.18093e-03
-3.26168e+00 4.05644e-01 2.18836e-03
-3.32333e+00 4.22097e-01 2.18997e-03
-3.38495e+00 4.38901e-01 2.19161e-03
-3.44654e+00 4.56055e-01 2.19328e-03
-3.50809e+00 4.73562e-01 2.19499e-03
-3.56963e+00 4.91421e-01 2.19672e-03
-3.63114e+00 5.09634e-01 2.19848e-03
-3.69263e+00 5.28201e-01 2.20027e-03
-3.75411e+00 5.47124e-01 2.20208e-03
-3.81559e+00 5.66403e-01 2.20391e-03
-3.87705e+00 5.86040e-01 2.20577e-03
-3.93851e+00 6.06035e-01 2.20765e-03
-3.99997e+00 6.26390e-01 2.20954e-03
-9.63240e-01 8.36112e-02 -6.30803e-04
-1.02590e+00 8.80178e-02 -4.11284e-04
-1.08845e+00 9.29474e-02 -1.91696e-04
-1.15089e+00 9.83982e-02 2.84334e-05
-1.21323e+00 1.04368e-01 2.49458e-04
-1.27547e+00 1.10857e-01 4.71628e-04
-1.33761e+00 1.17862e-01 6.95110e-04
-1.39968e+00 1.25382e-01 9.19998e-04
-1.46166e+00 1.33416e-01 1.14633e-03
-1.52356e+00 1.41963e-01 1.37412e-03
-1.58540e+00 1.51022e-01 1.60332e-03
-1.64718e+00 1.60592e-01 1.83388e-03
-1.70890e+00 1.70672e-01 2.06574e-03
-1.77115e+00 1.81413e-01 1.72273e-03
-1.83351e+00 1.92721e-01 1.75179e-03
-1.89579e+00 2.04544e-01 1.78115e-03
-1.95799e+00 2.16884e-01 1.81079e-03
-2.02011e+00 2.29739e-01 1.84071e-03
-2.08216e+00 2.43109e-01 1.87091e-03
-2.14415e+00 2.56993e-01 1.90135e-03
-2.20608e+00 2.71393e-01 1.93203e-03
-2.26795e+00 2.86306e-01 1.96295e-03
-2.32977e+00 3.01735e-01 1.99407e-03
-2.39156e+00 3.17678e-01 2.02540e-03
-2.45330e+00 3.34136e-01 2.05692e-03
-2.51527e+00 3.51214e-01 2.06562e-03
-2.57744e+00 3.68909e-01 2.07523e-03
-2.63955e+00 3.87115e-01 2.08488e-03
-2.70159e+00 4.05834e-01 2.09455e-03
-2.76358e+00 4.25065e-01 2.10425e-03
-2.82552e+00 4.44809e-01 2.11398e-03
-2.88742e+00 4.65068e-01 2.12372e-03
-2.94928e+00 4.85842e-01 2.13349e-03
-3.01110e+00 5.07132e-01 2.14327e-03
-3.07290e+00 5.28939e-01 2.15307e-03
-3.13467e+00 5.51265e-01 2.16288e-03
-3.19642e+00 5.74110e-01 2.17271e-03
-3.25823e+00 5.97512e-01 2.17961e-03
-3.32019e+00 6.21532e-01 2.18106e-03
-3.38211e+00 6.46059e-01 2.18255e-03
-3.44399e+00 6.71094e-01 2.18409e-03
-3.50584e+00 6.96639e-01 2.18566e-03
-3.56765e+00 7.22696e-01 2.18728e-03
-3.62944e+00 7.49266e-01 2.18893e-03
-3.69122e+00 7.76353e-01 2.19062e-03
-3.75297e+00 8.03957e-01 2.19235e-03
-3.81472e+00 8.32080e-01 2.19411e-03
-3.87647e+00 8.60726e-01 2.19589e-03
-3.93822e+00 8.89897e-01 2.19771e-03
-3.99997e+00 9.19594e-01 2.19956e-03
-9.50011e-01 1.11460e-01 -5.86175e-04
-1.01296e+00 1.17398e-01 -3.81485e-04
-1.07577e+00 1.24010e-01 -1.76631e-04
-1.13844e+00 1.31293e-01 2.91263e-05
-1.20098e+00 1.39245e-01 2.36342e-04
-1.26340e+00 1.47863e-01 4.45414e-04
-1.32571e+00 1.57144e-01 6.56609e-04
-1.38792e+00 1.67086e-01 8.70086e-04
-1.45003e+00 1.77687e-01 1.08593e-03
-1.51205e+00 1.88946e-01 1.30414e-03
-1.57398e+00 2.00860e-01 1.52470e-03
-1.63585e+00 2.13429e-01 1.74754e-03
-1.69764e+00 2.26649e-01 1.97257e-03
-1.76015e+00 2.40740e-01 1.71784e-03
-1.82281e+00 2.55564e-01 1.74614e-03
-1.88537e+00 2.71048e-01 1.77468e-03
-1.94782e+00 2.87192e-01 1.80346e-03
-2.01019e+00 3.03995e-01 1.83246e-03
-2.07247e+00 3.21457e-01 1.86167e-03
-2.13468e+00 3.39577e-01 1.89108e-03
-2.19682e+00 3.58354e-01 1.92069e-03
-2.25889e+00 3.77790e-01 1.95048e-03
-2.32091e+00 3.97884e-01 1.98044e-03
-2.38289e+00 4.18636e-01 2.01056e-03
-2.44482e+00 4.40046e-01 2.04083e-03
-2.50706e+00 4.62266e-01 2.05336e-03
-2.56957e+00 4.85289e-01 2.06308e-03
-2.63200e+00 5.08966e-01 2.07283e-03
-2.69436e+00 5.33298e-01 2.08262e-03
-2.75666e+00 5.58286e-01 2.09243e-03
-2.81890e+00 5.83931e-01 2.10227e-03
-2.88109e+00 6.10234e-01 2.11214e-03
-2.94324e+00 6.37198e-01 2.12203e-03
-3.00535e+00 6.64824e-01 2.13193e-03
-3.06744e+00 6.93114e-01 2.14186e-03
-3.12950e+00 7.22069e-01 2.15180e-03
-3.19155e+00 7.51692e-01 2.16176e-03
-3.25368e+00 7.82035e-01 2.16781e-03
-3.31602e+00 8.13187e-01 2.16923e-03
-3.37831e+00 8.44989e-01 2.17070e-03
-3.44056e+00 8.77445e-01 2.17223e-03
-3.50277e+00 9.10557e-01 2.17380e-03
-3.56496e+00 9.44328e-01 2.17542e-03
-3.62711e+00 9.78762e-01 2.17710e-03
-3.68926e+00 1.01386e+00 2.17881e-03
-3.75139e+00 1.04963e+00 2.18057e-03
-3.81352e+00 1.08607e+00 2.18237e-03
-3.87566e+00 1.12319e+00 2.18420e-03
-3.93780e+00 1.16099e+00 2.18608e-03
-3.99997e+00 1.19947e+00 2.18799e-03
-9.36299e-01 1.39225e-01 -5.18605e-04
-9.99433e-01 1.46727e-01 -3.32868e-04
-1.06240e+00 1.55041e-01 -1.46656e-04
-1.12521e+00 1.64164e-01 4.10510e-05
-1.18787e+00 1.74092e-01 2.31014e-04
-1.25040e+00 1.84820e-01 4.23775e-04
-1.31280e+00 1.96346e-01 6.19700e-04
-1.37508e+00 2.08665e-01 8.19011e-04
-1.43725e+00 2.21775e-01 1.02182e-03
-1.49932e+00 2.35674e-01 1.22816e-03
-1.56130e+00 2.50358e-01 1.43799e-03
-1.62320e+00 2.65826e-01 1.65122e-03
-1.68503e+00 2.82075e-01 1.86776e-03
-1.74775e+00 2.99397e-01 1.70504e-03
-1.81067e+00 3.17608e-01 1.73352e-03
-1.87346e+00 3.36610e-01 1.76211e-03
-1.93615e+00 3.56402e-01 1.79081e-03
-1.99873e+00 3.76983e-01 1.81961e-03
-2.06123e+00 3.98353e-01 1.84851e-03
-2.12364e+00 4.20510e-01 1.87749e-03
-2.18598e+00 4.43456e-01 1.90656e-03
-2.24825e+00 4.67189e-01 1.93571e-03
-2.31046e+00 4.91709e-01 1.96494e-03
-2.37263e+00 5.17018e-01 1.99423e-03
-2.43476e+00 5.43116e-01 2.02359e-03
-2.49728e+00 5.70202e-01 2.03765e-03
-2.56013e+00 5.98271e-01 2.04755e-03
-2.62291e+00 6.27123e-01 2.05749e-03
-2.68561e+00 6.56759e-01 2.06746e-03
-2.74824e+00 6.87180e-01 2.07746e-03
-2.81081e+00 7.18390e-01 2.08750e-03
-2.87333e+00 7.50389e-01 2.09755e-03
-2.93582e+00 7.83180e-01 2.10763e-03
-2.99827e+00 8.16766e-01 2.11774e-03
-3.06070e+00 8.51150e-01 2.12786e-03
-3.12311e+00 8.86334e-01 2.13800e-03
-3.18551e+00 9.22322e-01 2.14816e-03
-3.24802e+00 9.59184e-01 2.15307e-03
-3.31081e+00 9.97036e-01 2.15458e-03
-3.37355e+00 1.03567e+00 2.15615e-03
-3.43624e+00 1.07509e+00 2.15779e-03
-3.49890e+00 1.11530e+00 2.15949e-03
-3.56153e+00 1.15631e+00 2.16124e-03
-3.62415e+00 1.19811e+00 2.16305e-03
-3.68676e+00 1.24072e+00 2.16491e-03
-3.74937e+00 1.28414e+00 2.16682e-03
-3.81199e+00 1.32837e+00 2.16878e-03
-3.87462e+00 1.37343e+00 2.17079e-03
-3.93728e+00 1.41931e+00 2.17284e-03
-3.99997e+00 1.46602e+00 2.17494e-03
-9.22112e-01 1.66860e-01 -4.27975e-04
-9.85323e-01 1.75959e-01 -2.65562e-04
-1.04835e+00 1.85996e-01 -1.02022e-04
-1.11121e+00 1.96966e-01 6.39302e-05
-1.17390e+00 2.08863e-01 2.33241e-04
-1.23645e+00 2.21682e-01 4.06578e-04
-1.29886e+00 2.35419e-01 5.84386e-04
-1.36114e+00 2.50069e-01 7.66931e-04
-1.42331e+00 2.65629e-01 9.54348e-04
-1.48537e+00 2.82094e-01 1.14666e-03
-1.54735e+00 2.99462e-01 1.34383e-03
-1.60924e+00 3.17728e-01 1.54574e-03
-1.67106e+00 3.36892e-01 1.75227e-03
-1.73394e+00 3.57326e-01 1.68476e-03
-1.79707e+00 3.78794e-01 1.71431e-03
-1.86007e+00 4.01170e-01 1.74377e-03
-1.92295e+00 4.24452e-01 1.77315e-03
-1.98573e+00 4.48641e-01 1.80245e-03
-2.04841e+00 4.73734e-01 1.83167e-03
-2.11101e+00 4.99731e-01 1.86080e-03
-2.17354e+00 5.26632e-01 1.88986e-03
-2.23600e+00 5.54438e-01 1.91883e-03
-2.29841e+00 5.83147e-01 1.94774e-03
-2.36078e+00 6.12762e-01 1.97657e-03
-2.42311e+00 6.43282e-01 2.00533e-03
-2.48592e+00 6.74963e-01 2.01868e-03
-2.54914e+00 7.07797e-01 2.02884e-03
-2.61227e+00 7.41529e-01 2.03903e-03
-2.67533e+00 7.76161e-01 2.04926e-03
-2.73832e+00 8.11695e-01 2.05952e-03
-2.80126e+00 8.48135e-01 2.06981e-03
-2.86416e+00 8.85483e-01 2.08012e-03
-2.92701e+00 9.23742e-01 2.09046e-03
-2.98985e+00 9.62917e-01 2.10082e-03
-3.05267e+00 1.00301e+00 2.11119e-03
-3.11548e+00 1.04403e+00 2.12159e-03
-3.17830e+00 1.08597e+00 2.13201e-03
-3.24126e+00 1.12893e+00 2.13550e-03
-3.30456e+00 1.17305e+00 2.13723e-03
-3.36781e+00 1.21808e+00 2.13903e-03
-3.43103e+00 1.26401e+00 2.14090e-03
-3.49421e+00 1.31086e+00 2.14284e-03
-3.55739e+00 1.35862e+00 2.14484e-03
-3.62055e+00 1.40731e+00 2.14691e-03
-3.68372e+00 1.45692e+00 2.14904e-03
-3.74690e+00 1.50748e+00 2.15122e-03
-3.81011e+00 1.55898e+00 2.15346e-03
-3.87335e+00 1.61144e+00 2.15576e-03
-3.93663e+00 1.66486e+00 2.15811e-03
-3.99997e+00 1.71924e+00 2.16051e-03
-9.08167e-01 1.93016e-01 -2.95221e-04
-9.71323e-01 2.03744e-01 -1.47978e-04
-1.03429e+00 2.15522e-01 -3.80073e-07
-1.09707e+00 2.28341e-01 1.48797e-04
-1.15968e+00 2.42194e-01 3.00452e-04
-1.22214e+00 2.57077e-01 4.55231e-04
-1.28446e+00 2.72981e-01 6.13574e-04
-1.34665e+00 2.89904e-01 7.75764e-04
-1.40873e+00 3.07838e-01 9.41963e-04
-1.47070e+00 3.26780e-01 1.11224e-03
-1.53259e+00 3.46725e-01 1.28661e-03
-1.59439e+00 3.67671e-01 1.46501e-03
-1.65613e+00 3.89613e-01 1.64737e-03
-1.71911e+00 4.13056e-01 1.63262e-03
-1.78238e+00 4.37678e-01 1.67015e-03
-1.84553e+00 4.63311e-01 1.70681e-03
-1.90856e+00 4.89953e-01 1.74261e-03
-1.97148e+00 5.17603e-01 1.77757e-03
-2.03431e+00 5.46261e-01 1.81174e-03
-2.09707e+00 5.75924e-01 1.84512e-03
-2.15975e+00 6.06594e-01 1.87776e-03
-2.22238e+00 6.38271e-01 1.90967e-03
-2.28496e+00 6.70955e-01 1.94090e-03
-2.34751e+00 7.04646e-01 1.97147e-03
-2.41004e+00 7.39347e-01 2.00142e-03
-2.47313e+00 7.75396e-01 2.01035e-03
-2.53671e+00 8.12782e-01 2.02133e-03
-2.60021e+00 8.51166e-01 2.03231e-03
-2.66364e+00 8.90551e-01 2.04331e-03
-2.72701e+00 9.30939e-01 2.05431e-03
-2.79033e+00 9.72336e-01 2.06533e-03
-2.85362e+00 1.01474e+00 2.07636e-03
-2.91689e+00 1.05817e+00 2.08740e-03
-2.98015e+00 1.10261e+00 2.09845e-03
-3.04340e+00 1.14808e+00 2.10951e-03
-3.10667e+00 1.19458e+00 2.12058e-03
-3.16996e+00 1.24212e+00 2.13167e-03
-3.23342e+00 1.29081e+00 2.13119e-03
-3.29729e+00 1.34085e+00 2.13563e-03
-3.36112e+00 1.39190e+00 2.13961e-03
-3.42493e+00 1.44395e+00 2.14314e-03
-3.48873e+00 1.49702e+00 2.14624e-03
-3.55252e+00 1.55111e+00 2.14893e-03
-3.61633e+00 1.60623e+00 2.15122e-03
-3.68015e+00 1.66239e+00 2.15312e-03
-3.74400e+00 1.71960e+00 2.15465e-03
-3.80790e+00 1.77787e+00 2.15583e-03
-3.87185e+00 1.83721e+00 2.15665e-03
-3.93587e+00 1.89763e+00 2.15713e-03
-3.99997e+00 1.95914e+00 2.15729e-03
-8.93832e-01 2.18936e-01 -1.75557e-04
-9.56826e-01 2.31325e-01 -4.40337e-05
-1.01962e+00 2.44861e-01 8.79869e-05
-1.08223e+00 2.59534e-01 2.21709e-04
-1.14468e+00 2.75337e-01 3.58017e-04
-1.20697e+00 2.92261e-01 4.97539e-04
-1.26912e+00 3.10300e-01 6.40709e-04
-1.33115e+00 3.29448e-01 7.87811e-04
-1.39307e+00 3.49697e-01 9.39013e-04
-1.45489e+00 3.71044e-01 1.09440e-03
-1.51663e+00 3.93483e-01 1.25398e-03
-1.57830e+00 4.17010e-01 1.41772e-03
-1.63992e+00 4.41620e-01 1.58558e-03
-1.70294e+00 4.67953e-01 1.60724e-03
-1.76631e+00 4.95601e-01 1.64703e-03
-1.82956e+00 5.24349e-01 1.68588e-03
-1.89270e+00 5.54196e-01 1.72381e-03
-1.95574e+00 5.85140e-01 1.76087e-03
-2.01870e+00 6.17180e-01 1.79707e-03
-2.08158e+00 6.50317e-01 1.83246e-03
-2.14441e+00 6.84549e-01 1.86707e-03
-2.20720e+00 7.19877e-01 1.90093e-03
-2.26995e+00 7.56302e-01 1.93407e-03
-2.33269e+00 7.93825e-01 1.96653e-03
-2.39542e+00 8.32448e-01 1.99834e-03
-2.45880e+00 8.72596e-01 2.00400e-03
-2.52275e+00 9.14255e-01 2.01557e-03
-2.58663e+00 9.56999e-01 2.02708e-03
-2.65045e+00 1.00083e+00 2.03853e-03
-2.71422e+00 1.04576e+00 2.04993e-03
-2.77796e+00 1.09178e+00 2.06128e-03
-2.84168e+00 1.13890e+00 2.07258e-03
-2.90540e+00 1.18714e+00 2.08384e-03
-2.96912e+00 1.23648e+00 2.09506e-03
-3.03286e+00 1.28695e+00 2.10625e-03
-3.09663e+00 1.33854e+00 2.11740e-03
-3.16045e+00 1.39127e+00 2.12852e-03
-3.22448e+00 1.44528e+00 2.12395e-03
-3.28899e+00 1.50081e+00 2.12963e-03
-3.35348e+00 1.55743e+00 2.13475e-03
-3.41795e+00 1.61515e+00 2.13933e-03
-3.48244e+00 1.67397e+00 2.14340e-03
-3.54694e+00 1.73392e+00 2.14695e-03
-3.61146e+00 1.79499e+00 2.15003e-03
-3.67603e+00 1.85719e+00 2.15262e-03
-3.74066e+00 1.92055e+00 2.15476e-03
-3.80535e+00 1.98507e+00 2.15645e-03
-3.87013e+00 2.05076e+00 2.15771e-03
-3.93499e+00 2.11763e+00 2.15854e-03
-3.99997e+00 2.18570e+00 2.15897e-03
-8.79013e-01 2.44776e-01 -4.75165e-05
-9.41739e-01 2.58857e-01 6.81901e-05
-1.00427e+00 2.74169e-01 1.84677e-04
-1.06662e+00 2.90702e-01 3.03083e-04
-1.12880e+00 3.08445e-01 4.24236e-04
-1.19085e+00 3.27392e-01 5.48724e-04
-1.25276e+00 3.47532e-01 6.76950e-04
-1.31455e+00 3.68859e-01 8.09180e-04
-1.37625e+00 3.91366e-01 9.45573e-04
-1.43786e+00 4.15046e-01 1.08621e-03
-1.49941e+00 4.39895e-01 1.23112e-03
-1.56090e+00 4.65907e-01 1.38027e-03
-1.62235e+00 4.93078e-01 1.53363e-03
-1.68537e+00 5.22181e-01 1.58357e-03
-1.74880e+00 5.52720e-01 1.62535e-03
-1.81212e+00 5.84437e-01 1.66614e-03
-1.87533e+00 6.17329e-01 1.70597e-03
-1.93846e+00 6.51394e-01 1.74489e-03
-2.00152e+00 6.86633e-01 1.78292e-03
-2.06453e+00 7.23043e-01 1.82011e-03
-2.12749e+00 7.60627e-01 1.85650e-03
-2.19043e+00 7.99384e-01 1.89213e-03
-2.25335e+00 8.39315e-01 1.92703e-03
-2.31628e+00 8.80422e-01 1.96123e-03
-2.37922e+00 9.22708e-01 1.99478e-03
-2.44290e+00 9.66681e-01 1.99844e-03
-2.50723e+00 1.01232e+00 2.01084e-03
-2.57151e+00 1.05913e+00 2.02309e-03
-2.63574e+00 1.10709e+00 2.03520e-03
-2.69994e+00 1.15623e+00 2.04719e-03
-2.76413e+00 1.20654e+00 2.05905e-03
-2.82832e+00 1.25804e+00 2.07080e-03
-2.89253e+00 1.31072e+00 2.08244e-03
-2.95676e+00 1.36459e+00 2.09398e-03
-3.02104e+00 1.41967e+00 2.10543e-03
-3.08537e+00 1.47596e+00 2.11679e-03
-3.14977e+00 1.53347e+00 2.12806e-03
-3.21443e+00 1.59237e+00 2.12078e-03
-3.27965e+00 1.65296e+00 2.12769e-03
-3.34486e+00 1.71471e+00 2.13394e-03
-3.41009e+00 1.77764e+00 2.13954e-03
-3.47534e+00 1.84175e+00 2.14453e-03
-3.54063e+00 1.90706e+00 2.14891e-03
-3.60597e+00 1.97359e+00 2.15270e-03
-3.67138e+00 2.04134e+00 2.15592e-03
-3.73688e+00 2.11033e+00 2.15858e-03
-3.80247e+00 2.18057e+00 2.16070e-03
-3.86817e+00 2.25207e+00 2.16229e-03
-3.93400e+00 2.32486e+00 2.16335e-03
-3.99997e+00 2.39895e+00 2.16391e-03
-8.63723e-01 2.70491e-01 8.95313e-05
-9.26071e-01 2.86295e-01 1.89054e-04
-9.88231e-01 3.03402e-01 2.89834e-04
-1.05022e+00 3.21799e-01 3.92889e-04
-1.11206e+00 3.41475e-01 4.98949e-04
-1.17377e+00 3.62422e-01 6.08525e-04
-1.23536e+00 3.84629e-01 7.21967e-04
-1.29686e+00 4.08089e-01 8.39499e-04
-1.35827e+00 4.32793e-01 9.61258e-04
-1.41962e+00 4.58736e-01 1.08731e-03
-1.48091e+00 4.85910e-01 1.21768e-03
-1.54218e+00 5.14311e-01 1.35235e-03
-1.60342e+00 5.43933e-01 1.49128e-03
-1.66639e+00 5.75685e-01 1.56162e-03
-1.72984e+00 6.08981e-01 1.60515e-03
-1.79318e+00 6.43518e-01 1.64764e-03
-1.85645e+00 6.79295e-01 1.68914e-03
-1.91964e+00 7.16309e-01 1.72969e-03
-1.98278e+00 7.54560e-01 1.76934e-03
-2.04589e+00 7.94048e-01 1.80814e-03
-2.10898e+00 8.34773e-01 1.84613e-03
-2.17206e+00 8.76736e-01 1.88336e-03
-2.23515e+00 9.19939e-01 1.91986e-03
-2.29828e+00 9.64384e-01 1.95567e-03
-2.36144e+00 1.01007e+00 1.99084e-03
-2.42543e+00 1.05760e+00 1.99372e-03
-2.49015e+00 1.10694e+00 2.00716e-03
-2.55485e+00 1.15750e+00 2.02036e-03
-2.61951e+00 1.20930e+00 2.03334e-03
-2.68417e+00 1.26232e+00 2.04609e-03
-2.74885e+00 1.31659e+00 2.05865e-03
-2.81354e+00 1.37210e+00 2.07101e-03
-2.87828e+00 1.42887e+00 2.08319e-03
-2.94307e+00 1.48690e+00 2.09520e-03
-3.00793e+00 1.54621e+00 2.10705e-03
-3.07287e+00 1.60680e+00 2.11875e-03
-3.13792e+00 1.66868e+00 2.13030e-03
-3.20328e+00 1.73206e+00 2.12163e-03
-3.26927e+00 1.79727e+00 2.12975e-03
-3.33528e+00 1.86371e+00 2.13710e-03
-3.40133e+00 1.93139e+00 2.14369e-03
-3.46742e+00 2.00033e+00 2.14955e-03
-3.53359e+00 2.07054e+00 2.15470e-03
-3.59984e+00 2.14203e+00 2.15915e-03
-3.66619e+00 2.21483e+00 2.16292e-03
-3.73265e+00 2.28894e+00 2.16602e-03
-3.79925e+00 2.36438e+00 2.16846e-03
-3.86599e+00 2.44117e+00 2.17025e-03
-3.93289e+00 2.51932e+00 2.17141e-03
-3.99997e+00 2.59886e+00 2.17195e-03
-8.47974e-01 2.96037e-01 2.36250e-04
-9.09832e-01 3.13596e-01 3.18937e-04
-9.71519e-01 3.32514e-01 4.03611e-04
-1.03306e+00 3.52780e-01 4.91104e-04
-1.09446e+00 3.74380e-01 5.81995e-04
-1.15575e+00 3.97305e-01 6.76680e-04
-1.21695e+00 4.21545e-01 7.75422e-04
-1.27807e+00 4.47089e-01 8.78385e-04
-1.33913e+00 4.73931e-01 9.85660e-04
-1.40015e+00 5.02062e-01 1.09729e-03
-1.46115e+00 5.31477e-01 1.21328e-03
-1.52214e+00 5.62168e-01 1.33360e-03
-1.58313e+00 5.94133e-01 1.45822e-03
-1.64601e+00 6.28410e-01 1.54139e-03
-1.70943e+00 6.64328e-01 1.58644e-03
-1.77276e+00 7.01538e-01 1.63040e-03
-1.83604e+00 7.40039e-01 1.67335e-03
-1.89927e+00 7.79829e-01 1.71533e-03
-1.96247e+00 8.20908e-01 1.75641e-03
-2.02567e+00 8.63275e-01 1.79663e-03
-2.08887e+00 9.06932e-01 1.83605e-03
-2.15209e+00 9.51880e-01 1.87471e-03
-2.21536e+00 9.98121e-01 1.91267e-03
-2.27868e+00 1.04566e+00 1.94996e-03
-2.34207e+00 1.09450e+00 1.98664e-03
-2.40638e+00 1.14530e+00 1.98987e-03
-2.47151e+00 1.19806e+00 2.00457e-03
-2.53664e+00 1.25208e+00 2.01891e-03
-2.60176e+00 1.30739e+00 2.03293e-03
-2.66691e+00 1.36398e+00 2.04665e-03
-2.73209e+00 1.42187e+00 2.06006e-03
-2.79733e+00 1.48106e+00 2.07320e-03
-2.86264e+00 1.54156e+00 2.08608e-03
-2.92804e+00 1.60338e+00 2.09871e-03
-2.99354e+00 1.66654e+00 2.11109e-03
-3.05915e+00 1.73104e+00 2.12326e-03
-3.12491e+00 1.79690e+00 2.13521e-03
-3.19103e+00 1.86433e+00 2.12641e-03
-3.25785e+00 1.93374e+00 2.13572e-03
-3.32473e+00 2.00442e+00 2.14414e-03
-3.39168e+00 2.07641e+00 2.15169e-03
-3.45870e+00 2.14970e+00 2.15838e-03
-3.52583e+00 2.22433e+00 2.16424e-03
-3.59308e+00 2.30031e+00 2.16927e-03
-3.66046e+00 2.37765e+00 2.17350e-03
-3.72799e+00 2.45637e+00 2.17693e-03
-3.79569e+00 2.53649e+00 2.17958e-03
-3.86357e+00 2.61803e+00 2.18145e-03
-3.93166e+00 2.70101e+00 2.18255e-03
-3.99997e+00 2.78544e+00 2.18289e-03
-8.31782e-01 3.21368e-01 3.93333e-04
-8.93035e-01 3.40713e-01 4.58230e-04
-9.54143e-01 3.61460e-01 5.26169e-04
-1.01512e+00 3.83598e-01 5.97707e-04
-1.07600e+00 4.07113e-01 6.73212e-04
-1.13679e+00 4.31994e-01 7.52921e-04
-1.19752e+00 4.58229e-01 8.36973e-04
-1.25819e+00 4.85810e-01 9.25441e-04
-1.31884e+00 5.14728e-01 1.01835e-03
-1.37947e+00 5.44975e-01 1.11571e-03
-1.44011e+00 5.76543e-01 1.21747e-03
-1.50078e+00 6.09428e-01 1.32361e-03
-1.56148e+00 6.43624e-01 1.43407e-03
-1.62422e+00 6.80305e-01 1.52286e-03
-1.68756e+00 7.18708e-01 1.56921e-03
-1.75085e+00 7.58443e-01 1.61444e-03
-1.81411e+00 7.99507e-01 1.65863e-03
-1.87735e+00 8.41900e-01 1.70185e-03
-1.94060e+00 8.85621e-01 1.74417e-03
-2.00386e+00 9.30671e-01 1.78564e-03
-2.06717e+00 9.77051e-01 1.82632e-03
-2.13053e+00 1.02476e+00 1.86628e-03
-2.19396e+00 1.07381e+00 1.90555e-03
-2.25749e+00 1.12419e+00 1.94420e-03
-2.32112e+00 1.17592e+00 1.98228e-03
-2.38576e+00 1.22974e+00 1.98694e-03
-2.45131e+00 1.28562e+00 2.00308e-03
-2.51688e+00 1.34282e+00 2.01876e-03
-2.58249e+00 1.40133e+00 2.03400e-03
-2.64815e+00 1.46117e+00 2.04884e-03
-2.71388e+00 1.52235e+00 2.06328e-03
-2.77970e+00 1.58487e+00 2.07736e-03
-2.84562e+00 1.64875e+00 2.09108e-03
-2.91167e+00 1.71400e+00 2.10447e-03
-2.97786e+00 1.78063e+00 2.11754e-03
-3.04421e+00 1.84865e+00 2.13031e-03
-3.11073e+00 1.91808e+00 2.14279e-03
-3.17767e+00 1.98917e+00 2.13503e-03
-3.24540e+00 2.06233e+00 2.14551e-03
-3.31322e+00 2.13683e+00 2.15497e-03
-3.38114e+00 2.21266e+00 2.16343e-03
-3.44917e+00 2.28986e+00 2.17091e-03
-3.51735e+00 2.36844e+00 2.17742e-03
-3.58568e+00 2.44841e+00 2.18296e-03
-3.65419e+00 2.52980e+00 2.18756e-03
-3.72288e+00 2.61262e+00 2.19121e-03
-3.79179e+00 2.69690e+00 2.19393e-03
-3.86093e+00 2.78266e+00 2.19572e-03
-3.93031e+00 2.86992e+00 2.19658e-03
-3.99997e+00 2.95870e+00 2.19651e-03
-8.15643e-01 3.45729e-01 5.49053e-04
-8.76171e-01 3.66885e-01 6.02344e-04
-9.36586e-01 3.89475e-01 6.59623e-04
-9.96907e-01 4.13485e-01 7.21010e-04
-1.05716e+00 4.38900e-01 7.86550e-04
-1.11735e+00 4.65709e-01 8.56242e-04
-1.17751e+00 4.93901e-01 9.30052e-04
-1.23766e+00 5.23466e-01 1.00793e-03
-1.29782e+00 5.54395e-01 1.08982e-03
-1.35799e+00 5.86681e-01 1.17565e-03
-1.41821e+00 6.20315e-01 1.26536e-03
-1.47849e+00 6.55293e-01 1.35890e-03
-1.53885e+00 6.91608e-01 1.45619e-03
-1.60138e+00 7.30584e-01 1.54252e-03
-1.66458e+00 7.71357e-01 1.58774e-03
-1.72777e+00 8.13488e-01 1.63191e-03
-1.79096e+00 8.56975e-01 1.67512e-03
-1.85416e+00 9.01818e-01 1.71744e-03
-1.91741e+00 9.48015e-01 1.75895e-03
-1.98072e+00 9.95570e-01 1.79971e-03
-2.04410e+00 1.04448e+00 1.83979e-03
-2.10757e+00 1.09476e+00 1.87926e-03
-2.17116e+00 1.14640e+00 1.91817e-03
-2.23488e+00 1.19940e+00 1.95657e-03
-2.29874e+00 1.25378e+00 1.99452e-03
-2.36371e+00 1.31037e+00 2.00001e-03
-2.42968e+00 1.36913e+00 2.01721e-03
-2.49571e+00 1.42923e+00 2.03372e-03
-2.56180e+00 1.49068e+00 2.04958e-03
-2.62799e+00 1.55348e+00 2.06482e-03
-2.69429e+00 1.61765e+00 2.07947e-03
-2.76072e+00 1.68319e+00 2.09355e-03
-2.82729e+00 1.75013e+00 2.10709e-03
-2.89402e+00 1.81847e+00 2.12011e-03
-2.96094e+00 1.88822e+00 2.13263e-03
-3.02807e+00 1.95940e+00 2.14467e-03
-3.09541e+00 2.03202e+00 2.15624e-03
-3.16323e+00 2.10636e+00 2.15012e-03
-3.23193e+00 2.18290e+00 2.15867e-03
-3.30075e+00 2.26079e+00 2.16656e-03
-3.36972e+00 2.34005e+00 2.17379e-03
-3.43884e+00 2.42071e+00 2.18037e-03
-3.50815e+00 2.50278e+00 2.18630e-03
-3.57765e+00 2.58628e+00 2.19160e-03
-3.64738e+00 2.67124e+00 2.19625e-03
-3.71734e+00 2.75767e+00 2.20028e-03
-3.78756e+00 2.84560e+00 2.20367e-03
-3.85806e+00 2.93506e+00 2.20642e-03
-3.92885e+00 3.02606e+00 2.20854e-03
-3.99997e+00 3.11863e+00 2.21001e-03
-7.99193e-01 3.69706e-01 6.99483e-04
-8.58882e-01 3.92703e-01 7.40609e-04
-9.18496e-01 4.17149e-01 7.86867e-04
-9.78057e-01 4.43031e-01 8.37972e-04
-1.03758e+00 4.70335e-01 8.93676e-04
-1.09710e+00 4.99049e-01 9.53767e-04
-1.15662e+00 5.29161e-01 1.01806e-03
-1.21617e+00 5.60662e-01 1.08640e-03
-1.27576e+00 5.93541e-01 1.15864e-03
-1.33542e+00 6.27793e-01 1.23468e-03
-1.39516e+00 6.63409e-01 1.31441e-03
-1.45500e+00 7.00383e-01 1.39775e-03
-1.51497e+00 7.38712e-01 1.48464e-03
-1.57724e+00 7.79863e-01 1.56752e-03
-1.64025e+00 8.22874e-01 1.61137e-03
-1.70329e+00 8.67258e-01 1.65417e-03
-1.76637e+00 9.13011e-01 1.69602e-03
-1.82952e+00 9.60135e-01 1.73700e-03
-1.89274e+00 1.00863e+00 1.77719e-03
-1.95606e+00 1.05850e+00 1.81666e-03
-2.01951e+00 1.10974e+00 1.85548e-03
-2.08309e+00 1.16236e+00 1.89372e-03
-2.14682e+00 1.21637e+00 1.93145e-03
-2.21073e+00 1.27176e+00 1.96871e-03
-2.27483e+00 1.32854e+00 2.00557e-03
-2.34013e+00 1.38764e+00 2.01109e-03
-2.40653e+00 1.44900e+00 2.02822e-03
-2.47302e+00 1.51171e+00 2.04460e-03
-2.53963e+00 1.57579e+00 2.06027e-03
-2.60637e+00 1.64124e+00 2.07526e-03
-2.67327e+00 1.70808e+00 2.08960e-03
-2.74033e+00 1.77631e+00 2.10332e-03
-2.80759e+00 1.84595e+00 2.11644e-03
-2.87506e+00 1.91701e+00 2.12898e-03
-2.94276e+00 1.98951e+00 2.14096e-03
-3.01071e+00 2.06347e+00 2.15241e-03
-3.07893e+00 2.13889e+00 2.16334e-03
-3.14769e+00 2.21609e+00 2.15993e-03
-3.21743e+00 2.29557e+00 2.16808e-03
-3.28733e+00 2.37642e+00 2.17567e-03
-3.35741e+00 2.45867e+00 2.18272e-03
-3.42771e+00 2.54233e+00 2.18923e-03
-3.49823e+00 2.62742e+00 2.19520e-03
-3.56900e+00 2.71397e+00 2.20064e-03
-3.64003e+00 2.80200e+00 2.20553e-03
-3.71136e+00 2.89154e+00 2.20989e-03
-3.78299e+00 2.98261e+00 2.21371e-03
-3.85496e+00 3.07523e+00 2.21697e-03
-3.92727e+00 3.16943e+00 2.21968e-03
-3.99996e+00 3.26524e+00 2.22183e-03
-7.82281e-01 3.93517e-01 8.52835e-04
-8.41016e-01 4.18382e-01 8.81638e-04
-8.99724e-01 4.44701e-01 9.16924e-04
-9.58426e-01 4.72458e-01 9.57935e-04
-1.01714e+00 5.01640e-01 1.00409e-03
-1.07589e+00 5.32234e-01 1.05494e-03
-1.13470e+00 5.64231e-01 1.11013e-03
-1.19357e+00 5.97618e-01 1.16938e-03
-1.25255e+00 6.32389e-01 1.23247e-03
-1.31163e+00 6.68534e-01 1.29921e-03
-1.37084e+00 7.06048e-01 1.36948e-03
-1.43020e+00 7.44926e-01 1.44316e-03
-1.48972e+00 7.85161e-01 1.52017e-03
-1.55168e+00 8.28363e-01 1.59848e-03
-1.61447e+00 8.73473e-01 1.64065e-03
-1.67732e+00 9.19957e-01 1.68180e-03
-1.74027e+00 9.67815e-01 1.72202e-03
-1.80332e+00 1.01705e+00 1.76142e-03
-1.86650e+00 1.06765e+00 1.80006e-03
-1.92982e+00 1.11963e+00 1.83803e-03
-1.99332e+00 1.17300e+00 1.87540e-03
-2.05700e+00 1.22775e+00 1.91223e-03
-2.12088e+00 1.28389e+00 1.94860e-03
-2.18498e+00 1.34142e+00 1.98457e-03
-2.24933e+00 1.40036e+00 2.02019e-03
-2.31497e+00 1.46168e+00 2.02608e-03
-2.38181e+00 1.52536e+00 2.04309e-03
-2.44879e+00 1.59039e+00 2.05929e-03
-2.51593e+00 1.65678e+00 2.07471e-03
-2.58325e+00 1.72456e+00 2.08939e-03
-2.65078e+00 1.79373e+00 2.10337e-03
-2.71852e+00 1.86430e+00 2.11665e-03
-2.78651e+00 1.93629e+00 2.12928e-03
-2.85476e+00 2.00972e+00 2.14126e-03
-2.92329e+00 2.08459e+00 2.15262e-03
-2.99212e+00 2.16094e+00 2.16338e-03
-3.06128e+00 2.23876e+00 2.17355e-03
-3.13105e+00 2.31840e+00 2.17236e-03
-3.20188e+00 2.40039e+00 2.17970e-03
-3.27293e+00 2.48376e+00 2.18662e-03
-3.34422e+00 2.56853e+00 2.19313e-03
-3.41576e+00 2.65473e+00 2.19921e-03
-3.48758e+00 2.74237e+00 2.20487e-03
-3.55970e+00 2.83149e+00 2.21011e-03
-3.63215e+00 2.92210e+00 2.21493e-03
-3.70493e+00 3.01423e+00 2.21931e-03
-3.77808e+00 3.10791e+00 2.22326e-03
-3.85163e+00 3.20317e+00 2.22676e-03
-3.92558e+00 3.30002e+00 2.22981e-03
-3.99996e+00 3.39852e+00 2.23239e-03
-7.64928e-01 4.17117e-01 1.00960e-03
-8.22594e-01 4.43880e-01 1.02575e-03
-8.80288e-01 4.72086e-01 1.04996e-03
-9.38032e-01 5.01719e-01 1.08094e-03
-9.95844e-01 5.32768e-01 1.11772e-03
-1.05375e+00 5.65219e-01 1.15959e-03
-1.11175e+00 5.99063e-01 1.20601e-03
-1.16989e+00 6.34289e-01 1.25655e-03
-1.22817e+00 6.70890e-01 1.31089e-03
-1.28662e+00 7.08858e-01 1.36879e-03
-1.34525e+00 7.48187e-01 1.43007e-03
-1.40407e+00 7.88872e-01 1.49456e-03
-1.46312e+00 8.30909e-01 1.56218e-03
-1.52473e+00 8.76036e-01 1.63486e-03
-1.58724e+00 9.23106e-01 1.67503e-03
-1.64987e+00 9.71540e-01 1.71425e-03
-1.71264e+00 1.02134e+00 1.75261e-03
-1.77558e+00 1.07250e+00 1.79019e-03
-1.83869e+00 1.12503e+00 1.82709e-03
-1.90200e+00 1.17894e+00 1.86337e-03
-1.96554e+00 1.23421e+00 1.89912e-03
-2.02931e+00 1.29087e+00 1.93439e-03
-2.09334e+00 1.34891e+00 1.96927e-03
-2.15765e+00 1.40835e+00 2.00380e-03
-2.22225e+00 1.46919e+00 2.03806e-03
-2.28825e+00 1.53248e+00 2.04464e-03
-2.35553e+00 1.59817e+00 2.06149e-03
-2.42302e+00 1.66522e+00 2.07747e-03
-2.49071e+00 1.73363e+00 2.09261e-03
-2.55864e+00 1.80341e+00 2.10694e-03
-2.62683e+00 1.87458e+00 2.12050e-03
-2.69529e+00 1.94715e+00 2.13330e-03
-2.76405e+00 2.02114e+00 2.14537e-03
-2.83312e+00 2.09656e+00 2.15673e-03
-2.90254e+00 2.17343e+00 2.16739e-03
-2.97231e+00 2.25178e+00 2.17737e-03
-3.04246e+00 2.33160e+00 2.18667e-03
-3.11330e+00 2.41327e+00 2.18722e-03
-3.18531e+00 2.49734e+00 2.19341e-03
-3.25758e+00 2.58279e+00 2.19932e-03
-3.33013e+00 2.66964e+00 2.20493e-03
-3.40301e+00 2.75791e+00 2.21025e-03
-3.47621e+00 2.84763e+00 2.21527e-03
-3.54978e+00 2.93882e+00 2.22000e-03
-3.62372e+00 3.03152e+00 2.22442e-03
-3.69807e+00 3.12574e+00 2.22854e-03
-3.77284e+00 3.22151e+00 2.23233e-03
-3.84807e+00 3.31887e+00 2.23580e-03
-3.92376e+00 3.41785e+00 2.23894e-03
-3.99996e+00 3.51847e+00 2.24173e-03
-7.47157e-01 4.40465e-01 1.17028e-03
-8.03637e-01 4.69154e-01 1.17325e-03
-8.60210e-01 4.99260e-01 1.18614e-03
-9.16895e-01 5.30771e-01 1.20702e-03
-9.73711e-01 5.63674e-01 1.23451e-03
-1.03068e+00 5.97958e-01 1.26757e-03
-1.08781e+00 6.33612e-01 1.30545e-03
-1.14514e+00 6.70628e-01 1.34758e-03
-1.20266e+00 7.08999e-01 1.39353e-03
-1.26041e+00 7.48717e-01 1.44298e-03
-1.31841e+00 7.89777e-01 1.49567e-03
-1.37666e+00 8.32175e-01 1.55143e-03
-1.43518e+00 8.75908e-01 1.61011e-03
-1.49639e+00 9.22836e-01 1.67612e-03
-1.55858e+00 9.71727e-01 1.71400e-03
-1.62094e+00 1.02196e+00 1.75103e-03
-1.68351e+00 1.07354e+00 1.78729e-03
-1.74630e+00 1.12646e+00 1.82286e-03
-1.80932e+00 1.18073e+00 1.85783e-03
-1.87261e+00 1.23636e+00 1.89226e-03
-1.93617e+00 1.29334e+00 1.92624e-03
-2.00003e+00 1.35169e+00 1.95982e-03
-2.06421e+00 1.41141e+00 1.99308e-03
-2.12872e+00 1.47250e+00 2.02609e-03
-2.19359e+00 1.53499e+00 2.05890e-03
-2.25995e+00 1.59998e+00 2.06644e-03
-2.32770e+00 1.66741e+00 2.08311e-03
-2.39570e+00 1.73618e+00 2.09885e-03
-2.46397e+00 1.80629e+00 2.11367e-03
-2.53254e+00 1.87776e+00 2.12763e-03
-2.60142e+00 1.95060e+00 2.14073e-03
-2.67063e+00 2.02483e+00 2.15301e-03
-2.74020e+00 2.10046e+00 2.16449e-03
-2.81015e+00 2.17752e+00 2.17517e-03
-2.88050e+00 2.25602e+00 2.18507e-03
-2.95127e+00 2.33597e+00 2.19419e-03
-3.02248e+00 2.41741e+00 2.20255e-03
-3.09445e+00 2.50069e+00 2.20436e-03
-3.16769e+00 2.58641e+00 2.20909e-03
-3.24125e+00 2.67350e+00 2.21365e-03
-3.31516e+00 2.76198e+00 2.21806e-03
-3.38944e+00 2.85186e+00 2.22230e-03
-3.46412e+00 2.94319e+00 2.22638e-03
-3.53921e+00 3.03598e+00 2.23029e-03
-3.61475e+00 3.13026e+00 2.23403e-03
-3.69076e+00 3.22606e+00 2.23759e-03
-3.76726e+00 3.32342e+00 2.24096e-03
-3.84428e+00 3.42235e+00 2.24414e-03
-3.92184e+00 3.52290e+00 2.24712e-03
-3.99996e+00 3.62509e+00 2.24990e-03
-7.28993e-01 4.63518e-01 1.33538e-03
-7.84169e-01 4.94158e-01 1.32445e-03
-8.39511e-01 5.26179e-01 1.32563e-03
-8.95036e-01 5.59568e-01 1.33624e-03
-9.50762e-01 5.94313e-01 1.35439e-03
-1.00671e+00 6.30404e-01 1.37872e-03
-1.06289e+00 6.67832e-01 1.40823e-03
-1.11933e+00 7.06589e-01 1.44219e-03
-1.17603e+00 7.46668e-01 1.48003e-03
-1.23303e+00 7.88063e-01 1.52135e-03
-1.29033e+00 8.30771e-01 1.56583e-03
-1.34796e+00 8.74788e-01 1.61324e-03
-1.40592e+00 9.20112e-01 1.66340e-03
-1.46668e+00 9.68717e-01 1.72178e-03
-1.52849e+00 1.01929e+00 1.75707e-03
-1.59055e+00 1.07117e+00 1.79165e-03
-1.65288e+00 1.12437e+00 1.82559e-03
-1.71550e+00 1.17887e+00 1.85896e-03
-1.77841e+00 1.23470e+00 1.89184e-03
-1.84165e+00 1.29186e+00 1.92428e-03
-1.90523e+00 1.35034e+00 1.95637e-03
-1.96918e+00 1.41016e+00 1.98816e-03
-2.03350e+00 1.47133e+00 2.01972e-03
-2.09822e+00 1.53385e+00 2.05112e-03
-2.16336e+00 1.59773e+00 2.08242e-03
-2.23009e+00 1.66415e+00 2.09116e-03
-2.29832e+00 1.73304e+00 2.10765e-03
-2.36685e+00 1.80323e+00 2.12312e-03
-2.43572e+00 1.87473e+00 2.13763e-03
-2.50495e+00 1.94757e+00 2.15120e-03
-2.57455e+00 2.02176e+00 2.16384e-03
-2.64456e+00 2.09731e+00 2.17558e-03
-2.71498e+00 2.17424e+00 2.18642e-03
-2.78585e+00 2.25257e+00 2.19639e-03
-2.85718e+00 2.33232e+00 2.20548e-03
-2.92900e+00 2.41351e+00 2.21369e-03
-3.00133e+00 2.49615e+00 2.22101e-03
-3.07450e+00 2.58064e+00 2.22366e-03
-3.14904e+00 2.66759e+00 2.22663e-03
-3.22396e+00 2.75588e+00 2.22957e-03
-3.29930e+00 2.84554e+00 2.23248e-03
-3.37507e+00 2.93658e+00 2.23536e-03
-3.45130e+00 3.02904e+00 2.23821e-03
-3.52802e+00 3.12295e+00 2.24101e-03
-3.60525e+00 3.21832e+00 2.24378e-03
-3.68302e+00 3.31520e+00 2.24650e-03
-3.76134e+00 3.41362e+00 2.24918e-03
-3.84026e+00 3.51360e+00 2.25181e-03
-3.91979e+00 3.61518e+00 2.25440e-03
-3.99996e+00 3.71838e+00 2.25693e-03
-7.10682e-01 4.85966e-01 1.49247e-03
-7.64440e-01 5.18581e-01 1.47061e-03
-8.18443e-01 5.52526e-01 1.46296e-03
-8.72707e-01 5.87790e-01 1.46605e-03
-9.27250e-01 6.24362e-01 1.47746e-03
-9.82087e-01 6.62233e-01 1.49549e-03
-1.03724e+00 7.01396e-01 1.51892e-03
-1.09271e+00 7.41844e-01 1.54682e-03
-1.14853e+00 7.83571e-01 1.57854e-03
-1.20470e+00 8.26574e-01 1.61358e-03
-1.26126e+00 8.70849e-01 1.65155e-03
-1.31820e+00 9.16393e-01 1.69218e-03
-1.37554e+00 9.63205e-01 1.73527e-03
-1.43579e+00 1.01337e+00 1.78545e-03
-1.49718e+00 1.06550e+00 1.81707e-03
-1.55889e+00 1.11889e+00 1.84810e-03
-1.62094e+00 1.17355e+00 1.87860e-03
-1.68334e+00 1.22948e+00 1.90861e-03
-1.74611e+00 1.28669e+00 1.93821e-03
-1.80928e+00 1.34519e+00 1.96743e-03
-1.87285e+00 1.40498e+00 1.99635e-03
-1.93686e+00 1.46607e+00 2.02502e-03
-2.00132e+00 1.52847e+00 2.05349e-03
-2.06625e+00 1.59218e+00 2.08183e-03
-2.13166e+00 1.65723e+00 2.11009e-03
-2.19876e+00 1.72481e+00 2.11872e-03
-2.26746e+00 1.79488e+00 2.13324e-03
-2.33654e+00 1.86621e+00 2.14685e-03
-2.40602e+00 1.93882e+00 2.15958e-03
-2.47593e+00 2.01273e+00 2.17146e-03
-2.54629e+00 2.08794e+00 2.18250e-03
-2.61711e+00 2.16448e+00 2.19271e-03
-2.68842e+00 2.24237e+00 2.20209e-03
-2.76025e+00 2.32162e+00 2.21065e-03
-2.83261e+00 2.40226e+00 2.21838e-03
-2.90553e+00 2.48431e+00 2.22527e-03
-2.97903e+00 2.56778e+00 2.23130e-03
-3.05346e+00 2.65308e+00 2.23425e-03
-3.12936e+00 2.74084e+00 2.23578e-03
-3.20571e+00 2.82990e+00 2.23743e-03
-3.28255e+00 2.92029e+00 2.23922e-03
-3.35989e+00 3.01204e+00 2.24114e-03
-3.43776e+00 3.10517e+00 2.24319e-03
-3.51619e+00 3.19971e+00 2.24539e-03
-3.59521e+00 3.29570e+00 2.24773e-03
-3.67483e+00 3.39315e+00 2.25024e-03
-3.75509e+00 3.49211e+00 2.25293e-03
-3.83601e+00 3.59261e+00 2.25582e-03
-3.91763e+00 3.69468e+00 2.25894e-03
-3.99996e+00 3.79835e+00 2.26233e-03
-6.92074e-01 5.08011e-01 1.64607e-03
-7.44299e-01 5.42624e-01 1.61551e-03
-7.96855e-01 5.78503e-01 1.60069e-03
-8.49759e-01 6.15640e-01 1.59747e-03
-9.03025e-01 6.54025e-01 1.60304e-03
-9.56667e-01 6.93651e-01 1.61542e-03
-1.01070e+00 7.34511e-01 1.63321e-03
-1.06514e+00 7.76602e-01 1.65537e-03
-1.12000e+00 8.19918e-01 1.68114e-03
-1.17530e+00 8.64457e-01 1.70998e-03
-1.23104e+00 9.10217e-01 1.74146e-03
-1.28725e+00 9.57197e-01 1.77527e-03
-1.34394e+00 1.00540e+00 1.81118e-03
-1.40362e+00 1.05700e+00 1.85319e-03
-1.46453e+00 1.11055e+00 1.88037e-03
-1.52584e+00 1.16530e+00 1.90715e-03
-1.58757e+00 1.22126e+00 1.93355e-03
-1.64972e+00 1.27845e+00 1.95960e-03
-1.71233e+00 1.33687e+00 1.98533e-03
-1.77540e+00 1.39652e+00 2.01078e-03
-1.83896e+00 1.45741e+00 2.03598e-03
-1.90302e+00 1.51956e+00 2.06100e-03
-1.96761e+00 1.58296e+00 2.08586e-03
-2.03274e+00 1.64764e+00 2.11063e-03
-2.09843e+00 1.71360e+00 2.13535e-03
-2.16591e+00 1.78210e+00 2.14353e-03
-2.23509e+00 1.85307e+00 2.15612e-03
-2.30473e+00 1.92525e+00 2.16797e-03
-2.37484e+00 1.99866e+00 2.17908e-03
-2.44545e+00 2.07331e+00 2.18947e-03
-2.51659e+00 2.14923e+00 2.19914e-03
-2.58826e+00 2.22643e+00 2.20809e-03
-2.66050e+00 2.30493e+00 2.21633e-03
-2.73333e+00 2.38475e+00 2.22385e-03
-2.80678e+00 2.46591e+00 2.23064e-03
-2.88085e+00 2.54843e+00 2.23667e-03
-2.95558e+00 2.63234e+00 2.24193e-03
-3.03132e+00 2.71804e+00 2.24520e-03
-3.10865e+00 2.80619e+00 2.24576e-03
-3.18651e+00 2.89559e+00 2.24650e-03
-3.26492e+00 2.98627e+00 2.24742e-03
-3.34391e+00 3.07826e+00 2.24852e-03
-3.42350e+00 3.17159e+00 2.24982e-03
-3.50374e+00 3.26629e+00 2.25133e-03
-3.58463e+00 3.36239e+00 2.25306e-03
-3.66620e+00 3.45992e+00 2.25503e-03
-3.74850e+00 3.55891e+00 2.25728e-03
-3.83154e+00 3.65939e+00 2.25985e-03
-3.91535e+00 3.76141e+00 2.26280e-03
-3.99996e+00 3.86499e+00 2.26619e-03
-6.73045e-01 5.29805e-01 1.79924e-03
-7.23619e-01 5.66440e-01 1.76011e-03
-7.74621e-01 6.04266e-01 1.73831e-03
-8.26063e-01 6.43274e-01 1.72903e-03
-8.77960e-01 6.83459e-01 1.72903e-03
-9.30322e-01 7.24814e-01 1.73607e-03
-9.83162e-01 7.67335e-01 1.74856e-03
-1.03649e+00 8.11019e-01 1.76534e-03
-1.09033e+00 8.55864e-01 1.78557e-03
-1.14469e+00 9.01869e-01 1.80863e-03
-1.19957e+00 9.49033e-01 1.83407e-03
-1.25500e+00 9.97356e-01 1.86152e-03
-1.31099e+00 1.04684e+00 1.89075e-03
-1.37006e+00 1.09976e+00 1.92497e-03
-1.43045e+00 1.15458e+00 1.94748e-03
-1.49132e+00 1.21054e+00 1.96982e-03
-1.55269e+00 1.26765e+00 1.99198e-03
-1.61457e+00 1.32592e+00 2.01394e-03
-1.67698e+00 1.38535e+00 2.03572e-03
-1.73995e+00 1.44596e+00 2.05733e-03
-1.80348e+00 1.50775e+00 2.07879e-03
-1.86759e+00 1.57073e+00 2.10013e-03
-1.93231e+00 1.63492e+00 2.12137e-03
-1.99764e+00 1.70032e+00 2.14256e-03
-2.06362e+00 1.76695e+00 2.16372e-03
-2.13149e+00 1.83609e+00 2.17104e-03
-2.20116e+00 1.90767e+00 2.18151e-03
-2.27137e+00 1.98040e+00 2.19139e-03
-2.34213e+00 2.05430e+00 2.20067e-03
-2.41348e+00 2.12939e+00 2.20936e-03
-2.48542e+00 2.20568e+00 2.21746e-03
-2.55799e+00 2.28319e+00 2.22496e-03
-2.63120e+00 2.36195e+00 2.23185e-03
-2.70508e+00 2.44198e+00 2.23812e-03
-2.77965e+00 2.52329e+00 2.24374e-03
-2.85494e+00 2.60591e+00 2.24869e-03
-2.93096e+00 2.68986e+00 2.25294e-03
-3.00808e+00 2.77555e+00 2.25592e-03
-3.08690e+00 2.86365e+00 2.25543e-03
-3.16633e+00 2.95295e+00 2.25517e-03
-3.24639e+00 3.04347e+00 2.25513e-03
-3.32711e+00 3.13524e+00 2.25533e-03
-3.40852e+00 3.22831e+00 2.25578e-03
-3.49064e+00 3.32268e+00 2.25649e-03
-3.57350e+00 3.41840e+00 2.25749e-03
-3.65714e+00 3.51549e+00 2.25882e-03
-3.74157e+00 3.61400e+00 2.26053e-03
-3.82683e+00 3.71395e+00 2.26270e-03
-3.91295e+00 3.81537e+00 2.26544e-03
-3.99996e+00 3.91831e+00 2.26891e-03
-6.53622e-01 5.51309e-01 1.95229e-03
-7.02430e-01 5.89990e-01 1.90463e-03
-7.51770e-01 6.29773e-01 1.87597e-03
-8.01651e-01 6.70651e-01 1.86080e-03
-8.52085e-01 7.12621e-01 1.85544e-03
-9.03080e-01 7.55680e-01 1.85737e-03
-9.54649e-01 7.99824e-01 1.86483e-03
-1.00680e+00 8.45054e-01 1.87653e-03
-1.05955e+00 8.91368e-01 1.89155e-03
-1.11290e+00 9.38767e-01 1.90920e-03
-1.16687e+00 9.87253e-01 1.92898e-03
-1.22147e+00 1.03683e+00 1.95050e-03
-1.27671e+00 1.08749e+00 1.97348e-03
-1.33512e+00 1.14160e+00 2.00024e-03
-1.39494e+00 1.19755e+00 2.01785e-03
-1.45533e+00 1.25457e+00 2.03558e-03
-1.51631e+00 1.31267e+00 2.05335e-03
-1.57789e+00 1.37184e+00 2.07114e-03
-1.64009e+00 1.43211e+00 2.08890e-03
-1.70293e+00 1.49348e+00 2.10663e-03
-1.76642e+00 1.55596e+00 2.12431e-03
-1.83058e+00 1.61956e+00 2.14196e-03
-1.89542e+00 1.68431e+00 2.15958e-03
-1.96097e+00 1.75019e+00 2.17719e-03
-2.02723e+00 1.81725e+00 2.19482e-03
-2.09551e+00 1.88676e+00 2.20091e-03
-2.16568e+00 1.95867e+00 2.20909e-03
-2.23648e+00 2.03165e+00 2.21683e-03
-2.30792e+00 2.10573e+00 2.22412e-03
-2.38002e+00 2.18093e+00 2.23095e-03
-2.45280e+00 2.25727e+00 2.23732e-03
-2.52630e+00 2.33476e+00 2.24319e-03
-2.60052e+00 2.41343e+00 2.24856e-03
-2.67550e+00 2.49330e+00 2.25339e-03
-2.75125e+00 2.57439e+00 2.25766e-03
-2.82780e+00 2.65673e+00 2.26132e-03
-2.90517e+00 2.74033e+00 2.26433e-03
-2.98374e+00 2.82561e+00 2.26647e-03
-3.06412e+00 2.91323e+00 2.26487e-03
-3.14519e+00 3.00198e+00 2.26354e-03
-3.22698e+00 3.09189e+00 2.26246e-03
-3.30951e+00 3.18300e+00 2.26166e-03
-3.39281e+00 3.27532e+00 2.26113e-03
-3.47691e+00 3.36888e+00 2.26092e-03
-3.56184e+00 3.46373e+00 2.26106e-03
-3.64763e+00 3.55989e+00 2.26161e-03
-3.73431e+00 3.65739e+00 2.26265e-03
-3.82190e+00 3.75627e+00 2.26432e-03
-3.91044e+00 3.85656e+00 2.26684e-03
-3.99996e+00 3.95829e+00 2.27056e-03
-6.33839e-01 5.72484e-01 2.10552e-03
-6.80765e-01 6.13234e-01 2.04928e-03
-7.28335e-01 6.54983e-01 2.01381e-03
-7.76555e-01 6.97729e-01 1.99284e-03
-8.25433e-01 7.41470e-01 1.98226e-03
-8.74976e-01 7.86205e-01 1.97926e-03
-9.25193e-01 8.31936e-01 1.98189e-03
-9.76093e-01 8.78662e-01 1.98876e-03
-1.02768e+00 9.26386e-01 1.99885e-03
-1.07997e+00 9.75110e-01 2.01140e-03
-1.13298e+00 1.02484e+00 2.02586e-03
-1.18670e+00 1.07557e+00 2.04181e-03
-1.24115e+00 1.12732e+00 2.05893e-03
-1.29885e+00 1.18249e+00 2.07853e-03
-1.35805e+00 1.23944e+00 2.09100e-03
-1.41792e+00 1.29736e+00 2.10394e-03
-1.47847e+00 1.35628e+00 2.11720e-03
-1.53972e+00 1.41619e+00 2.13071e-03
-1.60168e+00 1.47711e+00 2.14440e-03
-1.66437e+00 1.53904e+00 2.15821e-03
-1.72781e+00 1.60201e+00 2.17210e-03
-1.79200e+00 1.66603e+00 2.18607e-03
-1.85697e+00 1.73110e+00 2.20008e-03
-1.92273e+00 1.79724e+00 2.21414e-03
-1.98930e+00 1.86447e+00 2.22826e-03
-2.05797e+00 1.93409e+00 2.23281e-03
-2.12866e+00 2.00604e+00 2.23857e-03
-2.20006e+00 2.07898e+00 2.24404e-03
-2.27219e+00 2.15294e+00 2.24922e-03
-2.34508e+00 2.22794e+00 2.25407e-03
-2.41874e+00 2.30399e+00 2.25856e-03
-2.49319e+00 2.38113e+00 2.26268e-03
-2.56847e+00 2.45936e+00 2.26638e-03
-2.64459e+00 2.53872e+00 2.26963e-03
-2.72157e+00 2.61921e+00 2.27237e-03
-2.79944e+00 2.70088e+00 2.27457e-03
-2.87822e+00 2.78374e+00 2.27614e-03
-2.95830e+00 2.86819e+00 2.27695e-03
-3.04030e+00 2.95491e+00 2.27420e-03
-3.12309e+00 3.04268e+00 2.27173e-03
-3.20668e+00 3.13154e+00 2.26953e-03
-3.29110e+00 3.22151e+00 2.26762e-03
-3.37638e+00 3.31262e+00 2.26601e-03
-3.46255e+00 3.40490e+00 2.26473e-03
-3.54964e+00 3.49838e+00 2.26382e-03
-3.63768e+00 3.59309e+00 2.26336e-03
-3.72670e+00 3.68907e+00 2.26350e-03
-3.81673e+00 3.78635e+00 2.26447e-03
-3.90781e+00 3.88497e+00 2.26672e-03
-3.99995e+00 3.98495e+00 2.27123e-03
-6.13727e-01 5.93293e-01 2.25919e-03
-6.58658e-01 6.36132e-01 2.19426e-03
-7.04352e-01 6.79855e-01 2.15195e-03
-7.50811e-01 7.24465e-01 2.12522e-03
-7.98040e-01 7.69963e-01 2.10950e-03
-8.46045e-01 8.16350e-01 2.10169e-03
-8.94830e-01 8.63629e-01 2.09966e-03
-9.44403e-01 9.11804e-01 2.10188e-03
-9.94770e-01 9.60878e-01 2.10725e-03
-1.04594e+00 1.01086e+00 2.11496e-03
-1.09791e+00 1.06175e+00 2.12439e-03
-1.15070e+00 1.11355e+00 2.13509e-03
-1.20432e+00 1.16628e+00 2.14669e-03
-1.26126e+00 1.22239e+00 2.15938e-03
-1.31979e+00 1.28019e+00 2.16650e-03
-1.37909e+00 1.33888e+00 2.17447e-03
-1.43918e+00 1.39845e+00 2.18311e-03
-1.50007e+00 1.45892e+00 2.19226e-03
-1.56177e+00 1.52031e+00 2.20182e-03
-1.62430e+00 1.58263e+00 2.21168e-03
-1.68766e+00 1.64589e+00 2.22179e-03
-1.75188e+00 1.71010e+00 2.23208e-03
-1.81697e+00 1.77527e+00 2.24251e-03
-1.88294e+00 1.84143e+00 2.25307e-03
-1.94982e+00 1.90859e+00 2.26371e-03
-2.01891e+00 1.97806e+00 2.26646e-03
-2.09011e+00 2.04976e+00 2.26970e-03
-2.16213e+00 2.12237e+00 2.27282e-03
-2.23497e+00 2.19590e+00 2.27579e-03
-2.30867e+00 2.27038e+00 2.27856e-03
-2.38323e+00 2.34583e+00 2.28110e-03
-2.45868e+00 2.42227e+00 2.28336e-03
-2.53505e+00 2.49972e+00 2.28530e-03
-2.61235e+00 2.57820e+00 2.28684e-03
-2.69061e+00 2.65774e+00 2.28794e-03
-2.76985e+00 2.73836e+00 2.28851e-03
-2.85010e+00 2.82008e+00 2.28845e-03
-2.93176e+00 2.90331e+00 2.28751e-03
-3.01545e+00 2.98870e+00 2.28359e-03
-3.10002e+00 3.07505e+00 2.27994e-03
-3.18548e+00 3.16241e+00 2.27657e-03
-3.27188e+00 3.25078e+00 2.27346e-03
-3.35922e+00 3.34021e+00 2.27061e-03
-3.44755e+00 3.43072e+00 2.26804e-03
-3.53690e+00 3.52235e+00 2.26577e-03
-3.62729e+00 3.61511e+00 2.26388e-03
-3.71876e+00 3.70906e+00 2.26250e-03
-3.81134e+00 3.80421e+00 2.26199e-03
-3.90506e+00 3.90061e+00 2.26334e-03
-3.99995e+00 3.99828e+00 2.27100e-03
-5.93303e-01 6.13717e-01 2.39643e-03
-6.36143e-01 6.58647e-01 2.33297e-03
-6.79868e-01 7.04340e-01 2.29078e-03
-7.24478e-01 7.50798e-01 2.26313e-03
-7.69977e-01 7.98026e-01 2.24561e-03
-8.16364e-01 8.46030e-01 2.23529e-03
-8.63644e-01 8.94815e-01 2.23009e-03
-9.11820e-01 9.44388e-01 2.22857e-03
-9.60895e-01 9.94754e-01 2.22964e-03
-1.01088e+00 1.04592e+00 2.23252e-03
-1.06177e+00 1.09790e+00 2.23662e-03
-1.11357e+00 1.15069e+00 2.24146e-03
-1.16630e+00 1.20430e+00 2.24671e-03
-1.22241e+00 1.26124e+00 2.25109e-03
-1.28021e+00 1.31977e+00 2.25069e-03
-1.33890e+00 1.37907e+00 2.25168e-03
-1.39847e+00 1.43916e+00 2.25380e-03
-1.45895e+00 1.50005e+00 2.25682e-03
-1.52034e+00 1.56175e+00 2.26056e-03
-1.58265e+00 1.62428e+00 2.26486e-03
-1.64591e+00 1.68764e+00 2.26962e-03
-1.71012e+00 1.75186e+00 2.27473e-03
-1.77529e+00 1.81695e+00 2.28011e-03
-1.84145e+00 1.88292e+00 2.28568e-03
-1.90861e+00 1.94980e+00 2.29140e-03
-1.97808e+00 2.01889e+00 2.29074e-03
-2.04978e+00 2.09010e+00 2.29070e-03
-2.12239e+00 2.16211e+00 2.29080e-03
-2.19592e+00 2.23496e+00 2.29101e-03
-2.27040e+00 2.30865e+00 2.29125e-03
-2.34585e+00 2.38321e+00 2.29148e-03
-2.42229e+00 2.45866e+00 2.29166e-03
-2.49974e+00 2.53503e+00 2.29173e-03
-2.57822e+00 2.61233e+00 2.29163e-03
-2.65776e+00 2.69060e+00 2.29130e-03
-2.73837e+00 2.76984e+00 2.29068e-03
-2.82009e+00 2.85009e+00 2.28967e-03
-2.90332e+00 2.93174e+00 2.28776e-03
-2.98871e+00 3.01544e+00 2.28323e-03
-3.07507e+00 3.10001e+00 2.27900e-03
-3.16242e+00 3.18547e+00 2.27506e-03
-3.25079e+00 3.27187e+00 2.27138e-03
-3.34022e+00 3.35921e+00 2.26796e-03
-3.43073e+00 3.44755e+00 2.26481e-03
-3.52235e+00 3.53690e+00 2.26193e-03
-3.61512e+00 3.62729e+00 2.25936e-03
-3.70907e+00 3.71876e+00 2.25718e-03
-3.80422e+00 3.81134e+00 2.25560e-03
-3.90061e+00 3.90506e+00 2.25523e-03
-3.99829e+00 3.99995e+00 2.25882e-03
-5.72494e-01 6.33829e-01 2.53976e-03
-6.13245e-01 6.80755e-01 2.47452e-03
-6.54995e-01 7.28324e-01 2.42950e-03
-6.97742e-01 7.76543e-01 2.39839e-03
-7.41484e-01 8.25420e-01 2.37703e-03
-7.86220e-01 8.74962e-01 2.36258e-03
-8.31952e-01 9.25179e-01 2.35307e-03
-8.78679e-01 9.76078e-01 2.34705e-03
-9.26403e-01 1.02767e+00 2.34348e-03
-9.75128e-01 1.07996e+00 2.34157e-03
-1.02486e+00 1.13296e+00 2.34072e-03
-1.07559e+00 1.18668e+00 2.34047e-03
-1.12734e+00 1.24113e+00 2.34046e-03
-1.18251e+00 1.29883e+00 2.33852e-03
-1.23946e+00 1.35803e+00 2.33229e-03
-1.29738e+00 1.41790e+00 2.32792e-03
-1.35630e+00 1.47845e+00 2.32506e-03
-1.41621e+00 1.53970e+00 2.32343e-03
-1.47713e+00 1.60166e+00 2.32281e-03
-1.53907e+00 1.66435e+00 2.32301e-03
-1.60204e+00 1.72779e+00 2.32386e-03
-1.66605e+00 1.79198e+00 2.32525e-03
-1.73112e+00 1.85695e+00 2.32705e-03
-1.79726e+00 1.92271e+00 2.32916e-03
-1.86449e+00 1.98928e+00 2.33152e-03
-1.93412e+00 2.05796e+00 2.32827e-03
-2.00606e+00 2.12864e+00 2.32581e-03
-2.07900e+00 2.20004e+00 2.32367e-03
-2.15296e+00 2.27217e+00 2.32177e-03
-2.22796e+00 2.34506e+00 2.32005e-03
-2.30402e+00 2.41872e+00 2.31845e-03
-2.38115e+00 2.49318e+00 2.31692e-03
-2.45938e+00 2.56845e+00 2.31541e-03
-2.53874e+00 2.64457e+00 2.31387e-03
-2.61923e+00 2.72155e+00 2.31222e-03
-2.70090e+00 2.79942e+00 2.31042e-03
-2.78376e+00 2.87820e+00 2.30839e-03
-2.86821e+00 2.95829e+00 2.30550e-03
-2.95493e+00 3.04029e+00 2.29991e-03
-3.04270e+00 3.12308e+00 2.29467e-03
-3.13156e+00 3.20667e+00 2.28974e-03
-3.22153e+00 3.29109e+00 2.28513e-03
-3.31263e+00 3.37637e+00 2.28080e-03
-3.40491e+00 3.46254e+00 2.27674e-03
-3.49839e+00 3.54964e+00 2.27296e-03
-3.59311e+00 3.63768e+00 2.26945e-03
-3.68909e+00 3.72670e+00 2.26622e-03
-3.78637e+00 3.81673e+00 2.26331e-03
-3.88498e+00 3.90780e+00 2.26079e-03
-3.98496e+00 3.99995e+00 2.25882e-03
-5.51319e-01 6.53613e-01 2.67967e-03
-5.90002e-01 7.02420e-01 2.61465e-03
-6.29785e-01 7.51758e-01 2.56823e-03
-6.70665e-01 8.01639e-01 2.53469e-03
-7.12635e-01 8.52072e-01 2.51019e-03
-7.55695e-01 9.03067e-01 2.49212e-03
-7.99840e-01 9.54635e-01 2.47860e-03
-8.45070e-01 1.00679e+00 2.46828e-03
-8.91385e-01 1.05953e+00 2.46017e-03
-9.38785e-01 1.11289e+00 2.45349e-03
-9.87272e-01 1.16686e+00 2.44768e-03
-1.03685e+00 1.22146e+00 2.44227e-03
-1.08751e+00 1.27670e+00 2.43690e-03
-1.14162e+00 1.33511e+00 2.42827e-03
-1.19757e+00 1.39493e+00 2.41578e-03
-1.25459e+00 1.45532e+00 2.40563e-03
-1.31269e+00 1.51629e+00 2.39742e-03
-1.37186e+00 1.57788e+00 2.39081e-03
-1.43213e+00 1.64008e+00 2.38552e-03
-1.49350e+00 1.70291e+00 2.38132e-03
-1.55598e+00 1.76640e+00 2.37802e-03
-1.61959e+00 1.83056e+00 2.37544e-03
-1.68433e+00 1.89540e+00 2.37346e-03
-1.75022e+00 1.96095e+00 2.37195e-03
-1.81727e+00 2.02722e+00 2.37079e-03
-1.88679e+00 2.09549e+00 2.36454e-03
-1.95869e+00 2.16566e+00 2.35947e-03
-2.03168e+00 2.23646e+00 2.35489e-03
-2.10576e+00 2.30790e+00 2.35071e-03
-2.18096e+00 2.38000e+00 2.34686e-03
-2.25729e+00 2.45279e+00 2.34328e-03
-2.33479e+00 2.52628e+00 2.33991e-03
-2.41346e+00 2.60051e+00 2.33668e-03
-2.49333e+00 2.67548e+00 2.33353e-03
-2.57442e+00 2.75123e+00 2.33043e-03
-2.65675e+00 2.82778e+00 2.32729e-03
-2.74035e+00 2.90516e+00 2.32407e-03
-2.82563e+00 2.98373e+00 2.32018e-03
-2.91325e+00 3.06411e+00 2.31338e-03
-3.00200e+00 3.14518e+00 2.30698e-03
-3.09192e+00 3.22697e+00 2.30093e-03
-3.18302e+00 3.30950e+00 2.29522e-03
-3.27534e+00 3.39280e+00 2.28981e-03
-3.36890e+00 3.47691e+00 2.28469e-03
-3.46375e+00 3.56184e+00 2.27983e-03
-3.55991e+00 3.64763e+00 2.27521e-03
-3.65741e+00 3.73430e+00 2.27082e-03
-3.75628e+00 3.82189e+00 2.26664e-03
-3.85657e+00 3.91044e+00 2.26265e-03
-3.95831e+00 3.99996e+00 2.25882e-03
-5.29816e-01 6.73035e-01 2.81580e-03
-5.66452e-01 7.23608e-01 2.75304e-03
-6.04279e-01 7.74610e-01 2.70671e-03
-6.43288e-01 8.26052e-01 2.67181e-03
-6.83473e-01 8.77947e-01 2.64495e-03
-7.24829e-01 9.30309e-01 2.62378e-03
-7.67351e-01 9.83149e-01 2.60661e-03
-8.11036e-01 1.03648e+00 2.59220e-03
-8.55882e-01 1.09032e+00 2.57965e-03
-9.01887e-01 1.14467e+00 2.56823e-03
-9.49051e-01 1.19956e+00 2.55742e-03
-9.97375e-01 1.25498e+00 2.54678e-03
-1.04686e+00 1.31097e+00 2.53597e-03
-1.09978e+00 1.37004e+00 2.52029e-03
-1.15460e+00 1.43043e+00 2.50111e-03
-1.21056e+00 1.49130e+00 2.48479e-03
-1.26767e+00 1.55267e+00 2.47087e-03
-1.32594e+00 1.61455e+00 2.45895e-03
-1.38538e+00 1.67696e+00 2.44869e-03
-1.44598e+00 1.73993e+00 2.43983e-03
-1.50777e+00 1.80346e+00 2.43213e-03
-1.57076e+00 1.86757e+00 2.42540e-03
-1.63494e+00 1.93229e+00 2.41945e-03
-1.70034e+00 1.99762e+00 2.41414e-03
-1.76697e+00 2.06360e+00 2.40935e-03
-1.83612e+00 2.13147e+00 2.39975e-03
-1.90770e+00 2.20114e+00 2.39190e-03
-1.98043e+00 2.27135e+00 2.38473e-03
-2.05433e+00 2.34212e+00 2.37814e-03
-2.12941e+00 2.41346e+00 2.37204e-03
-2.20570e+00 2.48541e+00 2.36637e-03
-2.28322e+00 2.55797e+00 2.36104e-03
-2.36198e+00 2.63119e+00 2.35601e-03
-2.44200e+00 2.70507e+00 2.35119e-03
-2.52332e+00 2.77964e+00 2.34655e-03
-2.60594e+00 2.85492e+00 2.34201e-03
-2.68989e+00 2.93094e+00 2.33752e-03
-2.77558e+00 3.00807e+00 2.33266e-03
-2.86368e+00 3.08689e+00 2.32463e-03
-2.95297e+00 3.16632e+00 2.31705e-03
-3.04349e+00 3.24638e+00 2.30987e-03
-3.13527e+00 3.32710e+00 2.30307e-03
-3.22833e+00 3.40851e+00 2.29661e-03
-3.32270e+00 3.49064e+00 2.29047e-03
-3.41842e+00 3.57350e+00 2.28462e-03
-3.51552e+00 3.65713e+00 2.27904e-03
-3.61402e+00 3.74157e+00 2.27369e-03
-3.71397e+00 3.82683e+00 2.26856e-03
-3.81539e+00 3.91295e+00 2.26361e-03
-3.91833e+00 3.99996e+00 2.25883e-03
-5.08022e-01 6.92065e-01 2.94790e-03
-5.42636e-01 7.44289e-01 2.88944e-03
-5.78516e-01 7.96845e-01 2.84472e-03
-6.15653e-01 8.49748e-01 2.80958e-03
-6.54039e-01 9.03013e-01 2.78116e-03
-6.93666e-01 9.56655e-01 2.75745e-03
-7.34527e-01 1.01069e+00 2.73700e-03
-7.76619e-01 1.06513e+00 2.71874e-03
-8.19936e-01 1.11999e+00 2.70185e-03
-8.64476e-01 1.17528e+00 2.68573e-03
-9.10236e-01 1.23103e+00 2.66988e-03
-9.57217e-01 1.28723e+00 2.65392e-03
-1.00542e+00 1.34392e+00 2.63754e-03
-1.05702e+00 1.40361e+00 2.61449e-03
-1.11057e+00 1.46452e+00 2.58821e-03
-1.16532e+00 1.52583e+00 2.56535e-03
-1.22129e+00 1.58755e+00 2.54538e-03
-1.27848e+00 1.64970e+00 2.52783e-03
-1.33689e+00 1.71231e+00 2.51233e-03
-1.39654e+00 1.77538e+00 2.49856e-03
-1.45744e+00 1.83894e+00 2.48624e-03
-1.51958e+00 1.90301e+00 2.47513e-03
-1.58299e+00 1.96759e+00 2.46505e-03
-1.64767e+00 2.03272e+00 2.45581e-03
-1.71363e+00 2.09841e+00 2.44726e-03
-1.78213e+00 2.16590e+00 2.43401e-03
-1.85310e+00 2.23507e+00 2.42325e-03
-1.92528e+00 2.30471e+00 2.41336e-03
-1.99869e+00 2.37482e+00 2.40426e-03
-2.07334e+00 2.44544e+00 2.39583e-03
-2.14926e+00 2.51657e+00 2.38799e-03
-2.22646e+00 2.58825e+00 2.38065e-03
-2.30496e+00 2.66049e+00 2.37376e-03
-2.38478e+00 2.73332e+00 2.36723e-03
-2.46594e+00 2.80676e+00 2.36101e-03
-2.54846e+00 2.88084e+00 2.35504e-03
-2.63237e+00 2.95557e+00 2.34926e-03
-2.71807e+00 3.03131e+00 2.34349e-03
-2.80622e+00 3.10864e+00 2.33426e-03
-2.89562e+00 3.18650e+00 2.32553e-03
-2.98630e+00 3.26491e+00 2.31727e-03
-3.07829e+00 3.34390e+00 2.30944e-03
-3.17162e+00 3.42350e+00 2.30201e-03
-3.26632e+00 3.50373e+00 2.29495e-03
-3.36242e+00 3.58462e+00 2.28823e-03
-3.45995e+00 3.66620e+00 2.28182e-03
-3.55894e+00 3.74850e+00 2.27570e-03
-3.65942e+00 3.83153e+00 2.26985e-03
-3.76144e+00 3.91535e+00 2.26423e-03
-3.86502e+00 3.99996e+00 2.25883e-03
-4.85977e-01 7.10673e-01 3.07577e-03
-5.18593e-01 7.64430e-01 3.02367e-03
-5.52539e-01 8.18433e-01 2.98211e-03
-5.87803e-01 8.72696e-01 2.94787e-03
-6.24376e-01 9.27238e-01 2.91872e-03
-6.62248e-01 9.82075e-01 2.89305e-03
-7.01412e-01 1.03722e+00 2.86970e-03
-7.41861e-01 1.09270e+00 2.84781e-03
-7.83589e-01 1.14851e+00 2.82671e-03
-8.26593e-01 1.20469e+00 2.80589e-03
-8.70868e-01 1.26124e+00 2.78495e-03
-9.16413e-01 1.31818e+00 2.76357e-03
-9.63226e-01 1.37553e+00 2.74149e-03
-1.01339e+00 1.43578e+00 2.71077e-03
-1.06552e+00 1.49717e+00 2.67698e-03
-1.11891e+00 1.55887e+00 2.64722e-03
-1.17357e+00 1.62092e+00 2.62086e-03
-1.22950e+00 1.68332e+00 2.59740e-03
-1.28672e+00 1.74609e+00 2.57639e-03
-1.34521e+00 1.80926e+00 2.55746e-03
-1.40500e+00 1.87284e+00 2.54030e-03
-1.46609e+00 1.93685e+00 2.52465e-03
-1.52849e+00 2.00130e+00 2.51027e-03
-1.59221e+00 2.06623e+00 2.49696e-03
-1.65725e+00 2.13164e+00 2.48455e-03
-1.72484e+00 2.19875e+00 2.46743e-03
-1.79491e+00 2.26745e+00 2.45362e-03
-1.86624e+00 2.33653e+00 2.44093e-03
-1.93885e+00 2.40601e+00 2.42922e-03
-2.01276e+00 2.47592e+00 2.41839e-03
-2.08797e+00 2.54627e+00 2.40833e-03
-2.16451e+00 2.61710e+00 2.39896e-03
-2.24240e+00 2.68841e+00 2.39018e-03
-2.32166e+00 2.76024e+00 2.38193e-03
-2.40230e+00 2.83260e+00 2.37413e-03
-2.48434e+00 2.90552e+00 2.36673e-03
-2.56782e+00 2.97902e+00 2.35966e-03
-2.65311e+00 3.05345e+00 2.35305e-03
-2.74088e+00 3.12935e+00 2.34265e-03
-2.82994e+00 3.20570e+00 2.33282e-03
-2.92033e+00 3.28254e+00 2.32354e-03
-3.01208e+00 3.35988e+00 2.31476e-03
-3.10521e+00 3.43776e+00 2.30645e-03
-3.19975e+00 3.51619e+00 2.29857e-03
-3.29573e+00 3.59520e+00 2.29109e-03
-3.39319e+00 3.67483e+00 2.28398e-03
-3.49215e+00 3.75509e+00 2.27722e-03
-3.59265e+00 3.83601e+00 2.27079e-03
-3.69472e+00 3.91763e+00 2.26467e-03
-3.79839e+00 3.99996e+00 2.25883e-03
-4.63529e-01 7.28984e-01 3.19342e-03
-4.94170e-01 7.84160e-01 3.15183e-03
-5.26193e-01 8.39501e-01 3.11652e-03
-5.59582e-01 8.95025e-01 3.08546e-03
-5.94328e-01 9.50751e-01 3.05718e-03
-6.30420e-01 1.00670e+00 3.03066e-03
-6.67849e-01 1.06288e+00 3.00510e-03
-7.06606e-01 1.11931e+00 2.97993e-03
-7.46686e-01 1.17602e+00 2.95471e-03
-7.88083e-01 1.23302e+00 2.92906e-03
-8.30791e-01 1.29032e+00 2.90272e-03
-8.74809e-01 1.34794e+00 2.87546e-03
-9.20133e-01 1.40590e+00 2.84707e-03
-9.68739e-01 1.46666e+00 2.80898e-03
-1.01931e+00 1.52848e+00 2.76841e-03
-1.07120e+00 1.59054e+00 2.73236e-03
-1.12439e+00 1.65287e+00 2.70015e-03
-1.17890e+00 1.71548e+00 2.67122e-03
-1.23473e+00 1.77840e+00 2.64510e-03
-1.29188e+00 1.84164e+00 2.62140e-03
-1.35037e+00 1.90522e+00 2.59976e-03
-1.41019e+00 1.96916e+00 2.57990e-03
-1.47136e+00 2.03348e+00 2.56155e-03
-1.53388e+00 2.09821e+00 2.54450e-03
-1.59776e+00 2.16335e+00 2.52856e-03
-1.66418e+00 2.23008e+00 2.50781e-03
-1.73307e+00 2.29830e+00 2.49129e-03
-1.80326e+00 2.36684e+00 2.47599e-03
-1.87477e+00 2.43571e+00 2.46177e-03
-1.94760e+00 2.50494e+00 2.44851e-03
-2.02179e+00 2.57454e+00 2.43610e-03
-2.09734e+00 2.64455e+00 2.42443e-03
-2.17427e+00 2.71497e+00 2.41343e-03
-2.25260e+00 2.78584e+00 2.40301e-03
-2.33235e+00 2.85717e+00 2.39309e-03
-2.41354e+00 2.92899e+00 2.38360e-03
-2.49619e+00 3.00132e+00 2.37449e-03
-2.58068e+00 3.07449e+00 2.36641e-03
-2.66763e+00 3.14903e+00 2.35524e-03
-2.75592e+00 3.22395e+00 2.34446e-03
-2.84558e+00 3.29929e+00 2.33405e-03
-2.93662e+00 3.37506e+00 2.32394e-03
-3.02908e+00 3.45129e+00 2.31409e-03
-3.12299e+00 3.52801e+00 2.30447e-03
-3.21836e+00 3.60524e+00 2.29501e-03
-3.31525e+00 3.68301e+00 2.28568e-03
-3.41366e+00 3.76134e+00 2.27642e-03
-3.51364e+00 3.84026e+00 2.26720e-03
-3.61522e+00 3.91979e+00 2.25795e-03
-3.71843e+00 3.99996e+00 2.24861e-03
-4.40477e-01 7.47148e-01 3.34744e-03
-4.69166e-01 8.03628e-01 3.30462e-03
-4.99273e-01 8.60200e-01 3.26647e-03
-5.30785e-01 9.16884e-01 3.23144e-03
-5.63689e-01 9.73700e-01 3.19841e-03
-5.97974e-01 1.03067e+00 3.16656e-03
-6.33629e-01 1.08780e+00 3.13529e-03
-6.70646e-01 1.14512e+00 3.10412e-03
-7.09017e-01 1.20265e+00 3.07268e-03
-7.48736e-01 1.26040e+00 3.04068e-03
-7.89797e-01 1.31839e+00 3.00789e-03
-8.32196e-01 1.37664e+00 2.97411e-03
-8.75930e-01 1.43517e+00 2.93918e-03
-9.22859e-01 1.49638e+00 2.89320e-03
-9.71751e-01 1.55856e+00 2.84687e-03
-1.02198e+00 1.62093e+00 2.80562e-03
-1.07356e+00 1.68350e+00 2.76873e-03
-1.12649e+00 1.74628e+00 2.73559e-03
-1.18076e+00 1.80931e+00 2.70568e-03
-1.23638e+00 1.87259e+00 2.67857e-03
-1.29337e+00 1.93616e+00 2.65387e-03
-1.35172e+00 2.00002e+00 2.63128e-03
-1.41144e+00 2.06420e+00 2.61050e-03
-1.47254e+00 2.12871e+00 2.59130e-03
-1.53502e+00 2.19358e+00 2.57346e-03
-1.60001e+00 2.25994e+00 2.55052e-03
-1.66744e+00 2.32769e+00 2.53238e-03
-1.73621e+00 2.39569e+00 2.51558e-03
-1.80632e+00 2.46396e+00 2.49999e-03
-1.87779e+00 2.53253e+00 2.48547e-03
-1.95063e+00 2.60141e+00 2.47190e-03
-2.02486e+00 2.67062e+00 2.45918e-03
-2.10050e+00 2.74019e+00 2.44723e-03
-2.17756e+00 2.81014e+00 2.43595e-03
-2.25605e+00 2.88049e+00 2.42527e-03
-2.33601e+00 2.95126e+00 2.41511e-03
-2.41745e+00 3.02247e+00 2.40542e-03
-2.50073e+00 3.09444e+00 2.39686e-03
-2.58645e+00 3.16768e+00 2.38510e-03
-2.67354e+00 3.24124e+00 2.37375e-03
-2.76202e+00 3.31515e+00 2.36278e-03
-2.85191e+00 3.38943e+00 2.35213e-03
-2.94323e+00 3.46411e+00 2.34176e-03
-3.03602e+00 3.53921e+00 2.33163e-03
-3.13031e+00 3.61475e+00 2.32170e-03
-3.22611e+00 3.69076e+00 2.31192e-03
-3.32346e+00 3.76726e+00 2.30226e-03
-3.42240e+00 3.84428e+00 2.29267e-03
-3.52295e+00 3.92183e+00 2.28311e-03
-3.62514e+00 3.99996e+00 2.27354e-03
-4.17129e-01 7.64919e-01 3.49992e-03
-4.43893e-01 8.22585e-01 3.45720e-03
-4.72099e-01 8.80279e-01 3.41717e-03
-5.01734e-01 9.38022e-01 3.37884e-03
-5.32783e-01 9.95834e-01 3.34149e-03
-5.65236e-01 1.05373e+00 3.30457e-03
-5.99080e-01 1.11174e+00 3.26767e-03
-6.34307e-01 1.16988e+00 3.23048e-03
-6.70909e-01 1.22816e+00 3.19273e-03
-7.08878e-01 1.28661e+00 3.15421e-03
-7.48207e-01 1.34523e+00 3.11476e-03
-7.88893e-01 1.40406e+00 3.07423e-03
-8.30931e-01 1.46311e+00 3.03250e-03
-8.76059e-01 1.52472e+00 2.97733e-03
-9.23131e-01 1.58723e+00 2.92503e-03
-9.71565e-01 1.64986e+00 2.87840e-03
-1.02136e+00 1.71263e+00 2.83664e-03
-1.07253e+00 1.77556e+00 2.79910e-03
-1.12506e+00 1.83868e+00 2.76522e-03
-1.17896e+00 1.90199e+00 2.73453e-03
-1.23424e+00 1.96552e+00 2.70662e-03
-1.29090e+00 2.02930e+00 2.68114e-03
-1.34895e+00 2.09333e+00 2.65779e-03
-1.40838e+00 2.15763e+00 2.63629e-03
-1.46922e+00 2.22224e+00 2.61642e-03
-1.53251e+00 2.28823e+00 2.59134e-03
-1.59821e+00 2.35552e+00 2.57148e-03
-1.66526e+00 2.42300e+00 2.55308e-03
-1.73366e+00 2.49070e+00 2.53600e-03
-1.80345e+00 2.55863e+00 2.52010e-03
-1.87462e+00 2.62681e+00 2.50527e-03
-1.94719e+00 2.69528e+00 2.49138e-03
-2.02118e+00 2.76404e+00 2.47834e-03
-2.09660e+00 2.83311e+00 2.46607e-03
-2.17348e+00 2.90253e+00 2.45448e-03
-2.25182e+00 2.97230e+00 2.44351e-03
-2.33165e+00 3.04245e+00 2.43309e-03
-2.41331e+00 3.11329e+00 2.42395e-03
-2.49738e+00 3.18530e+00 2.41144e-03
-2.58283e+00 3.25757e+00 2.39936e-03
-2.66969e+00 3.33013e+00 2.38766e-03
-2.75796e+00 3.40300e+00 2.37629e-03
-2.84768e+00 3.47621e+00 2.36521e-03
-2.93887e+00 3.54977e+00 2.35439e-03
-3.03157e+00 3.62372e+00 2.34378e-03
-3.12579e+00 3.69806e+00 2.33334e-03
-3.22157e+00 3.77284e+00 2.32304e-03
-3.31893e+00 3.84806e+00 2.31284e-03
-3.41790e+00 3.92376e+00 2.30271e-03
-3.51852e+00 3.99996e+00 2.29260e-03
-3.93528e-01 7.82272e-01 3.65051e-03
-4.18395e-01 8.41007e-01 3.60923e-03
-4.44714e-01 8.99715e-01 3.56830e-03
-4.72472e-01 9.58416e-01 3.52736e-03
-5.01655e-01 1.01713e+00 3.48613e-03
-5.32251e-01 1.07588e+00 3.44439e-03
-5.64248e-01 1.13469e+00 3.40196e-03
-5.97636e-01 1.19356e+00 3.35872e-03
-6.32408e-01 1.25253e+00 3.31455e-03
-6.68554e-01 1.31161e+00 3.26934e-03
-7.06069e-01 1.37082e+00 3.22301e-03
-7.44947e-01 1.43018e+00 3.17548e-03
-7.85184e-01 1.48971e+00 3.12669e-03
-8.28386e-01 1.55167e+00 3.06124e-03
-8.73498e-01 1.61446e+00 3.00277e-03
-9.19983e-01 1.67731e+00 2.95056e-03
-9.67841e-01 1.74025e+00 2.90376e-03
-1.01707e+00 1.80331e+00 2.86166e-03
-1.06768e+00 1.86648e+00 2.82367e-03
-1.11966e+00 1.92981e+00 2.78927e-03
-1.17303e+00 1.99330e+00 2.75801e-03
-1.22778e+00 2.05698e+00 2.72952e-03
-1.28392e+00 2.12086e+00 2.70347e-03
-1.34145e+00 2.18497e+00 2.67956e-03
-1.40039e+00 2.24932e+00 2.65754e-03
-1.46172e+00 2.31496e+00 2.63041e-03
-1.52539e+00 2.38180e+00 2.60873e-03
-1.59043e+00 2.44878e+00 2.58865e-03
-1.65682e+00 2.51592e+00 2.57000e-03
-1.72460e+00 2.58324e+00 2.55264e-03
-1.79377e+00 2.65077e+00 2.53645e-03
-1.86434e+00 2.71851e+00 2.52130e-03
-1.93634e+00 2.78650e+00 2.50710e-03
-2.00976e+00 2.85475e+00 2.49374e-03
-2.08464e+00 2.92328e+00 2.48116e-03
-2.16098e+00 2.99211e+00 2.46927e-03
-2.23881e+00 3.06127e+00 2.45800e-03
-2.31844e+00 3.13104e+00 2.44824e-03
-2.40044e+00 3.20188e+00 2.43489e-03
-2.48381e+00 3.27293e+00 2.42197e-03
-2.56858e+00 3.34421e+00 2.40944e-03
-2.65478e+00 3.41576e+00 2.39725e-03
-2.74243e+00 3.48758e+00 2.38537e-03
-2.83154e+00 3.55970e+00 2.37376e-03
-2.92215e+00 3.63214e+00 2.36237e-03
-3.01429e+00 3.70493e+00 2.35118e-03
-3.10797e+00 3.77808e+00 2.34014e-03
-3.20322e+00 3.85162e+00 2.32923e-03
-3.30009e+00 3.92558e+00 2.31841e-03
-3.39858e+00 3.99996e+00 2.30765e-03
-3.69718e-01 7.99184e-01 3.79893e-03
-3.92715e-01 8.58873e-01 3.76042e-03
-4.17163e-01 9.18487e-01 3.71958e-03
-4.43046e-01 9.78047e-01 3.67672e-03
-4.70351e-01 1.03757e+00 3.63206e-03
-4.99065e-01 1.09709e+00 3.58574e-03
-5.29178e-01 1.15661e+00 3.53788e-03
-5.60680e-01 1.21616e+00 3.48857e-03
-5.93561e-01 1.27575e+00 3.43785e-03
-6.27813e-01 1.33541e+00 3.38575e-03
-6.63430e-01 1.39515e+00 3.33230e-03
-7.00405e-01 1.45499e+00 3.27751e-03
-7.38735e-01 1.51495e+00 3.22136e-03
-7.79886e-01 1.57722e+00 3.14471e-03
-8.22899e-01 1.64024e+00 3.07990e-03
-8.67284e-01 1.70328e+00 3.02195e-03
-9.13038e-01 1.76636e+00 2.96997e-03
-9.60163e-01 1.82950e+00 2.92318e-03
-1.00866e+00 1.89273e+00 2.88095e-03
-1.05853e+00 1.95605e+00 2.84272e-03
-1.10977e+00 2.01949e+00 2.80801e-03
-1.16239e+00 2.08307e+00 2.77640e-03
-1.21640e+00 2.14681e+00 2.74755e-03
-1.27179e+00 2.21072e+00 2.72113e-03
-1.32858e+00 2.27482e+00 2.69688e-03
-1.38767e+00 2.34012e+00 2.66778e-03
-1.44904e+00 2.40652e+00 2.64422e-03
-1.51175e+00 2.47301e+00 2.62240e-03
-1.57583e+00 2.53962e+00 2.60212e-03
-1.64128e+00 2.60636e+00 2.58325e-03
-1.70812e+00 2.67325e+00 2.56564e-03
-1.77635e+00 2.74032e+00 2.54917e-03
-1.84599e+00 2.80758e+00 2.53374e-03
-1.91706e+00 2.87505e+00 2.51925e-03
-1.98956e+00 2.94275e+00 2.50561e-03
-2.06352e+00 3.01070e+00 2.49274e-03
-2.13894e+00 3.07892e+00 2.48057e-03
-2.21614e+00 3.14768e+00 2.47015e-03
-2.29562e+00 3.21742e+00 2.45589e-03
-2.37648e+00 3.28732e+00 2.44208e-03
-2.45872e+00 3.35741e+00 2.42868e-03
-2.54238e+00 3.42770e+00 2.41563e-03
-2.62748e+00 3.49822e+00 2.40290e-03
-2.71403e+00 3.56899e+00 2.39046e-03
-2.80207e+00 3.64003e+00 2.37826e-03
-2.89160e+00 3.71135e+00 2.36627e-03
-2.98267e+00 3.78299e+00 2.35447e-03
-3.07529e+00 3.85495e+00 2.34281e-03
-3.16950e+00 3.92727e+00 2.33128e-03
-3.26531e+00 3.99996e+00 2.31983e-03
-3.45741e-01 8.15635e-01 3.94498e-03
-3.66898e-01 8.76163e-01 3.91054e-03
-3.89489e-01 9.36577e-01 3.87077e-03
-4.13499e-01 9.96898e-01 3.82667e-03
-4.38915e-01 1.05715e+00 3.77901e-03
-4.65725e-01 1.11734e+00 3.72835e-03
-4.93918e-01 1.17750e+00 3.67514e-03
-5.23485e-01 1.23765e+00 3.61969e-03
-5.54415e-01 1.29781e+00 3.56228e-03
-5.86701e-01 1.35798e+00 3.50309e-03
-6.20336e-01 1.41820e+00 3.44226e-03
-6.55315e-01 1.47848e+00 3.37991e-03
-6.91631e-01 1.53884e+00 3.31611e-03
-7.30608e-01 1.60137e+00 3.22753e-03
-7.71383e-01 1.66457e+00 3.15623e-03
-8.13515e-01 1.72776e+00 3.09240e-03
-8.57003e-01 1.79094e+00 3.03510e-03
-9.01846e-01 1.85415e+00 2.98350e-03
-9.48045e-01 1.91740e+00 2.93693e-03
-9.95601e-01 1.98071e+00 2.89477e-03
-1.04452e+00 2.04409e+00 2.85652e-03
-1.09479e+00 2.10756e+00 2.82173e-03
-1.14643e+00 2.17115e+00 2.79001e-03
-1.19944e+00 2.23487e+00 2.76102e-03
-1.25382e+00 2.29873e+00 2.73447e-03
-1.31041e+00 2.36370e+00 2.70349e-03
-1.36917e+00 2.42967e+00 2.67801e-03
-1.42927e+00 2.49570e+00 2.65440e-03
-1.49072e+00 2.56179e+00 2.63245e-03
-1.55352e+00 2.62798e+00 2.61203e-03
-1.61769e+00 2.69428e+00 2.59297e-03
-1.68324e+00 2.76071e+00 2.57515e-03
-1.75018e+00 2.82728e+00 2.55847e-03
-1.81852e+00 2.89402e+00 2.54280e-03
-1.88827e+00 2.96094e+00 2.52807e-03
-1.95945e+00 3.02806e+00 2.51419e-03
-2.03207e+00 3.09540e+00 2.50107e-03
-2.10642e+00 3.16322e+00 2.48998e-03
-2.18296e+00 3.23192e+00 2.47480e-03
-2.26085e+00 3.30075e+00 2.46008e-03
-2.34011e+00 3.36971e+00 2.44578e-03
-2.42077e+00 3.43884e+00 2.43186e-03
-2.50284e+00 3.50814e+00 2.41828e-03
-2.58635e+00 3.57765e+00 2.40500e-03
-2.67131e+00 3.64737e+00 2.39198e-03
-2.75774e+00 3.71734e+00 2.37921e-03
-2.84567e+00 3.78756e+00 2.36664e-03
-2.93513e+00 3.85806e+00 2.35425e-03
-3.02613e+00 3.92885e+00 2.34201e-03
-3.11871e+00 3.99997e+00 2.32990e-03
-3.21381e-01 8.31774e-01 4.07256e-03
-3.40726e-01 8.93027e-01 4.05793e-03
-3.61475e-01 9.54134e-01 4.03071e-03
-3.83613e-01 1.01512e+00 3.99334e-03
-4.07129e-01 1.07599e+00 3.94772e-03
-4.32011e-01 1.13678e+00 3.89534e-03
-4.58247e-01 1.19751e+00 3.83737e-03
-4.85829e-01 1.25818e+00 3.77473e-03
-5.14748e-01 1.31883e+00 3.70814e-03
-5.44995e-01 1.37946e+00 3.63818e-03
-5.76565e-01 1.44010e+00 3.56533e-03
-6.09451e-01 1.50077e+00 3.48994e-03
-6.43648e-01 1.56147e+00 3.41230e-03
-6.80330e-01 1.62421e+00 3.30894e-03
-7.18735e-01 1.68755e+00 3.23085e-03
-7.58471e-01 1.75084e+00 3.16099e-03
-7.99536e-01 1.81410e+00 3.09837e-03
-8.41930e-01 1.87734e+00 3.04211e-03
-8.85652e-01 1.94058e+00 2.99148e-03
-9.30703e-01 2.00385e+00 2.94583e-03
-9.77085e-01 2.06716e+00 2.90462e-03
-1.02480e+00 2.13052e+00 2.86735e-03
-1.07385e+00 2.19395e+00 2.83360e-03
-1.12423e+00 2.25748e+00 2.80299e-03
-1.17596e+00 2.32111e+00 2.77522e-03
-1.22978e+00 2.38575e+00 2.74384e-03
-1.28566e+00 2.45130e+00 2.71793e-03
-1.34286e+00 2.51687e+00 2.69377e-03
-1.40137e+00 2.58248e+00 2.67119e-03
-1.46122e+00 2.64814e+00 2.65006e-03
-1.52240e+00 2.71387e+00 2.63023e-03
-1.58492e+00 2.77969e+00 2.61160e-03
-1.64881e+00 2.84562e+00 2.59404e-03
-1.71406e+00 2.91166e+00 2.57748e-03
-1.78069e+00 2.97785e+00 2.56182e-03
-1.84871e+00 3.04420e+00 2.54698e-03
-1.91814e+00 3.11072e+00 2.53290e-03
-1.98923e+00 3.17766e+00 2.52169e-03
-2.06239e+00 3.24539e+00 2.50834e-03
-2.13689e+00 3.31321e+00 2.49460e-03
-2.21273e+00 3.38113e+00 2.48047e-03
-2.28993e+00 3.44917e+00 2.46597e-03
-2.36850e+00 3.51734e+00 2.45110e-03
-2.44848e+00 3.58568e+00 2.43587e-03
-2.52987e+00 3.65418e+00 2.42028e-03
-2.61269e+00 3.72288e+00 2.40433e-03
-2.69698e+00 3.79179e+00 2.38802e-03
-2.78274e+00 3.86093e+00 2.37136e-03
-2.87000e+00 3.93031e+00 2.35434e-03
-2.95878e+00 3.99997e+00 2.33694e-03
-2.96050e-01 8.47967e-01 4.32836e-03
-3.13609e-01 9.09824e-01 4.27757e-03
-3.32529e-01 9.71511e-01 4.21959e-03
-3.52795e-01 1.03305e+00 4.15598e-03
-3.74396e-01 1.09445e+00 4.08791e-03
-3.97322e-01 1.15574e+00 4.01633e-03
-4.21563e-01 1.21694e+00 3.94195e-03
-4.47108e-01 1.27806e+00 3.86532e-03
-4.73951e-01 1.33912e+00 3.78689e-03
-5.02083e-01 1.40014e+00 3.70698e-03
-5.31499e-01 1.46114e+00 3.62586e-03
-5.62192e-01 1.52213e+00 3.54371e-03
-5.94157e-01 1.58312e+00 3.46069e-03
-6.28436e-01 1.64600e+00 3.34679e-03
-6.64355e-01 1.70941e+00 3.26661e-03
-7.01567e-01 1.77275e+00 3.19497e-03
-7.40069e-01 1.83603e+00 3.13084e-03
-7.79860e-01 1.89926e+00 3.07336e-03
-8.20940e-01 1.96246e+00 3.02175e-03
-8.63308e-01 2.02566e+00 2.97537e-03
-9.06967e-01 2.08886e+00 2.93363e-03
-9.51916e-01 2.15208e+00 2.89603e-03
-9.98159e-01 2.21535e+00 2.86214e-03
-1.04570e+00 2.27867e+00 2.83156e-03
-1.09454e+00 2.34206e+00 2.80397e-03
-1.14534e+00 2.40637e+00 2.77310e-03
-1.19810e+00 2.47151e+00 2.74725e-03
-1.25213e+00 2.53663e+00 2.72317e-03
-1.30743e+00 2.60175e+00 2.70072e-03
-1.36403e+00 2.66690e+00 2.67975e-03
-1.42192e+00 2.73209e+00 2.66011e-03
-1.48111e+00 2.79732e+00 2.64170e-03
-1.54161e+00 2.86263e+00 2.62441e-03
-1.60344e+00 2.92803e+00 2.60814e-03
-1.66660e+00 2.99353e+00 2.59280e-03
-1.73110e+00 3.05915e+00 2.57833e-03
-1.79696e+00 3.12490e+00 2.56464e-03
-1.86440e+00 3.19102e+00 2.55349e-03
-1.93380e+00 3.25785e+00 2.54111e-03
-2.00449e+00 3.32473e+00 2.52844e-03
-2.07647e+00 3.39167e+00 2.51550e-03
-2.14978e+00 3.45870e+00 2.50229e-03
-2.22441e+00 3.52583e+00 2.48882e-03
-2.30038e+00 3.59307e+00 2.47511e-03
-2.37772e+00 3.66045e+00 2.46116e-03
-2.45645e+00 3.72799e+00 2.44697e-03
-2.53657e+00 3.79569e+00 2.43255e-03
-2.61811e+00 3.86357e+00 2.41790e-03
-2.70109e+00 3.93166e+00 2.40302e-03
-2.78553e+00 3.99997e+00 2.38791e-03
-2.70504e-01 8.63716e-01 4.59000e-03
-2.86309e-01 9.26063e-01 4.50323e-03
-3.03416e-01 9.88223e-01 4.41410e-03
-3.21814e-01 1.05021e+00 4.32350e-03
-3.41492e-01 1.11206e+00 4.23206e-03
-3.62439e-01 1.17376e+00 4.14026e-03
-3.84647e-01 1.23536e+00 4.04843e-03
-4.08108e-01 1.29685e+00 3.95682e-03
-4.32814e-01 1.35826e+00 3.86559e-03
-4.58757e-01 1.41961e+00 3.77483e-03
-4.85932e-01 1.48090e+00 3.68462e-03
-5.14334e-01 1.54217e+00 3.59497e-03
-5.43958e-01 1.60341e+00 3.50589e-03
-5.75711e-01 1.66638e+00 3.38131e-03
-6.09008e-01 1.72983e+00 3.29918e-03
-6.43547e-01 1.79317e+00 3.22588e-03
-6.79325e-01 1.85644e+00 3.16039e-03
-7.16340e-01 1.91963e+00 3.10179e-03
-7.54593e-01 1.98277e+00 3.04931e-03
-7.94082e-01 2.04588e+00 3.00227e-03
-8.34809e-01 2.10897e+00 2.96008e-03
-8.76773e-01 2.17205e+00 2.92221e-03
-9.19978e-01 2.23515e+00 2.88823e-03
-9.64425e-01 2.29827e+00 2.85771e-03
-1.01012e+00 2.36143e+00 2.83032e-03
-1.05764e+00 2.42542e+00 2.80019e-03
-1.10699e+00 2.49015e+00 2.77437e-03
-1.15755e+00 2.55484e+00 2.75036e-03
-1.20934e+00 2.61950e+00 2.72800e-03
-1.26237e+00 2.68417e+00 2.70713e-03
-1.31664e+00 2.74884e+00 2.68763e-03
-1.37215e+00 2.81353e+00 2.66938e-03
-1.42893e+00 2.87827e+00 2.65227e-03
-1.48696e+00 2.94306e+00 2.63621e-03
-1.54627e+00 3.00792e+00 2.62111e-03
-1.60686e+00 3.07287e+00 2.60689e-03
-1.66875e+00 3.13792e+00 2.59348e-03
-1.73213e+00 3.20327e+00 2.58228e-03
-1.79734e+00 3.26926e+00 2.57065e-03
-1.86378e+00 3.33527e+00 2.55883e-03
-1.93147e+00 3.40132e+00 2.54682e-03
-2.00041e+00 3.46742e+00 2.53464e-03
-2.07062e+00 3.53359e+00 2.52229e-03
-2.14211e+00 3.59984e+00 2.50978e-03
-2.21491e+00 3.66619e+00 2.49713e-03
-2.28902e+00 3.73265e+00 2.48434e-03
-2.36446e+00 3.79924e+00 2.47141e-03
-2.44126e+00 3.86598e+00 2.45836e-03
-2.51941e+00 3.93289e+00 2.44517e-03
-2.59895e+00 3.99997e+00 2.43185e-03
-2.44788e-01 8.79006e-01 4.85631e-03
-2.58870e-01 9.41732e-01 4.73378e-03
-2.74183e-01 1.00426e+00 4.61319e-03
-2.90717e-01 1.06661e+00 4.49494e-03
-3.08462e-01 1.12880e+00 4.37927e-03
-3.27409e-01 1.19084e+00 4.26630e-03
-3.47550e-01 1.25275e+00 4.15606e-03
-3.68878e-01 1.31454e+00 4.04852e-03
-3.91386e-01 1.37624e+00 3.94359e-03
-4.15068e-01 1.43785e+00 3.84117e-03
-4.39917e-01 1.49940e+00 3.74112e-03
-4.65931e-01 1.56089e+00 3.64329e-03
-4.93103e-01 1.62234e+00 3.54755e-03
-5.22207e-01 1.68536e+00 3.41245e-03
-5.52748e-01 1.74879e+00 3.32851e-03
-5.84466e-01 1.81211e+00 3.25370e-03
-6.17359e-01 1.87532e+00 3.18697e-03
-6.51426e-01 1.93845e+00 3.12738e-03
-6.86666e-01 2.00151e+00 3.07415e-03
-7.23079e-01 2.06452e+00 3.02656e-03
-7.60664e-01 2.12748e+00 2.98402e-03
-7.99422e-01 2.19042e+00 2.94597e-03
-8.39355e-01 2.25334e+00 2.91196e-03
-8.80464e-01 2.31627e+00 2.88155e-03
-9.22752e-01 2.37921e+00 2.85439e-03
-9.66727e-01 2.44289e+00 2.82518e-03
-1.01237e+00 2.50722e+00 2.79939e-03
-1.05918e+00 2.57150e+00 2.77543e-03
-1.10715e+00 2.63573e+00 2.75314e-03
-1.15628e+00 2.69994e+00 2.73235e-03
-1.20660e+00 2.76413e+00 2.71295e-03
-1.25809e+00 2.82832e+00 2.69481e-03
-1.31078e+00 2.89252e+00 2.67784e-03
-1.36465e+00 2.95675e+00 2.66192e-03
-1.41973e+00 3.02103e+00 2.64698e-03
-1.47602e+00 3.08536e+00 2.63294e-03
-1.53353e+00 3.14976e+00 2.61973e-03
-1.59244e+00 3.21443e+00 2.60841e-03
-1.65303e+00 3.27964e+00 2.59737e-03
-1.71478e+00 3.34486e+00 2.58621e-03
-1.77771e+00 3.41008e+00 2.57495e-03
-1.84183e+00 3.47533e+00 2.56358e-03
-1.90715e+00 3.54062e+00 2.55214e-03
-1.97368e+00 3.60597e+00 2.54061e-03
-2.04143e+00 3.67138e+00 2.52901e-03
-2.11042e+00 3.73687e+00 2.51735e-03
-2.18066e+00 3.80247e+00 2.50562e-03
-2.25217e+00 3.86817e+00 2.49384e-03
-2.32496e+00 3.93400e+00 2.48201e-03
-2.39905e+00 3.99997e+00 2.47012e-03
-2.18949e-01 8.93825e-01 5.12625e-03
-2.31339e-01 9.56819e-01 4.96822e-03
-2.44875e-01 1.01961e+00 4.81587e-03
-2.59549e-01 1.08223e+00 4.66936e-03
-2.75353e-01 1.14467e+00 4.52865e-03
-2.92278e-01 1.20696e+00 4.39363e-03
-3.10319e-01 1.26911e+00 4.26408e-03
-3.29467e-01 1.33114e+00 4.13972e-03
-3.49718e-01 1.39306e+00 4.02027e-03
-3.71066e-01 1.45488e+00 3.90542e-03
-3.93506e-01 1.51662e+00 3.79484e-03
-4.17034e-01 1.57829e+00 3.68824e-03
-4.41645e-01 1.63991e+00 3.58531e-03
-4.67980e-01 1.70293e+00 3.44011e-03
-4.95629e-01 1.76631e+00 3.35453e-03
-5.24379e-01 1.82955e+00 3.27838e-03
-5.54227e-01 1.89269e+00 3.21056e-03
-5.85173e-01 1.95573e+00 3.15013e-03
-6.17215e-01 2.01869e+00 3.09628e-03
-6.50353e-01 2.08158e+00 3.04828e-03
-6.84586e-01 2.14441e+00 3.00549e-03
-7.19916e-01 2.20719e+00 2.96736e-03
-7.56343e-01 2.26995e+00 2.93340e-03
-7.93868e-01 2.33268e+00 2.90318e-03
-8.32493e-01 2.39542e+00 2.87630e-03
-8.72643e-01 2.45879e+00 2.84814e-03
-9.14304e-01 2.52274e+00 2.82239e-03
-9.57050e-01 2.58662e+00 2.79848e-03
-1.00088e+00 2.65044e+00 2.77624e-03
-1.04581e+00 2.71422e+00 2.75553e-03
-1.09184e+00 2.77796e+00 2.73620e-03
-1.13896e+00 2.84168e+00 2.71816e-03
-1.18720e+00 2.90539e+00 2.70128e-03
-1.23655e+00 2.96911e+00 2.68547e-03
-1.28702e+00 3.03285e+00 2.67065e-03
-1.33861e+00 3.09662e+00 2.65673e-03
-1.39134e+00 3.16044e+00 2.64365e-03
-1.44535e+00 3.22447e+00 2.63220e-03
-1.50089e+00 3.28898e+00 2.62161e-03
-1.55751e+00 3.35347e+00 2.61097e-03
-1.61523e+00 3.41795e+00 2.60030e-03
-1.67406e+00 3.48243e+00 2.58960e-03
-1.73400e+00 3.54693e+00 2.57889e-03
-1.79508e+00 3.61146e+00 2.56816e-03
-1.85729e+00 3.67603e+00 2.55742e-03
-1.92065e+00 3.74066e+00 2.54668e-03
-1.98517e+00 3.80535e+00 2.53594e-03
-2.05086e+00 3.87013e+00 2.52520e-03
-2.11774e+00 3.93499e+00 2.51447e-03
-2.18581e+00 3.99997e+00 2.50375e-03
-1.93028e-01 9.08160e-01 5.39890e-03
-2.03758e-01 9.71316e-01 5.20560e-03
-2.15536e-01 1.03428e+00 5.02122e-03
-2.28356e-01 1.09706e+00 4.84584e-03
-2.42211e-01 1.15967e+00 4.67934e-03
-2.57094e-01 1.22213e+00 4.52141e-03
-2.73000e-01 1.28445e+00 4.37168e-03
-2.89923e-01 1.34664e+00 4.22969e-03
-3.07858e-01 1.40872e+00 4.09496e-03
-3.26802e-01 1.47069e+00 3.96698e-03
-3.46748e-01 1.53258e+00 3.84528e-03
-3.67695e-01 1.59438e+00 3.72937e-03
-3.89639e-01 1.65613e+00 3.61880e-03
-4.13083e-01 1.71910e+00 3.46422e-03
-4.37706e-01 1.78237e+00 3.37718e-03
-4.63341e-01 1.84552e+00 3.29986e-03
-4.89985e-01 1.90855e+00 3.23113e-03
-5.17637e-01 1.97147e+00 3.17003e-03
-5.46296e-01 2.03431e+00 3.11571e-03
-5.75961e-01 2.09706e+00 3.06743e-03
-6.06633e-01 2.15974e+00 3.02453e-03
-6.38312e-01 2.22237e+00 2.98643e-03
-6.70997e-01 2.28496e+00 2.95262e-03
-7.04690e-01 2.34751e+00 2.92266e-03
-7.39393e-01 2.41004e+00 2.89614e-03
-7.75444e-01 2.47312e+00 2.86912e-03
-8.12832e-01 2.53670e+00 2.84343e-03
-8.51219e-01 2.60020e+00 2.81958e-03
-8.90606e-01 2.66363e+00 2.79740e-03
-9.30997e-01 2.72700e+00 2.77676e-03
-9.72396e-01 2.79033e+00 2.75750e-03
-1.01481e+00 2.85362e+00 2.73953e-03
-1.05823e+00 2.91689e+00 2.72273e-03
-1.10268e+00 2.98014e+00 2.70701e-03
-1.14815e+00 3.04340e+00 2.69227e-03
-1.19466e+00 3.10666e+00 2.67845e-03
-1.24219e+00 3.16995e+00 2.66547e-03
-1.29089e+00 3.23341e+00 2.65387e-03
-1.34093e+00 3.29729e+00 2.64363e-03
-1.39198e+00 3.36112e+00 2.63341e-03
-1.44404e+00 3.42493e+00 2.62322e-03
-1.49710e+00 3.48873e+00 2.61306e-03
-1.55120e+00 3.55252e+00 2.60295e-03
-1.60632e+00 3.61632e+00 2.59288e-03
-1.66249e+00 3.68015e+00 2.58286e-03
-1.71970e+00 3.74400e+00 2.57289e-03
-1.77798e+00 3.80790e+00 2.56297e-03
-1.83732e+00 3.87185e+00 2.55311e-03
-1.89774e+00 3.93587e+00 2.54330e-03
-1.95925e+00 3.99997e+00 2.53354e-03
-1.66874e-01 9.22105e-01 5.62194e-03
-1.75973e-01 9.85316e-01 5.44937e-03
-1.86011e-01 1.04834e+00 5.27068e-03
-1.96982e-01 1.11120e+00 5.08871e-03
-2.08880e-01 1.17389e+00 4.90575e-03
-2.21700e-01 1.23644e+00 4.72355e-03
-2.35438e-01 1.29885e+00 4.54346e-03
-2.50090e-01 1.36113e+00 4.36648e-03
-2.65650e-01 1.42330e+00 4.19330e-03
-2.82117e-01 1.48537e+00 4.02442e-03
-2.99486e-01 1.54734e+00 3.86013e-03
-3.17754e-01 1.60923e+00 3.70060e-03
-3.36919e-01 1.67105e+00 3.54589e-03
-3.57355e-01 1.73393e+00 3.39315e-03
-3.78824e-01 1.79706e+00 3.32907e-03
-4.01201e-01 1.86006e+00 3.27030e-03
-4.24486e-01 1.92294e+00 3.21635e-03
-4.48676e-01 1.98572e+00 3.16676e-03
-4.73770e-01 2.04841e+00 3.12114e-03
-4.99769e-01 2.11101e+00 3.07910e-03
-5.26673e-01 2.17353e+00 3.04034e-03
-5.54480e-01 2.23600e+00 3.00454e-03
-5.83191e-01 2.29841e+00 2.97145e-03
-6.12808e-01 2.36077e+00 2.94082e-03
-6.43331e-01 2.42311e+00 2.91244e-03
-6.75014e-01 2.48591e+00 2.88525e-03
-7.07850e-01 2.54913e+00 2.86033e-03
-7.41584e-01 2.61227e+00 2.83731e-03
-7.76218e-01 2.67532e+00 2.81602e-03
-8.11755e-01 2.73832e+00 2.79631e-03
-8.48197e-01 2.80126e+00 2.77805e-03
-8.85548e-01 2.86415e+00 2.76111e-03
-9.23810e-01 2.92701e+00 2.74538e-03
-9.62987e-01 2.98984e+00 2.73077e-03
-1.00308e+00 3.05266e+00 2.71719e-03
-1.04410e+00 3.11548e+00 2.70456e-03
-1.08605e+00 3.17830e+00 2.69279e-03
-1.12901e+00 3.24126e+00 2.68201e-03
-1.17314e+00 3.30456e+00 2.67249e-03
-1.21817e+00 3.36781e+00 2.66341e-03
-1.26410e+00 3.43102e+00 2.65474e-03
-1.31095e+00 3.49421e+00 2.64645e-03
-1.35872e+00 3.55738e+00 2.63851e-03
-1.40741e+00 3.62055e+00 2.63090e-03
-1.45703e+00 3.68372e+00 2.62361e-03
-1.50759e+00 3.74690e+00 2.61660e-03
-1.55909e+00 3.81011e+00 2.60987e-03
-1.61155e+00 3.87335e+00 2.60339e-03
-1.66497e+00 3.93663e+00 2.59715e-03
-1.71936e+00 3.99997e+00 2.59113e-03
-1.39238e-01 9.36292e-01 6.23050e-03
-1.46741e-01 9.99426e-01 5.86365e-03
-1.55056e-01 1.06239e+00 5.53006e-03
-1.64180e-01 1.12520e+00 5.22803e-03
-1.74109e-01 1.18787e+00 4.95552e-03
-1.84838e-01 1.25039e+00 4.71026e-03
-1.96365e-01 1.31279e+00 4.48996e-03
-2.08685e-01 1.37507e+00 4.29234e-03
-2.21797e-01 1.43724e+00 4.11519e-03
-2.35697e-01 1.49931e+00 3.95645e-03
-2.50382e-01 1.56130e+00 3.81420e-03
-2.65852e-01 1.62320e+00 3.68665e-03
-2.82102e-01 1.68503e+00 3.57221e-03
-2.99426e-01 1.74774e+00 3.41496e-03
-3.17638e-01 1.81066e+00 3.34762e-03
-3.36642e-01 1.87346e+00 3.28608e-03
-3.56436e-01 1.93614e+00 3.22981e-03
-3.77019e-01 1.99873e+00 3.17831e-03
-3.98390e-01 2.06122e+00 3.13113e-03
-4.20550e-01 2.12363e+00 3.08788e-03
-4.43497e-01 2.18597e+00 3.04818e-03
-4.67232e-01 2.24824e+00 3.01171e-03
-4.91755e-01 2.31046e+00 2.97818e-03
-5.17066e-01 2.37263e+00 2.94732e-03
-5.43166e-01 2.43476e+00 2.91888e-03
-5.70254e-01 2.49727e+00 2.89186e-03
-5.98326e-01 2.56013e+00 2.86706e-03
-6.27180e-01 2.62290e+00 2.84421e-03
-6.56818e-01 2.68560e+00 2.82312e-03
-6.87242e-01 2.74823e+00 2.80365e-03
-7.18454e-01 2.81081e+00 2.78565e-03
-7.50456e-01 2.87333e+00 2.76900e-03
-7.83250e-01 2.93581e+00 2.75359e-03
-8.16839e-01 2.99826e+00 2.73932e-03
-8.51226e-01 3.06069e+00 2.72609e-03
-8.86413e-01 3.12310e+00 2.71382e-03
-9.22404e-01 3.18551e+00 2.70243e-03
-9.59269e-01 3.24802e+00 2.69191e-03
-9.97124e-01 3.31081e+00 2.68261e-03
-1.03576e+00 3.37354e+00 2.67390e-03
-1.07519e+00 3.43624e+00 2.66574e-03
-1.11540e+00 3.49890e+00 2.65809e-03
-1.15641e+00 3.56153e+00 2.65091e-03
-1.19822e+00 3.62415e+00 2.64417e-03
-1.24083e+00 3.68676e+00 2.63783e-03
-1.28425e+00 3.74937e+00 2.63187e-03
-1.32849e+00 3.81198e+00 2.62625e-03
-1.37355e+00 3.87462e+00 2.62096e-03
-1.41943e+00 3.93728e+00 2.61597e-03
-1.46615e+00 3.99997e+00 2.61127e-03
-1.11473e-01 9.50004e-01 6.86704e-03
-1.17412e-01 1.01295e+00 6.30241e-03
-1.24025e-01 1.07576e+00 5.80893e-03
-1.31309e-01 1.13843e+00 5.38134e-03
-1.39262e-01 1.20097e+00 5.01387e-03
-1.47881e-01 1.26340e+00 4.70062e-03
-1.57163e-01 1.32571e+00 4.43580e-03
-1.67106e-01 1.38791e+00 4.21386e-03
-1.77709e-01 1.45002e+00 4.02967e-03
-1.88969e-01 1.51204e+00 3.87850e-03
-2.00885e-01 1.57398e+00 3.75607e-03
-2.13454e-01 1.63584e+00 3.65857e-03
-2.26677e-01 1.69764e+00 3.58260e-03
-2.40769e-01 1.76014e+00 3.43437e-03
-2.55594e-01 1.82281e+00 3.36380e-03
-2.71080e-01 1.88536e+00 3.29956e-03
-2.87226e-01 1.94782e+00 3.24105e-03
-3.04031e-01 2.01019e+00 3.18772e-03
-3.21495e-01 2.07247e+00 3.13908e-03
-3.39617e-01 2.13468e+00 3.09470e-03
-3.58397e-01 2.19681e+00 3.05417e-03
-3.77834e-01 2.25889e+00 3.01712e-03
-3.97930e-01 2.32091e+00 2.98324e-03
-4.18685e-01 2.38288e+00 2.95222e-03
-4.40098e-01 2.44482e+00 2.92380e-03
-4.62319e-01 2.50705e+00 2.89703e-03
-4.85345e-01 2.56956e+00 2.87242e-03
-5.09025e-01 2.63199e+00 2.84979e-03
-5.33359e-01 2.69435e+00 2.82896e-03
-5.58350e-01 2.75665e+00 2.80977e-03
-5.83998e-01 2.81889e+00 2.79208e-03
-6.10304e-01 2.88108e+00 2.77576e-03
-6.37271e-01 2.94323e+00 2.76070e-03
-6.64900e-01 3.00535e+00 2.74678e-03
-6.93193e-01 3.06743e+00 2.73392e-03
-7.22151e-01 3.12950e+00 2.72202e-03
-7.51777e-01 3.19155e+00 2.71101e-03
-7.82124e-01 3.25367e+00 2.70079e-03
-8.13279e-01 3.31602e+00 2.69169e-03
-8.45085e-01 3.37831e+00 2.68333e-03
-8.77544e-01 3.44056e+00 2.67565e-03
-9.10660e-01 3.50277e+00 2.66859e-03
-9.44435e-01 3.56495e+00 2.66211e-03
-9.78872e-01 3.62711e+00 2.65616e-03
-1.01398e+00 3.68926e+00 2.65069e-03
-1.04975e+00 3.75139e+00 2.64567e-03
-1.08619e+00 3.81352e+00 2.64107e-03
-1.12331e+00 3.87566e+00 2.63685e-03
-1.16112e+00 3.93780e+00 2.63298e-03
-1.19960e+00 3.99997e+00 2.62944e-03
-8.36248e-02 9.63234e-01 7.52758e-03
-8.80322e-02 1.02590e+00 6.76165e-03
-9.29626e-02 1.08845e+00 6.10355e-03
-9.84143e-02 1.15088e+00 5.54536e-03
-1.04386e-01 1.21322e+00 5.07817e-03
-1.10875e-01 1.27546e+00 4.69272e-03
-1.17881e-01 1.33761e+00 4.37983e-03
-1.25402e-01 1.39967e+00 4.13072e-03
-1.33438e-01 1.46165e+00 3.93720e-03
-1.41987e-01 1.52356e+00 3.79176e-03
-1.51047e-01 1.58540e+00 3.68766e-03
-1.60618e-01 1.64717e+00 3.61889e-03
-1.70700e-01 1.70889e+00 3.58014e-03
-1.81442e-01 1.77115e+00 3.45114e-03
-1.92752e-01 1.83351e+00 3.37743e-03
-2.04577e-01 1.89579e+00 3.31057e-03
-2.16919e-01 1.95798e+00 3.24992e-03
-2.29775e-01 2.02011e+00 3.19488e-03
-2.43147e-01 2.08216e+00 3.14491e-03
-2.57034e-01 2.14414e+00 3.09952e-03
-2.71436e-01 2.20607e+00 3.05827e-03
-2.86352e-01 2.26795e+00 3.02076e-03
-3.01783e-01 2.32977e+00 2.98663e-03
-3.17728e-01 2.39155e+00 2.95555e-03
-3.34189e-01 2.45330e+00 2.92724e-03
-3.51269e-01 2.51527e+00 2.90080e-03
-3.68967e-01 2.57744e+00 2.87645e-03
-3.87176e-01 2.63955e+00 2.85411e-03
-4.05897e-01 2.70159e+00 2.83360e-03
-4.25131e-01 2.76358e+00 2.81475e-03
-4.44879e-01 2.82552e+00 2.79741e-03
-4.65140e-01 2.88742e+00 2.78146e-03
-4.85917e-01 2.94928e+00 2.76677e-03
-5.07211e-01 3.01110e+00 2.75323e-03
-5.29021e-01 3.07289e+00 2.74075e-03
-5.51350e-01 3.13467e+00 2.72924e-03
-5.74199e-01 3.19642e+00 2.71861e-03
-5.97604e-01 3.25823e+00 2.70873e-03
-6.21628e-01 3.32019e+00 2.69983e-03
-6.46158e-01 3.38211e+00 2.69181e-03
-6.71197e-01 3.44399e+00 2.68458e-03
-6.96746e-01 3.50584e+00 2.67808e-03
-7.22807e-01 3.56765e+00 2.67225e-03
-7.49381e-01 3.62944e+00 2.66702e-03
-7.76472e-01 3.69121e+00 2.66236e-03
-8.04080e-01 3.75297e+00 2.65821e-03
-8.32208e-01 3.81472e+00 2.65452e-03
-8.60858e-01 3.87647e+00 2.65127e-03
-8.90033e-01 3.93822e+00 2.64841e-03
-9.19734e-01 3.99997e+00 2.64592e-03
-5.57374e-02 9.75978e-01 8.20853e-03
-5.86450e-02 1.03826e+00 7.23764e-03
-6.19125e-02 1.10045e+00 6.41034e-03
-6.55391e-02 1.16257e+00 5.71691e-03
-6.95241e-02 1.22462e+00 5.14581e-03
-7.38668e-02 1.28659e+00 4.68466e-03
-7.85664e-02 1.34851e+00 4.32096e-03
-8.36224e-02 1.41035e+00 4.04261e-03
-8.90341e-02 1.47215e+00 3.83826e-03
-9.48011e-02 1.53388e+00 3.69748e-03
-1.00923e-01 1.59557e+00 3.61089e-03
-1.07399e-01 1.65721e+00 3.57015e-03
-1.14228e-01 1.71881e+00 3.56792e-03
-1.21505e-01 1.78076e+00 3.46507e-03
-1.29170e-01 1.84279e+00 3.38831e-03
-1.37194e-01 1.90475e+00 3.31896e-03
-1.45576e-01 1.96666e+00 3.25632e-03
-1.54315e-01 2.02851e+00 3.19971e-03
-1.63413e-01 2.09030e+00 3.14855e-03
-1.72867e-01 2.15205e+00 3.10230e-03
-1.82679e-01 2.21376e+00 3.06048e-03
-1.92849e-01 2.27542e+00 3.02263e-03
-2.03376e-01 2.33705e+00 2.98837e-03
-2.14260e-01 2.39865e+00 2.95735e-03
-2.25502e-01 2.46021e+00 2.92924e-03
-2.37166e-01 2.52192e+00 2.90322e-03
-2.49252e-01 2.58377e+00 2.87920e-03
-2.61692e-01 2.64557e+00 2.85722e-03
-2.74488e-01 2.70732e+00 2.83709e-03
-2.87641e-01 2.76903e+00 2.81863e-03
-3.01149e-01 2.83070e+00 2.80170e-03
-3.15014e-01 2.89233e+00 2.78615e-03
-3.29236e-01 2.95394e+00 2.77187e-03
-3.43815e-01 3.01552e+00 2.75874e-03
-3.58753e-01 3.07708e+00 2.74667e-03
-3.74048e-01 3.13861e+00 2.73556e-03
-3.89703e-01 3.20013e+00 2.72533e-03
-4.05740e-01 3.26168e+00 2.71580e-03
-4.22197e-01 3.32333e+00 2.70712e-03
-4.39004e-01 3.38495e+00 2.69943e-03
-4.56163e-01 3.44653e+00 2.69264e-03
-4.73673e-01 3.50809e+00 2.68667e-03
-4.91537e-01 3.56963e+00 2.68145e-03
-5.09754e-01 3.63114e+00 2.67691e-03
-5.28325e-01 3.69263e+00 2.67299e-03
-5.47252e-01 3.75411e+00 2.66963e-03
-5.66536e-01 3.81558e+00 2.66679e-03
-5.86177e-01 3.87705e+00 2.66442e-03
-6.06177e-01 3.93851e+00 2.66249e-03
-6.26537e-01 3.99997e+00 2.66094e-03
-2.78534e-02 9.88231e-01 8.90670e-03
-2.92923e-02 1.05003e+00 7.72686e-03
-3.09166e-02 1.11178e+00 6.72583e-03
-3.27262e-02 1.17350e+00 5.89286e-03
-3.47208e-02 1.23517e+00 5.21422e-03
-3.69003e-02 1.29681e+00 4.67457e-03
-3.92645e-02 1.35841e+00 4.25809e-03
-4.18132e-02 1.41998e+00 3.94925e-03
-4.45462e-02 1.48152e+00 3.73338e-03
-4.74635e-02 1.54303e+00 3.59694e-03
-5.05648e-02 1.60451e+00 3.52773e-03
-5.38501e-02 1.66597e+00 3.51492e-03
-5.73192e-02 1.72740e+00 3.54902e-03
-6.10147e-02 1.78901e+00 3.47594e-03
-6.49105e-02 1.85066e+00 3.39628e-03
-6.89925e-02 1.91227e+00 3.32461e-03
-7.32607e-02 1.97385e+00 3.26014e-03
-7.77149e-02 2.03540e+00 3.20215e-03
-8.23552e-02 2.09692e+00 3.14997e-03
-8.71815e-02 2.15842e+00 3.10303e-03
-9.21937e-02 2.21989e+00 3.06079e-03
-9.73920e-02 2.28134e+00 3.02276e-03
-1.02776e-01 2.34276e+00 2.98851e-03
-1.08346e-01 2.40417e+00 2.95767e-03
-1.14102e-01 2.46556e+00 2.92987e-03
-1.20075e-01 2.52703e+00 2.90434e-03
-1.26262e-01 2.58856e+00 2.88074e-03
-1.32635e-01 2.65006e+00 2.85919e-03
-1.39192e-01 2.71154e+00 2.83950e-03
-1.45935e-01 2.77299e+00 2.82149e-03
-1.52863e-01 2.83443e+00 2.80501e-03
-1.59976e-01 2.89584e+00 2.78991e-03
-1.67274e-01 2.95724e+00 2.77607e-03
-1.74758e-01 3.01861e+00 2.76338e-03
-1.82428e-01 3.07998e+00 2.75174e-03
-1.90283e-01 3.14133e+00 2.74105e-03
-1.98325e-01 3.20267e+00 2.73123e-03
-2.06562e-01 3.26403e+00 2.72208e-03
-2.15014e-01 3.32544e+00 2.71363e-03
-2.23647e-01 3.38682e+00 2.70628e-03
-2.32462e-01 3.44819e+00 2.69992e-03
-2.41459e-01 3.50954e+00 2.69447e-03
-2.50638e-01 3.57088e+00 2.68983e-03
-2.60000e-01 3.63220e+00 2.68593e-03
-2.69544e-01 3.69351e+00 2.68270e-03
-2.79271e-01 3.75481e+00 2.68009e-03
-2.89181e-01 3.81611e+00 2.67803e-03
-2.99274e-01 3.87740e+00 2.67647e-03
-3.09551e-01 3.93869e+00 2.67537e-03
-3.20012e-01 3.99997e+00 2.67468e-03
-1.36244e-05 9.99994e-01 9.61920e-03
-1.43217e-05 1.06122e+00 8.22602e-03
-1.51125e-05 1.12244e+00 7.04669e-03
-1.59966e-05 1.18367e+00 6.07015e-03
-1.69742e-05 1.24489e+00 5.28084e-03
-1.80451e-05 1.30612e+00 4.66058e-03
-1.92095e-05 1.36734e+00 4.19015e-03
-2.04673e-05 1.42856e+00 3.85041e-03
-2.18185e-05 1.48979e+00 3.62313e-03
-2.32631e-05 1.55101e+00 3.49145e-03
-2.48012e-05 1.61224e+00 3.44016e-03
-2.64326e-05 1.67346e+00 3.45576e-03
-2.81574e-05 1.73468e+00 3.52647e-03
-2.99947e-05 1.79591e+00 3.48358e-03
-3.19328e-05 1.85713e+00 3.40120e-03
-3.39656e-05 1.91836e+00 3.32741e-03
-3.60931e-05 1.97958e+00 3.26132e-03
-3.83152e-05 2.04080e+00 3.20214e-03
-4.06320e-05 2.10203e+00 3.14916e-03
-4.30435e-05 2.16325e+00 3.10172e-03
-4.55496e-05 2.22448e+00 3.05923e-03
-4.81504e-05 2.28570e+00 3.02118e-03
-5.08459e-05 2.34692e+00 2.98710e-03
-5.36360e-05 2.40815e+00 2.95656e-03
-5.65208e-05 2.46937e+00 2.92920e-03
-5.95138e-05 2.53060e+00 2.90422e-03
-6.26147e-05 2.59182e+00 2.88112e-03
-6.58098e-05 2.65304e+00 2.86008e-03
-6.90991e-05 2.71427e+00 2.84090e-03
-7.24826e-05 2.77549e+00 2.82340e-03
-7.59602e-05 2.83672e+00 2.80741e-03
-7.95320e-05 2.89794e+00 2.79280e-03
-8.31980e-05 2.95916e+00 2.77945e-03
-8.69582e-05 3.02039e+00 2.76723e-03
-9.08126e-05 3.08161e+00 2.75603e-03
-9.47612e-05 3.14284e+00 2.74578e-03
-9.88039e-05 3.20406e+00 2.73639e-03
-1.02946e-04 3.26528e+00 2.72761e-03
-1.07194e-04 3.32651e+00 2.71942e-03
-1.11534e-04 3.38773e+00 2.71243e-03
-1.15967e-04 3.44895e+00 2.70651e-03
-1.20491e-04 3.51018e+00 2.70155e-03
-1.25107e-04 3.57140e+00 2.69748e-03
-1.29815e-04 3.63263e+00 2.69419e-03
-1.34616e-04 3.69385e+00 2.69162e-03
-1.39508e-04 3.75507e+00 2.68969e-03
-1.44492e-04 3.81630e+00 2.68835e-03
-1.49568e-04 3.87752e+00 2.68754e-03
-1.54736e-04 3.93875e+00 2.68720e-03
-1.59996e-04 3.99997e+00 2.68730e-03
