-1.00000e+00 0.00000e+00 -2.60880e-04
-1.06122e+00 0.00000e+00 -2.52852e-04
-1.12245e+00 0.00000e+00 -2.42961e-04
-1.18367e+00 0.00000e+00 -2.31788e-04
-1.24490e+00 0.00000e+00 -2.19819e-04
-1.30612e+00 0.00000e+00 -2.07450e-04
-1.36734e+00 0.00000e+00 -1.94992e-04
-1.42857e+00 0.00000e+00 -1.82679e-04
-1.48979e+00 0.00000e+00 -1.70683e-04
-1.55101e+00 0.00000e+00 -1.59123e-04
-1.61224e+00 0.00000e+00 -1.48079e-04
-1.67346e+00 0.00000e+00 -1.37598e-04
-1.73469e+00 0.00000e+00 -1.27704e-04
-1.79591e+00 0.00000e+00 -1.18402e-04
-1.85713e+00 0.00000e+00 -1.09685e-04
-1.91836e+00 0.00000e+00 -1.01538e-04
-1.97958e+00 0.00000e+00 -9.39387e-05
-2.04081e+00 0.00000e+00 -8.68602e-05
-2.10203e+00 0.00000e+00 -8.02748e-05
-2.16325e+00 0.00000e+00 -7.41531e-05
-2.22448e+00 0.00000e+00 -6.84660e-05
-2.28570e+00 0.00000e+00 -6.31844e-05
-2.34693e+00 0.00000e+00 -5.82804e-05
-2.40815e+00 0.00000e+00 -5.37270e-05
-2.46937e+00 0.00000e+00 -4.94988e-05
-2.53060e+00 0.00000e+00 -4.55714e-05
-2.59182e+00 0.00000e+00 -4.19222e-05
-2.65304e+00 0.00000e+00 -3.85299e-05
-2.71427e+00 0.00000e+00 -3.53746e-05
-2.77549e+00 0.00000e+00 -3.24377e-05
-2.83672e+00 0.00000e+00 -2.97019e-05
-2.89794e+00 0.00000e+00 -2.71512e-05
-2.95916e+00 0.00000e+00 -2.47706e-05
-3.02039e+00 0.00000e+00 -2.25461e-05
-3.08161e+00 0.00000e+00 -2.04650e-05
-3.14284e+00 0.00000e+00 -1.85153e-05
-3.20406e+00 0.00000e+00 -1.66859e-05
-3.26528e+00 0.00000e+00 -1.49663e-05
-3.32651e+00 0.00000e+00 -1.33472e-05
-3.38773e+00 0.00000e+00 -1.18194e-05
-3.44896e+00 0.00000e+00 -1.03748e-05
-3.51018e+00 0.00000e+00 -9.00561e-06
-3.57140e+00 0.00000e+00 -7.70468e-06
-3.63263e+00 0.00000e+00 -6.46531e-06
-3.69385e+00 0.00000e+00 -5.28128e-06
-3.75507e+00 0.00000e+00 -4.14675e-06
-3.81630e+00 0.00000e+00 -3.05632e-06
-3.87752e+00 0.00000e+00 -2.00491e-06
-3.93875e+00 0.00000e+00 -9.87769e-07
-3.99997e+00 0.00000e+00 -4.77151e-10
-9.89526e-01 2.47775e-02 -1.26926e-04
-1.05181e+00 2.63840e-02 -1.20444e-04
-1.11404e+00 2.81758e-02 -1.13298e-04
-1.17620e+00 3.01526e-02 -1.05781e-04
-1.23830e+00 3.23142e-02 -9.81233e-05
-1.30034e+00 3.46605e-02 -9.05074e-05
-1.36233e+00 3.71912e-02 -8.30675e-05
-1.42426e+00 3.99063e-02 -7.59003e-05
-1.48613e+00 4.28055e-02 -6.90708e-05
-1.54796e+00 4.58888e-02 -6.26196e-05
-1.60973e+00 4.91560e-02 -5.65685e-05
-1.67146e+00 5.26069e-02 -5.09247e-05
-1.73314e+00 5.62415e-02 -4.56853e-05
-1.79478e+00 6.00597e-02 -4.08400e-05
-1.85637e+00 6.40614e-02 -3.63732e-05
-1.91793e+00 6.82465e-02 -3.22663e-05
-1.97945e+00 7.26149e-02 -2.84986e-05
-2.04093e+00 7.71667e-02 -2.50487e-05
-2.10238e+00 8.19017e-02 -2.18947e-05
-2.16379e+00 8.68200e-02 -1.90152e-05
-2.22517e+00 9.19214e-02 -1.63893e-05
-2.28653e+00 9.72061e-02 -1.39969e-05
-2.34785e+00 1.02674e-01 -1.18190e-05
-2.40915e+00 1.08325e-01 -9.83761e-06
-2.47043e+00 1.14159e-01 -8.03589e-06
-2.53169e+00 1.20177e-01 -6.39805e-06
-2.59292e+00 1.26378e-01 -4.90938e-06
-2.65414e+00 1.32762e-01 -3.55618e-06
-2.71534e+00 1.39330e-01 -2.32575e-06
-2.77653e+00 1.46081e-01 -1.20631e-06
-2.83770e+00 1.53016e-01 -1.86939e-07
-2.89887e+00 1.60135e-01 7.42457e-07
-2.96002e+00 1.67437e-01 1.59123e-06
-3.02117e+00 1.74923e-01 2.36804e-06
-3.08231e+00 1.82594e-01 3.08090e-06
-3.14344e+00 1.90448e-01 3.73720e-06
-3.20458e+00 1.98487e-01 4.34381e-06
-3.26571e+00 2.06711e-01 4.90708e-06
-3.32685e+00 2.15119e-01 5.43290e-06
-3.38799e+00 2.23712e-01 5.92671e-06
-3.44914e+00 2.32490e-01 6.39358e-06
-3.51029e+00 2.41453e-01 6.83820e-06
-3.57145e+00 2.50602e-01 7.26493e-06
-3.63262e+00 2.59937e-01 7.67781e-06
-3.69380e+00 2.69457e-01 8.08060e-06
-3.75500e+00 2.79164e-01 8.47681e-06
-3.81622e+00 2.89057e-01 8.86968e-06
-3.87745e+00 2.99137e-01 9.26226e-06
-3.93870e+00 3.09404e-01 9.65738e-06
-3.99997e+00 3.19858e-01 1.00577e-05
-9.78510e-01 4.98228e-02 3.60835e-06
-1.04176e+00 5.30715e-02 7.82844e-06
-1.10489e+00 5.66798e-02 1.18007e-05
-1.16789e+00 6.06469e-02 1.54671e-05
-1.23078e+00 6.49720e-02 1.87937e-05
-1.29355e+00 6.96545e-02 2.17654e-05
-1.35621e+00 7.46937e-02 2.43811e-05
-1.41877e+00 8.00890e-02 2.66499e-05
-1.48122e+00 8.58398e-02 2.85879e-05
-1.54358e+00 9.19456e-02 3.02155e-05
-1.60585e+00 9.84059e-02 3.15557e-05
-1.66802e+00 1.05220e-01 3.26325e-05
-1.73011e+00 1.12388e-01 3.34702e-05
-1.79211e+00 1.19910e-01 3.40921e-05
-1.85403e+00 1.27784e-01 3.45210e-05
-1.91588e+00 1.36011e-01 3.47781e-05
-1.97766e+00 1.44591e-01 3.48831e-05
-2.03937e+00 1.53523e-01 3.48544e-05
-2.10102e+00 1.62807e-01 3.47088e-05
-2.16261e+00 1.72444e-01 3.44618e-05
-2.22414e+00 1.82432e-01 3.41275e-05
-2.28562e+00 1.92772e-01 3.37185e-05
-2.34704e+00 2.03465e-01 3.32466e-05
-2.40843e+00 2.14509e-01 3.27221e-05
-2.46977e+00 2.25906e-01 3.21547e-05
-2.53107e+00 2.37655e-01 3.15529e-05
-2.59234e+00 2.49756e-01 3.09246e-05
-2.65357e+00 2.62210e-01 3.02767e-05
-2.71478e+00 2.75017e-01 2.96157e-05
-2.77596e+00 2.88177e-01 2.89473e-05
-2.83713e+00 3.01691e-01 2.82768e-05
-2.89827e+00 3.15559e-01 2.76088e-05
-2.95940e+00 3.29782e-01 2.69477e-05
-3.02053e+00 3.44359e-01 2.62973e-05
-3.08164e+00 3.59292e-01 2.56612e-05
-3.14275e+00 3.74580e-01 2.50425e-05
-3.20387e+00 3.90225e-01 2.44442e-05
-3.26498e+00 4.06227e-01 2.38688e-05
-3.32611e+00 4.22587e-01 2.33189e-05
-3.38724e+00 4.39306e-01 2.27965e-05
-3.44839e+00 4.56383e-01 2.23037e-05
-3.50956e+00 4.73821e-01 2.18423e-05
-3.57075e+00 4.91619e-01 2.14138e-05
-3.63196e+00 5.09779e-01 2.10199e-05
-3.69321e+00 5.28302e-01 2.06619e-05
-3.75448e+00 5.47188e-01 2.03410e-05
-3.81579e+00 5.66439e-01 2.00584e-05
-3.87714e+00 5.86056e-01 1.98151e-05
-3.93853e+00 6.06039e-01 1.96120e-05
-3.99997e+00 6.26390e-01 1.94501e-05
-9.66950e-01 7.51073e-02 1.30917e-04
-1.03106e+00 8.00339e-02 1.32117e-04
-1.09498e+00 8.54829e-02 1.32426e-04
-1.15873e+00 9.14528e-02 1.31968e-04
-1.22231e+00 9.79420e-02 1.30861e-04
-1.28572e+00 1.04949e-01 1.29211e-04
-1.34898e+00 1.12472e-01 1.27116e-04
-1.41208e+00 1.20511e-01 1.24661e-04
-1.47504e+00 1.29063e-01 1.21921e-04
-1.53787e+00 1.38128e-01 1.18960e-04
-1.60055e+00 1.47705e-01 1.15831e-04
-1.66311e+00 1.57793e-01 1.12583e-04
-1.72555e+00 1.68391e-01 1.09252e-04
-1.78788e+00 1.79498e-01 1.05873e-04
-1.85009e+00 1.91114e-01 1.02472e-04
-1.91219e+00 2.03238e-01 9.90720e-05
-1.97420e+00 2.15870e-01 9.56913e-05
-2.03612e+00 2.29009e-01 9.23454e-05
-2.09794e+00 2.42655e-01 8.90468e-05
-2.15969e+00 2.56808e-01 8.58057e-05
-2.22136e+00 2.71468e-01 8.26303e-05
-2.28295e+00 2.86634e-01 7.95272e-05
-2.34448e+00 3.02307e-01 7.65019e-05
-2.40595e+00 3.18487e-01 7.35583e-05
-2.46736e+00 3.35175e-01 7.06997e-05
-2.52873e+00 3.52369e-01 6.79285e-05
-2.59004e+00 3.70072e-01 6.52465e-05
-2.65132e+00 3.88282e-01 6.26550e-05
-2.71257e+00 4.07002e-01 6.01548e-05
-2.77378e+00 4.26231e-01 5.77464e-05
-2.83497e+00 4.45971e-01 5.54298e-05
-2.89615e+00 4.66222e-01 5.32051e-05
-2.95731e+00 4.86985e-01 5.10720e-05
-3.01846e+00 5.08261e-01 4.90300e-05
-3.07961e+00 5.30051e-01 4.70786e-05
-3.14076e+00 5.52356e-01 4.52171e-05
-3.20192e+00 5.75178e-01 4.34448e-05
-3.26309e+00 5.98517e-01 4.17609e-05
-3.32427e+00 6.22377e-01 4.01646e-05
-3.38548e+00 6.46756e-01 3.86550e-05
-3.44672e+00 6.71659e-01 3.72312e-05
-3.50799e+00 6.97085e-01 3.58923e-05
-3.56930e+00 7.23037e-01 3.46373e-05
-3.63066e+00 7.49517e-01 3.34655e-05
-3.69206e+00 7.76527e-01 3.23758e-05
-3.75351e+00 8.04068e-01 3.13673e-05
-3.81503e+00 8.32143e-01 3.04393e-05
-3.87660e+00 8.60754e-01 2.95906e-05
-3.93825e+00 8.89904e-01 2.88206e-05
-3.99997e+00 9.19594e-01 2.81284e-05
-9.54845e-01 1.00600e-01 2.55143e-04
-1.01969e+00 1.07240e-01 2.52536e-04
-1.08431e+00 1.14554e-01 2.48646e-04
-1.14870e+00 1.22538e-01 2.43732e-04
-1.21287e+00 1.31191e-01 2.38021e-04
-1.27684e+00 1.40509e-01 2.31705e-04
-1.34060e+00 1.50490e-01 2.24947e-04
-1.40418e+00 1.61132e-01 2.17884e-04
-1.46757e+00 1.72434e-01 2.10625e-04
-1.53078e+00 1.84393e-01 2.03264e-04
-1.59383e+00 1.97008e-01 1.95873e-04
-1.65672e+00 2.10277e-01 1.88511e-04
-1.71946e+00 2.24199e-01 1.81227e-04
-1.78205e+00 2.38772e-01 1.74055e-04
-1.84451e+00 2.53996e-01 1.67026e-04
-1.90684e+00 2.69870e-01 1.60160e-04
-1.96904e+00 2.86393e-01 1.53474e-04
-2.03114e+00 3.03565e-01 1.46979e-04
-2.09312e+00 3.21384e-01 1.40684e-04
-2.15501e+00 3.39851e-01 1.34594e-04
-2.21680e+00 3.58966e-01 1.28711e-04
-2.27851e+00 3.78728e-01 1.23037e-04
-2.34015e+00 3.99138e-01 1.17572e-04
-2.40171e+00 4.20196e-01 1.12313e-04
-2.46321e+00 4.41903e-01 1.07259e-04
-2.52465e+00 4.64259e-01 1.02407e-04
-2.58604e+00 4.87264e-01 9.77520e-05
-2.64739e+00 5.10920e-01 9.32918e-05
-2.70870e+00 5.35227e-01 8.90216e-05
-2.76998e+00 5.60187e-01 8.49374e-05
-2.83124e+00 5.85802e-01 8.10347e-05
-2.89249e+00 6.12071e-01 7.73094e-05
-2.95373e+00 6.38998e-01 7.37569e-05
-3.01496e+00 6.66583e-01 7.03730e-05
-3.07620e+00 6.94829e-01 6.71535e-05
-3.13745e+00 7.23738e-01 6.40942e-05
-3.19873e+00 7.53311e-01 6.11912e-05
-3.26002e+00 7.83551e-01 5.84404e-05
-3.32135e+00 8.14460e-01 5.58382e-05
-3.38271e+00 8.46041e-01 5.33808e-05
-3.44413e+00 8.78297e-01 5.10646e-05
-3.50559e+00 9.11230e-01 4.88863e-05
-3.56711e+00 9.44843e-01 4.68426e-05
-3.62870e+00 9.79140e-01 4.49303e-05
-3.69036e+00 1.01412e+00 4.31463e-05
-3.75209e+00 1.04980e+00 4.14877e-05
-3.81392e+00 1.08617e+00 3.99517e-05
-3.87583e+00 1.12323e+00 3.85356e-05
-3.93785e+00 1.16100e+00 3.72368e-05
-3.99997e+00 1.19947e+00 3.60528e-05
-9.42196e-01 1.26269e-01 3.76382e-04
-1.00767e+00 1.34658e-01 3.69161e-04
-1.07287e+00 1.43860e-01 3.60504e-04
-1.13779e+00 1.53869e-01 3.50762e-04
-1.20246e+00 1.64683e-01 3.40229e-04
-1.26688e+00 1.76297e-01 3.29152e-04
-1.33107e+00 1.88708e-01 3.17728e-04
-1.39503e+00 2.01913e-01 3.06121e-04
-1.45878e+00 2.15910e-01 2.94461e-04
-1.52232e+00 2.30695e-01 2.82850e-04
-1.58566e+00 2.46267e-01 2.71371e-04
-1.64882e+00 2.62622e-01 2.60084e-04
-1.71180e+00 2.79760e-01 2.49039e-04
-1.77462e+00 2.97678e-01 2.38270e-04
-1.83728e+00 3.16375e-01 2.27805e-04
-1.89979e+00 3.35850e-01 2.17661e-04
-1.96217e+00 3.56102e-01 2.07850e-04
-2.02441e+00 3.77129e-01 1.98379e-04
-2.08654e+00 3.98932e-01 1.89250e-04
-2.14855e+00 4.21510e-01 1.80465e-04
-2.21047e+00 4.44863e-01 1.72019e-04
-2.27229e+00 4.68991e-01 1.63910e-04
-2.33403e+00 4.93895e-01 1.56131e-04
-2.39569e+00 5.19574e-01 1.48676e-04
-2.45728e+00 5.46029e-01 1.41536e-04
-2.51882e+00 5.73262e-01 1.34705e-04
-2.58030e+00 6.01273e-01 1.28174e-04
-2.64175e+00 6.30064e-01 1.21935e-04
-2.70316e+00 6.59636e-01 1.15979e-04
-2.76455e+00 6.89991e-01 1.10298e-04
-2.82592e+00 7.21131e-01 1.04883e-04
-2.88729e+00 7.53059e-01 9.97265e-05
-2.94866e+00 7.85775e-01 9.48204e-05
-3.01003e+00 8.19284e-01 9.01569e-05
-3.07142e+00 8.53587e-01 8.57286e-05
-3.13284e+00 8.88689e-01 8.15281e-05
-3.19429e+00 9.24591e-01 7.75485e-05
-3.25579e+00 9.61297e-01 7.37831e-05
-3.31733e+00 9.98811e-01 7.02253e-05
-3.37893e+00 1.03714e+00 6.68690e-05
-3.44060e+00 1.07628e+00 6.37082e-05
-3.50234e+00 1.11624e+00 6.07372e-05
-3.56417e+00 1.15702e+00 5.79506e-05
-3.62609e+00 1.19864e+00 5.53430e-05
-3.68810e+00 1.24109e+00 5.29095e-05
-3.75023e+00 1.28437e+00 5.06454e-05
-3.81247e+00 1.32850e+00 4.85460e-05
-3.87483e+00 1.37349e+00 4.66070e-05
-3.93733e+00 1.41932e+00 4.48241e-05
-3.99997e+00 1.46602e+00 4.31934e-05
-9.29006e-01 1.52079e-01 4.94683e-04
-9.94986e-01 1.62253e-01 4.82031e-04
-1.06065e+00 1.73365e-01 4.68019e-04
-1.12600e+00 1.85409e-01 4.53049e-04
-1.19106e+00 1.98381e-01 4.37447e-04
-1.25585e+00 2.12274e-01 4.21476e-04
-1.32036e+00 2.27086e-01 4.05348e-04
-1.38463e+00 2.42811e-01 3.89229e-04
-1.44865e+00 2.59447e-01 3.73250e-04
-1.51244e+00 2.76988e-01 3.57511e-04
-1.57602e+00 2.95433e-01 3.42090e-04
-1.63939e+00 3.14779e-01 3.27043e-04
-1.70256e+00 3.35022e-01 3.12414e-04
-1.76556e+00 3.56161e-01 2.98231e-04
-1.82838e+00 3.78195e-01 2.84513e-04
-1.89104e+00 4.01120e-01 2.71273e-04
-1.95355e+00 4.24937e-01 2.58515e-04
-2.01593e+00 4.49643e-01 2.46240e-04
-2.07818e+00 4.75239e-01 2.34445e-04
-2.14031e+00 5.01725e-01 2.23124e-04
-2.20233e+00 5.29099e-01 2.12267e-04
-2.26426e+00 5.57362e-01 2.01867e-04
-2.32611e+00 5.86515e-01 1.91911e-04
-2.38788e+00 6.16558e-01 1.82388e-04
-2.44958e+00 6.47492e-01 1.73285e-04
-2.51123e+00 6.79319e-01 1.64591e-04
-2.57284e+00 7.12041e-01 1.56291e-04
-2.63441e+00 7.45658e-01 1.48375e-04
-2.69595e+00 7.80174e-01 1.40829e-04
-2.75749e+00 8.15590e-01 1.33641e-04
-2.81901e+00 8.51910e-01 1.26800e-04
-2.88054e+00 8.89136e-01 1.20293e-04
-2.94209e+00 9.27272e-01 1.14110e-04
-3.00366e+00 9.66321e-01 1.08240e-04
-3.06527e+00 1.00629e+00 1.02673e-04
-3.12691e+00 1.04717e+00 9.73974e-05
-3.18862e+00 1.08899e+00 9.24048e-05
-3.25038e+00 1.13173e+00 8.76858e-05
-3.31222e+00 1.17540e+00 8.32315e-05
-3.37414e+00 1.22002e+00 7.90333e-05
-3.43615e+00 1.26558e+00 7.50833e-05
-3.49826e+00 1.31210e+00 7.13737e-05
-3.56048e+00 1.35957e+00 6.78971e-05
-3.62283e+00 1.40800e+00 6.46465e-05
-3.68530e+00 1.45741e+00 6.16150e-05
-3.74791e+00 1.50779e+00 5.87963e-05
-3.81068e+00 1.55916e+00 5.61841e-05
-3.87360e+00 1.61152e+00 5.37727e-05
-3.93670e+00 1.66488e+00 5.15564e-05
-3.99997e+00 1.71924e+00 4.95298e-05
-9.15280e-01 1.77994e-01 6.10049e-04
-9.81638e-01 1.89988e-01 5.91144e-04
-1.04764e+00 2.03033e-01 5.71184e-04
-1.11332e+00 2.17121e-01 5.50575e-04
-1.17867e+00 2.32245e-01 5.29637e-04
-1.24371e+00 2.48401e-01 5.08623e-04
-1.30847e+00 2.65581e-01 4.87729e-04
-1.37295e+00 2.83782e-01 4.67105e-04
-1.43717e+00 3.02998e-01 4.46866e-04
-1.50114e+00 3.23224e-01 4.27099e-04
-1.56488e+00 3.44458e-01 4.07864e-04
-1.62840e+00 3.66695e-01 3.89207e-04
-1.69172e+00 3.89932e-01 3.71155e-04
-1.75484e+00 4.14168e-01 3.53728e-04
-1.81778e+00 4.39399e-01 3.36933e-04
-1.88056e+00 4.65623e-01 3.20773e-04
-1.94318e+00 4.92840e-01 3.05243e-04
-2.00566e+00 5.21047e-01 2.90337e-04
-2.06802e+00 5.50245e-01 2.76043e-04
-2.13025e+00 5.80433e-01 2.62348e-04
-2.19238e+00 6.11611e-01 2.49237e-04
-2.25442e+00 6.43779e-01 2.36695e-04
-2.31637e+00 6.76938e-01 2.24706e-04
-2.37826e+00 7.11089e-01 2.13251e-04
-2.44009e+00 7.46233e-01 2.02315e-04
-2.50188e+00 7.82373e-01 1.91880e-04
-2.56363e+00 8.19511e-01 1.81930e-04
-2.62535e+00 8.57648e-01 1.72447e-04
-2.68707e+00 8.96788e-01 1.63417e-04
-2.74878e+00 9.36934e-01 1.54822e-04
-2.81050e+00 9.78090e-01 1.46649e-04
-2.87225e+00 1.02026e+00 1.38883e-04
-2.93403e+00 1.06345e+00 1.31508e-04
-2.99585e+00 1.10765e+00 1.24513e-04
-3.05773e+00 1.15289e+00 1.17883e-04
-3.11967e+00 1.19916e+00 1.11607e-04
-3.18169e+00 1.24647e+00 1.05673e-04
-3.24380e+00 1.29482e+00 1.00069e-04
-3.30601e+00 1.34422e+00 9.47835e-05
-3.36833e+00 1.39467e+00 8.98072e-05
-3.43076e+00 1.44620e+00 8.51298e-05
-3.49333e+00 1.49879e+00 8.07417e-05
-3.55605e+00 1.55246e+00 7.66340e-05
-3.61891e+00 1.60723e+00 7.27979e-05
-3.68194e+00 1.66308e+00 6.92253e-05
-3.74515e+00 1.72004e+00 6.59083e-05
-3.80855e+00 1.77812e+00 6.28394e-05
-3.87214e+00 1.83732e+00 6.00114e-05
-3.93594e+00 1.89766e+00 5.74175e-05
-3.99997e+00 1.95914e+00 5.50513e-05
-9.01024e-01 2.03976e-01 7.22434e-04
-9.67631e-01 2.17825e-01 6.96460e-04
-1.03386e+00 2.32824e-01 6.69964e-04
-1.09973e+00 2.48964e-01 6.43306e-04
-1.16527e+00 2.66236e-01 6.16764e-04
-1.23047e+00 2.84634e-01 5.90549e-04
-1.29537e+00 3.04151e-01 5.64817e-04
-1.35999e+00 3.24780e-01 5.39684e-04
-1.42432e+00 3.46517e-01 5.15234e-04
-1.48841e+00 3.69355e-01 4.91525e-04
-1.55224e+00 3.93290e-01 4.68593e-04
-1.61586e+00 4.18319e-01 4.46461e-04
-1.67926e+00 4.44437e-01 4.25139e-04
-1.74246e+00 4.71642e-01 4.04630e-04
-1.80549e+00 4.99931e-01 3.84926e-04
-1.86834e+00 5.29301e-01 3.66016e-04
-1.93104e+00 5.59752e-01 3.47886e-04
-1.99361e+00 5.91282e-01 3.30518e-04
-2.05605e+00 6.23890e-01 3.13892e-04
-2.11837e+00 6.57575e-01 2.97986e-04
-2.18060e+00 6.92339e-01 2.82779e-04
-2.24275e+00 7.28182e-01 2.68249e-04
-2.30482e+00 7.65104e-01 2.54373e-04
-2.36684e+00 8.03108e-01 2.41128e-04
-2.42881e+00 8.42195e-01 2.28494e-04
-2.49074e+00 8.82367e-01 2.16447e-04
-2.55266e+00 9.23628e-01 2.04969e-04
-2.61457e+00 9.65980e-01 1.94037e-04
-2.67649e+00 1.00943e+00 1.83634e-04
-2.73843e+00 1.05397e+00 1.73739e-04
-2.80039e+00 1.09962e+00 1.64335e-04
-2.86240e+00 1.14638e+00 1.55404e-04
-2.92447e+00 1.19425e+00 1.46930e-04
-2.98660e+00 1.24325e+00 1.38897e-04
-3.04881e+00 1.29336e+00 1.31289e-04
-3.11111e+00 1.34461e+00 1.24092e-04
-3.17352e+00 1.39700e+00 1.17292e-04
-3.23605e+00 1.45053e+00 1.10876e-04
-3.29870e+00 1.50522e+00 1.04831e-04
-3.36150e+00 1.56108e+00 9.91445e-05
-3.42445e+00 1.61810e+00 9.38060e-05
-3.48757e+00 1.67631e+00 8.88041e-05
-3.55086e+00 1.73570e+00 8.41285e-05
-3.61435e+00 1.79630e+00 7.97692e-05
-3.67804e+00 1.85810e+00 7.57167e-05
-3.74194e+00 1.92113e+00 7.19620e-05
-3.80607e+00 1.98539e+00 6.84966e-05
-3.87045e+00 2.05090e+00 6.53124e-05
-3.93507e+00 2.11767e+00 6.24015e-05
-3.99997e+00 2.18570e+00 5.97567e-05
-8.86246e-01 2.29984e-01 8.31743e-04
-9.52968e-01 2.45724e-01 7.97900e-04
-1.01930e+00 2.62698e-01 7.64294e-04
-1.08525e+00 2.80897e-01 7.31192e-04
-1.15085e+00 3.00310e-01 6.98788e-04
-1.21612e+00 3.20930e-01 6.67220e-04
-1.28107e+00 3.42749e-01 6.36582e-04
-1.34573e+00 3.65760e-01 6.06936e-04
-1.41010e+00 3.89955e-01 5.78319e-04
-1.47422e+00 4.15330e-01 5.50748e-04
-1.53809e+00 4.41880e-01 5.24229e-04
-1.60173e+00 4.69598e-01 4.98754e-04
-1.66517e+00 4.98483e-01 4.74309e-04
-1.72841e+00 5.28529e-01 4.50873e-04
-1.79147e+00 5.59735e-01 4.28422e-04
-1.85437e+00 5.92098e-01 4.06930e-04
-1.91712e+00 6.25616e-01 3.86368e-04
-1.97975e+00 6.60288e-01 3.66705e-04
-2.04226e+00 6.96114e-01 3.47912e-04
-2.10467e+00 7.33093e-01 3.29957e-04
-2.16699e+00 7.71226e-01 3.12812e-04
-2.22924e+00 8.10514e-01 2.96447e-04
-2.29144e+00 8.50957e-01 2.80832e-04
-2.35359e+00 8.92559e-01 2.65941e-04
-2.41572e+00 9.35322e-01 2.51745e-04
-2.47783e+00 9.79247e-01 2.38219e-04
-2.53994e+00 1.02434e+00 2.25338e-04
-2.60207e+00 1.07060e+00 2.13078e-04
-2.66423e+00 1.11804e+00 2.01416e-04
-2.72642e+00 1.16666e+00 1.90331e-04
-2.78867e+00 1.21647e+00 1.79800e-04
-2.85099e+00 1.26746e+00 1.69805e-04
-2.91340e+00 1.31966e+00 1.60327e-04
-2.97590e+00 1.37306e+00 1.51346e-04
-3.03851e+00 1.42767e+00 1.42847e-04
-3.10124e+00 1.48350e+00 1.34812e-04
-3.16410e+00 1.54056e+00 1.27226e-04
-3.22712e+00 1.59886e+00 1.20075e-04
-3.29030e+00 1.65841e+00 1.13343e-04
-3.35366e+00 1.71921e+00 1.07019e-04
-3.41721e+00 1.78128e+00 1.01089e-04
-3.48096e+00 1.84463e+00 9.55407e-05
-3.54493e+00 1.90927e+00 9.03632e-05
-3.60913e+00 1.97521e+00 8.55456e-05
-3.67358e+00 2.04246e+00 8.10775e-05
-3.73828e+00 2.11105e+00 7.69491e-05
-3.80326e+00 2.18097e+00 7.31510e-05
-3.86852e+00 2.25225e+00 6.96746e-05
-3.93409e+00 2.32491e+00 6.65114e-05
-3.99997e+00 2.39895e+00 6.36536e-05
-8.70957e-01 2.55977e-01 9.37829e-04
-9.37656e-01 2.73643e-01 8.95340e-04
-1.00395e+00 2.92613e-01 8.54079e-04
-1.06987e+00 3.12877e-01 8.14164e-04
-1.13543e+00 3.34424e-01 7.75662e-04
-1.20065e+00 3.57245e-01 7.38608e-04
-1.26555e+00 3.81330e-01 7.03009e-04
-1.33016e+00 4.06672e-01 6.68854e-04
-1.39449e+00 4.33265e-01 6.36120e-04
-1.45857e+00 4.61100e-01 6.04774e-04
-1.52240e+00 4.90174e-01 5.74778e-04
-1.58602e+00 5.20480e-01 5.46090e-04
-1.64943e+00 5.52015e-01 5.18665e-04
-1.71266e+00 5.84774e-01 4.92457e-04
-1.77572e+00 6.18755e-01 4.67420e-04
-1.83863e+00 6.53956e-01 4.43509e-04
-1.90141e+00 6.90375e-01 4.20678e-04
-1.96408e+00 7.28010e-01 3.98886e-04
-2.02664e+00 7.66861e-01 3.78088e-04
-2.08912e+00 8.06929e-01 3.58245e-04
-2.15153e+00 8.48214e-01 3.39318e-04
-2.21389e+00 8.90717e-01 3.21270e-04
-2.27622e+00 9.34440e-01 3.04064e-04
-2.33852e+00 9.79387e-01 2.87668e-04
-2.40082e+00 1.02556e+00 2.72048e-04
-2.46313e+00 1.07296e+00 2.57175e-04
-2.52546e+00 1.12160e+00 2.43018e-04
-2.58784e+00 1.17147e+00 2.29551e-04
-2.65027e+00 1.22259e+00 2.16747e-04
-2.71276e+00 1.27495e+00 2.04581e-04
-2.77535e+00 1.32858e+00 1.93030e-04
-2.83803e+00 1.38346e+00 1.82071e-04
-2.90082e+00 1.43962e+00 1.71684e-04
-2.96375e+00 1.49706e+00 1.61848e-04
-3.02682e+00 1.55578e+00 1.52545e-04
-3.09004e+00 1.61580e+00 1.43756e-04
-3.15344e+00 1.67713e+00 1.35466e-04
-3.21702e+00 1.73977e+00 1.27657e-04
-3.28080e+00 1.80374e+00 1.20314e-04
-3.34480e+00 1.86905e+00 1.13424e-04
-3.40904e+00 1.93572e+00 1.06972e-04
-3.47351e+00 2.00375e+00 1.00947e-04
-3.53825e+00 2.07315e+00 9.53348e-05
-3.60326e+00 2.14395e+00 9.01254e-05
-3.66856e+00 2.21616e+00 8.53078e-05
-3.73417e+00 2.28979e+00 8.08716e-05
-3.80010e+00 2.36486e+00 7.68073e-05
-3.86637e+00 2.44138e+00 7.31058e-05
-3.93298e+00 2.51937e+00 6.97587e-05
-3.99997e+00 2.59886e+00 6.67578e-05
-8.55169e-01 2.81913e-01 1.04049e-03
-9.21703e-01 3.01539e-01 9.88613e-04
-9.87835e-01 3.22526e-01 9.39193e-04
-1.05359e+00 3.44861e-01 8.92133e-04
-1.11899e+00 3.68532e-01 8.47332e-04
-1.18406e+00 3.93530e-01 8.04687e-04
-1.24882e+00 4.19846e-01 7.64095e-04
-1.31329e+00 4.47470e-01 7.25454e-04
-1.37749e+00 4.76394e-01 6.88666e-04
-1.44145e+00 5.06613e-01 6.53640e-04
-1.50518e+00 5.38121e-01 6.20286e-04
-1.56871e+00 5.70910e-01 5.88519e-04
-1.63205e+00 6.04979e-01 5.58260e-04
-1.69522e+00 6.40322e-01 5.29434e-04
-1.75824e+00 6.76936e-01 5.01970e-04
-1.82113e+00 7.14820e-01 4.75802e-04
-1.88390e+00 7.53971e-01 4.50867e-04
-1.94658e+00 7.94389e-01 4.27106e-04
-2.00918e+00 8.36074e-01 4.04465e-04
-2.07172e+00 8.79026e-01 3.82891e-04
-2.13422e+00 9.23246e-01 3.62336e-04
-2.19669e+00 9.68736e-01 3.42754e-04
-2.25915e+00 1.01550e+00 3.24103e-04
-2.32162e+00 1.06354e+00 3.06342e-04
-2.38411e+00 1.11285e+00 2.89433e-04
-2.44663e+00 1.16346e+00 2.73342e-04
-2.50922e+00 1.21534e+00 2.58034e-04
-2.57187e+00 1.26853e+00 2.43479e-04
-2.63461e+00 1.32301e+00 2.29646e-04
-2.69745e+00 1.37881e+00 2.16509e-04
-2.76041e+00 1.43591e+00 2.04042e-04
-2.82350e+00 1.49434e+00 1.92219e-04
-2.88674e+00 1.55410e+00 1.81019e-04
-2.95015e+00 1.61521e+00 1.70419e-04
-3.01374e+00 1.67766e+00 1.60398e-04
-3.07752e+00 1.74148e+00 1.50939e-04
-3.14152e+00 1.80666e+00 1.42023e-04
-3.20574e+00 1.87324e+00 1.33633e-04
-3.27021e+00 1.94121e+00 1.25753e-04
-3.33493e+00 2.01059e+00 1.18368e-04
-3.39993e+00 2.08140e+00 1.11465e-04
-3.46522e+00 2.15365e+00 1.05031e-04
-3.53082e+00 2.22735e+00 9.90518e-05
-3.59674e+00 2.30252e+00 9.35176e-05
-3.66300e+00 2.37919e+00 8.84171e-05
-3.72961e+00 2.45735e+00 8.37404e-05
-3.79660e+00 2.53704e+00 7.94779e-05
-3.86398e+00 2.61827e+00 7.56211e-05
-3.93176e+00 2.70107e+00 7.21618e-05
-3.99997e+00 2.78544e+00 6.90925e-05
-8.38897e-01 3.07748e-01 1.13947e-03
-9.05120e-01 3.29369e-01 1.07751e-03
-9.70953e-01 3.52391e-01 1.01948e-03
-1.03642e+00 3.76801e-01 9.64990e-04
-1.10154e+00 4.02588e-01 9.13734e-04
-1.16635e+00 4.29740e-01 8.65432e-04
-1.23087e+00 4.58248e-01 8.19846e-04
-1.29511e+00 4.88102e-01 7.76768e-04
-1.35910e+00 5.19294e-01 7.36012e-04
-1.42287e+00 5.51818e-01 6.97416e-04
-1.48643e+00 5.85667e-01 6.60832e-04
-1.54980e+00 6.20836e-01 6.26130e-04
-1.61301e+00 6.57321e-01 5.93189e-04
-1.67607e+00 6.95117e-01 5.61903e-04
-1.73901e+00 7.34221e-01 5.32174e-04
-1.80184e+00 7.74632e-01 5.03911e-04
-1.86458e+00 8.16349e-01 4.77033e-04
-1.92726e+00 8.59370e-01 4.51464e-04
-1.98989e+00 9.03696e-01 4.27137e-04
-2.05248e+00 9.49328e-01 4.03986e-04
-2.11506e+00 9.96268e-01 3.81953e-04
-2.17764e+00 1.04452e+00 3.60984e-04
-2.24024e+00 1.09408e+00 3.41028e-04
-2.30288e+00 1.14496e+00 3.22039e-04
-2.36558e+00 1.19716e+00 3.03973e-04
-2.42834e+00 1.25068e+00 2.86790e-04
-2.49120e+00 1.30554e+00 2.70452e-04
-2.55416e+00 1.36174e+00 2.54925e-04
-2.61725e+00 1.41928e+00 2.40175e-04
-2.68047e+00 1.47818e+00 2.26173e-04
-2.74385e+00 1.53843e+00 2.12889e-04
-2.80741e+00 1.60006e+00 2.00299e-04
-2.87115e+00 1.66307e+00 1.88377e-04
-2.93510e+00 1.72748e+00 1.77099e-04
-2.99927e+00 1.79328e+00 1.66446e-04
-3.06368e+00 1.86051e+00 1.56396e-04
-3.12835e+00 1.92916e+00 1.46931e-04
-3.19328e+00 1.99925e+00 1.38033e-04
-3.25851e+00 2.07079e+00 1.29687e-04
-3.32404e+00 2.14381e+00 1.21878e-04
-3.38989e+00 2.21832e+00 1.14591e-04
-3.45609e+00 2.29432e+00 1.07813e-04
-3.52264e+00 2.37185e+00 1.01533e-04
-3.58956e+00 2.45092e+00 9.57396e-05
-3.65688e+00 2.53154e+00 9.04225e-05
-3.72461e+00 2.61373e+00 8.55726e-05
-3.79276e+00 2.69753e+00 8.11814e-05
-3.86136e+00 2.78294e+00 7.72412e-05
-3.93042e+00 2.86999e+00 7.37451e-05
-3.99997e+00 2.95870e+00 7.06869e-05
-8.22157e-01 3.33436e-01 1.23444e-03
-8.87921e-01 3.57086e-01 1.16177e-03
-9.53315e-01 3.82162e-01 1.09473e-03
-1.01836e+00 4.08653e-01 1.03260e-03
-1.08309e+00 4.36544e-01 9.74790e-04
-1.14753e+00 4.65826e-01 9.20813e-04
-1.21170e+00 4.96487e-01 8.70274e-04
-1.27562e+00 5.28519e-01 8.22840e-04
-1.33931e+00 5.61913e-01 7.78227e-04
-1.40281e+00 5.96663e-01 7.36193e-04
-1.46613e+00 6.32762e-01 6.96526e-04
-1.52929e+00 6.70204e-01 6.59043e-04
-1.59231e+00 7.08987e-01 6.23581e-04
-1.65522e+00 7.49105e-01 5.89999e-04
-1.71804e+00 7.90557e-01 5.58168e-04
-1.78078e+00 8.33340e-01 5.27974e-04
-1.84346e+00 8.77454e-01 4.99315e-04
-1.90611e+00 9.22899e-01 4.72098e-04
-1.96874e+00 9.69675e-01 4.46239e-04
-2.03138e+00 1.01778e+00 4.21663e-04
-2.09403e+00 1.06723e+00 3.98299e-04
-2.15673e+00 1.11801e+00 3.76085e-04
-2.21948e+00 1.17013e+00 3.54962e-04
-2.28230e+00 1.22360e+00 3.34876e-04
-2.34522e+00 1.27842e+00 3.15779e-04
-2.40825e+00 1.33460e+00 2.97626e-04
-2.47141e+00 1.39214e+00 2.80374e-04
-2.53472e+00 1.45105e+00 2.63984e-04
-2.59819e+00 1.51135e+00 2.48423e-04
-2.66184e+00 1.57303e+00 2.33656e-04
-2.72569e+00 1.63611e+00 2.19652e-04
-2.78975e+00 1.70059e+00 2.06385e-04
-2.85405e+00 1.76650e+00 1.93827e-04
-2.91860e+00 1.83384e+00 1.81956e-04
-2.98341e+00 1.90262e+00 1.70747e-04
-3.04852e+00 1.97286e+00 1.60181e-04
-3.11392e+00 2.04458e+00 1.50239e-04
-3.17965e+00 2.11778e+00 1.40904e-04
-3.24571e+00 2.19248e+00 1.32158e-04
-3.31213e+00 2.26870e+00 1.23988e-04
-3.37893e+00 2.34645e+00 1.16380e-04
-3.44611e+00 2.42576e+00 1.09323e-04
-3.51371e+00 2.50665e+00 1.02804e-04
-3.58174e+00 2.58912e+00 9.68147e-05
-3.65021e+00 2.67321e+00 9.13457e-05
-3.71915e+00 2.75893e+00 8.63895e-05
-3.78858e+00 2.84631e+00 8.19394e-05
-3.85851e+00 2.93537e+00 7.79900e-05
-3.92897e+00 3.02614e+00 7.45367e-05
-3.99997e+00 3.11863e+00 7.15759e-05
-8.04968e-01 3.58933e-01 1.32502e-03
-8.70122e-01 3.84645e-01 1.24108e-03
-9.34935e-01 4.11794e-01 1.16474e-03
-9.99436e-01 4.40367e-01 1.09482e-03
-1.06365e+00 4.70352e-01 1.03041e-03
-1.12760e+00 5.01738e-01 9.70795e-04
-1.19132e+00 5.34513e-01 9.15391e-04
-1.25482e+00 5.68670e-01 8.63722e-04
-1.31813e+00 6.04199e-01 8.15395e-04
-1.38128e+00 6.41095e-01 7.70080e-04
-1.44429e+00 6.79350e-01 7.27495e-04
-1.50717e+00 7.18961e-01 6.87401e-04
-1.56996e+00 7.59923e-01 6.49591e-04
-1.63267e+00 8.02233e-01 6.13883e-04
-1.69532e+00 8.45889e-01 5.80120e-04
-1.75793e+00 8.90889e-01 5.48162e-04
-1.82053e+00 9.37233e-01 5.17884e-04
-1.88313e+00 9.84922e-01 4.89177e-04
-1.94575e+00 1.03396e+00 4.61941e-04
-2.00842e+00 1.08434e+00 4.36088e-04
-2.07115e+00 1.13607e+00 4.11537e-04
-2.13396e+00 1.18916e+00 3.88215e-04
-2.19686e+00 1.24361e+00 3.66056e-04
-2.25989e+00 1.29942e+00 3.45000e-04
-2.32305e+00 1.35660e+00 3.24993e-04
-2.38637e+00 1.41515e+00 3.05984e-04
-2.44986e+00 1.47510e+00 2.87927e-04
-2.51354e+00 1.53643e+00 2.70781e-04
-2.57743e+00 1.59917e+00 2.54506e-04
-2.64154e+00 1.66332e+00 2.39068e-04
-2.70591e+00 1.72889e+00 2.24434e-04
-2.77053e+00 1.79590e+00 2.10574e-04
-2.83544e+00 1.86435e+00 1.97461e-04
-2.90065e+00 1.93427e+00 1.85070e-04
-2.96617e+00 2.00565e+00 1.73379e-04
-3.03203e+00 2.07853e+00 1.62366e-04
-3.09825e+00 2.15291e+00 1.52012e-04
-3.16484e+00 2.22881e+00 1.42300e-04
-3.23182e+00 2.30624e+00 1.33216e-04
-3.29921e+00 2.38523e+00 1.24744e-04
-3.36703e+00 2.46580e+00 1.16874e-04
-3.43530e+00 2.54796e+00 1.09594e-04
-3.50404e+00 2.63173e+00 1.02895e-04
-3.57326e+00 2.71713e+00 9.67686e-05
-3.64299e+00 2.80420e+00 9.12096e-05
-3.71325e+00 2.89294e+00 8.62127e-05
-3.78405e+00 2.98340e+00 8.17744e-05
-3.85543e+00 3.07558e+00 7.78927e-05
-3.92739e+00 3.16952e+00 7.45669e-05
-3.99996e+00 3.26524e+00 7.17981e-05
-7.87350e-01 3.84192e-01 1.41075e-03
-8.51739e-01 4.11998e-01 1.31508e-03
-9.15829e-01 4.41238e-01 1.22922e-03
-9.79648e-01 4.71897e-01 1.15145e-03
-1.04322e+00 5.03964e-01 1.08049e-03
-1.10658e+00 5.37427e-01 1.01534e-03
-1.16974e+00 5.72276e-01 9.55211e-04
-1.23273e+00 6.08504e-01 8.99472e-04
-1.29557e+00 6.46101e-01 8.47609e-04
-1.35829e+00 6.85062e-01 7.99198e-04
-1.42092e+00 7.25381e-01 7.53883e-04
-1.48346e+00 7.67054e-01 7.11366e-04
-1.54596e+00 8.10077e-01 6.71392e-04
-1.60841e+00 8.54447e-01 6.33740e-04
-1.67086e+00 9.00164e-01 5.98221e-04
-1.73331e+00 9.47226e-01 5.64668e-04
-1.79579e+00 9.95633e-01 5.32937e-04
-1.85832e+00 1.04539e+00 5.02897e-04
-1.92092e+00 1.09649e+00 4.74436e-04
-1.98361e+00 1.14894e+00 4.47451e-04
-2.04641e+00 1.20275e+00 4.21851e-04
-2.10933e+00 1.25792e+00 3.97554e-04
-2.17240e+00 1.31446e+00 3.74486e-04
-2.23564e+00 1.37236e+00 3.52581e-04
-2.29906e+00 1.43164e+00 3.31778e-04
-2.36268e+00 1.49231e+00 3.12022e-04
-2.42653e+00 1.55437e+00 2.93263e-04
-2.49062e+00 1.61784e+00 2.75457e-04
-2.55496e+00 1.68272e+00 2.58561e-04
-2.61959e+00 1.74902e+00 2.42538e-04
-2.68451e+00 1.81676e+00 2.27355e-04
-2.74975e+00 1.88595e+00 2.12979e-04
-2.81532e+00 1.95660e+00 1.99383e-04
-2.88124e+00 2.02873e+00 1.86541e-04
-2.94754e+00 2.10235e+00 1.74430e-04
-3.01422e+00 2.17748e+00 1.63030e-04
-3.08132e+00 2.25413e+00 1.52321e-04
-3.14885e+00 2.33232e+00 1.42289e-04
-3.21682e+00 2.41207e+00 1.32917e-04
-3.28527e+00 2.49341e+00 1.24196e-04
-3.35420e+00 2.57634e+00 1.16113e-04
-3.42364e+00 2.66089e+00 1.08661e-04
-3.49361e+00 2.74709e+00 1.01833e-04
-3.56413e+00 2.83495e+00 9.56251e-05
-3.63522e+00 2.92450e+00 9.00344e-05
-3.70690e+00 3.01577e+00 8.50605e-05
-3.77919e+00 3.10877e+00 8.07049e-05
-3.85212e+00 3.20355e+00 7.69712e-05
-3.92570e+00 3.30012e+00 7.38654e-05
-3.99996e+00 3.39852e+00 7.13956e-05
-7.69325e-01 4.09166e-01 1.49109e-03
-8.32793e-01 4.39100e-01 1.38337e-03
-8.96015e-01 4.70446e-01 1.28788e-03
-9.59017e-01 5.03194e-01 1.20231e-03
-1.02183e+00 5.37329e-01 1.12491e-03
-1.08447e+00 5.72843e-01 1.05440e-03
-1.14697e+00 6.09726e-01 9.89744e-04
-1.20935e+00 6.47970e-01 9.30147e-04
-1.27164e+00 6.87567e-01 8.74965e-04
-1.33385e+00 7.28513e-01 8.23675e-04
-1.39602e+00 7.70802e-01 7.75843e-04
-1.45816e+00 8.14431e-01 7.31109e-04
-1.52030e+00 8.59396e-01 6.89170e-04
-1.58246e+00 9.05696e-01 6.49765e-04
-1.64466e+00 9.53331e-01 6.12673e-04
-1.70692e+00 1.00230e+00 5.77701e-04
-1.76925e+00 1.05260e+00 5.44682e-04
-1.83169e+00 1.10424e+00 5.13469e-04
-1.89425e+00 1.15723e+00 4.83933e-04
-1.95695e+00 1.21155e+00 4.55959e-04
-2.01981e+00 1.26722e+00 4.29446e-04
-2.08285e+00 1.32425e+00 4.04302e-04
-2.14609e+00 1.38264e+00 3.80446e-04
-2.20955e+00 1.44239e+00 3.57806e-04
-2.27325e+00 1.50351e+00 3.36315e-04
-2.33720e+00 1.56602e+00 3.15913e-04
-2.40143e+00 1.62993e+00 2.96548e-04
-2.46596e+00 1.69523e+00 2.78171e-04
-2.53080e+00 1.76195e+00 2.60738e-04
-2.59597e+00 1.83010e+00 2.44209e-04
-2.66150e+00 1.89968e+00 2.28549e-04
-2.72740e+00 1.97072e+00 2.13725e-04
-2.79369e+00 2.04322e+00 1.99709e-04
-2.86039e+00 2.11721e+00 1.86474e-04
-2.92751e+00 2.19269e+00 1.73998e-04
-2.99509e+00 2.26969e+00 1.62262e-04
-3.06314e+00 2.34822e+00 1.51246e-04
-3.13168e+00 2.42830e+00 1.40937e-04
-3.20073e+00 2.50996e+00 1.31322e-04
-3.27031e+00 2.59321e+00 1.22391e-04
-3.34044e+00 2.67807e+00 1.14137e-04
-3.41114e+00 2.76457e+00 1.06555e-04
-3.48243e+00 2.85272e+00 9.96429e-05
-3.55434e+00 2.94256e+00 9.34007e-05
-3.62689e+00 3.03411e+00 8.78316e-05
-3.70010e+00 3.12740e+00 8.29418e-05
-3.77398e+00 3.22245e+00 7.87406e-05
-3.84857e+00 3.31929e+00 7.52404e-05
-3.92389e+00 3.41795e+00 7.24576e-05
-3.99996e+00 3.51847e+00 7.04125e-05
-7.50919e-01 4.33809e-01 1.56543e-03
-8.13307e-01 4.65901e-01 1.44546e-03
-8.75513e-01 4.99372e-01 1.34038e-03
-9.37561e-01 5.34208e-01 1.24715e-03
-9.99479e-01 5.70399e-01 1.16355e-03
-1.06129e+00 6.07937e-01 1.08792e-03
-1.12302e+00 6.46812e-01 1.01900e-03
-1.18470e+00 6.87017e-01 9.55805e-04
-1.24634e+00 7.28547e-01 8.97563e-04
-1.30797e+00 7.71396e-01 8.43642e-04
-1.36961e+00 8.15561e-01 7.93532e-04
-1.43129e+00 8.61040e-01 7.46808e-04
-1.49302e+00 9.07829e-01 7.03118e-04
-1.55483e+00 9.55929e-01 6.62163e-04
-1.61673e+00 1.00534e+00 6.23688e-04
-1.67876e+00 1.05606e+00 5.87477e-04
-1.74092e+00 1.10809e+00 5.53340e-04
-1.80324e+00 1.16145e+00 5.21112e-04
-1.86575e+00 1.21612e+00 4.90651e-04
-1.92845e+00 1.27211e+00 4.61829e-04
-1.99137e+00 1.32944e+00 4.34534e-04
-2.05453e+00 1.38810e+00 4.08667e-04
-2.11794e+00 1.44810e+00 3.84140e-04
-2.18164e+00 1.50946e+00 3.60873e-04
-2.24563e+00 1.57217e+00 3.38795e-04
-2.30993e+00 1.63626e+00 3.17843e-04
-2.37457e+00 1.70172e+00 2.97959e-04
-2.43957e+00 1.76858e+00 2.79093e-04
-2.50494e+00 1.83684e+00 2.61197e-04
-2.57070e+00 1.90652e+00 2.44232e-04
-2.63688e+00 1.97762e+00 2.28158e-04
-2.70349e+00 2.05017e+00 2.12945e-04
-2.77055e+00 2.12419e+00 1.98561e-04
-2.83808e+00 2.19967e+00 1.84983e-04
-2.90611e+00 2.27665e+00 1.72186e-04
-2.97464e+00 2.35515e+00 1.60152e-04
-3.04372e+00 2.43517e+00 1.48866e-04
-3.11334e+00 2.51674e+00 1.38313e-04
-3.18354e+00 2.59989e+00 1.28486e-04
-3.25433e+00 2.68462e+00 1.19375e-04
-3.32575e+00 2.77098e+00 1.10980e-04
-3.39780e+00 2.85897e+00 1.03298e-04
-3.47051e+00 2.94862e+00 9.63351e-05
-3.54391e+00 3.03997e+00 9.00971e-05
-3.61801e+00 3.13303e+00 8.45960e-05
-3.69285e+00 3.22784e+00 7.98478e-05
-3.76843e+00 3.32441e+00 7.58735e-05
-3.84480e+00 3.42279e+00 7.26998e-05
-3.92197e+00 3.52301e+00 7.03599e-05
-3.99996e+00 3.62509e+00 6.88943e-05
-7.32156e-01 4.58075e-01 1.63308e-03
-7.93305e-01 4.92357e-01 1.50084e-03
-8.54346e-01 5.27965e-01 1.38635e-03
-9.15304e-01 5.64891e-01 1.28574e-03
-9.76203e-01 6.03124e-01 1.19624e-03
-1.03707e+00 6.42657e-01 1.11583e-03
-1.09792e+00 6.83482e-01 1.04297e-03
-1.15879e+00 7.25594e-01 9.76502e-04
-1.21970e+00 7.68988e-01 9.15500e-04
-1.28066e+00 8.13661e-01 8.59232e-04
-1.34170e+00 8.59609e-01 8.07107e-04
-1.40284e+00 9.06830e-01 7.58641e-04
-1.46411e+00 9.55326e-01 7.13430e-04
-1.52552e+00 1.00509e+00 6.71138e-04
-1.58709e+00 1.05614e+00 6.31481e-04
-1.64884e+00 1.10846e+00 5.94216e-04
-1.71080e+00 1.16206e+00 5.59132e-04
-1.77299e+00 1.21694e+00 5.26051e-04
-1.83542e+00 1.27312e+00 4.94813e-04
-1.89811e+00 1.33058e+00 4.65281e-04
-1.96108e+00 1.38935e+00 4.37334e-04
-2.02436e+00 1.44943e+00 4.10864e-04
-2.08796e+00 1.51082e+00 3.85776e-04
-2.15189e+00 1.57353e+00 3.61985e-04
-2.21619e+00 1.63758e+00 3.39415e-04
-2.28087e+00 1.70298e+00 3.18000e-04
-2.34595e+00 1.76973e+00 2.97678e-04
-2.41145e+00 1.83785e+00 2.78395e-04
-2.47738e+00 1.90736e+00 2.60104e-04
-2.54378e+00 1.97825e+00 2.42762e-04
-2.61065e+00 2.05056e+00 2.26330e-04
-2.67802e+00 2.12430e+00 2.10775e-04
-2.74590e+00 2.19947e+00 1.96067e-04
-2.81433e+00 2.27611e+00 1.82180e-04
-2.88331e+00 2.35422e+00 1.69095e-04
-2.95287e+00 2.43383e+00 1.56791e-04
-3.02304e+00 2.51496e+00 1.45257e-04
-3.09382e+00 2.59762e+00 1.34480e-04
-3.16525e+00 2.68184e+00 1.24456e-04
-3.23734e+00 2.76765e+00 1.15181e-04
-3.31013e+00 2.85506e+00 1.06658e-04
-3.38362e+00 2.94409e+00 9.88932e-05
-3.45784e+00 3.03479e+00 9.18983e-05
-3.53282e+00 3.12717e+00 8.56905e-05
-3.60858e+00 3.22125e+00 8.02937e-05
-3.68515e+00 3.31708e+00 7.57388e-05
-3.76254e+00 3.41467e+00 7.20652e-05
-3.84079e+00 3.51407e+00 6.93222e-05
-3.91992e+00 3.61529e+00 6.75709e-05
-3.99996e+00 3.71838e+00 6.68868e-05
-7.13064e-01 4.81919e-01 1.69325e-03
-7.72814e-01 5.18418e-01 1.54892e-03
-8.32540e-01 5.56180e-01 1.42537e-03
-8.92268e-01 5.95195e-01 1.31780e-03
-9.52020e-01 6.35455e-01 1.22283e-03
-1.01182e+00 6.76955e-01 1.13806e-03
-1.07169e+00 7.19689e-01 1.06166e-03
-1.13165e+00 7.63652e-01 9.92290e-04
-1.19173e+00 8.08842e-01 9.28871e-04
-1.25194e+00 8.55256e-01 8.70574e-04
-1.31231e+00 9.02893e-01 8.16726e-04
-1.37285e+00 9.51754e-01 7.66784e-04
-1.43359e+00 1.00184e+00 7.20298e-04
-1.49455e+00 1.05315e+00 6.76896e-04
-1.55574e+00 1.10568e+00 6.36263e-04
-1.61719e+00 1.15945e+00 5.98134e-04
-1.67892e+00 1.21445e+00 5.62280e-04
-1.74094e+00 1.27069e+00 5.28506e-04
-1.80327e+00 1.32818e+00 4.96641e-04
-1.86594e+00 1.38692e+00 4.66537e-04
-1.92896e+00 1.44692e+00 4.38063e-04
-1.99236e+00 1.50819e+00 4.11106e-04
-2.05614e+00 1.57074e+00 3.85563e-04
-2.12033e+00 1.63458e+00 3.61345e-04
-2.18496e+00 1.69971e+00 3.38372e-04
-2.25003e+00 1.76615e+00 3.16574e-04
-2.31557e+00 1.83392e+00 2.95886e-04
-2.38160e+00 1.90302e+00 2.76254e-04
-2.44814e+00 1.97347e+00 2.57625e-04
-2.51520e+00 2.04528e+00 2.39957e-04
-2.58281e+00 2.11847e+00 2.23210e-04
-2.65099e+00 2.19306e+00 2.07351e-04
-2.71976e+00 2.26906e+00 1.92349e-04
-2.78913e+00 2.34649e+00 1.78180e-04
-2.85913e+00 2.42538e+00 1.64823e-04
-2.92979e+00 2.50573e+00 1.52263e-04
-3.00111e+00 2.58757e+00 1.40487e-04
-3.07313e+00 2.67093e+00 1.29489e-04
-3.14587e+00 2.75582e+00 1.19267e-04
-3.21934e+00 2.84227e+00 1.09823e-04
-3.29357e+00 2.93030e+00 1.01166e-04
-3.36859e+00 3.01994e+00 9.33124e-05
-3.44442e+00 3.11121e+00 8.62845e-05
-3.52108e+00 3.20415e+00 8.01137e-05
-3.59860e+00 3.29877e+00 7.48415e-05
-3.67700e+00 3.39512e+00 7.05214e-05
-3.75631e+00 3.49322e+00 6.72221e-05
-3.83655e+00 3.59310e+00 6.50301e-05
-3.91776e+00 3.69480e+00 6.40550e-05
-3.99996e+00 3.79835e+00 6.44355e-05
-6.93674e-01 5.05294e-01 1.74506e-03
-7.51861e-01 5.44040e-01 1.58908e-03
-8.10123e-01 5.83968e-01 1.45701e-03
-8.68481e-01 6.25071e-01 1.34303e-03
-9.26957e-01 6.67343e-01 1.24315e-03
-9.85572e-01 7.10781e-01 1.15452e-03
-1.04435e+00 7.55381e-01 1.07507e-03
-1.10330e+00 8.01140e-01 1.00321e-03
-1.16246e+00 8.48058e-01 9.37767e-04
-1.22184e+00 8.96134e-01 8.77790e-04
-1.28145e+00 9.45367e-01 8.22538e-04
-1.34133e+00 9.95761e-01 7.71409e-04
-1.40149e+00 1.04732e+00 7.23909e-04
-1.46194e+00 1.10004e+00 6.79634e-04
-1.52271e+00 1.15392e+00 6.38241e-04
-1.58381e+00 1.20899e+00 5.99445e-04
-1.64527e+00 1.26523e+00 5.62999e-04
-1.70710e+00 1.32265e+00 5.28695e-04
-1.76933e+00 1.38127e+00 4.96352e-04
-1.83196e+00 1.44109e+00 4.65811e-04
-1.89502e+00 1.50212e+00 4.36934e-04
-1.95853e+00 1.56437e+00 4.09602e-04
-2.02251e+00 1.62784e+00 3.83706e-04
-2.08697e+00 1.69255e+00 3.59154e-04
-2.15193e+00 1.75852e+00 3.35862e-04
-2.21742e+00 1.82575e+00 3.13755e-04
-2.28345e+00 1.89425e+00 2.92768e-04
-2.35004e+00 1.96405e+00 2.72842e-04
-2.41721e+00 2.03515e+00 2.53925e-04
-2.48498e+00 2.10757e+00 2.35973e-04
-2.55338e+00 2.18133e+00 2.18946e-04
-2.62241e+00 2.25645e+00 2.02808e-04
-2.69211e+00 2.33294e+00 1.87530e-04
-2.76249e+00 2.41081e+00 1.73088e-04
-2.83357e+00 2.49010e+00 1.59464e-04
-2.90538e+00 2.57083e+00 1.46641e-04
-2.97794e+00 2.65300e+00 1.34612e-04
-3.05127e+00 2.73665e+00 1.23373e-04
-3.12539e+00 2.82180e+00 1.12926e-04
-3.20032e+00 2.90848e+00 1.03281e-04
-3.27609e+00 2.99670e+00 9.44568e-05
-3.35273e+00 3.08649e+00 8.64787e-05
-3.43025e+00 3.17789e+00 7.93847e-05
-3.50869e+00 3.27091e+00 7.32260e-05
-3.58806e+00 3.36560e+00 6.80702e-05
-3.66840e+00 3.46197e+00 6.40058e-05
-3.74974e+00 3.56006e+00 6.11486e-05
-3.83209e+00 3.65991e+00 5.96495e-05
-3.91548e+00 3.76154e+00 5.97072e-05
-3.99996e+00 3.86499e+00 6.15852e-05
-6.74014e-01 5.28158e-01 1.78756e-03
-7.30478e-01 5.69177e-01 1.62062e-03
-7.87124e-01 6.11283e-01 1.48079e-03
-8.43972e-01 6.54472e-01 1.36114e-03
-9.01042e-01 6.98741e-01 1.25701e-03
-9.58353e-01 7.44088e-01 1.16514e-03
-1.01592e+00 7.90511e-01 1.08316e-03
-1.07377e+00 8.38011e-01 1.00931e-03
-1.13191e+00 8.86589e-01 9.42269e-04
-1.19037e+00 9.36245e-01 8.81000e-04
-1.24916e+00 9.86983e-01 8.24687e-04
-1.30830e+00 1.03880e+00 7.72678e-04
-1.36781e+00 1.09172e+00 7.24441e-04
-1.42771e+00 1.14572e+00 6.79541e-04
-1.48801e+00 1.20082e+00 6.37612e-04
-1.54873e+00 1.25703e+00 5.98350e-04
-1.60989e+00 1.31435e+00 5.61496e-04
-1.67151e+00 1.37278e+00 5.26827e-04
-1.73360e+00 1.43235e+00 4.94154e-04
-1.79618e+00 1.49305e+00 4.63311e-04
-1.85927e+00 1.55490e+00 4.34153e-04
-1.92290e+00 1.61790e+00 4.06556e-04
-1.98707e+00 1.68208e+00 3.80406e-04
-2.05180e+00 1.74743e+00 3.55608e-04
-2.11712e+00 1.81398e+00 3.32074e-04
-2.18304e+00 1.88173e+00 3.09726e-04
-2.24958e+00 1.95071e+00 2.88499e-04
-2.31676e+00 2.02092e+00 2.68330e-04
-2.38460e+00 2.09238e+00 2.49166e-04
-2.45312e+00 2.16511e+00 2.30962e-04
-2.52234e+00 2.23912e+00 2.13676e-04
-2.59229e+00 2.31444e+00 1.97273e-04
-2.66297e+00 2.39108e+00 1.81724e-04
-2.73441e+00 2.46905e+00 1.67004e-04
-2.80663e+00 2.54839e+00 1.53095e-04
-2.87967e+00 2.62911e+00 1.39983e-04
-2.95352e+00 2.71124e+00 1.27663e-04
-3.02823e+00 2.79479e+00 1.16134e-04
-3.10381e+00 2.87979e+00 1.05405e-04
-3.18029e+00 2.96627e+00 9.54905e-05
-3.25768e+00 3.05425e+00 8.64194e-05
-3.33602e+00 3.14375e+00 7.82319e-05
-3.41534e+00 3.23481e+00 7.09848e-05
-3.49565e+00 3.32746e+00 6.47562e-05
-3.57698e+00 3.42171e+00 5.96521e-05
-3.65936e+00 3.51762e+00 5.58158e-05
-3.74282e+00 3.61519e+00 5.34424e-05
-3.82739e+00 3.71448e+00 5.28006e-05
-3.91309e+00 3.81550e+00 5.42665e-05
-3.99996e+00 3.91831e+00 5.83789e-05
-6.54118e-01 5.50467e-01 1.81970e-03
-7.08696e-01 5.93785e-01 1.64283e-03
-7.63576e-01 6.38080e-01 1.49622e-03
-8.18775e-01 6.83352e-01 1.37180e-03
-8.74308e-01 7.29601e-01 1.26422e-03
-9.30193e-01 7.76827e-01 1.16981e-03
-9.86446e-01 8.25031e-01 1.08592e-03
-1.04308e+00 8.74217e-01 1.01062e-03
-1.10012e+00 9.24387e-01 9.42456e-04
-1.15758e+00 9.75544e-01 8.80311e-04
-1.21546e+00 1.02769e+00 8.23307e-04
-1.27380e+00 1.08084e+00 7.70745e-04
-1.33260e+00 1.13499e+00 7.22062e-04
-1.39188e+00 1.19015e+00 6.76796e-04
-1.45167e+00 1.24633e+00 6.34563e-04
-1.51196e+00 1.30353e+00 5.95043e-04
-1.57279e+00 1.36177e+00 5.57965e-04
-1.63416e+00 1.42104e+00 5.23099e-04
-1.69610e+00 1.48137e+00 4.90247e-04
-1.75862e+00 1.54276e+00 4.59236e-04
-1.82173e+00 1.60523e+00 4.29918e-04
-1.88547e+00 1.66878e+00 4.02162e-04
-1.94983e+00 1.73343e+00 3.75855e-04
-2.01485e+00 1.79919e+00 3.50894e-04
-2.08053e+00 1.86607e+00 3.27192e-04
-2.14690e+00 1.93409e+00 3.04668e-04
-2.21398e+00 2.00326e+00 2.83252e-04
-2.28178e+00 2.07361e+00 2.62883e-04
-2.35032e+00 2.14514e+00 2.43505e-04
-2.41963e+00 2.21787e+00 2.25071e-04
-2.48972e+00 2.29182e+00 2.07538e-04
-2.56061e+00 2.36702e+00 1.90870e-04
-2.63233e+00 2.44347e+00 1.75037e-04
-2.70489e+00 2.52120e+00 1.60013e-04
-2.77832e+00 2.60023e+00 1.45780e-04
-2.85264e+00 2.68057e+00 1.32325e-04
-2.92786e+00 2.76227e+00 1.19643e-04
-3.00402e+00 2.84533e+00 1.07736e-04
-3.08114e+00 2.92977e+00 9.66140e-05
-3.15924e+00 3.01564e+00 8.63012e-05
-3.23834e+00 3.10294e+00 7.68337e-05
-3.31848e+00 3.19172e+00 6.82665e-05
-3.39967e+00 3.28199e+00 6.06790e-05
-3.48195e+00 3.37378e+00 5.41838e-05
-3.56534e+00 3.46713e+00 4.89406e-05
-3.64987e+00 3.56206e+00 4.51785e-05
-3.73556e+00 3.65861e+00 4.32310e-05
-3.82246e+00 3.75681e+00 4.35973e-05
-3.91058e+00 3.85669e+00 4.70523e-05
-3.99996e+00 3.95829e+00 5.48577e-05
-6.34018e-01 5.72180e-01 1.84035e-03
-6.86550e-01 6.17820e-01 1.65492e-03
-7.39514e-01 6.64315e-01 1.50278e-03
-7.92922e-01 7.11666e-01 1.37467e-03
-8.46788e-01 7.59878e-01 1.26459e-03
-9.01127e-01 8.08953e-01 1.16843e-03
-9.55951e-01 8.58896e-01 1.08332e-03
-1.01128e+00 9.09712e-01 1.00716e-03
-1.06711e+00 9.61406e-01 9.38394e-04
-1.12348e+00 1.01399e+00 8.75823e-04
-1.18038e+00 1.06746e+00 8.18521e-04
-1.23784e+00 1.12183e+00 7.65752e-04
-1.29587e+00 1.17710e+00 7.16927e-04
-1.35449e+00 1.23329e+00 6.71564e-04
-1.41370e+00 1.29041e+00 6.29266e-04
-1.47353e+00 1.34846e+00 5.89702e-04
-1.53399e+00 1.40745e+00 5.52591e-04
-1.59509e+00 1.46740e+00 5.17697e-04
-1.65685e+00 1.52831e+00 4.84816e-04
-1.71929e+00 1.59020e+00 4.53773e-04
-1.78242e+00 1.65308e+00 4.24415e-04
-1.84626e+00 1.71696e+00 3.96608e-04
-1.91082e+00 1.78186e+00 3.70236e-04
-1.97612e+00 1.84778e+00 3.45194e-04
-2.04218e+00 1.91476e+00 3.21393e-04
-2.10902e+00 1.98279e+00 2.98751e-04
-2.17666e+00 2.05190e+00 2.77195e-04
-2.24510e+00 2.12210e+00 2.56661e-04
-2.31438e+00 2.19341e+00 2.37094e-04
-2.38451e+00 2.26584e+00 2.18441e-04
-2.45551e+00 2.33942e+00 2.00660e-04
-2.52740e+00 2.41417e+00 1.83711e-04
-2.60021e+00 2.49010e+00 1.67562e-04
-2.67394e+00 2.56724e+00 1.52185e-04
-2.74863e+00 2.64560e+00 1.37559e-04
-2.82430e+00 2.72521e+00 1.23668e-04
-2.90096e+00 2.80608e+00 1.10504e-04
-2.97865e+00 2.88826e+00 9.80669e-05
-3.05738e+00 2.97175e+00 8.63668e-05
-3.13718e+00 3.05658e+00 7.54261e-05
-3.21808e+00 3.14279e+00 6.52844e-05
-3.30010e+00 3.23038e+00 5.60042e-05
-3.38326e+00 3.31941e+00 4.76814e-05
-3.46761e+00 3.40988e+00 4.04612e-05
-3.55315e+00 3.50184e+00 3.45657e-05
-3.63993e+00 3.59531e+00 3.03434e-05
-3.72796e+00 3.69032e+00 2.83622e-05
-3.81729e+00 3.78691e+00 2.96019e-05
-3.90795e+00 3.88511e+00 3.58914e-05
-3.99995e+00 3.98495e+00 5.10591e-05
-6.13747e-01 5.93259e-01 1.84831e-03
-6.64074e-01 6.41243e-01 1.65610e-03
-7.14971e-01 6.89945e-01 1.49994e-03
-7.66450e-01 7.39371e-01 1.36943e-03
-8.18520e-01 7.89527e-01 1.25790e-03
-8.71191e-01 8.40420e-01 1.16090e-03
-9.24475e-01 8.92059e-01 1.07533e-03
-9.78382e-01 9.44451e-01 9.98965e-04
-1.03292e+00 9.97603e-01 9.30146e-04
-1.08811e+00 1.05153e+00 8.67627e-04
-1.14395e+00 1.10623e+00 8.10441e-04
-1.20047e+00 1.16172e+00 7.57829e-04
-1.25766e+00 1.21801e+00 7.09179e-04
-1.31555e+00 1.27510e+00 6.64000e-04
-1.37415e+00 1.33302e+00 6.21884e-04
-1.43347e+00 1.39177e+00 5.82493e-04
-1.49352e+00 1.45136e+00 5.45543e-04
-1.55432e+00 1.51181e+00 5.10793e-04
-1.61588e+00 1.57313e+00 4.78038e-04
-1.67822e+00 1.63533e+00 4.47098e-04
-1.74135e+00 1.69842e+00 4.17819e-04
-1.80528e+00 1.76242e+00 3.90067e-04
-1.87004e+00 1.82734e+00 3.63722e-04
-1.93564e+00 1.89321e+00 3.38681e-04
-2.00209e+00 1.96003e+00 3.14848e-04
-2.06941e+00 2.02781e+00 2.92142e-04
-2.13762e+00 2.09659e+00 2.70489e-04
-2.20674e+00 2.16637e+00 2.49821e-04
-2.27679e+00 2.23717e+00 2.30079e-04
-2.34778e+00 2.30901e+00 2.11210e-04
-2.41973e+00 2.38191e+00 1.93165e-04
-2.49266e+00 2.45589e+00 1.75901e-04
-2.56660e+00 2.53096e+00 1.59381e-04
-2.64157e+00 2.60716e+00 1.43569e-04
-2.71758e+00 2.68450e+00 1.28438e-04
-2.79465e+00 2.76300e+00 1.13962e-04
-2.87282e+00 2.84268e+00 1.00122e-04
-2.95211e+00 2.92358e+00 8.69051e-05
-3.03253e+00 3.00571e+00 7.43046e-05
-3.11411e+00 3.08909e+00 6.23234e-05
-3.19689e+00 3.17377e+00 5.09773e-05
-3.28088e+00 3.25975e+00 4.03006e-05
-3.36611e+00 3.34707e+00 3.03567e-05
-3.45261e+00 3.43576e+00 2.12568e-05
-3.54041e+00 3.52584e+00 1.31983e-05
-3.62954e+00 3.61735e+00 6.54612e-06
-3.72002e+00 3.71032e+00 2.03242e-06
-3.81190e+00 3.80477e+00 1.33430e-06
-3.90520e+00 3.90075e+00 9.24762e-06
-3.99995e+00 3.99828e+00 4.70015e-05
-5.93269e-01 6.13737e-01 1.84831e-03
-6.41254e-01 6.64063e-01 1.65610e-03
-6.89957e-01 7.14959e-01 1.49994e-03
-7.39384e-01 7.66437e-01 1.36942e-03
-7.89541e-01 8.18506e-01 1.25789e-03
-8.40436e-01 8.71176e-01 1.16090e-03
-8.92075e-01 9.24459e-01 1.07533e-03
-9.44467e-01 9.78365e-01 9.98959e-04
-9.97621e-01 1.03291e+00 9.30141e-04
-1.05154e+00 1.08809e+00 8.67622e-04
-1.10625e+00 1.14394e+00 8.10437e-04
-1.16174e+00 1.20045e+00 7.57824e-04
-1.21803e+00 1.25765e+00 7.09175e-04
-1.27512e+00 1.31554e+00 6.63996e-04
-1.33304e+00 1.37413e+00 6.21880e-04
-1.39179e+00 1.43345e+00 5.82489e-04
-1.45139e+00 1.49350e+00 5.45539e-04
-1.51183e+00 1.55430e+00 5.10790e-04
-1.57315e+00 1.61586e+00 4.78034e-04
-1.63535e+00 1.67820e+00 4.47094e-04
-1.69844e+00 1.74133e+00 4.17816e-04
-1.76244e+00 1.80526e+00 3.90064e-04
-1.82737e+00 1.87002e+00 3.63719e-04
-1.89323e+00 1.93562e+00 3.38677e-04
-1.96005e+00 2.00207e+00 3.14845e-04
-2.02783e+00 2.06939e+00 2.92139e-04
-2.09661e+00 2.13760e+00 2.70485e-04
-2.16639e+00 2.20672e+00 2.49817e-04
-2.23719e+00 2.27677e+00 2.30075e-04
-2.30903e+00 2.34776e+00 2.11206e-04
-2.38193e+00 2.41971e+00 1.93161e-04
-2.45591e+00 2.49265e+00 1.75897e-04
-2.53098e+00 2.56659e+00 1.59376e-04
-2.60718e+00 2.64155e+00 1.43565e-04
-2.68451e+00 2.71756e+00 1.28433e-04
-2.76301e+00 2.79464e+00 1.13957e-04
-2.84270e+00 2.87281e+00 1.00117e-04
-2.92359e+00 2.95209e+00 8.68992e-05
-3.00572e+00 3.03252e+00 7.42981e-05
-3.08911e+00 3.11410e+00 6.23163e-05
-3.17378e+00 3.19688e+00 5.09694e-05
-3.25976e+00 3.28087e+00 4.02918e-05
-3.34708e+00 3.36610e+00 3.03467e-05
-3.43577e+00 3.45260e+00 2.12454e-05
-3.52585e+00 3.54040e+00 1.31850e-05
-3.61736e+00 3.62953e+00 6.53049e-06
-3.71032e+00 3.72002e+00 2.01382e-06
-3.80478e+00 3.81190e+00 1.31209e-06
-3.90075e+00 3.90520e+00 9.22289e-06
-3.99829e+00 3.99995e+00 4.69995e-05
-5.72191e-01 6.34008e-01 1.84036e-03
-6.17832e-01 6.86539e-01 1.65492e-03
-6.64328e-01 7.39502e-01 1.50278e-03
-7.11680e-01 7.92909e-01 1.37467e-03
-7.59892e-01 8.46775e-01 1.26458e-03
-8.08968e-01 9.01113e-01 1.16843e-03
-8.58912e-01 9.55936e-01 1.08332e-03
-9.09729e-01 1.01126e+00 1.00716e-03
-9.61424e-01 1.06710e+00 9.38391e-04
-1.01400e+00 1.12346e+00 8.75820e-04
-1.06748e+00 1.18036e+00 8.18517e-04
-1.12185e+00 1.23783e+00 7.65749e-04
-1.17712e+00 1.29586e+00 7.16924e-04
-1.23331e+00 1.35447e+00 6.71561e-04
-1.29043e+00 1.41368e+00 6.29263e-04
-1.34848e+00 1.47351e+00 5.89699e-04
-1.40747e+00 1.53397e+00 5.52588e-04
-1.46742e+00 1.59507e+00 5.17694e-04
-1.52833e+00 1.65683e+00 4.84813e-04
-1.59022e+00 1.71927e+00 4.53770e-04
-1.65310e+00 1.78240e+00 4.24412e-04
-1.71698e+00 1.84624e+00 3.96605e-04
-1.78188e+00 1.91080e+00 3.70233e-04
-1.84781e+00 1.97610e+00 3.45191e-04
-1.91478e+00 2.04216e+00 3.21390e-04
-1.98281e+00 2.10900e+00 2.98748e-04
-2.05192e+00 2.17664e+00 2.77192e-04
-2.12212e+00 2.24509e+00 2.56658e-04
-2.19343e+00 2.31436e+00 2.37090e-04
-2.26587e+00 2.38450e+00 2.18438e-04
-2.33945e+00 2.45550e+00 2.00657e-04
-2.41419e+00 2.52739e+00 1.83708e-04
-2.49012e+00 2.60019e+00 1.67558e-04
-2.56726e+00 2.67393e+00 1.52181e-04
-2.64562e+00 2.74862e+00 1.37555e-04
-2.72523e+00 2.82428e+00 1.23663e-04
-2.80610e+00 2.90095e+00 1.10499e-04
-2.88828e+00 2.97863e+00 9.80618e-05
-2.97177e+00 3.05737e+00 8.63614e-05
-3.05660e+00 3.13717e+00 7.54203e-05
-3.14280e+00 3.21807e+00 6.52781e-05
-3.23040e+00 3.30009e+00 5.59975e-05
-3.31942e+00 3.38326e+00 4.76742e-05
-3.40990e+00 3.46760e+00 4.04534e-05
-3.50185e+00 3.55314e+00 3.45573e-05
-3.59532e+00 3.63992e+00 3.03345e-05
-3.69033e+00 3.72796e+00 2.83530e-05
-3.78692e+00 3.81729e+00 2.95929e-05
-3.88512e+00 3.90794e+00 3.58841e-05
-3.98496e+00 3.99995e+00 5.10572e-05
-5.50478e-01 6.54108e-01 1.81972e-03
-5.93797e-01 7.08686e-01 1.64283e-03
-6.38093e-01 7.63565e-01 1.49622e-03
-6.83366e-01 8.18762e-01 1.37180e-03
-7.29616e-01 8.74295e-01 1.26423e-03
-7.76843e-01 9.30179e-01 1.16981e-03
-8.25048e-01 9.86431e-01 1.08592e-03
-8.74235e-01 1.04307e+00 1.01062e-03
-9.24405e-01 1.10010e+00 9.42455e-04
-9.75563e-01 1.15756e+00 8.80309e-04
-1.02771e+00 1.21545e+00 8.23305e-04
-1.08086e+00 1.27378e+00 7.70743e-04
-1.13501e+00 1.33258e+00 7.22060e-04
-1.19017e+00 1.39187e+00 6.76794e-04
-1.24635e+00 1.45165e+00 6.34560e-04
-1.30355e+00 1.51194e+00 5.95041e-04
-1.36179e+00 1.57277e+00 5.57963e-04
-1.42107e+00 1.63414e+00 5.23097e-04
-1.48140e+00 1.69608e+00 4.90244e-04
-1.54279e+00 1.75860e+00 4.59233e-04
-1.60525e+00 1.82171e+00 4.29915e-04
-1.66880e+00 1.88545e+00 4.02160e-04
-1.73345e+00 1.94981e+00 3.75852e-04
-1.79921e+00 2.01483e+00 3.50892e-04
-1.86609e+00 2.08051e+00 3.27189e-04
-1.93411e+00 2.14688e+00 3.04665e-04
-2.00329e+00 2.21396e+00 2.83249e-04
-2.07363e+00 2.28176e+00 2.62880e-04
-2.14516e+00 2.35031e+00 2.43502e-04
-2.21790e+00 2.41961e+00 2.25068e-04
-2.29185e+00 2.48970e+00 2.07535e-04
-2.36704e+00 2.56060e+00 1.90867e-04
-2.44349e+00 2.63232e+00 1.75033e-04
-2.52122e+00 2.70488e+00 1.60009e-04
-2.60025e+00 2.77831e+00 1.45776e-04
-2.68060e+00 2.85262e+00 1.32321e-04
-2.76229e+00 2.92785e+00 1.19639e-04
-2.84535e+00 3.00401e+00 1.07731e-04
-2.92980e+00 3.08113e+00 9.66094e-05
-3.01566e+00 3.15923e+00 8.62963e-05
-3.10297e+00 3.23833e+00 7.68286e-05
-3.19174e+00 3.31847e+00 6.82611e-05
-3.28201e+00 3.39967e+00 6.06734e-05
-3.37380e+00 3.48194e+00 5.41779e-05
-3.46715e+00 3.56533e+00 4.89347e-05
-3.56208e+00 3.64986e+00 4.51725e-05
-3.65863e+00 3.73556e+00 4.32251e-05
-3.75683e+00 3.82245e+00 4.35919e-05
-3.85671e+00 3.91057e+00 4.70481e-05
-3.95831e+00 3.99996e+00 5.48559e-05
-5.28169e-01 6.74005e-01 1.78758e-03
-5.69189e-01 7.30467e-01 1.62064e-03
-6.11296e-01 7.87113e-01 1.48080e-03
-6.54486e-01 8.43960e-01 1.36115e-03
-6.98756e-01 9.01029e-01 1.25702e-03
-7.44104e-01 9.58339e-01 1.16514e-03
-7.90528e-01 1.01591e+00 1.08316e-03
-8.38029e-01 1.07376e+00 1.00931e-03
-8.86607e-01 1.13190e+00 9.42271e-04
-9.36265e-01 1.19036e+00 8.81000e-04
-9.87003e-01 1.24915e+00 8.24687e-04
-1.03883e+00 1.30829e+00 7.72678e-04
-1.09174e+00 1.36780e+00 7.24441e-04
-1.14574e+00 1.42769e+00 6.79540e-04
-1.20084e+00 1.48799e+00 6.37611e-04
-1.25705e+00 1.54871e+00 5.98349e-04
-1.31437e+00 1.60987e+00 5.61494e-04
-1.37281e+00 1.67149e+00 5.26826e-04
-1.43237e+00 1.73358e+00 4.94153e-04
-1.49307e+00 1.79616e+00 4.63309e-04
-1.55492e+00 1.85926e+00 4.34152e-04
-1.61793e+00 1.92288e+00 4.06554e-04
-1.68210e+00 1.98705e+00 3.80404e-04
-1.74746e+00 2.05178e+00 3.55606e-04
-1.81401e+00 2.11710e+00 3.32071e-04
-1.88176e+00 2.18302e+00 3.09724e-04
-1.95074e+00 2.24956e+00 2.88496e-04
-2.02095e+00 2.31674e+00 2.68327e-04
-2.09241e+00 2.38459e+00 2.49164e-04
-2.16514e+00 2.45311e+00 2.30960e-04
-2.23915e+00 2.52233e+00 2.13673e-04
-2.31447e+00 2.59227e+00 1.97270e-04
-2.39110e+00 2.66295e+00 1.81721e-04
-2.46908e+00 2.73440e+00 1.67001e-04
-2.54842e+00 2.80662e+00 1.53091e-04
-2.62914e+00 2.87965e+00 1.39980e-04
-2.71126e+00 2.95351e+00 1.27660e-04
-2.79482e+00 3.02822e+00 1.16131e-04
-2.87982e+00 3.10380e+00 1.05401e-04
-2.96630e+00 3.18028e+00 9.54864e-05
-3.05427e+00 3.25767e+00 8.64152e-05
-3.14378e+00 3.33602e+00 7.82275e-05
-3.23484e+00 3.41533e+00 7.09803e-05
-3.32748e+00 3.49564e+00 6.47516e-05
-3.42174e+00 3.57697e+00 5.96475e-05
-3.51764e+00 3.65936e+00 5.58112e-05
-3.61522e+00 3.74282e+00 5.34381e-05
-3.71450e+00 3.82738e+00 5.27967e-05
-3.81553e+00 3.91309e+00 5.42635e-05
-3.91833e+00 3.99996e+00 5.83773e-05
-5.05305e-01 6.93664e-01 1.74508e-03
-5.44053e-01 7.51851e-01 1.58910e-03
-5.83981e-01 8.10111e-01 1.45702e-03
-6.25085e-01 8.68469e-01 1.34304e-03
-6.67359e-01 9.26944e-01 1.24316e-03
-7.10798e-01 9.85559e-01 1.15453e-03
-7.55398e-01 1.04433e+00 1.07507e-03
-8.01159e-01 1.10329e+00 1.00322e-03
-8.48077e-01 1.16245e+00 9.37770e-04
-8.96153e-01 1.22182e+00 8.77793e-04
-9.45388e-01 1.28144e+00 8.22540e-04
-9.95782e-01 1.34131e+00 7.71410e-04
-1.04734e+00 1.40147e+00 7.23910e-04
-1.10006e+00 1.46192e+00 6.79634e-04
-1.15395e+00 1.52269e+00 6.38242e-04
-1.20901e+00 1.58380e+00 5.99445e-04
-1.26525e+00 1.64526e+00 5.62999e-04
-1.32268e+00 1.70709e+00 5.28695e-04
-1.38130e+00 1.76931e+00 4.96351e-04
-1.44112e+00 1.83194e+00 4.65810e-04
-1.50215e+00 1.89500e+00 4.36933e-04
-1.56439e+00 1.95851e+00 4.09600e-04
-1.62787e+00 2.02249e+00 3.83705e-04
-1.69258e+00 2.08695e+00 3.59153e-04
-1.75855e+00 2.15191e+00 3.35860e-04
-1.82578e+00 2.21740e+00 3.13753e-04
-1.89428e+00 2.28343e+00 2.92766e-04
-1.96408e+00 2.35002e+00 2.72840e-04
-2.03518e+00 2.41719e+00 2.53923e-04
-2.10760e+00 2.48497e+00 2.35971e-04
-2.18136e+00 2.55336e+00 2.18943e-04
-2.25648e+00 2.62240e+00 2.02805e-04
-2.33297e+00 2.69210e+00 1.87527e-04
-2.41084e+00 2.76248e+00 1.73086e-04
-2.49014e+00 2.83356e+00 1.59461e-04
-2.57086e+00 2.90537e+00 1.46638e-04
-2.65303e+00 2.97793e+00 1.34609e-04
-2.73668e+00 3.05126e+00 1.23369e-04
-2.82183e+00 3.12537e+00 1.12922e-04
-2.90851e+00 3.20031e+00 1.03278e-04
-2.99673e+00 3.27608e+00 9.44532e-05
-3.08652e+00 3.35272e+00 8.64750e-05
-3.17792e+00 3.43025e+00 7.93810e-05
-3.27094e+00 3.50868e+00 7.32223e-05
-3.36563e+00 3.58806e+00 6.80665e-05
-3.46200e+00 3.66840e+00 6.40022e-05
-3.56009e+00 3.74973e+00 6.11452e-05
-3.65994e+00 3.83208e+00 5.96465e-05
-3.76157e+00 3.91548e+00 5.97048e-05
-3.86502e+00 3.99996e+00 6.15837e-05
-4.81930e-01 7.13055e-01 1.69327e-03
-5.18431e-01 7.72803e-01 1.54894e-03
-5.56194e-01 8.32529e-01 1.42539e-03
-5.95209e-01 8.92256e-01 1.31781e-03
-6.35471e-01 9.52008e-01 1.22285e-03
-6.76972e-01 1.01181e+00 1.13807e-03
-7.19706e-01 1.07168e+00 1.06167e-03
-7.63671e-01 1.13164e+00 9.92296e-04
-8.08861e-01 1.19172e+00 9.28877e-04
-8.55276e-01 1.25193e+00 8.70578e-04
-9.02914e-01 1.31229e+00 8.16730e-04
-9.51775e-01 1.37284e+00 7.66787e-04
-1.00186e+00 1.43358e+00 7.20301e-04
-1.05317e+00 1.49453e+00 6.76898e-04
-1.10571e+00 1.55573e+00 6.36265e-04
-1.15947e+00 1.61718e+00 5.98135e-04
-1.21448e+00 1.67890e+00 5.62281e-04
-1.27072e+00 1.74092e+00 5.28507e-04
-1.32821e+00 1.80326e+00 4.96641e-04
-1.38695e+00 1.86592e+00 4.66537e-04
-1.44695e+00 1.92895e+00 4.38063e-04
-1.50822e+00 1.99234e+00 4.11105e-04
-1.57077e+00 2.05612e+00 3.85562e-04
-1.63461e+00 2.12032e+00 3.61344e-04
-1.69974e+00 2.18494e+00 3.38371e-04
-1.76618e+00 2.25002e+00 3.16573e-04
-1.83395e+00 2.31556e+00 2.95885e-04
-1.90305e+00 2.38159e+00 2.76252e-04
-1.97350e+00 2.44812e+00 2.57624e-04
-2.04531e+00 2.51519e+00 2.39956e-04
-2.11850e+00 2.58280e+00 2.23209e-04
-2.19309e+00 2.65098e+00 2.07349e-04
-2.26909e+00 2.71974e+00 1.92347e-04
-2.34653e+00 2.78912e+00 1.78178e-04
-2.42541e+00 2.85912e+00 1.64821e-04
-2.50576e+00 2.92978e+00 1.52261e-04
-2.58761e+00 3.00110e+00 1.40485e-04
-2.67096e+00 3.07312e+00 1.29487e-04
-2.75585e+00 3.14586e+00 1.19264e-04
-2.84230e+00 3.21933e+00 1.09820e-04
-2.93033e+00 3.29357e+00 1.01163e-04
-3.01997e+00 3.36859e+00 9.33094e-05
-3.11125e+00 3.44441e+00 8.62815e-05
-3.20418e+00 3.52107e+00 8.01106e-05
-3.29881e+00 3.59859e+00 7.48385e-05
-3.39516e+00 3.67700e+00 7.05186e-05
-3.49326e+00 3.75631e+00 6.72194e-05
-3.59314e+00 3.83655e+00 6.50277e-05
-3.69484e+00 3.91776e+00 6.40530e-05
-3.79839e+00 3.99996e+00 6.44342e-05
-4.58087e-01 7.32147e-01 1.63311e-03
-4.92369e-01 7.93295e-01 1.50086e-03
-5.27979e-01 8.54335e-01 1.38637e-03
-5.64906e-01 9.15292e-01 1.28576e-03
-6.03140e-01 9.76191e-01 1.19626e-03
-6.42674e-01 1.03706e+00 1.11584e-03
-6.83500e-01 1.09791e+00 1.04298e-03
-7.25613e-01 1.15878e+00 9.76511e-04
-7.69008e-01 1.21968e+00 9.15508e-04
-8.13681e-01 1.28064e+00 8.59239e-04
-8.59630e-01 1.34169e+00 8.07113e-04
-9.06853e-01 1.40283e+00 7.58645e-04
-9.55349e-01 1.46409e+00 7.13434e-04
-1.00512e+00 1.52550e+00 6.71142e-04
-1.05616e+00 1.58707e+00 6.31484e-04
-1.10848e+00 1.64883e+00 5.94218e-04
-1.16209e+00 1.71079e+00 5.59135e-04
-1.21697e+00 1.77297e+00 5.26053e-04
-1.27314e+00 1.83540e+00 4.94815e-04
-1.33061e+00 1.89809e+00 4.65283e-04
-1.38938e+00 1.96107e+00 4.37335e-04
-1.44946e+00 2.02434e+00 4.10865e-04
-1.51085e+00 2.08794e+00 3.85776e-04
-1.57356e+00 2.15188e+00 3.61985e-04
-1.63762e+00 2.21618e+00 3.39415e-04
-1.70301e+00 2.28086e+00 3.17999e-04
-1.76976e+00 2.34594e+00 2.97677e-04
-1.83789e+00 2.41143e+00 2.78394e-04
-1.90739e+00 2.47737e+00 2.60103e-04
-1.97829e+00 2.54376e+00 2.42761e-04
-2.05060e+00 2.61063e+00 2.26329e-04
-2.12433e+00 2.67800e+00 2.10773e-04
-2.19951e+00 2.74589e+00 1.96065e-04
-2.27614e+00 2.81432e+00 1.82179e-04
-2.35426e+00 2.88330e+00 1.69093e-04
-2.43387e+00 2.95286e+00 1.56790e-04
-2.51499e+00 3.02303e+00 1.45255e-04
-2.59766e+00 3.09381e+00 1.34478e-04
-2.68188e+00 3.16524e+00 1.24454e-04
-2.76768e+00 3.23734e+00 1.15179e-04
-2.85509e+00 3.31012e+00 1.06656e-04
-2.94413e+00 3.38361e+00 9.88908e-05
-3.03483e+00 3.45783e+00 9.18958e-05
-3.12721e+00 3.53282e+00 8.56881e-05
-3.22129e+00 3.60858e+00 8.02913e-05
-3.31712e+00 3.68514e+00 7.57365e-05
-3.41471e+00 3.76254e+00 7.20631e-05
-3.51411e+00 3.84079e+00 6.93203e-05
-3.61533e+00 3.91992e+00 6.75694e-05
-3.71843e+00 3.99996e+00 6.68857e-05
-4.33821e-01 7.50910e-01 1.56546e-03
-4.65914e-01 8.13298e-01 1.44549e-03
-4.99386e-01 8.75502e-01 1.34041e-03
-5.34223e-01 9.37551e-01 1.24717e-03
-5.70415e-01 9.99468e-01 1.16356e-03
-6.07954e-01 1.06128e+00 1.08793e-03
-6.46830e-01 1.12301e+00 1.01901e-03
-6.87036e-01 1.18469e+00 9.55817e-04
-7.28567e-01 1.24633e+00 8.97573e-04
-7.71417e-01 1.30796e+00 8.43651e-04
-8.15583e-01 1.36960e+00 7.93539e-04
-8.61062e-01 1.43127e+00 7.46815e-04
-9.07853e-01 1.49300e+00 7.03124e-04
-9.55953e-01 1.55481e+00 6.62168e-04
-1.00536e+00 1.61672e+00 6.23693e-04
-1.05609e+00 1.67874e+00 5.87481e-04
-1.10812e+00 1.74091e+00 5.53343e-04
-1.16147e+00 1.80323e+00 5.21115e-04
-1.21615e+00 1.86573e+00 4.90654e-04
-1.27214e+00 1.92843e+00 4.61831e-04
-1.32947e+00 1.99135e+00 4.34536e-04
-1.38813e+00 2.05451e+00 4.08669e-04
-1.44813e+00 2.11793e+00 3.84141e-04
-1.50949e+00 2.18162e+00 3.60874e-04
-1.57221e+00 2.24561e+00 3.38796e-04
-1.63629e+00 2.30992e+00 3.17843e-04
-1.70176e+00 2.37456e+00 2.97960e-04
-1.76862e+00 2.43956e+00 2.79093e-04
-1.83688e+00 2.50493e+00 2.61197e-04
-1.90655e+00 2.57069e+00 2.44231e-04
-1.97766e+00 2.63687e+00 2.28158e-04
-2.05021e+00 2.70347e+00 2.12944e-04
-2.12422e+00 2.77054e+00 1.98560e-04
-2.19971e+00 2.83807e+00 1.84981e-04
-2.27669e+00 2.90610e+00 1.72185e-04
-2.35519e+00 2.97463e+00 1.60151e-04
-2.43521e+00 3.04371e+00 1.48864e-04
-2.51678e+00 3.11333e+00 1.38312e-04
-2.59993e+00 3.18353e+00 1.28484e-04
-2.68467e+00 3.25433e+00 1.19374e-04
-2.77102e+00 3.32574e+00 1.10978e-04
-2.85901e+00 3.39779e+00 1.03297e-04
-2.94867e+00 3.47051e+00 9.63332e-05
-3.04001e+00 3.54390e+00 9.00953e-05
-3.13308e+00 3.61801e+00 8.45942e-05
-3.22788e+00 3.69284e+00 7.98461e-05
-3.32446e+00 3.76843e+00 7.58719e-05
-3.42284e+00 3.84480e+00 7.26984e-05
-3.52306e+00 3.92196e+00 7.03587e-05
-3.62514e+00 3.99996e+00 6.88934e-05
-4.09178e-01 7.69316e-01 1.49112e-03
-4.39113e-01 8.32784e-01 1.38340e-03
-4.70461e-01 8.96005e-01 1.28791e-03
-5.03209e-01 9.59007e-01 1.20233e-03
-5.37346e-01 1.02182e+00 1.12494e-03
-5.72861e-01 1.08446e+00 1.05442e-03
-6.09744e-01 1.14696e+00 9.89759e-04
-6.47989e-01 1.20934e+00 9.30161e-04
-6.87588e-01 1.27162e+00 8.74977e-04
-7.28534e-01 1.33384e+00 8.23685e-04
-7.70824e-01 1.39601e+00 7.75853e-04
-8.14454e-01 1.45815e+00 7.31118e-04
-8.59420e-01 1.52029e+00 6.89178e-04
-9.05721e-01 1.58245e+00 6.49772e-04
-9.53357e-01 1.64465e+00 6.12679e-04
-1.00233e+00 1.70690e+00 5.77707e-04
-1.05263e+00 1.76924e+00 5.44687e-04
-1.10427e+00 1.83168e+00 5.13474e-04
-1.15726e+00 1.89424e+00 4.83937e-04
-1.21158e+00 1.95694e+00 4.55963e-04
-1.26725e+00 2.01980e+00 4.29449e-04
-1.32428e+00 2.08284e+00 4.04305e-04
-1.38267e+00 2.14608e+00 3.80449e-04
-1.44242e+00 2.20954e+00 3.57808e-04
-1.50355e+00 2.27324e+00 3.36316e-04
-1.56606e+00 2.33719e+00 3.15915e-04
-1.62996e+00 2.40142e+00 2.96550e-04
-1.69527e+00 2.46595e+00 2.78172e-04
-1.76199e+00 2.53079e+00 2.60739e-04
-1.83014e+00 2.59596e+00 2.44209e-04
-1.89972e+00 2.66149e+00 2.28549e-04
-1.97076e+00 2.72739e+00 2.13725e-04
-2.04326e+00 2.79367e+00 1.99708e-04
-2.11725e+00 2.86037e+00 1.86474e-04
-2.19273e+00 2.92750e+00 1.73998e-04
-2.26973e+00 2.99508e+00 1.62261e-04
-2.34827e+00 3.06313e+00 1.51245e-04
-2.42835e+00 3.13167e+00 1.40936e-04
-2.51001e+00 3.20072e+00 1.31321e-04
-2.59325e+00 3.27030e+00 1.22390e-04
-2.67812e+00 3.34043e+00 1.14136e-04
-2.76461e+00 3.41113e+00 1.06554e-04
-2.85277e+00 3.48243e+00 9.96416e-05
-2.94261e+00 3.55434e+00 9.33993e-05
-3.03416e+00 3.62689e+00 8.78303e-05
-3.12745e+00 3.70009e+00 8.29406e-05
-3.22250e+00 3.77398e+00 7.87394e-05
-3.31934e+00 3.84857e+00 7.52393e-05
-3.41801e+00 3.92389e+00 7.24567e-05
-3.51852e+00 3.99996e+00 7.04119e-05
-3.84204e-01 7.87341e-01 1.41079e-03
-4.12012e-01 8.51730e-01 1.31512e-03
-4.41252e-01 9.15820e-01 1.22925e-03
-4.71913e-01 9.79638e-01 1.15148e-03
-5.03980e-01 1.04321e+00 1.08051e-03
-5.37444e-01 1.10657e+00 1.01536e-03
-5.72295e-01 1.16973e+00 9.55229e-04
-6.08523e-01 1.23272e+00 8.99488e-04
-6.46121e-01 1.29556e+00 8.47623e-04
-6.85083e-01 1.35828e+00 7.99211e-04
-7.25404e-01 1.42091e+00 7.53895e-04
-7.67077e-01 1.48345e+00 7.11377e-04
-8.10101e-01 1.54594e+00 6.71402e-04
-8.54473e-01 1.60840e+00 6.33749e-04
-9.00190e-01 1.67085e+00 5.98229e-04
-9.47253e-01 1.73330e+00 5.64676e-04
-9.95661e-01 1.79578e+00 5.32943e-04
-1.04542e+00 1.85831e+00 5.02903e-04
-1.09652e+00 1.92091e+00 4.74442e-04
-1.14897e+00 1.98360e+00 4.47456e-04
-1.20279e+00 2.04640e+00 4.21855e-04
-1.25795e+00 2.10932e+00 3.97558e-04
-1.31449e+00 2.17239e+00 3.74490e-04
-1.37239e+00 2.23563e+00 3.52584e-04
-1.43168e+00 2.29905e+00 3.31780e-04
-1.49235e+00 2.36267e+00 3.12024e-04
-1.55441e+00 2.42652e+00 2.93265e-04
-1.61788e+00 2.49060e+00 2.75458e-04
-1.68276e+00 2.55495e+00 2.58562e-04
-1.74906e+00 2.61958e+00 2.42539e-04
-1.81680e+00 2.68450e+00 2.27356e-04
-1.88599e+00 2.74973e+00 2.12980e-04
-1.95665e+00 2.81531e+00 1.99383e-04
-2.02878e+00 2.88123e+00 1.86541e-04
-2.10240e+00 2.94753e+00 1.74430e-04
-2.17752e+00 3.01421e+00 1.63030e-04
-2.25418e+00 3.08131e+00 1.52321e-04
-2.33237e+00 3.14884e+00 1.42288e-04
-2.41212e+00 3.21682e+00 1.32917e-04
-2.49346e+00 3.28526e+00 1.24195e-04
-2.57639e+00 3.35419e+00 1.16112e-04
-2.66095e+00 3.42363e+00 1.08660e-04
-2.74714e+00 3.49360e+00 1.01832e-04
-2.83500e+00 3.56412e+00 9.56243e-05
-2.92456e+00 3.63521e+00 9.00336e-05
-3.01582e+00 3.70689e+00 8.50597e-05
-3.10883e+00 3.77919e+00 8.07042e-05
-3.20361e+00 3.85211e+00 7.69706e-05
-3.30018e+00 3.92570e+00 7.38649e-05
-3.39858e+00 3.99996e+00 7.13952e-05
-3.58945e-01 8.04959e-01 1.32506e-03
-3.84658e-01 8.70113e-01 1.24112e-03
-4.11808e-01 9.34926e-01 1.16477e-03
-4.40383e-01 9.99426e-01 1.09485e-03
-4.70369e-01 1.06364e+00 1.03044e-03
-5.01755e-01 1.12759e+00 9.70818e-04
-5.34532e-01 1.19131e+00 9.15412e-04
-5.68689e-01 1.25481e+00 8.63741e-04
-6.04220e-01 1.31812e+00 8.15412e-04
-6.41116e-01 1.38127e+00 7.70095e-04
-6.79373e-01 1.44428e+00 7.27509e-04
-7.18985e-01 1.50716e+00 6.87414e-04
-7.59948e-01 1.56995e+00 6.49603e-04
-8.02259e-01 1.63266e+00 6.13894e-04
-8.45915e-01 1.69531e+00 5.80130e-04
-8.90917e-01 1.75792e+00 5.48171e-04
-9.37262e-01 1.82052e+00 5.17893e-04
-9.84952e-01 1.88312e+00 4.89185e-04
-1.03399e+00 1.94574e+00 4.61948e-04
-1.08437e+00 2.00841e+00 4.36094e-04
-1.13610e+00 2.07114e+00 4.11542e-04
-1.18919e+00 2.13395e+00 3.88220e-04
-1.24364e+00 2.19685e+00 3.66061e-04
-1.29945e+00 2.25988e+00 3.45004e-04
-1.35663e+00 2.32304e+00 3.24997e-04
-1.41519e+00 2.38636e+00 3.05987e-04
-1.47514e+00 2.44985e+00 2.87930e-04
-1.53647e+00 2.51353e+00 2.70783e-04
-1.59921e+00 2.57742e+00 2.54508e-04
-1.66336e+00 2.64153e+00 2.39070e-04
-1.72894e+00 2.70589e+00 2.24436e-04
-1.79595e+00 2.77052e+00 2.10576e-04
-1.86440e+00 2.83543e+00 1.97462e-04
-1.93431e+00 2.90064e+00 1.85071e-04
-2.00570e+00 2.96616e+00 1.73380e-04
-2.07858e+00 3.03202e+00 1.62366e-04
-2.15296e+00 3.09824e+00 1.52012e-04
-2.22886e+00 3.16483e+00 1.42301e-04
-2.30630e+00 3.23181e+00 1.33216e-04
-2.38529e+00 3.29920e+00 1.24744e-04
-2.46585e+00 3.36702e+00 1.16874e-04
-2.54801e+00 3.43529e+00 1.09594e-04
-2.63179e+00 3.50403e+00 1.02894e-04
-2.71719e+00 3.57325e+00 9.67683e-05
-2.80426e+00 3.64299e+00 9.12093e-05
-2.89301e+00 3.71325e+00 8.62124e-05
-2.98346e+00 3.78405e+00 8.17741e-05
-3.07564e+00 3.85543e+00 7.78924e-05
-3.16958e+00 3.92739e+00 7.45668e-05
-3.26531e+00 3.99996e+00 7.17980e-05
-3.33449e-01 8.22149e-01 1.23449e-03
-3.57099e-01 8.87913e-01 1.16181e-03
-3.82177e-01 9.53306e-01 1.09477e-03
-4.08668e-01 1.01835e+00 1.03264e-03
-4.36561e-01 1.08308e+00 9.74818e-04
-4.65843e-01 1.14752e+00 9.20838e-04
-4.96505e-01 1.21169e+00 8.70297e-04
-5.28538e-01 1.27561e+00 8.22861e-04
-5.61934e-01 1.33930e+00 7.78247e-04
-5.96685e-01 1.40280e+00 7.36211e-04
-6.32784e-01 1.46612e+00 6.96542e-04
-6.70228e-01 1.52928e+00 6.59058e-04
-7.09012e-01 1.59230e+00 6.23595e-04
-7.49131e-01 1.65521e+00 5.90012e-04
-7.90584e-01 1.71803e+00 5.58179e-04
-8.33369e-01 1.78077e+00 5.27985e-04
-8.77484e-01 1.84345e+00 4.99325e-04
-9.22930e-01 1.90610e+00 4.72107e-04
-9.69707e-01 1.96873e+00 4.46248e-04
-1.01782e+00 2.03137e+00 4.21671e-04
-1.06726e+00 2.09402e+00 3.98307e-04
-1.11804e+00 2.15672e+00 3.76092e-04
-1.17017e+00 2.21947e+00 3.54968e-04
-1.22364e+00 2.28229e+00 3.34882e-04
-1.27846e+00 2.34521e+00 3.15785e-04
-1.33464e+00 2.40824e+00 2.97630e-04
-1.39218e+00 2.47140e+00 2.80378e-04
-1.45110e+00 2.53471e+00 2.63988e-04
-1.51139e+00 2.59818e+00 2.48426e-04
-1.57307e+00 2.66183e+00 2.33659e-04
-1.63615e+00 2.72568e+00 2.19655e-04
-1.70064e+00 2.78974e+00 2.06388e-04
-1.76655e+00 2.85404e+00 1.93830e-04
-1.83389e+00 2.91859e+00 1.81958e-04
-1.90268e+00 2.98341e+00 1.70749e-04
-1.97292e+00 3.04851e+00 1.60183e-04
-2.04463e+00 3.11391e+00 1.50240e-04
-2.11783e+00 3.17964e+00 1.40905e-04
-2.19254e+00 3.24571e+00 1.32159e-04
-2.26876e+00 3.31213e+00 1.23989e-04
-2.34651e+00 3.37892e+00 1.16381e-04
-2.42583e+00 3.44611e+00 1.09323e-04
-2.50671e+00 3.51371e+00 1.02804e-04
-2.58919e+00 3.58173e+00 9.68149e-05
-2.67328e+00 3.65021e+00 9.13459e-05
-2.75900e+00 3.71915e+00 8.63896e-05
-2.84638e+00 3.78858e+00 8.19396e-05
-2.93545e+00 3.85851e+00 7.79902e-05
-3.02621e+00 3.92896e+00 7.45369e-05
-3.11871e+00 3.99997e+00 7.15761e-05
-3.07761e-01 8.38889e-01 1.13952e-03
-3.29382e-01 9.05112e-01 1.07755e-03
-3.52405e-01 9.70944e-01 1.01951e-03
-3.76817e-01 1.03641e+00 9.65025e-04
-4.02605e-01 1.10154e+00 9.13765e-04
-4.29758e-01 1.16634e+00 8.65460e-04
-4.58266e-01 1.23086e+00 8.19872e-04
-4.88122e-01 1.29510e+00 7.76791e-04
-5.19315e-01 1.35909e+00 7.36034e-04
-5.51840e-01 1.42286e+00 6.97436e-04
-5.85691e-01 1.48642e+00 6.60851e-04
-6.20861e-01 1.54979e+00 6.26147e-04
-6.57346e-01 1.61300e+00 5.93205e-04
-6.95143e-01 1.67606e+00 5.61918e-04
-7.34249e-01 1.73900e+00 5.32187e-04
-7.74661e-01 1.80183e+00 5.03923e-04
-8.16379e-01 1.86458e+00 4.77044e-04
-8.59402e-01 1.92725e+00 4.51475e-04
-9.03729e-01 1.98988e+00 4.27147e-04
-9.49362e-01 2.05247e+00 4.03995e-04
-9.96303e-01 2.11505e+00 3.81962e-04
-1.04455e+00 2.17763e+00 3.60992e-04
-1.09412e+00 2.24023e+00 3.41036e-04
-1.14500e+00 2.30287e+00 3.22046e-04
-1.19720e+00 2.36557e+00 3.03980e-04
-1.25073e+00 2.42833e+00 2.86796e-04
-1.30558e+00 2.49119e+00 2.70458e-04
-1.36178e+00 2.55415e+00 2.54930e-04
-1.41933e+00 2.61724e+00 2.40179e-04
-1.47822e+00 2.68046e+00 2.26177e-04
-1.53848e+00 2.74385e+00 2.12893e-04
-1.60011e+00 2.80740e+00 2.00302e-04
-1.66313e+00 2.87114e+00 1.88380e-04
-1.72753e+00 2.93509e+00 1.77102e-04
-1.79334e+00 2.99926e+00 1.66448e-04
-1.86056e+00 3.06367e+00 1.56398e-04
-1.92921e+00 3.12834e+00 1.46933e-04
-1.99931e+00 3.19328e+00 1.38035e-04
-2.07086e+00 3.25850e+00 1.29689e-04
-2.14388e+00 3.32403e+00 1.21879e-04
-2.21838e+00 3.38989e+00 1.14592e-04
-2.29439e+00 3.45608e+00 1.07814e-04
-2.37192e+00 3.52264e+00 1.01534e-04
-2.45099e+00 3.58956e+00 9.57404e-05
-2.53161e+00 3.65688e+00 9.04232e-05
-2.61381e+00 3.72461e+00 8.55733e-05
-2.69760e+00 3.79276e+00 8.11820e-05
-2.78302e+00 3.86136e+00 7.72417e-05
-2.87007e+00 3.93042e+00 7.37456e-05
-2.95878e+00 3.99997e+00 7.06876e-05
-2.81926e-01 8.55161e-01 1.04054e-03
-3.01553e-01 9.21695e-01 9.88658e-04
-3.22541e-01 9.87827e-01 9.39233e-04
-3.44876e-01 1.05358e+00 8.92170e-04
-3.68549e-01 1.11898e+00 8.47366e-04
-3.93548e-01 1.18405e+00 8.04719e-04
-4.19864e-01 1.24881e+00 7.64123e-04
-4.47489e-01 1.31328e+00 7.25480e-04
-4.76416e-01 1.37749e+00 6.88691e-04
-5.06636e-01 1.44144e+00 6.53663e-04
-5.38144e-01 1.50518e+00 6.20307e-04
-5.70935e-01 1.56870e+00 5.88538e-04
-6.05005e-01 1.63204e+00 5.58278e-04
-6.40349e-01 1.69521e+00 5.29451e-04
-6.76964e-01 1.75823e+00 5.01986e-04
-7.14849e-01 1.82112e+00 4.75817e-04
-7.54002e-01 1.88389e+00 4.50881e-04
-7.94421e-01 1.94657e+00 4.27119e-04
-8.36107e-01 2.00917e+00 4.04477e-04
-8.79061e-01 2.07171e+00 3.82902e-04
-9.23282e-01 2.13421e+00 3.62346e-04
-9.68774e-01 2.19668e+00 3.42764e-04
-1.01554e+00 2.25914e+00 3.24112e-04
-1.06358e+00 2.32161e+00 3.06350e-04
-1.11290e+00 2.38410e+00 2.89441e-04
-1.16350e+00 2.44663e+00 2.73349e-04
-1.21539e+00 2.50921e+00 2.58041e-04
-1.26858e+00 2.57186e+00 2.43485e-04
-1.32306e+00 2.63460e+00 2.29652e-04
-1.37885e+00 2.69744e+00 2.16515e-04
-1.43596e+00 2.76040e+00 2.04047e-04
-1.49439e+00 2.82349e+00 1.92224e-04
-1.55416e+00 2.88674e+00 1.81023e-04
-1.61526e+00 2.95014e+00 1.70422e-04
-1.67772e+00 3.01373e+00 1.60402e-04
-1.74154e+00 3.07751e+00 1.50942e-04
-1.80673e+00 3.14151e+00 1.42026e-04
-1.87330e+00 3.20573e+00 1.33635e-04
-1.94128e+00 3.27020e+00 1.25755e-04
-2.01066e+00 3.33493e+00 1.18370e-04
-2.08147e+00 3.39993e+00 1.11467e-04
-2.15372e+00 3.46522e+00 1.05032e-04
-2.22742e+00 3.53081e+00 9.90533e-05
-2.30260e+00 3.59674e+00 9.35190e-05
-2.37926e+00 3.66300e+00 8.84184e-05
-2.45743e+00 3.72961e+00 8.37415e-05
-2.53712e+00 3.79660e+00 7.94790e-05
-2.61836e+00 3.86398e+00 7.56221e-05
-2.70115e+00 3.93176e+00 7.21628e-05
-2.78553e+00 3.99997e+00 6.90934e-05
-2.55990e-01 8.70949e-01 9.37880e-04
-2.73657e-01 9.37648e-01 8.95386e-04
-2.92628e-01 1.00394e+00 8.54122e-04
-3.12893e-01 1.06986e+00 8.14203e-04
-3.34441e-01 1.13542e+00 7.75699e-04
-3.57262e-01 1.20064e+00 7.38642e-04
-3.81349e-01 1.26555e+00 7.03040e-04
-4.06692e-01 1.33015e+00 6.68883e-04
-4.33286e-01 1.39449e+00 6.36147e-04
-4.61123e-01 1.45856e+00 6.04799e-04
-4.90197e-01 1.52240e+00 5.74802e-04
-5.20505e-01 1.58601e+00 5.46112e-04
-5.52041e-01 1.64942e+00 5.18685e-04
-5.84802e-01 1.71265e+00 4.92476e-04
-6.18784e-01 1.77571e+00 4.67438e-04
-6.53986e-01 1.83862e+00 4.43526e-04
-6.90406e-01 1.90140e+00 4.20694e-04
-7.28043e-01 1.96407e+00 3.98900e-04
-7.66896e-01 2.02663e+00 3.78102e-04
-8.06965e-01 2.08911e+00 3.58258e-04
-8.48251e-01 2.15152e+00 3.39330e-04
-8.90756e-01 2.21388e+00 3.21281e-04
-9.34481e-01 2.27621e+00 3.04075e-04
-9.79428e-01 2.33851e+00 2.87678e-04
-1.02560e+00 2.40081e+00 2.72057e-04
-1.07301e+00 2.46312e+00 2.57183e-04
-1.12164e+00 2.52546e+00 2.43026e-04
-1.17152e+00 2.58783e+00 2.29558e-04
-1.22264e+00 2.65026e+00 2.16753e-04
-1.27501e+00 2.71276e+00 2.04587e-04
-1.32863e+00 2.77534e+00 1.93036e-04
-1.38352e+00 2.83802e+00 1.82077e-04
-1.43968e+00 2.90082e+00 1.71689e-04
-1.49711e+00 2.96374e+00 1.61853e-04
-1.55584e+00 3.02681e+00 1.52549e-04
-1.61586e+00 3.09003e+00 1.43760e-04
-1.67719e+00 3.15343e+00 1.35469e-04
-1.73984e+00 3.21701e+00 1.27660e-04
-1.80381e+00 3.28080e+00 1.20317e-04
-1.86912e+00 3.34480e+00 1.13426e-04
-1.93579e+00 3.40903e+00 1.06975e-04
-2.00382e+00 3.47351e+00 1.00949e-04
-2.07323e+00 3.53825e+00 9.53369e-05
-2.14403e+00 3.60326e+00 9.01274e-05
-2.21624e+00 3.66856e+00 8.53096e-05
-2.28987e+00 3.73417e+00 8.08733e-05
-2.36494e+00 3.80010e+00 7.68089e-05
-2.44147e+00 3.86636e+00 7.31073e-05
-2.51947e+00 3.93298e+00 6.97601e-05
-2.59895e+00 3.99997e+00 6.67591e-05
-2.29997e-01 8.86239e-01 8.31795e-04
-2.45738e-01 9.52961e-01 7.97949e-04
-2.62713e-01 1.01929e+00 7.64339e-04
-2.80912e-01 1.08524e+00 7.31234e-04
-3.00327e-01 1.15085e+00 6.98827e-04
-3.20948e-01 1.21611e+00 6.67256e-04
-3.42768e-01 1.28106e+00 6.36616e-04
-3.65780e-01 1.34572e+00 6.06967e-04
-3.89977e-01 1.41009e+00 5.78348e-04
-4.15353e-01 1.47421e+00 5.50776e-04
-4.41903e-01 1.53808e+00 5.24255e-04
-4.69624e-01 1.60172e+00 4.98778e-04
-4.98509e-01 1.66516e+00 4.74332e-04
-5.28557e-01 1.72840e+00 4.50894e-04
-5.59764e-01 1.79146e+00 4.28443e-04
-5.92129e-01 1.85436e+00 4.06949e-04
-6.25648e-01 1.91712e+00 3.86386e-04
-6.60322e-01 1.97974e+00 3.66722e-04
-6.96149e-01 2.04225e+00 3.47927e-04
-7.33130e-01 2.10466e+00 3.29972e-04
-7.71264e-01 2.16698e+00 3.12826e-04
-8.10554e-01 2.22923e+00 2.96460e-04
-8.50999e-01 2.29143e+00 2.80844e-04
-8.92602e-01 2.35359e+00 2.65952e-04
-9.35366e-01 2.41571e+00 2.51755e-04
-9.79294e-01 2.47782e+00 2.38229e-04
-1.02439e+00 2.53994e+00 2.25347e-04
-1.07065e+00 2.60206e+00 2.13087e-04
-1.11809e+00 2.66422e+00 2.01425e-04
-1.16672e+00 2.72642e+00 1.90338e-04
-1.21652e+00 2.78867e+00 1.79808e-04
-1.26752e+00 2.85099e+00 1.69812e-04
-1.31972e+00 2.91339e+00 1.60333e-04
-1.37312e+00 2.97589e+00 1.51352e-04
-1.42773e+00 3.03850e+00 1.42852e-04
-1.48357e+00 3.10123e+00 1.34817e-04
-1.54063e+00 3.16410e+00 1.27231e-04
-1.59893e+00 3.22712e+00 1.20079e-04
-1.65848e+00 3.29030e+00 1.13347e-04
-1.71928e+00 3.35366e+00 1.07023e-04
-1.78136e+00 3.41720e+00 1.01092e-04
-1.84471e+00 3.48096e+00 9.55437e-05
-1.90935e+00 3.54493e+00 9.03660e-05
-1.97529e+00 3.60913e+00 8.55482e-05
-2.04255e+00 3.67357e+00 8.10798e-05
-2.11114e+00 3.73828e+00 7.69512e-05
-2.18107e+00 3.80326e+00 7.31531e-05
-2.25235e+00 3.86852e+00 6.96765e-05
-2.32500e+00 3.93409e+00 6.65132e-05
-2.39905e+00 3.99997e+00 6.36553e-05
-2.03988e-01 9.01017e-01 7.22488e-04
-2.17839e-01 9.67624e-01 6.96511e-04
-2.32839e-01 1.03385e+00 6.70011e-04
-2.48979e-01 1.09973e+00 6.43350e-04
-2.66253e-01 1.16526e+00 6.16806e-04
-2.84652e-01 1.23047e+00 5.90588e-04
-3.04170e-01 1.29537e+00 5.64853e-04
-3.24800e-01 1.35998e+00 5.39719e-04
-3.46538e-01 1.42432e+00 5.15267e-04
-3.69378e-01 1.48840e+00 4.91555e-04
-3.93314e-01 1.55224e+00 4.68621e-04
-4.18344e-01 1.61585e+00 4.46488e-04
-4.44464e-01 1.67925e+00 4.25165e-04
-4.71670e-01 1.74246e+00 4.04653e-04
-4.99960e-01 1.80548e+00 3.84948e-04
-5.29332e-01 1.86833e+00 3.66037e-04
-5.59785e-01 1.93104e+00 3.47906e-04
-5.91316e-01 1.99360e+00 3.30537e-04
-6.23925e-01 2.05604e+00 3.13909e-04
-6.57613e-01 2.11837e+00 2.98003e-04
-6.92378e-01 2.18060e+00 2.82795e-04
-7.28223e-01 2.24274e+00 2.68264e-04
-7.65147e-01 2.30482e+00 2.54386e-04
-8.03153e-01 2.36683e+00 2.41141e-04
-8.42241e-01 2.42880e+00 2.28506e-04
-8.82416e-01 2.49074e+00 2.16459e-04
-9.23678e-01 2.55266e+00 2.04979e-04
-9.66032e-01 2.61457e+00 1.94047e-04
-1.00948e+00 2.67649e+00 1.83643e-04
-1.05403e+00 2.73842e+00 1.73748e-04
-1.09968e+00 2.80039e+00 1.64343e-04
-1.14644e+00 2.86240e+00 1.55412e-04
-1.19432e+00 2.92446e+00 1.46937e-04
-1.24331e+00 2.98659e+00 1.38903e-04
-1.29343e+00 3.04881e+00 1.31295e-04
-1.34468e+00 3.11111e+00 1.24097e-04
-1.39707e+00 3.17352e+00 1.17297e-04
-1.45061e+00 3.23605e+00 1.10881e-04
-1.50530e+00 3.29870e+00 1.04835e-04
-1.56116e+00 3.36150e+00 9.91487e-05
-1.61818e+00 3.42445e+00 9.38099e-05
-1.67639e+00 3.48756e+00 8.88078e-05
-1.73579e+00 3.55086e+00 8.41319e-05
-1.79639e+00 3.61435e+00 7.97723e-05
-1.85820e+00 3.67803e+00 7.57196e-05
-1.92123e+00 3.74194e+00 7.19647e-05
-1.98549e+00 3.80607e+00 6.84992e-05
-2.05100e+00 3.87045e+00 6.53148e-05
-2.11777e+00 3.93507e+00 6.24038e-05
-2.18581e+00 3.99997e+00 5.97588e-05
-1.78007e-01 9.15273e-01 6.10104e-04
-1.90002e-01 9.81632e-01 5.91196e-04
-2.03047e-01 1.04764e+00 5.71234e-04
-2.17136e-01 1.11331e+00 5.50622e-04
-2.32262e-01 1.17866e+00 5.29681e-04
-2.48419e-01 1.24371e+00 5.08664e-04
-2.65600e-01 1.30846e+00 4.87768e-04
-2.83802e-01 1.37294e+00 4.67142e-04
-3.03019e-01 1.43716e+00 4.46901e-04
-3.23247e-01 1.50114e+00 4.27132e-04
-3.44482e-01 1.56488e+00 4.07895e-04
-3.66720e-01 1.62840e+00 3.89236e-04
-3.89959e-01 1.69171e+00 3.71183e-04
-4.14196e-01 1.75484e+00 3.53754e-04
-4.39428e-01 1.81778e+00 3.36958e-04
-4.65654e-01 1.88055e+00 3.20796e-04
-4.92873e-01 1.94318e+00 3.05265e-04
-5.21082e-01 2.00566e+00 2.90357e-04
-5.50281e-01 2.06801e+00 2.76062e-04
-5.80471e-01 2.13024e+00 2.62366e-04
-6.11651e-01 2.19238e+00 2.49254e-04
-6.43820e-01 2.25441e+00 2.36712e-04
-6.76981e-01 2.31637e+00 2.24721e-04
-7.11134e-01 2.37826e+00 2.13266e-04
-7.46281e-01 2.44009e+00 2.02329e-04
-7.82423e-01 2.50187e+00 1.91893e-04
-8.19562e-01 2.56362e+00 1.81942e-04
-8.57702e-01 2.62535e+00 1.72459e-04
-8.96844e-01 2.68706e+00 1.63427e-04
-9.36993e-01 2.74877e+00 1.54832e-04
-9.78150e-01 2.81050e+00 1.46658e-04
-1.02032e+00 2.87225e+00 1.38891e-04
-1.06351e+00 2.93402e+00 1.31516e-04
-1.10772e+00 2.99585e+00 1.24520e-04
-1.15296e+00 3.05773e+00 1.17890e-04
-1.19923e+00 3.11967e+00 1.11614e-04
-1.24654e+00 3.18169e+00 1.05679e-04
-1.29489e+00 3.24380e+00 1.00074e-04
-1.34430e+00 3.30601e+00 9.47888e-05
-1.39476e+00 3.36832e+00 8.98121e-05
-1.44628e+00 3.43076e+00 8.51344e-05
-1.49888e+00 3.49333e+00 8.07460e-05
-1.55256e+00 3.55604e+00 7.66380e-05
-1.60732e+00 3.61891e+00 7.28017e-05
-1.66318e+00 3.68194e+00 6.92288e-05
-1.72015e+00 3.74515e+00 6.59116e-05
-1.77823e+00 3.80855e+00 6.28424e-05
-1.83743e+00 3.87214e+00 6.00142e-05
-1.89777e+00 3.93594e+00 5.74202e-05
-1.95925e+00 3.99997e+00 5.50538e-05
-1.52092e-01 9.29000e-01 4.94740e-04
-1.62267e-01 9.94979e-01 4.82085e-04
-1.73380e-01 1.06064e+00 4.68071e-04
-1.85425e-01 1.12599e+00 4.53098e-04
-1.98397e-01 1.19106e+00 4.37493e-04
-2.12292e-01 1.25584e+00 4.21520e-04
-2.27105e-01 1.32036e+00 4.05390e-04
-2.42831e-01 1.38462e+00 3.89269e-04
-2.59468e-01 1.44864e+00 3.73287e-04
-2.77011e-01 1.51244e+00 3.57546e-04
-2.95457e-01 1.57601e+00 3.42123e-04
-3.14804e-01 1.63938e+00 3.27075e-04
-3.35049e-01 1.70256e+00 3.12444e-04
-3.56190e-01 1.76555e+00 2.98259e-04
-3.78225e-01 1.82837e+00 2.84540e-04
-4.01152e-01 1.89103e+00 2.71298e-04
-4.24970e-01 1.95355e+00 2.58539e-04
-4.49679e-01 2.01592e+00 2.46263e-04
-4.75277e-01 2.07817e+00 2.34466e-04
-5.01764e-01 2.14030e+00 2.23144e-04
-5.29140e-01 2.20233e+00 2.12286e-04
-5.57405e-01 2.26426e+00 2.01885e-04
-5.86559e-01 2.32610e+00 1.91928e-04
-6.16605e-01 2.38787e+00 1.82404e-04
-6.47541e-01 2.44958e+00 1.73300e-04
-6.79370e-01 2.51123e+00 1.64605e-04
-7.12094e-01 2.57283e+00 1.56304e-04
-7.45714e-01 2.63440e+00 1.48387e-04
-7.80232e-01 2.69595e+00 1.40841e-04
-8.15651e-01 2.75748e+00 1.33652e-04
-8.51973e-01 2.81901e+00 1.26810e-04
-8.89202e-01 2.88054e+00 1.20303e-04
-9.27340e-01 2.94209e+00 1.14119e-04
-9.66392e-01 3.00366e+00 1.08249e-04
-1.00636e+00 3.06526e+00 1.02681e-04
-1.04725e+00 3.12691e+00 9.74048e-05
-1.08906e+00 3.18861e+00 9.24117e-05
-1.13181e+00 3.25038e+00 8.76922e-05
-1.17549e+00 3.31221e+00 8.32375e-05
-1.22011e+00 3.37413e+00 7.90390e-05
-1.26567e+00 3.43614e+00 7.50886e-05
-1.31219e+00 3.49826e+00 7.13786e-05
-1.35967e+00 3.56048e+00 6.79017e-05
-1.40810e+00 3.62282e+00 6.46508e-05
-1.45751e+00 3.68530e+00 6.16190e-05
-1.50790e+00 3.74791e+00 5.88000e-05
-1.55927e+00 3.81068e+00 5.61876e-05
-1.61163e+00 3.87360e+00 5.37760e-05
-1.66499e+00 3.93670e+00 5.15594e-05
-1.71936e+00 3.99997e+00 4.95327e-05
-1.26282e-01 9.42190e-01 3.76440e-04
-1.34672e-01 1.00766e+00 3.69218e-04
-1.43874e-01 1.07286e+00 3.60558e-04
-1.53885e-01 1.13779e+00 3.50813e-04
-1.64699e-01 1.20246e+00 3.40278e-04
-1.76314e-01 1.26688e+00 3.29198e-04
-1.88727e-01 1.33107e+00 3.17772e-04
-2.01933e-01 1.39503e+00 3.06163e-04
-2.15931e-01 1.45877e+00 2.94501e-04
-2.30718e-01 1.52231e+00 2.82888e-04
-2.46291e-01 1.58566e+00 2.71406e-04
-2.62648e-01 1.64882e+00 2.60118e-04
-2.79787e-01 1.71180e+00 2.49071e-04
-2.97707e-01 1.77462e+00 2.38301e-04
-3.16405e-01 1.83728e+00 2.27834e-04
-3.35882e-01 1.89979e+00 2.17688e-04
-3.56136e-01 1.96216e+00 2.07876e-04
-3.77165e-01 2.02441e+00 1.98403e-04
-3.98970e-01 2.08654e+00 1.89273e-04
-4.21550e-01 2.14855e+00 1.80486e-04
-4.44905e-01 2.21046e+00 1.72040e-04
-4.69035e-01 2.27229e+00 1.63929e-04
-4.93941e-01 2.33402e+00 1.56149e-04
-5.19622e-01 2.39568e+00 1.48693e-04
-5.46079e-01 2.45728e+00 1.41552e-04
-5.73314e-01 2.51881e+00 1.34721e-04
-6.01328e-01 2.58030e+00 1.28189e-04
-6.30121e-01 2.64175e+00 1.21949e-04
-6.59696e-01 2.70316e+00 1.15992e-04
-6.90054e-01 2.76455e+00 1.10310e-04
-7.21197e-01 2.82592e+00 1.04894e-04
-7.53127e-01 2.88729e+00 9.97370e-05
-7.85846e-01 2.94865e+00 9.48303e-05
-8.19357e-01 3.01003e+00 9.01662e-05
-8.53664e-01 3.07142e+00 8.57373e-05
-8.88768e-01 3.13284e+00 8.15363e-05
-9.24673e-01 3.19429e+00 7.75562e-05
-9.61382e-01 3.25578e+00 7.37903e-05
-9.98899e-01 3.31733e+00 7.02320e-05
-1.03723e+00 3.37893e+00 6.68753e-05
-1.07637e+00 3.44060e+00 6.37141e-05
-1.11634e+00 3.50234e+00 6.07427e-05
-1.15713e+00 3.56417e+00 5.79557e-05
-1.19874e+00 3.62609e+00 5.53478e-05
-1.24120e+00 3.68810e+00 5.29141e-05
-1.28449e+00 3.75023e+00 5.06497e-05
-1.32862e+00 3.81247e+00 4.85500e-05
-1.37361e+00 3.87483e+00 4.66107e-05
-1.41945e+00 3.93733e+00 4.48276e-05
-1.46615e+00 3.99997e+00 4.31967e-05
-1.00613e-01 9.54839e-01 2.55203e-04
-1.07254e-01 1.01969e+00 2.52594e-04
-1.14568e-01 1.08430e+00 2.48702e-04
-1.22554e-01 1.14869e+00 2.43786e-04
-1.31207e-01 1.21287e+00 2.38072e-04
-1.40526e-01 1.27683e+00 2.31754e-04
-1.50509e-01 1.34060e+00 2.24994e-04
-1.61152e-01 1.40417e+00 2.17928e-04
-1.72455e-01 1.46756e+00 2.10668e-04
-1.84416e-01 1.53078e+00 2.03304e-04
-1.97032e-01 1.59383e+00 1.95911e-04
-2.10303e-01 1.65672e+00 1.88548e-04
-2.24226e-01 1.71946e+00 1.81261e-04
-2.38801e-01 1.78205e+00 1.74088e-04
-2.54027e-01 1.84451e+00 1.67057e-04
-2.69903e-01 1.90684e+00 1.60189e-04
-2.86428e-01 1.96904e+00 1.53501e-04
-3.03601e-01 2.03113e+00 1.47005e-04
-3.21422e-01 2.09312e+00 1.40709e-04
-3.39892e-01 2.15501e+00 1.34617e-04
-3.59008e-01 2.21680e+00 1.28733e-04
-3.78773e-01 2.27851e+00 1.23058e-04
-3.99185e-01 2.34014e+00 1.17591e-04
-4.20246e-01 2.40171e+00 1.12332e-04
-4.41955e-01 2.46320e+00 1.07276e-04
-4.64313e-01 2.52464e+00 1.02423e-04
-4.87321e-01 2.58603e+00 9.77675e-05
-5.10979e-01 2.64738e+00 9.33063e-05
-5.35289e-01 2.70870e+00 8.90353e-05
-5.60252e-01 2.76998e+00 8.49503e-05
-5.85869e-01 2.83124e+00 8.10469e-05
-6.12142e-01 2.89249e+00 7.73208e-05
-6.39071e-01 2.95372e+00 7.37676e-05
-6.66660e-01 3.01496e+00 7.03831e-05
-6.94908e-01 3.07620e+00 6.71630e-05
-7.23820e-01 3.13745e+00 6.41031e-05
-7.53396e-01 3.19872e+00 6.11996e-05
-7.83639e-01 3.26002e+00 5.84483e-05
-8.14552e-01 3.32135e+00 5.58456e-05
-8.46137e-01 3.38271e+00 5.33877e-05
-8.78396e-01 3.44412e+00 5.10711e-05
-9.11332e-01 3.50559e+00 4.88924e-05
-9.44950e-01 3.56711e+00 4.68483e-05
-9.79250e-01 3.62870e+00 4.49356e-05
-1.01424e+00 3.69036e+00 4.31513e-05
-1.04992e+00 3.75209e+00 4.14924e-05
-1.08629e+00 3.81392e+00 3.99561e-05
-1.12336e+00 3.87583e+00 3.85397e-05
-1.16113e+00 3.93785e+00 3.72407e-05
-1.19960e+00 3.99997e+00 3.60565e-05
-7.51198e-02 9.66944e-01 1.30979e-04
-8.00471e-02 1.03105e+00 1.32177e-04
-8.54971e-02 1.09497e+00 1.32484e-04
-9.14680e-02 1.15872e+00 1.32024e-04
-9.79582e-02 1.22230e+00 1.30914e-04
-1.04966e-01 1.28572e+00 1.29262e-04
-1.12491e-01 1.34897e+00 1.27165e-04
-1.20531e-01 1.41208e+00 1.24708e-04
-1.29084e-01 1.47504e+00 1.21966e-04
-1.38151e-01 1.53786e+00 1.19002e-04
-1.47729e-01 1.60055e+00 1.15872e-04
-1.57819e-01 1.66311e+00 1.12621e-04
-1.68418e-01 1.72555e+00 1.09288e-04
-1.79527e-01 1.78787e+00 1.05907e-04
-1.91145e-01 1.85009e+00 1.02505e-04
-2.03271e-01 1.91219e+00 9.91028e-05
-2.15905e-01 1.97420e+00 9.57204e-05
-2.29046e-01 2.03612e+00 9.23729e-05
-2.42694e-01 2.09794e+00 8.90728e-05
-2.56849e-01 2.15969e+00 8.58302e-05
-2.71511e-01 2.22135e+00 8.26535e-05
-2.86680e-01 2.28295e+00 7.95492e-05
-3.02355e-01 2.34448e+00 7.65225e-05
-3.18538e-01 2.40595e+00 7.35778e-05
-3.35228e-01 2.46736e+00 7.07181e-05
-3.52425e-01 2.52872e+00 6.79459e-05
-3.70130e-01 2.59004e+00 6.52629e-05
-3.88343e-01 2.65132e+00 6.26705e-05
-4.07066e-01 2.71257e+00 6.01694e-05
-4.26298e-01 2.77378e+00 5.77601e-05
-4.46041e-01 2.83497e+00 5.54428e-05
-4.66295e-01 2.89615e+00 5.32173e-05
-4.87060e-01 2.95731e+00 5.10835e-05
-5.08340e-01 3.01846e+00 4.90408e-05
-5.30133e-01 3.07961e+00 4.70887e-05
-5.52441e-01 3.14076e+00 4.52267e-05
-5.75267e-01 3.20191e+00 4.34538e-05
-5.98610e-01 3.26308e+00 4.17694e-05
-6.22473e-01 3.32427e+00 4.01726e-05
-6.46856e-01 3.38548e+00 3.86625e-05
-6.71762e-01 3.44672e+00 3.72382e-05
-6.97192e-01 3.50799e+00 3.58989e-05
-7.23148e-01 3.56930e+00 3.46436e-05
-7.49632e-01 3.63066e+00 3.34714e-05
-7.76646e-01 3.69206e+00 3.23813e-05
-8.04191e-01 3.75351e+00 3.13725e-05
-8.32270e-01 3.81503e+00 3.04441e-05
-8.60886e-01 3.87660e+00 2.95952e-05
-8.90040e-01 3.93825e+00 2.88249e-05
-9.19734e-01 3.99997e+00 2.81324e-05
-4.98352e-02 9.78505e-01 3.67151e-06
-5.30847e-02 1.04176e+00 7.89031e-06
-5.66938e-02 1.10488e+00 1.18609e-05
-6.06619e-02 1.16789e+00 1.55253e-05
-6.49881e-02 1.23077e+00 1.88498e-05
-6.96717e-02 1.29355e+00 2.18193e-05
-7.47121e-02 1.35621e+00 2.44326e-05
-8.01087e-02 1.41877e+00 2.66991e-05
-8.58609e-02 1.48122e+00 2.86347e-05
-9.19682e-02 1.54358e+00 3.02600e-05
-9.84300e-02 1.60584e+00 3.15980e-05
-1.05246e-01 1.66802e+00 3.26726e-05
-1.12416e-01 1.73010e+00 3.35082e-05
-1.19939e-01 1.79211e+00 3.41281e-05
-1.27815e-01 1.85403e+00 3.45551e-05
-1.36045e-01 1.91588e+00 3.48103e-05
-1.44626e-01 1.97766e+00 3.49135e-05
-1.53560e-01 2.03937e+00 3.48832e-05
-1.62847e-01 2.10102e+00 3.47360e-05
-1.72485e-01 2.16261e+00 3.44875e-05
-1.82476e-01 2.22414e+00 3.41518e-05
-1.92819e-01 2.28562e+00 3.37415e-05
-2.03514e-01 2.34704e+00 3.32682e-05
-2.14561e-01 2.40843e+00 3.27426e-05
-2.25960e-01 2.46977e+00 3.21740e-05
-2.37711e-01 2.53107e+00 3.15712e-05
-2.49816e-01 2.59234e+00 3.09418e-05
-2.62273e-01 2.65357e+00 3.02930e-05
-2.75083e-01 2.71478e+00 2.96311e-05
-2.88246e-01 2.77596e+00 2.89618e-05
-3.01763e-01 2.83712e+00 2.82904e-05
-3.15634e-01 2.89827e+00 2.76217e-05
-3.29860e-01 2.95940e+00 2.69598e-05
-3.44441e-01 3.02052e+00 2.63087e-05
-3.59377e-01 3.08164e+00 2.56720e-05
-3.74669e-01 3.14275e+00 2.50527e-05
-3.90317e-01 3.20387e+00 2.44537e-05
-4.06323e-01 3.26498e+00 2.38779e-05
-4.22687e-01 3.32611e+00 2.33274e-05
-4.39409e-01 3.38724e+00 2.28045e-05
-4.56491e-01 3.44839e+00 2.23113e-05
-4.73932e-01 3.50956e+00 2.18494e-05
-4.91735e-01 3.57075e+00 2.14206e-05
-5.09899e-01 3.63196e+00 2.10263e-05
-5.28426e-01 3.69321e+00 2.06679e-05
-5.47317e-01 3.75448e+00 2.03466e-05
-5.66572e-01 3.81579e+00 2.00637e-05
-5.86193e-01 3.87714e+00 1.98201e-05
-6.06181e-01 3.93853e+00 1.96167e-05
-6.26537e-01 3.99997e+00 1.94545e-05
-2.47897e-02 9.89521e-01 -1.26862e-04
-2.63970e-02 1.05181e+00 -1.20380e-04
-2.81897e-02 1.11403e+00 -1.13236e-04
-3.01674e-02 1.17620e+00 -1.05720e-04
-3.23301e-02 1.23830e+00 -9.80649e-05
-3.46775e-02 1.30034e+00 -9.04512e-05
-3.72095e-02 1.36232e+00 -8.30138e-05
-3.99259e-02 1.42425e+00 -7.58489e-05
-4.28266e-02 1.48613e+00 -6.90219e-05
-4.59113e-02 1.54795e+00 -6.25732e-05
-4.91801e-02 1.60973e+00 -5.65244e-05
-5.26327e-02 1.67146e+00 -5.08830e-05
-5.62691e-02 1.73314e+00 -4.56458e-05
-6.00891e-02 1.79478e+00 -4.08026e-05
-6.40927e-02 1.85637e+00 -3.63378e-05
-6.82798e-02 1.91793e+00 -3.22328e-05
-7.26504e-02 1.97945e+00 -2.84670e-05
-7.72043e-02 2.04093e+00 -2.50188e-05
-8.19416e-02 2.10238e+00 -2.18665e-05
-8.68622e-02 2.16379e+00 -1.89886e-05
-9.19661e-02 2.22517e+00 -1.63641e-05
-9.72533e-02 2.28653e+00 -1.39731e-05
-1.02724e-01 2.34785e+00 -1.17965e-05
-1.08378e-01 2.40915e+00 -9.81639e-06
-1.14215e-01 2.47043e+00 -8.01586e-06
-1.20235e-01 2.53169e+00 -6.37913e-06
-1.26439e-01 2.59292e+00 -4.89150e-06
-1.32826e-01 2.65414e+00 -3.53929e-06
-1.39397e-01 2.71534e+00 -2.30980e-06
-1.46152e-01 2.77653e+00 -1.19124e-06
-1.53090e-01 2.83770e+00 -1.72712e-07
-1.60212e-01 2.89887e+00 7.55894e-07
-1.67518e-01 2.96002e+00 1.60392e-06
-1.75008e-01 3.02117e+00 2.38003e-06
-1.82682e-01 3.08231e+00 3.09221e-06
-1.90540e-01 3.14344e+00 3.74788e-06
-1.98583e-01 3.20458e+00 4.35390e-06
-2.06810e-01 3.26571e+00 4.91661e-06
-2.15222e-01 3.32685e+00 5.44189e-06
-2.23819e-01 3.38799e+00 5.93520e-06
-2.32602e-01 3.44914e+00 6.40160e-06
-2.41569e-01 3.51029e+00 6.84577e-06
-2.50723e-01 3.57145e+00 7.27207e-06
-2.60062e-01 3.63262e+00 7.68455e-06
-2.69587e-01 3.69380e+00 8.08697e-06
-2.79298e-01 3.75500e+00 8.48281e-06
-2.89196e-01 3.81622e+00 8.87535e-06
-2.99281e-01 3.87745e+00 9.26762e-06
-3.09553e-01 3.93870e+00 9.66243e-06
-3.20012e-01 3.99997e+00 1.00624e-05
-1.20711e-05 9.99995e-01 -2.60813e-04
-1.28496e-05 1.06122e+00 -2.52786e-04
-1.37214e-05 1.12244e+00 -2.42897e-04
-1.46866e-05 1.18367e+00 -2.31725e-04
-1.57451e-05 1.24489e+00 -2.19758e-04
-1.68969e-05 1.30612e+00 -2.07392e-04
-1.81422e-05 1.36734e+00 -1.94936e-04
-1.94807e-05 1.42857e+00 -1.82626e-04
-2.09127e-05 1.48979e+00 -1.70632e-04
-2.24379e-05 1.55101e+00 -1.59075e-04
-2.40565e-05 1.61224e+00 -1.48033e-04
-2.57685e-05 1.67346e+00 -1.37555e-04
-2.75738e-05 1.73469e+00 -1.27663e-04
-2.94725e-05 1.79591e+00 -1.18363e-04
-3.14645e-05 1.85713e+00 -1.09649e-04
-3.35499e-05 1.91836e+00 -1.01504e-04
-3.57286e-05 1.97958e+00 -9.39062e-05
-3.80007e-05 2.04081e+00 -8.68295e-05
-4.03661e-05 2.10203e+00 -8.02458e-05
-4.28249e-05 2.16325e+00 -7.41258e-05
-4.53770e-05 2.22448e+00 -6.84402e-05
-4.80225e-05 2.28570e+00 -6.31601e-05
-5.07613e-05 2.34693e+00 -5.82574e-05
-5.35934e-05 2.40815e+00 -5.37053e-05
-5.65190e-05 2.46937e+00 -4.94782e-05
-5.95378e-05 2.53060e+00 -4.55520e-05
-6.26501e-05 2.59182e+00 -4.19039e-05
-6.58556e-05 2.65305e+00 -3.85126e-05
-6.91545e-05 2.71427e+00 -3.53582e-05
-7.25468e-05 2.77549e+00 -3.24222e-05
-7.60324e-05 2.83672e+00 -2.96873e-05
-7.96114e-05 2.89794e+00 -2.71373e-05
-8.32837e-05 2.95916e+00 -2.47574e-05
-8.70494e-05 3.02039e+00 -2.25337e-05
-9.09084e-05 3.08161e+00 -2.04533e-05
-9.48608e-05 3.14284e+00 -1.85042e-05
-9.89065e-05 3.20406e+00 -1.66754e-05
-1.03046e-04 3.26528e+00 -1.49564e-05
-1.07278e-04 3.32651e+00 -1.33378e-05
-1.11604e-04 3.38773e+00 -1.18105e-05
-1.16023e-04 3.44896e+00 -1.03664e-05
-1.20535e-04 3.51018e+00 -8.99766e-06
-1.25141e-04 3.57140e+00 -7.69716e-06
-1.29840e-04 3.63263e+00 -6.45820e-06
-1.34633e-04 3.69385e+00 -5.27455e-06
-1.39519e-04 3.75507e+00 -4.14040e-06
-1.44498e-04 3.81630e+00 -3.05031e-06
-1.49571e-04 3.87752e+00 -1.99922e-06
-1.54737e-04 3.93875e+00 -9.82393e-07
-1.59996e-04 3.99997e+00 4.60546e-09
