-1.00000e+00 0.00000e+00 -5.90647e-05
-1.06122e+00 0.00000e+00 -6.52570e-05
-1.12245e+00 0.00000e+00 -6.93023e-05
-1.18367e+00 0.00000e+00 -7.15624e-05
-1.24490e+00 0.00000e+00 -7.23792e-05
-1.30612e+00 0.00000e+00 -7.20625e-05
-1.36734e+00 0.00000e+00 -7.08822e-05
-1.42857e+00 0.00000e+00 -6.90671e-05
-1.48979e+00 0.00000e+00 -6.68063e-05
-1.55101e+00 0.00000e+00 -6.42519e-05
-1.61224e+00 0.00000e+00 -6.15243e-05
-1.67346e+00 0.00000e+00 -5.87162e-05
-1.73469e+00 0.00000e+00 -5.58975e-05
-1.79591e+00 0.00000e+00 -5.31193e-05
-1.85713e+00 0.00000e+00 -5.04176e-05
-1.91836e+00 0.00000e+00 -4.78165e-05
-1.97958e+00 0.00000e+00 -4.53307e-05
-2.04081e+00 0.00000e+00 -4.29676e-05
-2.10203e+00 0.00000e+00 -4.07290e-05
-2.16325e+00 0.00000e+00 -3.86129e-05
-2.22448e+00 0.00000e+00 -3.66141e-05
-2.28570e+00 0.00000e+00 -3.47250e-05
-2.34693e+00 0.00000e+00 -3.29369e-05
-2.40815e+00 0.00000e+00 -3.12398e-05
-2.46937e+00 0.00000e+00 -2.96234e-05
-2.53060e+00 0.00000e+00 -2.37824e-05
-2.59182e+00 0.00000e+00 -2.42498e-05
-2.65304e+00 0.00000e+00 -2.44136e-05
-2.71427e+00 0.00000e+00 -2.43177e-05
-2.77549e+00 0.00000e+00 -2.39996e-05
-2.83672e+00 0.00000e+00 -2.34919e-05
-2.89794e+00 0.00000e+00 -2.28226e-05
-2.95916e+00 0.00000e+00 -2.20160e-05
-3.02039e+00 0.00000e+00 -2.10930e-05
-3.08161e+00 0.00000e+00 -2.00717e-05
-3.14284e+00 0.00000e+00 -1.89678e-05
-3.20406e+00 0.00000e+00 -1.77950e-05
-3.26528e+00 0.00000e+00 -1.65650e-05
-3.32651e+00 0.00000e+00 -1.52880e-05
-3.38773e+00 0.00000e+00 -1.39729e-05
-3.44896e+00 0.00000e+00 -1.26275e-05
-3.51018e+00 0.00000e+00 -1.12583e-05
-3.57140e+00 0.00000e+00 -9.87106e-06
-3.63263e+00 0.00000e+00 -8.47087e-06
-3.69385e+00 0.00000e+00 -7.06199e-06
-3.75507e+00 0.00000e+00 -5.64815e-06
-3.81630e+00 0.00000e+00 -4.23255e-06
-3.87752e+00 0.00000e+00 -2.81792e-06
-3.93875e+00 0.00000e+00 -1.40663e-06
-3.99997e+00 0.00000e+00 -6.87321e-10
-9.88670e-01 2.68222e-02 1.41477e-04
-1.05062e+00 2.82927e-02 1.23413e-04
-1.11253e+00 2.99488e-02 1.06873e-04
-1.17438e+00 3.17903e-02 9.18103e-05
-1.23619e+00 3.38170e-02 7.81485e-05
-1.29796e+00 3.60288e-02 6.57904e-05
-1.35968e+00 3.84254e-02 5.46296e-05
-1.42137e+00 4.10068e-02 4.45566e-05
-1.48301e+00 4.37726e-02 3.54646e-05
-1.54462e+00 4.67228e-02 2.72525e-05
-1.60620e+00 4.98573e-02 1.98270e-05
-1.66774e+00 5.31759e-02 1.31035e-05
-1.72925e+00 5.66786e-02 7.00643e-06
-1.79073e+00 6.03651e-02 1.46904e-06
-1.85219e+00 6.42355e-02 -3.56724e-06
-1.91362e+00 6.82896e-02 -8.15341e-06
-1.97503e+00 7.25275e-02 -1.23336e-05
-2.03641e+00 7.69489e-02 -1.61460e-05
-2.09778e+00 8.15540e-02 -1.96234e-05
-2.15912e+00 8.63426e-02 -2.27937e-05
-2.22045e+00 9.13147e-02 -2.56812e-05
-2.28177e+00 9.64703e-02 -2.83063e-05
-2.34307e+00 1.01809e-01 -3.06867e-05
-2.40437e+00 1.07332e-01 -3.28373e-05
-2.46565e+00 1.13038e-01 -3.47709e-05
-2.52711e+00 1.19040e-01 1.61062e-07
-2.58872e+00 1.25334e-01 -1.12820e-06
-2.65030e+00 1.31807e-01 -2.15245e-06
-2.71184e+00 1.38460e-01 -2.94558e-06
-2.77335e+00 1.45292e-01 -3.53704e-06
-2.83484e+00 1.52304e-01 -3.95247e-06
-2.89629e+00 1.59496e-01 -4.21425e-06
-2.95773e+00 1.66867e-01 -4.34187e-06
-3.01914e+00 1.74419e-01 -4.35241e-06
-3.08052e+00 1.82150e-01 -4.26079e-06
-3.14189e+00 1.90062e-01 -4.08008e-06
-3.20324e+00 1.98154e-01 -3.82175e-06
-3.26457e+00 2.06427e-01 -3.49585e-06
-3.32589e+00 2.14880e-01 -3.11122e-06
-3.38720e+00 2.23515e-01 -2.67563e-06
-3.44849e+00 2.32330e-01 -2.19589e-06
-3.50978e+00 2.41327e-01 -1.67801e-06
-3.57106e+00 2.50506e-01 -1.12727e-06
-3.63234e+00 2.59866e-01 -5.48318e-07
-3.69361e+00 2.69408e-01 5.47524e-08
-3.75488e+00 2.79133e-01 6.78345e-07
-3.81614e+00 2.89040e-01 1.31929e-06
-3.87742e+00 2.99129e-01 1.97481e-06
-3.93869e+00 3.09402e-01 2.64246e-06
-3.99997e+00 3.19858e-01 3.32008e-06
-9.76839e-01 5.37697e-02 3.28942e-04
-1.03943e+00 5.67435e-02 2.99119e-04
-1.10192e+00 6.00782e-02 2.70601e-04
-1.16433e+00 6.37728e-02 2.43550e-04
-1.22664e+00 6.78267e-02 2.18058e-04
-1.28887e+00 7.22390e-02 1.94161e-04
-1.35103e+00 7.70092e-02 1.71851e-04
-1.41310e+00 8.21365e-02 1.51088e-04
-1.47511e+00 8.76205e-02 1.31811e-04
-1.53704e+00 9.34605e-02 1.13946e-04
-1.59891e+00 9.96562e-02 9.74088e-05
-1.66072e+00 1.06207e-01 8.21151e-05
-1.72248e+00 1.13112e-01 6.79794e-05
-1.78418e+00 1.20372e-01 5.49190e-05
-1.84583e+00 1.27986e-01 4.28550e-05
-1.90743e+00 1.35953e-01 3.17137e-05
-1.96899e+00 1.44274e-01 2.14263e-05
-2.03052e+00 1.52948e-01 1.19294e-05
-2.09201e+00 1.61976e-01 3.16533e-06
-2.15346e+00 1.71356e-01 -4.91886e-06
-2.21489e+00 1.81089e-01 -1.23711e-05
-2.27630e+00 1.91175e-01 -1.92347e-05
-2.33768e+00 2.01614e-01 -2.55491e-05
-2.39905e+00 2.12406e-01 -3.13496e-05
-2.46040e+00 2.23551e-01 -3.66683e-05
-2.52210e+00 2.35275e-01 2.27534e-05
-2.58410e+00 2.47571e-01 2.08410e-05
-2.64604e+00 2.60212e-01 1.91346e-05
-2.70792e+00 2.73197e-01 1.76113e-05
-2.76974e+00 2.86528e-01 1.62509e-05
-2.83151e+00 3.00203e-01 1.50359e-05
-2.89324e+00 3.14224e-01 1.39505e-05
-2.95491e+00 3.28591e-01 1.29810e-05
-3.01655e+00 3.43305e-01 1.21154e-05
-3.07815e+00 3.58365e-01 1.13428e-05
-3.13971e+00 3.73773e-01 1.06537e-05
-3.20124e+00 3.89530e-01 1.00397e-05
-3.26275e+00 4.05635e-01 9.49322e-06
-3.32423e+00 4.22089e-01 9.00766e-06
-3.38569e+00 4.38894e-01 8.57704e-06
-3.44714e+00 4.56050e-01 8.19608e-06
-3.50857e+00 4.73558e-01 7.86004e-06
-3.56999e+00 4.91418e-01 7.56472e-06
-3.63141e+00 5.09631e-01 7.30633e-06
-3.69282e+00 5.28199e-01 7.08152e-06
-3.75423e+00 5.47123e-01 6.88726e-06
-3.81565e+00 5.66402e-01 6.72085e-06
-3.87708e+00 5.86039e-01 6.57986e-06
-3.93852e+00 6.06035e-01 6.46214e-06
-3.99997e+00 6.26390e-01 6.36572e-06
-9.64506e-01 8.08060e-02 5.03524e-04
-1.02764e+00 8.53166e-02 4.62025e-04
-1.09063e+00 9.03521e-02 4.21986e-04
-1.15349e+00 9.59109e-02 3.83683e-04
-1.21623e+00 1.01991e-01 3.47291e-04
-1.27885e+00 1.08592e-01 3.12907e-04
-1.34136e+00 1.15711e-01 2.80562e-04
-1.40375e+00 1.23347e-01 2.50243e-04
-1.46605e+00 1.31500e-01 2.21899e-04
-1.52825e+00 1.40167e-01 1.95459e-04
-1.59037e+00 1.49348e-01 1.70833e-04
-1.65240e+00 1.59042e-01 1.47925e-04
-1.71435e+00 1.69248e-01 1.26635e-04
-1.77622e+00 1.79966e-01 1.06862e-04
-1.83803e+00 1.91194e-01 8.85062e-05
-1.89978e+00 2.02932e-01 7.14734e-05
-1.96147e+00 2.15180e-01 5.56736e-05
-2.02311e+00 2.27937e-01 4.10221e-05
-2.08470e+00 2.41202e-01 2.74403e-05
-2.14626e+00 2.54976e-01 1.48549e-05
-2.20777e+00 2.69259e-01 3.19874e-06
-2.26926e+00 2.84050e-01 -7.59024e-06
-2.33073e+00 2.99349e-01 -1.75689e-05
-2.39217e+00 3.15157e-01 -2.67892e-05
-2.45360e+00 3.31473e-01 -3.52987e-05
-2.51555e+00 3.48641e-01 4.38805e-05
-2.57795e+00 3.66650e-01 4.15350e-05
-2.64026e+00 3.85154e-01 3.93186e-05
-2.70250e+00 4.04153e-01 3.72201e-05
-2.76465e+00 4.23649e-01 3.52292e-05
-2.82674e+00 4.43641e-01 3.33371e-05
-2.88876e+00 4.64132e-01 3.15355e-05
-2.95072e+00 4.85122e-01 2.98174e-05
-3.01263e+00 5.06611e-01 2.81762e-05
-3.07449e+00 5.28601e-01 2.66062e-05
-3.13630e+00 5.51094e-01 2.51019e-05
-3.19807e+00 5.74090e-01 2.36588e-05
-3.25981e+00 5.97591e-01 2.22726e-05
-3.32152e+00 6.21598e-01 2.09393e-05
-3.38321e+00 6.46113e-01 1.96556e-05
-3.44488e+00 6.71138e-01 1.84181e-05
-3.50654e+00 6.96674e-01 1.72241e-05
-3.56819e+00 7.22722e-01 1.60708e-05
-3.62984e+00 7.49286e-01 1.49560e-05
-3.69149e+00 7.76366e-01 1.38773e-05
-3.75315e+00 8.03965e-01 1.28329e-05
-3.81482e+00 8.32085e-01 1.18209e-05
-3.87651e+00 8.60729e-01 1.08395e-05
-3.93823e+00 8.89897e-01 9.88739e-06
-3.99997e+00 9.19594e-01 8.96301e-06
-9.51675e-01 1.07893e-01 6.65306e-04
-1.01524e+00 1.13974e-01 6.12210e-04
-1.07864e+00 1.20733e-01 5.61082e-04
-1.14187e+00 1.28166e-01 5.12216e-04
-1.20495e+00 1.36271e-01 4.65796e-04
-1.26787e+00 1.45046e-01 4.21913e-04
-1.33066e+00 1.54488e-01 3.80589e-04
-1.39331e+00 1.64595e-01 3.41792e-04
-1.45583e+00 1.75364e-01 3.05455e-04
-1.51824e+00 1.86794e-01 2.71485e-04
-1.58054e+00 1.98883e-01 2.39771e-04
-1.64274e+00 2.11630e-01 2.10194e-04
-1.70484e+00 2.25033e-01 1.82633e-04
-1.76685e+00 2.39091e-01 1.56964e-04
-1.82878e+00 2.53803e-01 1.33068e-04
-1.89064e+00 2.69167e-01 1.10828e-04
-1.95243e+00 2.85184e-01 9.01368e-05
-2.01417e+00 3.01852e-01 7.08894e-05
-2.07585e+00 3.19170e-01 5.29898e-05
-2.13749e+00 3.37139e-01 3.63479e-05
-2.19909e+00 3.55759e-01 2.08804e-05
-2.26066e+00 3.75029e-01 6.51049e-06
-2.32220e+00 3.94949e-01 -6.83285e-06
-2.38373e+00 4.15519e-01 -1.92148e-05
-2.44525e+00 4.36741e-01 -3.06955e-05
-2.50745e+00 4.59075e-01 6.34556e-05
-2.57026e+00 4.82508e-01 6.08549e-05
-2.63296e+00 5.06572e-01 5.82915e-05
-2.69557e+00 5.31269e-01 5.57656e-05
-2.75808e+00 5.56600e-01 5.32775e-05
-2.82051e+00 5.82566e-01 5.08272e-05
-2.88286e+00 6.09169e-01 4.84144e-05
-2.94515e+00 6.36411e-01 4.60391e-05
-3.00737e+00 6.64293e-01 4.37009e-05
-3.06953e+00 6.92817e-01 4.13993e-05
-3.13165e+00 7.21986e-01 3.91340e-05
-3.19372e+00 7.51801e-01 3.69045e-05
-3.25576e+00 7.82265e-01 3.47101e-05
-3.31777e+00 8.13380e-01 3.25505e-05
-3.37976e+00 8.45149e-01 3.04249e-05
-3.44173e+00 8.77574e-01 2.83329e-05
-3.50370e+00 9.10659e-01 2.62738e-05
-3.56566e+00 9.44407e-01 2.42470e-05
-3.62763e+00 9.78819e-01 2.22520e-05
-3.68962e+00 1.01390e+00 2.02881e-05
-3.75162e+00 1.04966e+00 1.83548e-05
-3.81365e+00 1.08609e+00 1.64515e-05
-3.87572e+00 1.12320e+00 1.45776e-05
-3.93782e+00 1.16099e+00 1.27326e-05
-3.99997e+00 1.19947e+00 1.09159e-05
-9.38348e-01 1.34990e-01 8.14264e-04
-1.00225e+00 1.42675e-01 7.49677e-04
-1.06595e+00 1.51180e-01 6.87891e-04
-1.12946e+00 1.60498e-01 6.29134e-04
-1.19278e+00 1.70626e-01 5.73525e-04
-1.25593e+00 1.81560e-01 5.21091e-04
-1.31892e+00 1.93297e-01 4.71796e-04
-1.38175e+00 2.05834e-01 4.25559e-04
-1.44444e+00 2.19167e-01 3.82264e-04
-1.50699e+00 2.33294e-01 3.41777e-04
-1.56942e+00 2.48212e-01 3.03951e-04
-1.63173e+00 2.63919e-01 2.68635e-04
-1.69394e+00 2.80412e-01 2.35677e-04
-1.75604e+00 2.97692e-01 2.04930e-04
-1.81806e+00 3.15754e-01 1.76250e-04
-1.88000e+00 3.34599e-01 1.49501e-04
-1.94187e+00 3.54225e-01 1.24554e-04
-2.00368e+00 3.74632e-01 1.01289e-04
-2.06544e+00 3.95818e-01 7.95930e-05
-2.12715e+00 4.17782e-01 5.93626e-05
-2.18882e+00 4.40526e-01 4.05008e-05
-2.25047e+00 4.64049e-01 2.29186e-05
-2.31210e+00 4.88350e-01 6.53375e-06
-2.37372e+00 5.13431e-01 -8.72930e-06
-2.43534e+00 5.39292e-01 -2.29401e-05
-2.49781e+00 5.66517e-01 8.14195e-05
-2.56103e+00 5.95085e-01 7.87272e-05
-2.62413e+00 6.24408e-01 7.59676e-05
-2.68712e+00 6.54488e-01 7.31525e-05
-2.75002e+00 6.85326e-01 7.02925e-05
-2.81282e+00 7.16925e-01 6.73966e-05
-2.87554e+00 7.49286e-01 6.44726e-05
-2.93818e+00 7.82413e-01 6.15275e-05
-3.00076e+00 8.16308e-01 5.85674e-05
-3.06328e+00 8.50973e-01 5.55975e-05
-3.12575e+00 8.86413e-01 5.26226e-05
-3.18818e+00 9.22630e-01 4.96466e-05
-3.25058e+00 9.59627e-01 4.66731e-05
-3.31296e+00 9.97408e-01 4.37053e-05
-3.37532e+00 1.03598e+00 4.07458e-05
-3.43768e+00 1.07534e+00 3.77971e-05
-3.50004e+00 1.11550e+00 3.48610e-05
-3.56240e+00 1.15646e+00 3.19395e-05
-3.62479e+00 1.19822e+00 2.90341e-05
-3.68720e+00 1.24080e+00 2.61461e-05
-3.74965e+00 1.28419e+00 2.32767e-05
-3.81215e+00 1.32840e+00 2.04268e-05
-3.87469e+00 1.37344e+00 1.75972e-05
-3.93730e+00 1.41931e+00 1.47887e-05
-3.99997e+00 1.46602e+00 1.20019e-05
-9.24531e-01 1.62054e-01 9.50267e-04
-9.88663e-01 1.71380e-01 8.74350e-04
-1.05256e+00 1.81652e-01 8.02367e-04
-1.11625e+00 1.92864e-01 7.34399e-04
-1.17973e+00 2.05012e-01 6.70429e-04
-1.24302e+00 2.18090e-01 6.10370e-04
-1.30613e+00 2.32093e-01 5.54088e-04
-1.36907e+00 2.47018e-01 5.01414e-04
-1.43185e+00 2.62860e-01 4.52165e-04
-1.49448e+00 2.79615e-01 4.06145e-04
-1.55698e+00 2.97281e-01 3.63159e-04
-1.61936e+00 3.15854e-01 3.23014e-04
-1.68163e+00 3.35331e-01 2.85522e-04
-1.74379e+00 3.55711e-01 2.50506e-04
-1.80586e+00 3.76991e-01 2.17797e-04
-1.86785e+00 3.99169e-01 1.87237e-04
-1.92977e+00 4.22244e-01 1.58677e-04
-1.99163e+00 4.46216e-01 1.31983e-04
-2.05345e+00 4.71082e-01 1.07026e-04
-2.11522e+00 4.96843e-01 8.36897e-05
-2.17696e+00 5.23498e-01 6.18669e-05
-2.23869e+00 5.51048e-01 4.14581e-05
-2.30041e+00 5.79492e-01 2.23724e-05
-2.36212e+00 6.08831e-01 4.52590e-06
-2.42385e+00 6.39067e-01 -1.21581e-05
-2.48659e+00 6.70906e-01 9.77413e-05
-2.55024e+00 7.04323e-01 9.51039e-05
-2.61376e+00 7.38606e-01 9.22847e-05
-2.67716e+00 7.73756e-01 8.93065e-05
-2.74046e+00 8.09775e-01 8.61897e-05
-2.80366e+00 8.46667e-01 8.29520e-05
-2.86678e+00 8.84435e-01 7.96092e-05
-2.92982e+00 9.23083e-01 7.61754e-05
-2.99280e+00 9.62613e-01 7.26629e-05
-3.05573e+00 1.00303e+00 6.90829e-05
-3.11861e+00 1.04434e+00 6.54450e-05
-3.18146e+00 1.08654e+00 6.17580e-05
-3.24429e+00 1.12965e+00 5.80297e-05
-3.30710e+00 1.17366e+00 5.42669e-05
-3.36991e+00 1.21858e+00 5.04758e-05
-3.43273e+00 1.26442e+00 4.66620e-05
-3.49556e+00 1.31118e+00 4.28303e-05
-3.55842e+00 1.35886e+00 3.89850e-05
-3.62131e+00 1.40748e+00 3.51300e-05
-3.68425e+00 1.45705e+00 3.12689e-05
-3.74724e+00 1.50756e+00 2.74047e-05
-3.81030e+00 1.55903e+00 2.35401e-05
-3.87343e+00 1.61146e+00 1.96775e-05
-3.93665e+00 1.66486e+00 1.58192e-05
-3.99997e+00 1.71924e+00 1.19671e-05
-9.10232e-01 1.89044e-01 1.07308e-03
-9.74477e-01 2.00044e-01 9.86074e-04
-1.03848e+00 2.12106e-01 9.04414e-04
-1.10224e+00 2.25221e-01 8.27947e-04
-1.16579e+00 2.39385e-01 7.56460e-04
-1.22913e+00 2.54590e-01 6.89700e-04
-1.29228e+00 2.70829e-01 6.27396e-04
-1.35525e+00 2.88099e-01 5.69270e-04
-1.41805e+00 3.06393e-01 5.15046e-04
-1.48071e+00 3.25708e-01 4.64454e-04
-1.54323e+00 3.46038e-01 4.17237e-04
-1.60562e+00 3.67381e-01 3.73151e-04
-1.66790e+00 3.89734e-01 3.31970e-04
-1.73007e+00 4.13092e-01 2.93481e-04
-1.79216e+00 4.37454e-01 2.57487e-04
-1.85417e+00 4.62817e-01 2.23809e-04
-1.91612e+00 4.89181e-01 1.92279e-04
-1.97802e+00 5.16543e-01 1.62745e-04
-2.03987e+00 5.44902e-01 1.35066e-04
-2.10170e+00 5.74259e-01 1.09114e-04
-2.16350e+00 6.04613e-01 8.47719e-05
-2.22531e+00 6.35964e-01 6.19324e-05
-2.28711e+00 6.68312e-01 4.04970e-05
-2.34893e+00 7.01659e-01 2.03758e-05
-2.41078e+00 7.36005e-01 1.48650e-06
-2.47381e+00 7.72185e-01 1.12417e-04
-2.53789e+00 8.10167e-01 1.09963e-04
-2.60184e+00 8.49111e-01 1.07204e-04
-2.66567e+00 8.89019e-01 1.04175e-04
-2.72940e+00 9.29896e-01 1.00904e-04
-2.79303e+00 9.71746e-01 9.74173e-05
-2.85658e+00 1.01457e+00 9.37387e-05
-2.92007e+00 1.05838e+00 8.98887e-05
-2.98350e+00 1.10317e+00 8.58857e-05
-3.04688e+00 1.14895e+00 8.17463e-05
-3.11023e+00 1.19573e+00 7.74852e-05
-3.17356e+00 1.24351e+00 7.31157e-05
-3.23688e+00 1.29230e+00 6.86497e-05
-3.30019e+00 1.34211e+00 6.40978e-05
-3.36352e+00 1.39293e+00 5.94697e-05
-3.42688e+00 1.44479e+00 5.47738e-05
-3.49026e+00 1.49768e+00 5.00179e-05
-3.55370e+00 1.55161e+00 4.52091e-05
-3.61719e+00 1.60660e+00 4.03535e-05
-3.68075e+00 1.66265e+00 3.54569e-05
-3.74439e+00 1.71977e+00 3.05242e-05
-3.80812e+00 1.77796e+00 2.55602e-05
-3.87195e+00 1.83725e+00 2.05688e-05
-3.93590e+00 1.89764e+00 1.55538e-05
-3.99997e+00 1.95914e+00 1.05186e-05
-8.95458e-01 2.15913e-01 1.18235e-03
-9.59703e-01 2.28623e-01 1.08462e-03
-1.02369e+00 2.42496e-01 9.93886e-04
-1.08743e+00 2.57525e-01 9.09692e-04
-1.15095e+00 2.73699e-01 8.31563e-04
-1.21425e+00 2.91013e-01 7.59040e-04
-1.27736e+00 3.09458e-01 6.91683e-04
-1.34029e+00 3.29028e-01 6.29079e-04
-1.40305e+00 3.49717e-01 5.70842e-04
-1.46566e+00 3.71520e-01 5.16616e-04
-1.52814e+00 3.94432e-01 4.66074e-04
-1.59049e+00 4.18448e-01 4.18915e-04
-1.65273e+00 4.43564e-01 3.74868e-04
-1.71488e+00 4.69778e-01 3.33683e-04
-1.77696e+00 4.97086e-01 2.95136e-04
-1.83896e+00 5.25485e-01 2.59020e-04
-1.90091e+00 5.54975e-01 2.25152e-04
-1.96282e+00 5.85553e-01 1.93362e-04
-2.02470e+00 6.17218e-01 1.63497e-04
-2.08657e+00 6.49971e-01 1.35419e-04
-2.14843e+00 6.83810e-01 1.09001e-04
-2.21031e+00 7.18737e-01 8.41296e-05
-2.27221e+00 7.54751e-01 6.07004e-05
-2.33415e+00 7.91855e-01 3.86185e-05
-2.39613e+00 8.30049e-01 1.77977e-05
-2.45946e+00 8.70297e-01 1.25467e-04
-2.52397e+00 9.12560e-01 1.23305e-04
-2.58837e+00 9.55869e-01 1.20710e-04
-2.65265e+00 1.00023e+00 1.17726e-04
-2.71683e+00 1.04564e+00 1.14389e-04
-2.78093e+00 1.09211e+00 1.10734e-04
-2.84495e+00 1.13965e+00 1.06791e-04
-2.90892e+00 1.18826e+00 1.02587e-04
-2.97284e+00 1.23794e+00 9.81451e-05
-3.03673e+00 1.28870e+00 9.34878e-05
-3.10060e+00 1.34056e+00 8.86341e-05
-3.16447e+00 1.39351e+00 8.36014e-05
-3.22834e+00 1.44756e+00 7.84055e-05
-3.29223e+00 1.50273e+00 7.30605e-05
-3.35616e+00 1.55901e+00 6.75789e-05
-3.42012e+00 1.61643e+00 6.19725e-05
-3.48415e+00 1.67499e+00 5.62514e-05
-3.54825e+00 1.73469e+00 5.04251e-05
-3.61243e+00 1.79556e+00 4.45021e-05
-3.67670e+00 1.85759e+00 3.84899e-05
-3.74109e+00 1.92080e+00 3.23957e-05
-3.80559e+00 1.98521e+00 2.62255e-05
-3.87023e+00 2.05082e+00 1.99851e-05
-3.93502e+00 2.11765e+00 1.36796e-05
-3.99997e+00 2.18570e+00 7.31359e-06
-8.80221e-01 2.42615e-01 1.27763e-03
-9.44345e-01 2.57070e-01 1.16967e-03
-1.00821e+00 2.72778e-01 1.07059e-03
-1.07182e+00 2.89727e-01 9.79520e-04
-1.13521e+00 3.07908e-01 8.95680e-04
-1.19839e+00 3.27312e-01 8.18363e-04
-1.26137e+00 3.47930e-01 7.46934e-04
-1.32418e+00 3.69755e-01 6.80825e-04
-1.38682e+00 3.92780e-01 6.19527e-04
-1.44933e+00 4.17000e-01 5.62589e-04
-1.51170e+00 4.42407e-01 5.09606e-04
-1.57397e+00 4.68998e-01 4.60219e-04
-1.63613e+00 4.96768e-01 4.14107e-04
-1.69822e+00 5.25712e-01 3.70983e-04
-1.76023e+00 5.55829e-01 3.30591e-04
-1.82220e+00 5.87115e-01 2.92703e-04
-1.88413e+00 6.19568e-01 2.57114e-04
-1.94603e+00 6.53187e-01 2.23639e-04
-2.00793e+00 6.87971e-01 1.92115e-04
-2.06983e+00 7.23918e-01 1.62392e-04
-2.13175e+00 7.61031e-01 1.34337e-04
-2.19370e+00 7.99308e-01 1.07830e-04
-2.25570e+00 8.38751e-01 8.27607e-05
-2.31776e+00 8.79363e-01 5.90320e-05
-2.37989e+00 9.21144e-01 3.65541e-05
-2.44352e+00 9.65187e-01 1.36935e-04
-2.50849e+00 1.01145e+00 1.35155e-04
-2.57334e+00 1.05883e+00 1.32808e-04
-2.63809e+00 1.10733e+00 1.29948e-04
-2.70275e+00 1.15696e+00 1.26619e-04
-2.76734e+00 1.20772e+00 1.22862e-04
-2.83188e+00 1.25963e+00 1.18712e-04
-2.89637e+00 1.31268e+00 1.14203e-04
-2.96083e+00 1.36688e+00 1.09363e-04
-3.02528e+00 1.42225e+00 1.04217e-04
-3.08973e+00 1.47878e+00 9.87897e-05
-3.15419e+00 1.53650e+00 9.31015e-05
-3.21868e+00 1.59540e+00 8.71713e-05
-3.28322e+00 1.65550e+00 8.10161e-05
-3.34781e+00 1.71681e+00 7.46512e-05
-3.41247e+00 1.77934e+00 6.80905e-05
-3.47722e+00 1.84309e+00 6.13464e-05
-3.54207e+00 1.90809e+00 5.44303e-05
-3.60703e+00 1.97435e+00 4.73523e-05
-3.67212e+00 2.04187e+00 4.01217e-05
-3.73735e+00 2.11066e+00 3.27468e-05
-3.80273e+00 2.18076e+00 2.52351e-05
-3.86829e+00 2.25216e+00 1.75933e-05
-3.93403e+00 2.32488e+00 9.82762e-06
-3.99997e+00 2.39895e+00 1.94345e-06
-8.64533e-01 2.69102e-01 1.35836e-03
-9.28415e-01 2.85340e-01 1.24086e-03
-9.92037e-01 3.02903e-01 1.13428e-03
-1.05542e+00 3.21781e-01 1.03730e-03
-1.11858e+00 3.41963e-01 9.48749e-04
-1.18154e+00 3.63437e-01 8.67653e-04
-1.24431e+00 3.86195e-01 7.93156e-04
-1.30692e+00 4.10229e-01 7.24522e-04
-1.36938e+00 4.35531e-01 6.61111e-04
-1.43171e+00 4.62093e-01 6.02370e-04
-1.49393e+00 4.89910e-01 5.47813e-04
-1.55605e+00 5.18977e-01 4.97020e-04
-1.61809e+00 5.49287e-01 4.49620e-04
-1.68006e+00 5.80838e-01 4.05288e-04
-1.74199e+00 6.13626e-01 3.63739e-04
-1.80389e+00 6.47648e-01 3.24720e-04
-1.86577e+00 6.82902e-01 2.88006e-04
-1.92765e+00 7.19386e-01 2.53401e-04
-1.98955e+00 7.57101e-01 2.20728e-04
-2.05147e+00 7.96044e-01 1.89830e-04
-2.11344e+00 8.36217e-01 1.60565e-04
-2.17547e+00 8.77621e-01 1.32809e-04
-2.23757e+00 9.20257e-01 1.06448e-04
-2.29976e+00 9.64127e-01 8.13812e-05
-2.36206e+00 1.00923e+00 5.75167e-05
-2.42601e+00 1.05680e+00 1.46887e-04
-2.49144e+00 1.10679e+00 1.45556e-04
-2.55676e+00 1.15794e+00 1.43524e-04
-2.62200e+00 1.21028e+00 1.40850e-04
-2.68717e+00 1.26381e+00 1.37585e-04
-2.75228e+00 1.31854e+00 1.33776e-04
-2.81736e+00 1.37447e+00 1.29463e-04
-2.88241e+00 1.43161e+00 1.24684e-04
-2.94746e+00 1.48997e+00 1.19470e-04
-3.01252e+00 1.54956e+00 1.13853e-04
-3.07760e+00 1.61038e+00 1.07857e-04
-3.14272e+00 1.67246e+00 1.01506e-04
-3.20790e+00 1.73580e+00 9.48220e-05
-3.27315e+00 1.80041e+00 8.78235e-05
-3.33848e+00 1.86630e+00 8.05276e-05
-3.40392e+00 1.93349e+00 7.29496e-05
-3.46947e+00 2.00199e+00 6.51033e-05
-3.53516e+00 2.07181e+00 5.70010e-05
-3.60099e+00 2.14296e+00 4.86539e-05
-3.66699e+00 2.21547e+00 4.00716e-05
-3.73316e+00 2.28935e+00 3.12632e-05
-3.79953e+00 2.36461e+00 2.22363e-05
-3.86611e+00 2.44127e+00 1.29981e-05
-3.93292e+00 2.51935e+00 3.55451e-06
-3.99997e+00 2.59886e+00 -6.08895e-06
-8.48410e-01 2.95326e-01 1.42384e-03
-9.11923e-01 3.13382e-01 1.29772e-03
-9.75188e-01 3.32824e-01 1.18468e-03
-1.03823e+00 3.53639e-01 1.08286e-03
-1.10106e+00 3.75814e-01 9.90700e-04
-1.16370e+00 3.99339e-01 9.06898e-04
-1.22618e+00 4.24204e-01 8.30373e-04
-1.28851e+00 4.50399e-01 7.60209e-04
-1.35071e+00 4.77916e-01 6.95634e-04
-1.41280e+00 5.06748e-01 6.35988e-04
-1.47480e+00 5.36887e-01 5.80708e-04
-1.53673e+00 5.68329e-01 5.29310e-04
-1.59859e+00 6.01068e-01 4.81375e-04
-1.66042e+00 6.35100e-01 4.36541e-04
-1.72223e+00 6.70421e-01 3.94495e-04
-1.78403e+00 7.07028e-01 3.54960e-04
-1.84584e+00 7.44920e-01 3.17697e-04
-1.90767e+00 7.84094e-01 2.82494e-04
-1.96955e+00 8.24551e-01 2.49163e-04
-2.03149e+00 8.66290e-01 2.17540e-04
-2.09351e+00 9.09313e-01 1.87478e-04
-2.15561e+00 9.53619e-01 1.58846e-04
-2.21782e+00 9.99212e-01 1.31530e-04
-2.28016e+00 1.04609e+00 1.05424e-04
-2.34263e+00 1.09427e+00 8.04350e-05
-2.40691e+00 1.14510e+00 1.55403e-04
-2.47281e+00 1.19852e+00 1.54571e-04
-2.53862e+00 1.25316e+00 1.52900e-04
-2.60437e+00 1.30904e+00 1.50455e-04
-2.67007e+00 1.36615e+00 1.47294e-04
-2.73574e+00 1.42451e+00 1.43466e-04
-2.80140e+00 1.48413e+00 1.39017e-04
-2.86706e+00 1.54501e+00 1.33987e-04
-2.93274e+00 1.60716e+00 1.28411e-04
-2.99845e+00 1.67060e+00 1.22321e-04
-3.06422e+00 1.73533e+00 1.15745e-04
-3.13006e+00 1.80137e+00 1.08707e-04
-3.19599e+00 1.86873e+00 1.01231e-04
-3.26202e+00 1.93743e+00 9.33359e-05
-3.32817e+00 2.00747e+00 8.50391e-05
-3.39446e+00 2.07887e+00 7.63562e-05
-3.46090e+00 2.15165e+00 6.73008e-05
-3.52751e+00 2.22582e+00 5.78851e-05
-3.59431e+00 2.30140e+00 4.81193e-05
-3.66131e+00 2.37841e+00 3.80125e-05
-3.72854e+00 2.45685e+00 2.75726e-05
-3.79600e+00 2.53676e+00 1.68061e-05
-3.86371e+00 2.61815e+00 5.71849e-06
-3.93169e+00 2.70104e+00 -5.68578e-06
-3.99997e+00 2.78544e+00 -1.74032e-05
-8.31866e-01 3.21239e-01 1.47330e-03
-8.94883e-01 3.41150e-01 1.33971e-03
-9.57672e-01 3.62491e-01 1.22146e-03
-1.02025e+00 3.85250e-01 1.11604e-03
-1.08265e+00 4.09413e-01 1.02146e-03
-1.14489e+00 4.34968e-01 9.36096e-04
-1.20698e+00 4.61904e-01 8.58624e-04
-1.26896e+00 4.90212e-01 7.87949e-04
-1.33082e+00 5.19883e-01 7.23163e-04
-1.39261e+00 5.50910e-01 6.63506e-04
-1.45433e+00 5.83284e-01 6.08337e-04
-1.51600e+00 6.17001e-01 5.57112e-04
-1.57765e+00 6.52055e-01 5.09370e-04
-1.63929e+00 6.88441e-01 4.64715e-04
-1.70093e+00 7.26156e-01 4.22804e-04
-1.76261e+00 7.65198e-01 3.83344e-04
-1.82432e+00 8.05564e-01 3.46078e-04
-1.88610e+00 8.47254e-01 3.10782e-04
-1.94795e+00 8.90267e-01 2.77261e-04
-2.00989e+00 9.34603e-01 2.45344e-04
-2.07195e+00 9.80263e-01 2.14877e-04
-2.13413e+00 1.02725e+00 1.85728e-04
-2.19646e+00 1.07557e+00 1.57777e-04
-2.25894e+00 1.12521e+00 1.30917e-04
-2.32160e+00 1.17620e+00 1.05054e-04
-2.38622e+00 1.23002e+00 1.62580e-04
-2.45260e+00 1.28660e+00 1.62276e-04
-2.51892e+00 1.34444e+00 1.60994e-04
-2.58520e+00 1.40355e+00 1.58804e-04
-2.65146e+00 1.46394e+00 1.55767e-04
-2.71772e+00 1.52561e+00 1.51937e-04
-2.78399e+00 1.58857e+00 1.47361e-04
-2.85029e+00 1.65284e+00 1.42082e-04
-2.91665e+00 1.71843e+00 1.36135e-04
-2.98308e+00 1.78534e+00 1.29554e-04
-3.04959e+00 1.85359e+00 1.22366e-04
-3.11621e+00 1.92320e+00 1.14597e-04
-3.18296e+00 1.99418e+00 1.06267e-04
-3.24984e+00 2.06654e+00 9.73970e-05
-3.31688e+00 2.14030e+00 8.80015e-05
-3.38410e+00 2.21548e+00 7.80945e-05
-3.45152e+00 2.29208e+00 6.76877e-05
-3.51914e+00 2.37013e+00 5.67905e-05
-3.58700e+00 2.44966e+00 4.54105e-05
-3.65510e+00 2.53066e+00 3.35535e-05
-3.72347e+00 2.61317e+00 2.12237e-05
-3.79212e+00 2.69721e+00 8.42385e-06
-3.86107e+00 2.78280e+00 -4.84501e-06
-3.93035e+00 2.86996e+00 -1.85831e-05
-3.99997e+00 2.95870e+00 -3.27921e-05
-8.15880e-01 3.45372e-01 1.60750e-03
-8.78249e-01 3.67189e-01 1.45799e-03
-9.40419e-01 3.90468e-01 1.32695e-03
-1.00241e+00 4.15193e-01 1.21109e-03
-1.06426e+00 4.41351e-01 1.10784e-03
-1.12596e+00 4.68930e-01 1.01520e-03
-1.18756e+00 4.97918e-01 9.31561e-04
-1.24907e+00 5.28306e-01 8.55635e-04
-1.31051e+00 5.60085e-01 7.86367e-04
-1.37190e+00 5.93246e-01 7.22888e-04
-1.43325e+00 6.27782e-01 6.64476e-04
-1.49460e+00 6.63688e-01 6.10525e-04
-1.55595e+00 7.00959e-01 5.60525e-04
-1.61733e+00 7.39589e-01 5.14041e-04
-1.67875e+00 7.79576e-01 4.70701e-04
-1.74024e+00 8.20918e-01 4.30185e-04
-1.80180e+00 8.63612e-01 3.92216e-04
-1.86347e+00 9.07658e-01 3.56552e-04
-1.92525e+00 9.53056e-01 3.22984e-04
-1.98716e+00 9.99806e-01 2.91327e-04
-2.04922e+00 1.04791e+00 2.61417e-04
-2.11145e+00 1.09737e+00 2.33111e-04
-2.17386e+00 1.14819e+00 2.06280e-04
-2.23647e+00 1.20038e+00 1.80811e-04
-2.29931e+00 1.25394e+00 1.56601e-04
-2.36424e+00 1.31053e+00 2.01670e-04
-2.43109e+00 1.37008e+00 1.95080e-04
-2.49790e+00 1.43092e+00 1.88006e-04
-2.56471e+00 1.49304e+00 1.80500e-04
-2.63154e+00 1.55645e+00 1.72603e-04
-2.69839e+00 1.62118e+00 1.64350e-04
-2.76530e+00 1.68722e+00 1.55775e-04
-2.83227e+00 1.75459e+00 1.46903e-04
-2.89934e+00 1.82331e+00 1.37757e-04
-2.96651e+00 1.89338e+00 1.28356e-04
-3.03381e+00 1.96482e+00 1.18717e-04
-3.10126e+00 2.03765e+00 1.08854e-04
-3.16887e+00 2.11188e+00 9.87760e-05
-3.23667e+00 2.18753e+00 8.84935e-05
-3.30467e+00 2.26461e+00 7.80131e-05
-3.37288e+00 2.34315e+00 6.73398e-05
-3.44134e+00 2.42315e+00 5.64770e-05
-3.51006e+00 2.50465e+00 4.54266e-05
-3.57906e+00 2.58766e+00 3.41891e-05
-3.64835e+00 2.67219e+00 2.27635e-05
-3.71796e+00 2.75828e+00 1.11476e-05
-3.78791e+00 2.84595e+00 -6.62013e-07
-3.85821e+00 2.93521e+00 -1.26700e-05
-3.92889e+00 3.02610e+00 -2.48822e-05
-3.99997e+00 3.11863e+00 -3.73056e-05
-7.99703e-01 3.68944e-01 1.67488e-03
-8.61293e-01 3.92703e-01 1.52071e-03
-9.22723e-01 4.17939e-01 1.38591e-03
-9.84015e-01 4.44636e-01 1.26688e-03
-1.04519e+00 4.72782e-01 1.16089e-03
-1.10627e+00 5.02364e-01 1.06580e-03
-1.16729e+00 5.33371e-01 9.79943e-04
-1.22825e+00 5.65791e-01 9.01975e-04
-1.28917e+00 5.99617e-01 8.30811e-04
-1.35009e+00 6.34840e-01 7.65564e-04
-1.41102e+00 6.71454e-01 7.05498e-04
-1.47198e+00 7.09452e-01 6.50000e-04
-1.53299e+00 7.48830e-01 5.98553e-04
-1.59406e+00 7.89584e-01 5.50718e-04
-1.65522e+00 8.31710e-01 5.06121e-04
-1.71649e+00 8.75207e-01 4.64440e-04
-1.77787e+00 9.20073e-01 4.25396e-04
-1.83940e+00 9.66309e-01 3.88747e-04
-1.90109e+00 1.01391e+00 3.54281e-04
-1.96295e+00 1.06289e+00 3.21813e-04
-2.02500e+00 1.11324e+00 2.91179e-04
-2.08727e+00 1.16496e+00 2.62233e-04
-2.14976e+00 1.21807e+00 2.34846e-04
-2.21251e+00 1.27256e+00 2.08903e-04
-2.27551e+00 1.32844e+00 1.84302e-04
-2.34077e+00 1.38755e+00 2.21654e-04
-2.40808e+00 1.44981e+00 2.13435e-04
-2.47541e+00 1.51335e+00 2.04930e-04
-2.54276e+00 1.57818e+00 1.96172e-04
-2.61016e+00 1.64432e+00 1.87183e-04
-2.67764e+00 1.71178e+00 1.77987e-04
-2.74521e+00 1.78057e+00 1.68600e-04
-2.81289e+00 1.85071e+00 1.59038e-04
-2.88071e+00 1.92220e+00 1.49311e-04
-2.94867e+00 1.99506e+00 1.39430e-04
-3.01681e+00 2.06932e+00 1.29401e-04
-3.08514e+00 2.14498e+00 1.19229e-04
-3.15368e+00 2.22206e+00 1.08918e-04
-3.22246e+00 2.30058e+00 9.84685e-05
-3.29148e+00 2.38056e+00 8.78807e-05
-3.36078e+00 2.46201e+00 7.71531e-05
-3.43036e+00 2.54497e+00 6.62827e-05
-3.50026e+00 2.62944e+00 5.52652e-05
-3.57049e+00 2.71546e+00 4.40948e-05
-3.64107e+00 2.80303e+00 3.27646e-05
-3.71202e+00 2.89220e+00 2.12665e-05
-3.78336e+00 2.98298e+00 9.59073e-06
-3.85512e+00 3.07539e+00 -2.27344e-06
-3.92731e+00 3.16947e+00 -1.43383e-05
-3.99996e+00 3.26524e+00 -2.66174e-05
-7.83016e-01 3.92432e-01 1.73849e-03
-8.43702e-01 4.18161e-01 1.57902e-03
-9.04274e-01 4.45368e-01 1.44005e-03
-9.64754e-01 4.74038e-01 1.31761e-03
-1.02517e+00 5.04159e-01 1.20873e-03
-1.08553e+00 5.35716e-01 1.11115e-03
-1.14587e+00 5.68699e-01 1.02308e-03
-1.20621e+00 6.03099e-01 9.43118e-04
-1.26656e+00 6.38906e-01 8.70145e-04
-1.32695e+00 6.76113e-01 8.03239e-04
-1.38740e+00 7.14713e-01 7.41645e-04
-1.44792e+00 7.54701e-01 6.84733e-04
-1.50853e+00 7.96072e-01 6.31978e-04
-1.56927e+00 8.38822e-01 5.82934e-04
-1.63013e+00 8.82949e-01 5.37220e-04
-1.69115e+00 9.28453e-01 4.94511e-04
-1.75233e+00 9.75331e-01 4.54524e-04
-1.81371e+00 1.02358e+00 4.17016e-04
-1.87529e+00 1.07321e+00 3.81772e-04
-1.93710e+00 1.12422e+00 3.48604e-04
-1.99914e+00 1.17661e+00 3.17348e-04
-2.06145e+00 1.23038e+00 2.87857e-04
-2.12404e+00 1.28555e+00 2.60001e-04
-2.18692e+00 1.34211e+00 2.33664e-04
-2.25011e+00 1.40007e+00 2.08741e-04
-2.31571e+00 1.46142e+00 2.38888e-04
-2.38350e+00 1.52608e+00 2.29098e-04
-2.45134e+00 1.59201e+00 2.19211e-04
-2.51926e+00 1.65924e+00 2.09241e-04
-2.58727e+00 1.72777e+00 1.99197e-04
-2.65540e+00 1.79762e+00 1.89088e-04
-2.72368e+00 1.86881e+00 1.78918e-04
-2.79211e+00 1.94134e+00 1.68692e-04
-2.86072e+00 2.01523e+00 1.58411e-04
-2.92953e+00 2.09051e+00 1.48076e-04
-2.99856e+00 2.16718e+00 1.37684e-04
-3.06783e+00 2.24526e+00 1.27234e-04
-3.13737e+00 2.32477e+00 1.16721e-04
-3.20719e+00 2.40574e+00 1.06139e-04
-3.27731e+00 2.48818e+00 9.54829e-05
-3.34776e+00 2.57211e+00 8.47439e-05
-3.41856e+00 2.65755e+00 7.39130e-05
-3.48972e+00 2.74453e+00 6.29800e-05
-3.56127e+00 2.83307e+00 5.19333e-05
-3.63324e+00 2.92320e+00 4.07598e-05
-3.70563e+00 3.01493e+00 2.94451e-05
-3.77848e+00 3.10831e+00 1.79733e-05
-3.85180e+00 3.20334e+00 6.32685e-06
-3.92562e+00 3.30007e+00 -5.51370e-06
-3.99996e+00 3.39852e+00 -1.75696e-05
-7.65838e-01 4.15796e-01 1.79788e-03
-8.25492e-01 4.43522e-01 1.63262e-03
-8.85088e-01 4.72714e-01 1.48918e-03
-9.44649e-01 5.03356e-01 1.36317e-03
-1.00420e+00 5.35435e-01 1.25135e-03
-1.06375e+00 5.68940e-01 1.15127e-03
-1.12334e+00 6.03859e-01 1.06105e-03
-1.18297e+00 6.40184e-01 9.79191e-04
-1.24268e+00 6.77905e-01 9.04523e-04
-1.30247e+00 7.17016e-01 8.36088e-04
-1.36238e+00 7.57512e-01 7.73104e-04
-1.42241e+00 7.99385e-01 7.14924e-04
-1.48260e+00 8.42634e-01 6.61007e-04
-1.54295e+00 8.87255e-01 6.10897e-04
-1.60349e+00 9.33246e-01 5.64207e-04
-1.66423e+00 9.80606e-01 5.20604e-04
-1.72520e+00 1.02934e+00 4.79804e-04
-1.78640e+00 1.07944e+00 4.41557e-04
-1.84787e+00 1.13091e+00 4.05647e-04
-1.90961e+00 1.18375e+00 3.71885e-04
-1.97165e+00 1.23798e+00 3.40103e-04
-2.03400e+00 1.29359e+00 3.10154e-04
-2.09669e+00 1.35059e+00 2.81907e-04
-2.15972e+00 1.40898e+00 2.55246e-04
-2.22312e+00 1.46877e+00 2.30065e-04
-2.28907e+00 1.53210e+00 2.53516e-04
-2.35734e+00 1.59885e+00 2.42212e-04
-2.42572e+00 1.66687e+00 2.30990e-04
-2.49422e+00 1.73617e+00 2.19847e-04
-2.56287e+00 1.80677e+00 2.08781e-04
-2.63168e+00 1.87867e+00 1.97786e-04
-2.70069e+00 1.95190e+00 1.86858e-04
-2.76991e+00 2.02647e+00 1.75990e-04
-2.83936e+00 2.10239e+00 1.65175e-04
-2.90907e+00 2.17969e+00 1.54405e-04
-2.97905e+00 2.25838e+00 1.43672e-04
-3.04933e+00 2.33849e+00 1.32965e-04
-3.11993e+00 2.42002e+00 1.22275e-04
-3.19087e+00 2.50301e+00 1.11589e-04
-3.26217e+00 2.58747e+00 1.00896e-04
-3.33385e+00 2.67343e+00 9.01817e-05
-3.40594e+00 2.76090e+00 7.94316e-05
-3.47846e+00 2.84992e+00 6.86299e-05
-3.55142e+00 2.94050e+00 5.77595e-05
-3.62486e+00 3.03268e+00 4.68014e-05
-3.69880e+00 3.12648e+00 3.57353e-05
-3.77325e+00 3.22193e+00 2.45387e-05
-3.84825e+00 3.31906e+00 1.31870e-05
-3.92381e+00 3.41789e+00 1.65294e-06
-3.99996e+00 3.51847e+00 -1.00933e-05
-7.48192e-01 4.38994e-01 1.85259e-03
-8.06685e-01 4.68744e-01 1.68116e-03
-8.65187e-01 4.99932e-01 1.53308e-03
-9.23717e-01 5.32544e-01 1.40344e-03
-9.82297e-01 5.66567e-01 1.28870e-03
-1.04095e+00 6.01990e-01 1.18621e-03
-1.09969e+00 6.38803e-01 1.09394e-03
-1.15855e+00 6.76998e-01 1.01032e-03
-1.21754e+00 7.16567e-01 9.34101e-04
-1.27668e+00 7.57503e-01 8.64290e-04
-1.33598e+00 7.99802e-01 8.00073e-04
-1.39548e+00 8.43459e-01 7.40780e-04
-1.45519e+00 8.88471e-01 6.85853e-04
-1.51512e+00 9.34836e-01 6.34826e-04
-1.57530e+00 9.82553e-01 5.87302e-04
-1.63574e+00 1.03162e+00 5.42941e-04
-1.69646e+00 1.08204e+00 5.01453e-04
-1.75749e+00 1.13382e+00 4.62585e-04
-1.81883e+00 1.18695e+00 4.26118e-04
-1.88050e+00 1.24145e+00 3.91860e-04
-1.94253e+00 1.29731e+00 3.59642e-04
-2.00493e+00 1.35454e+00 3.29316e-04
-2.06772e+00 1.41314e+00 3.00750e-04
-2.13091e+00 1.47314e+00 2.73826e-04
-2.19453e+00 1.53452e+00 2.48441e-04
-2.26084e+00 1.59955e+00 2.65695e-04
-2.32960e+00 1.66810e+00 2.52933e-04
-2.39853e+00 1.73790e+00 2.40421e-04
-2.46764e+00 1.80895e+00 2.28143e-04
-2.53695e+00 1.88128e+00 2.16083e-04
-2.60648e+00 1.95489e+00 2.04227e-04
-2.67626e+00 2.02982e+00 1.92559e-04
-2.74631e+00 2.10606e+00 1.81065e-04
-2.81665e+00 2.18365e+00 1.69730e-04
-2.88730e+00 2.26259e+00 1.58539e-04
-2.95829e+00 2.34292e+00 1.47477e-04
-3.02964e+00 2.42464e+00 1.36528e-04
-3.10136e+00 2.50779e+00 1.25676e-04
-3.17349e+00 2.59237e+00 1.14906e-04
-3.24604e+00 2.67842e+00 1.04199e-04
-3.31903e+00 2.76596e+00 9.35369e-05
-3.39250e+00 2.85501e+00 8.29014e-05
-3.46646e+00 2.94559e+00 7.22716e-05
-3.54093e+00 3.03774e+00 6.16253e-05
-3.61595e+00 3.13149e+00 5.09386e-05
-3.69152e+00 3.22685e+00 4.01856e-05
-3.76769e+00 3.32386e+00 2.93376e-05
-3.84447e+00 3.42255e+00 1.83629e-05
-3.92188e+00 3.52295e+00 7.22629e-06
-3.99996e+00 3.62509e+00 -4.11172e-06
-7.30099e-01 4.61985e-01 1.90206e-03
-7.87304e-01 4.93785e-01 1.72427e-03
-8.44590e-01 5.26981e-01 1.57150e-03
-9.01979e-01 5.61559e-01 1.43830e-03
-9.59490e-01 5.97510e-01 1.32075e-03
-1.01714e+00 6.34822e-01 1.21599e-03
-1.07496e+00 6.73486e-01 1.12183e-03
-1.13296e+00 7.13496e-01 1.03662e-03
-1.19116e+00 7.54844e-01 9.59032e-04
-1.24957e+00 7.97526e-01 8.88024e-04
-1.30823e+00 8.41537e-01 8.22748e-04
-1.36714e+00 8.86874e-01 7.62511e-04
-1.42632e+00 9.33534e-01 7.06738e-04
-1.48580e+00 9.81518e-01 6.54948e-04
-1.54558e+00 1.03082e+00 6.06734e-04
-1.60570e+00 1.08145e+00 5.61750e-04
-1.66615e+00 1.13341e+00 5.19700e-04
-1.72697e+00 1.18669e+00 4.80326e-04
-1.78817e+00 1.24131e+00 4.43407e-04
-1.84977e+00 1.29726e+00 4.08748e-04
-1.91179e+00 1.35455e+00 3.76179e-04
-1.97424e+00 1.41319e+00 3.45551e-04
-2.03713e+00 1.47318e+00 3.16730e-04
-2.10050e+00 1.53454e+00 2.89600e-04
-2.16436e+00 1.59727e+00 2.64057e-04
-2.23103e+00 1.66373e+00 2.75584e-04
-2.30030e+00 1.73379e+00 2.61420e-04
-2.36979e+00 1.80505e+00 2.47663e-04
-2.43952e+00 1.87754e+00 2.34284e-04
-2.50952e+00 1.95128e+00 2.21258e-04
-2.57980e+00 2.02627e+00 2.08560e-04
-2.65039e+00 2.10254e+00 1.96167e-04
-2.72131e+00 2.18011e+00 1.84056e-04
-2.79258e+00 2.25899e+00 1.72208e-04
-2.86423e+00 2.33920e+00 1.60600e-04
-2.93628e+00 2.42077e+00 1.49212e-04
-3.00875e+00 2.50371e+00 1.38025e-04
-3.08167e+00 2.58805e+00 1.27019e-04
-3.15505e+00 2.67381e+00 1.16171e-04
-3.22893e+00 2.76102e+00 1.05463e-04
-3.30331e+00 2.84969e+00 9.48723e-05
-3.37824e+00 2.93986e+00 8.43759e-05
-3.45373e+00 3.03155e+00 7.39504e-05
-3.52980e+00 3.12479e+00 6.35700e-05
-3.60649e+00 3.21960e+00 5.32071e-05
-3.68381e+00 3.31602e+00 4.28313e-05
-3.76179e+00 3.41408e+00 3.24089e-05
-3.84046e+00 3.51380e+00 2.19021e-05
-3.91984e+00 3.61523e+00 1.12683e-05
-3.99996e+00 3.71838e+00 4.58061e-07
-7.11587e-01 4.84728e-01 1.94573e-03
-7.67372e-01 5.18601e-01 1.76155e-03
-8.23322e-01 5.53815e-01 1.60420e-03
-8.79458e-01 5.90357e-01 1.46759e-03
-9.35798e-01 6.28218e-01 1.34744e-03
-9.92359e-01 6.67389e-01 1.24062e-03
-1.04916e+00 7.07862e-01 1.14480e-03
-1.10622e+00 7.49631e-01 1.05821e-03
-1.16356e+00 7.92691e-01 9.79466e-04
-1.22119e+00 8.37039e-01 9.07465e-04
-1.27913e+00 8.82671e-01 8.41325e-04
-1.33740e+00 9.29584e-01 7.80328e-04
-1.39602e+00 9.77780e-01 7.23881e-04
-1.45499e+00 1.02726e+00 6.71489e-04
-1.51435e+00 1.07801e+00 6.22735e-04
-1.57411e+00 1.13006e+00 5.77265e-04
-1.63428e+00 1.18339e+00 5.34778e-04
-1.69488e+00 1.23801e+00 4.95013e-04
-1.75593e+00 1.29393e+00 4.57744e-04
-1.81744e+00 1.35114e+00 4.22776e-04
-1.87944e+00 1.40967e+00 3.89937e-04
-1.94193e+00 1.46951e+00 3.59075e-04
-2.00495e+00 1.53067e+00 3.30059e-04
-2.06850e+00 1.59317e+00 3.02772e-04
-2.13260e+00 1.65700e+00 2.77111e-04
-2.19966e+00 1.72462e+00 2.83345e-04
-2.26944e+00 1.79588e+00 2.67836e-04
-2.33950e+00 1.86831e+00 2.52877e-04
-2.40988e+00 1.94193e+00 2.38430e-04
-2.48058e+00 2.01674e+00 2.24461e-04
-2.55164e+00 2.09277e+00 2.10936e-04
-2.62308e+00 2.17005e+00 1.97826e-04
-2.69491e+00 2.24858e+00 1.85102e-04
-2.76716e+00 2.32838e+00 1.72738e-04
-2.83986e+00 2.40949e+00 1.60709e-04
-2.91303e+00 2.49191e+00 1.48989e-04
-2.98668e+00 2.57568e+00 1.37556e-04
-3.06085e+00 2.66081e+00 1.26387e-04
-3.13556e+00 2.74732e+00 1.15459e-04
-3.21084e+00 2.83526e+00 1.04749e-04
-3.28669e+00 2.92463e+00 9.42328e-05
-3.36316e+00 3.01546e+00 8.38874e-05
-3.44027e+00 3.10779e+00 7.36873e-05
-3.51803e+00 3.20163e+00 6.36056e-05
-3.59648e+00 3.29703e+00 5.36132e-05
-3.67565e+00 3.39401e+00 4.36780e-05
-3.75555e+00 3.49259e+00 3.37640e-05
-3.83622e+00 3.59282e+00 2.38301e-05
-3.91768e+00 3.69473e+00 1.38286e-05
-3.99996e+00 3.79835e+00 3.70288e-06
-6.92682e-01 5.07180e-01 1.98295e-03
-7.46917e-01 5.43151e-01 1.79255e-03
-8.01411e-01 5.80392e-01 1.63088e-03
-8.56182e-01 6.18893e-01 1.49116e-03
-9.11245e-01 6.58646e-01 1.36869e-03
-9.66619e-01 6.99645e-01 1.26011e-03
-1.02232e+00 7.41884e-01 1.16291e-03
-1.07836e+00 7.85357e-01 1.07521e-03
-1.13476e+00 8.30062e-01 9.95547e-04
-1.19154e+00 8.75996e-01 9.22782e-04
-1.24871e+00 9.23157e-01 8.55993e-04
-1.30629e+00 9.71546e-01 7.94436e-04
-1.36429e+00 1.02116e+00 7.37498e-04
-1.42273e+00 1.07201e+00 6.84672e-04
-1.48162e+00 1.12408e+00 6.35532e-04
-1.54099e+00 1.17739e+00 5.89718e-04
-1.60085e+00 1.23194e+00 5.46921e-04
-1.66121e+00 1.28773e+00 5.06879e-04
-1.72209e+00 1.34477e+00 4.69362e-04
-1.78351e+00 1.40307e+00 4.34174e-04
-1.84549e+00 1.46263e+00 4.01141e-04
-1.90803e+00 1.52346e+00 3.70113e-04
-1.97117e+00 1.58557e+00 3.40956e-04
-2.03491e+00 1.64897e+00 3.13556e-04
-2.09927e+00 1.71367e+00 2.87810e-04
-2.16672e+00 1.78219e+00 2.89141e-04
-2.23702e+00 1.85436e+00 2.72341e-04
-2.30767e+00 1.92765e+00 2.56223e-04
-2.37871e+00 2.00207e+00 2.40739e-04
-2.45015e+00 2.07764e+00 2.25846e-04
-2.52201e+00 2.15439e+00 2.11505e-04
-2.59433e+00 2.23232e+00 1.97680e-04
-2.66711e+00 2.31146e+00 1.84337e-04
-2.74039e+00 2.39183e+00 1.71446e-04
-2.81418e+00 2.47345e+00 1.58978e-04
-2.88852e+00 2.55634e+00 1.46907e-04
-2.96342e+00 2.64053e+00 1.35206e-04
-3.03892e+00 2.72604e+00 1.23851e-04
-3.11502e+00 2.81290e+00 1.12819e-04
-3.19177e+00 2.90113e+00 1.02086e-04
-3.26917e+00 2.99075e+00 9.16307e-05
-3.34727e+00 3.08180e+00 8.14292e-05
-3.42607e+00 3.17430e+00 7.14582e-05
-3.50562e+00 3.26828e+00 6.16930e-05
-3.58593e+00 3.36377e+00 5.21076e-05
-3.66704e+00 3.46080e+00 4.26731e-05
-3.74897e+00 3.55940e+00 3.33574e-05
-3.83175e+00 3.65961e+00 2.41232e-05
-3.91540e+00 3.76147e+00 1.49261e-05
-3.99996e+00 3.86499e+00 5.71200e-06
-6.73413e-01 5.29301e-01 2.01306e-03
-7.25968e-01 5.67392e-01 1.81683e-03
-7.78885e-01 6.06668e-01 1.65125e-03
-8.32178e-01 6.47123e-01 1.50883e-03
-8.85862e-01 6.88751e-01 1.38444e-03
-9.39952e-01 7.31546e-01 1.27445e-03
-9.94462e-01 7.75507e-01 1.17620e-03
-1.04941e+00 8.20629e-01 1.08770e-03
-1.10480e+00 8.66910e-01 1.00741e-03
-1.16066e+00 9.14351e-01 9.34136e-04
-1.21699e+00 9.62952e-01 8.66933e-04
-1.27382e+00 1.01271e+00 8.05029e-04
-1.33116e+00 1.06364e+00 7.47796e-04
-1.38902e+00 1.11573e+00 6.94714e-04
-1.44742e+00 1.16898e+00 6.45350e-04
-1.50637e+00 1.22342e+00 5.99335e-04
-1.56589e+00 1.27903e+00 5.56359e-04
-1.62599e+00 1.33582e+00 5.16154e-04
-1.68669e+00 1.39381e+00 4.78491e-04
-1.74801e+00 1.45300e+00 4.43171e-04
-1.80996e+00 1.51339e+00 4.10020e-04
-1.87255e+00 1.57501e+00 3.78888e-04
-1.93581e+00 1.63785e+00 3.49643e-04
-1.99975e+00 1.70193e+00 3.22169e-04
-2.06439e+00 1.76726e+00 2.96367e-04
-2.13223e+00 1.83640e+00 2.93128e-04
-2.20305e+00 1.90920e+00 2.75093e-04
-2.27431e+00 1.98304e+00 2.57857e-04
-2.34602e+00 2.05796e+00 2.41364e-04
-2.41822e+00 2.13397e+00 2.25564e-04
-2.49092e+00 2.21108e+00 2.10411e-04
-2.56414e+00 2.28933e+00 1.95865e-04
-2.63792e+00 2.36873e+00 1.81888e-04
-2.71227e+00 2.44930e+00 1.68446e-04
-2.78721e+00 2.53106e+00 1.55508e-04
-2.86277e+00 2.61404e+00 1.43047e-04
-2.93898e+00 2.69826e+00 1.31035e-04
-3.01586e+00 2.78375e+00 1.19448e-04
-3.09343e+00 2.87053e+00 1.08264e-04
-3.17172e+00 2.95862e+00 9.74618e-05
-3.25075e+00 3.04806e+00 8.70221e-05
-3.33055e+00 3.13887e+00 7.69265e-05
-3.41115e+00 3.23108e+00 6.71574e-05
-3.49257e+00 3.32472e+00 5.76984e-05
-3.57484e+00 3.41981e+00 4.85336e-05
-3.65800e+00 3.51640e+00 3.96473e-05
-3.74205e+00 3.61451e+00 3.10244e-05
-3.82705e+00 3.71417e+00 2.26492e-05
-3.91300e+00 3.81543e+00 1.45055e-05
-3.99996e+00 3.91831e+00 6.57545e-06
-6.53811e-01 5.51051e-01 2.03535e-03
-7.04556e-01 5.91282e-01 1.83389e-03
-7.55775e-01 6.32601e-01 1.66499e-03
-8.07478e-01 6.75003e-01 1.52041e-03
-8.59679e-01 7.18486e-01 1.39459e-03
-9.12389e-01 7.63048e-01 1.28364e-03
-9.65620e-01 8.08686e-01 1.18473e-03
-1.01938e+00 8.55401e-01 1.09577e-03
-1.07370e+00 9.03193e-01 1.01517e-03
-1.12857e+00 9.52062e-01 9.41676e-04
-1.18401e+00 1.00201e+00 8.74314e-04
-1.24004e+00 1.05304e+00 8.12294e-04
-1.29666e+00 1.10516e+00 7.54974e-04
-1.35390e+00 1.15837e+00 7.01823e-04
-1.41176e+00 1.21268e+00 6.52401e-04
-1.47026e+00 1.26809e+00 6.06336e-04
-1.52942e+00 1.32461e+00 5.63313e-04
-1.58924e+00 1.38224e+00 5.23064e-04
-1.64974e+00 1.44100e+00 4.85357e-04
-1.71094e+00 1.50090e+00 4.49993e-04
-1.77286e+00 1.56193e+00 4.16799e-04
-1.83550e+00 1.62412e+00 3.85625e-04
-1.89888e+00 1.68748e+00 3.56339e-04
-1.96303e+00 1.75201e+00 3.28829e-04
-2.02795e+00 1.81773e+00 3.02996e-04
-2.09620e+00 1.88724e+00 2.95457e-04
-2.16755e+00 1.96036e+00 2.76243e-04
-2.23942e+00 2.03447e+00 2.57929e-04
-2.31183e+00 2.10957e+00 2.40453e-04
-2.38480e+00 2.18569e+00 2.23756e-04
-2.45836e+00 2.26285e+00 2.07789e-04
-2.53253e+00 2.34107e+00 1.92507e-04
-2.60734e+00 2.42038e+00 1.77867e-04
-2.68280e+00 2.50078e+00 1.63835e-04
-2.75894e+00 2.58232e+00 1.50377e-04
-2.83578e+00 2.66500e+00 1.37464e-04
-2.91335e+00 2.74886e+00 1.25070e-04
-2.99168e+00 2.83392e+00 1.13171e-04
-3.07078e+00 2.92020e+00 1.01748e-04
-3.15069e+00 3.00774e+00 9.07844e-05
-3.23143e+00 3.09655e+00 8.02658e-05
-3.31302e+00 3.18667e+00 7.01826e-05
-3.39550e+00 3.27813e+00 6.05290e-05
-3.47889e+00 3.37095e+00 5.13047e-05
-3.56321e+00 3.46516e+00 4.25162e-05
-3.64851e+00 3.56080e+00 3.41797e-05
-3.73480e+00 3.65790e+00 2.63255e-05
-3.82212e+00 3.75650e+00 1.90056e-05
-3.91049e+00 3.85661e+00 1.23079e-05
-3.99996e+00 3.95829e+00 6.38268e-06
-6.33907e-01 5.72391e-01 2.04905e-03
-6.82714e-01 6.14781e-01 1.84322e-03
-7.32114e-01 6.58148e-01 1.67178e-03
-7.82116e-01 7.02491e-01 1.52572e-03
-8.32729e-01 7.47810e-01 1.39905e-03
-8.83962e-01 7.94106e-01 1.28764e-03
-9.35825e-01 8.41379e-01 1.18853e-03
-9.88328e-01 8.89631e-01 1.09951e-03
-1.04148e+00 9.38865e-01 1.01894e-03
-1.09530e+00 9.89085e-01 9.45539e-04
-1.14978e+00 1.04029e+00 8.78295e-04
-1.20495e+00 1.09250e+00 8.16406e-04
-1.26081e+00 1.14570e+00 7.59218e-04
-1.31738e+00 1.19991e+00 7.06194e-04
-1.37467e+00 1.25513e+00 6.56890e-04
-1.43269e+00 1.31138e+00 6.10930e-04
-1.49145e+00 1.36865e+00 5.67998e-04
-1.55097e+00 1.42696e+00 5.27825e-04
-1.61126e+00 1.48632e+00 4.90179e-04
-1.67234e+00 1.54673e+00 4.54861e-04
-1.73421e+00 1.60821e+00 4.21699e-04
-1.79689e+00 1.67078e+00 3.90544e-04
-1.86041e+00 1.73443e+00 3.61266e-04
-1.92476e+00 1.79919e+00 3.33753e-04
-1.98998e+00 1.86507e+00 3.07909e-04
-2.05863e+00 1.93468e+00 2.96270e-04
-2.13052e+00 2.00784e+00 2.75934e-04
-2.20301e+00 2.08190e+00 2.56582e-04
-2.27613e+00 2.15688e+00 2.38143e-04
-2.34990e+00 2.23280e+00 2.20556e-04
-2.42435e+00 2.30967e+00 2.03764e-04
-2.49950e+00 2.38753e+00 1.87717e-04
-2.57537e+00 2.46639e+00 1.72371e-04
-2.65199e+00 2.54628e+00 1.57688e-04
-2.72937e+00 2.62721e+00 1.43631e-04
-2.80755e+00 2.70922e+00 1.30171e-04
-2.88655e+00 2.79232e+00 1.17281e-04
-2.96638e+00 2.87655e+00 1.04938e-04
-3.04709e+00 2.96192e+00 9.31258e-05
-3.12869e+00 3.04847e+00 8.18306e-05
-3.21121e+00 3.13622e+00 7.10456e-05
-3.29467e+00 3.22521e+00 6.07708e-05
-3.37911e+00 3.31545e+00 5.10162e-05
-3.46456e+00 3.40697e+00 4.18055e-05
-3.55104e+00 3.49982e+00 3.31830e-05
-3.63857e+00 3.59401e+00 2.52265e-05
-3.72720e+00 3.68959e+00 1.80710e-05
-3.81696e+00 3.78659e+00 1.19581e-05
-3.90786e+00 3.88503e+00 7.34897e-06
-3.99995e+00 3.98495e+00 5.22093e-06
-6.13735e-01 5.93282e-01 2.05339e-03
-6.60476e-01 6.37848e-01 1.84432e-03
-7.07938e-01 6.83268e-01 1.67128e-03
-7.56127e-01 7.29545e-01 1.52454e-03
-8.05048e-01 7.76680e-01 1.39772e-03
-8.54708e-01 8.24677e-01 1.28644e-03
-9.05114e-01 8.73541e-01 1.18762e-03
-9.56273e-01 9.23275e-01 1.09898e-03
-1.00819e+00 9.73886e-01 1.01883e-03
-1.06088e+00 1.02538e+00 9.45850e-04
-1.11435e+00 1.07776e+00 8.79019e-04
-1.16860e+00 1.13103e+00 8.17523e-04
-1.22365e+00 1.18521e+00 7.60700e-04
-1.27951e+00 1.24030e+00 7.08010e-04
-1.33618e+00 1.29631e+00 6.59007e-04
-1.39369e+00 1.35324e+00 6.13314e-04
-1.45203e+00 1.41112e+00 5.70616e-04
-1.51122e+00 1.46994e+00 5.30644e-04
-1.57127e+00 1.52972e+00 4.93167e-04
-1.63221e+00 1.59048e+00 4.57988e-04
-1.69403e+00 1.65221e+00 4.24935e-04
-1.75675e+00 1.71495e+00 3.93861e-04
-1.82039e+00 1.77869e+00 3.64639e-04
-1.88496e+00 1.84345e+00 3.37157e-04
-1.95048e+00 1.90925e+00 3.11322e-04
-2.01955e+00 1.97870e+00 2.95702e-04
-2.09197e+00 2.05162e+00 2.74300e-04
-2.16509e+00 2.12534e+00 2.53947e-04
-2.23894e+00 2.19988e+00 2.34565e-04
-2.31353e+00 2.27528e+00 2.16085e-04
-2.38890e+00 2.35154e+00 1.98445e-04
-2.46506e+00 2.42869e+00 1.81590e-04
-2.54203e+00 2.50676e+00 1.65472e-04
-2.61984e+00 2.58577e+00 1.50045e-04
-2.69852e+00 2.66573e+00 1.35271e-04
-2.77808e+00 2.74668e+00 1.21116e-04
-2.85856e+00 2.82864e+00 1.07548e-04
-2.93997e+00 2.91163e+00 9.45422e-05
-3.02235e+00 2.99568e+00 8.20760e-05
-3.10571e+00 3.08082e+00 7.01333e-05
-3.19009e+00 3.16707e+00 5.87040e-05
-3.27551e+00 3.25446e+00 4.77861e-05
-3.36200e+00 3.34303e+00 3.73900e-05
-3.44960e+00 3.43279e+00 2.75451e-05
-3.53832e+00 3.52378e+00 1.83144e-05
-3.62820e+00 3.61603e+00 9.82523e-06
-3.71927e+00 3.70957e+00 2.34474e-06
-3.81157e+00 3.80444e+00 -3.50144e-06
-3.90512e+00 3.90067e+00 -5.90567e-06
-3.99995e+00 3.99828e+00 3.16774e-06
-5.93293e-01 6.13725e-01 2.05339e-03
-6.37860e-01 6.60465e-01 1.84432e-03
-6.83281e-01 7.07926e-01 1.67128e-03
-7.29558e-01 7.56114e-01 1.52454e-03
-7.76694e-01 8.05034e-01 1.39771e-03
-8.24692e-01 8.54693e-01 1.28644e-03
-8.73557e-01 9.05098e-01 1.18762e-03
-9.23292e-01 9.56257e-01 1.09898e-03
-9.73903e-01 1.00818e+00 1.01883e-03
-1.02540e+00 1.06086e+00 9.45849e-04
-1.07778e+00 1.11433e+00 8.79019e-04
-1.13105e+00 1.16858e+00 8.17522e-04
-1.18523e+00 1.22363e+00 7.60700e-04
-1.24032e+00 1.27949e+00 7.08011e-04
-1.29633e+00 1.33616e+00 6.59007e-04
-1.35326e+00 1.39367e+00 6.13315e-04
-1.41114e+00 1.45201e+00 5.70617e-04
-1.46996e+00 1.51120e+00 5.30645e-04
-1.52975e+00 1.57125e+00 4.93168e-04
-1.59050e+00 1.63219e+00 4.57989e-04
-1.65223e+00 1.69401e+00 4.24936e-04
-1.71497e+00 1.75673e+00 3.93863e-04
-1.77871e+00 1.82037e+00 3.64640e-04
-1.84347e+00 1.88494e+00 3.37159e-04
-1.90927e+00 1.95046e+00 3.11323e-04
-1.97872e+00 2.01953e+00 2.95701e-04
-2.05164e+00 2.09195e+00 2.74299e-04
-2.12536e+00 2.16507e+00 2.53945e-04
-2.19990e+00 2.23892e+00 2.34563e-04
-2.27530e+00 2.31351e+00 2.16082e-04
-2.35156e+00 2.38888e+00 1.98442e-04
-2.42871e+00 2.46504e+00 1.81587e-04
-2.50678e+00 2.54201e+00 1.65468e-04
-2.58578e+00 2.61983e+00 1.50041e-04
-2.66575e+00 2.69851e+00 1.35267e-04
-2.74669e+00 2.77807e+00 1.21111e-04
-2.82865e+00 2.85855e+00 1.07543e-04
-2.91164e+00 2.93996e+00 9.45365e-05
-2.99569e+00 3.02233e+00 8.20699e-05
-3.08083e+00 3.10570e+00 7.01268e-05
-3.16708e+00 3.19008e+00 5.86970e-05
-3.25447e+00 3.27550e+00 4.77786e-05
-3.34304e+00 3.36199e+00 3.73819e-05
-3.43280e+00 3.44959e+00 2.75364e-05
-3.52379e+00 3.53831e+00 1.83050e-05
-3.61604e+00 3.62819e+00 9.81499e-06
-3.70958e+00 3.71927e+00 2.33352e-06
-3.80445e+00 3.81156e+00 -3.51367e-06
-3.90067e+00 3.90511e+00 -5.91802e-06
-3.99829e+00 3.99995e+00 3.16652e-06
-5.72401e-01 6.33897e-01 2.04905e-03
-6.14792e-01 6.82703e-01 1.84323e-03
-6.58160e-01 7.32102e-01 1.67178e-03
-7.02504e-01 7.82103e-01 1.52572e-03
-7.47825e-01 8.32715e-01 1.39905e-03
-7.94121e-01 8.83948e-01 1.28765e-03
-8.41395e-01 9.35810e-01 1.18853e-03
-8.89648e-01 9.88313e-01 1.09951e-03
-9.38882e-01 1.04147e+00 1.01894e-03
-9.89103e-01 1.09528e+00 9.45540e-04
-1.04031e+00 1.14977e+00 8.78296e-04
-1.09252e+00 1.20493e+00 8.16407e-04
-1.14572e+00 1.26080e+00 7.59219e-04
-1.19993e+00 1.31737e+00 7.06196e-04
-1.25515e+00 1.37465e+00 6.56891e-04
-1.31140e+00 1.43267e+00 6.10932e-04
-1.36867e+00 1.49143e+00 5.68000e-04
-1.42698e+00 1.55095e+00 5.27827e-04
-1.48634e+00 1.61124e+00 4.90181e-04
-1.54675e+00 1.67232e+00 4.54863e-04
-1.60824e+00 1.73419e+00 4.21701e-04
-1.67080e+00 1.79687e+00 3.90546e-04
-1.73445e+00 1.86039e+00 3.61268e-04
-1.79921e+00 1.92474e+00 3.33755e-04
-1.86509e+00 1.98996e+00 3.07911e-04
-1.93470e+00 2.05861e+00 2.96270e-04
-2.00787e+00 2.13050e+00 2.75933e-04
-2.08193e+00 2.20299e+00 2.56581e-04
-2.15691e+00 2.27611e+00 2.38142e-04
-2.23282e+00 2.34989e+00 2.20554e-04
-2.30970e+00 2.42434e+00 2.03761e-04
-2.38755e+00 2.49949e+00 1.87714e-04
-2.46641e+00 2.57536e+00 1.72368e-04
-2.54630e+00 2.65197e+00 1.57684e-04
-2.62723e+00 2.72936e+00 1.43627e-04
-2.70924e+00 2.80754e+00 1.30167e-04
-2.79234e+00 2.88653e+00 1.17276e-04
-2.87657e+00 2.96637e+00 1.04934e-04
-2.96194e+00 3.04708e+00 9.31210e-05
-3.04849e+00 3.12868e+00 8.18256e-05
-3.13624e+00 3.21120e+00 7.10403e-05
-3.22522e+00 3.29466e+00 6.07654e-05
-3.31546e+00 3.37911e+00 5.10107e-05
-3.40699e+00 3.46455e+00 4.17998e-05
-3.49983e+00 3.55103e+00 3.31773e-05
-3.59403e+00 3.63857e+00 2.52209e-05
-3.68961e+00 3.72720e+00 1.80656e-05
-3.78660e+00 3.81695e+00 1.19533e-05
-3.88504e+00 3.90786e+00 7.34544e-06
-3.98496e+00 3.99995e+00 5.22014e-06
-5.51062e-01 6.53801e-01 2.03535e-03
-5.91293e-01 7.04546e-01 1.83389e-03
-6.32613e-01 7.55763e-01 1.66499e-03
-6.75017e-01 8.07466e-01 1.52041e-03
-7.18501e-01 8.59666e-01 1.39459e-03
-7.63063e-01 9.12375e-01 1.28364e-03
-8.08702e-01 9.65605e-01 1.18473e-03
-8.55418e-01 1.01937e+00 1.09578e-03
-9.03210e-01 1.07368e+00 1.01517e-03
-9.52080e-01 1.12855e+00 9.41679e-04
-1.00203e+00 1.18399e+00 8.74317e-04
-1.05306e+00 1.24002e+00 8.12297e-04
-1.10518e+00 1.29664e+00 7.54977e-04
-1.15839e+00 1.35388e+00 7.01826e-04
-1.21270e+00 1.41174e+00 6.52404e-04
-1.26811e+00 1.47024e+00 6.06339e-04
-1.32463e+00 1.52940e+00 5.63316e-04
-1.38226e+00 1.58922e+00 5.23067e-04
-1.44102e+00 1.64972e+00 4.85360e-04
-1.50092e+00 1.71092e+00 4.49996e-04
-1.56195e+00 1.77284e+00 4.16802e-04
-1.62415e+00 1.83548e+00 3.85628e-04
-1.68750e+00 1.89887e+00 3.56342e-04
-1.75203e+00 1.96301e+00 3.28832e-04
-1.81775e+00 2.02793e+00 3.02998e-04
-1.88726e+00 2.09618e+00 2.95458e-04
-1.96039e+00 2.16753e+00 2.76243e-04
-2.03449e+00 2.23940e+00 2.57929e-04
-2.10959e+00 2.31181e+00 2.40452e-04
-2.18572e+00 2.38478e+00 2.23755e-04
-2.26288e+00 2.45835e+00 2.07788e-04
-2.34110e+00 2.53252e+00 1.92505e-04
-2.42040e+00 2.60732e+00 1.77865e-04
-2.50081e+00 2.68278e+00 1.63832e-04
-2.58234e+00 2.75892e+00 1.50374e-04
-2.66503e+00 2.83577e+00 1.37461e-04
-2.74888e+00 2.91334e+00 1.25066e-04
-2.83394e+00 2.99167e+00 1.13167e-04
-2.92023e+00 3.07077e+00 1.01745e-04
-3.00776e+00 3.15068e+00 9.07806e-05
-3.09658e+00 3.23142e+00 8.02619e-05
-3.18669e+00 3.31301e+00 7.01787e-05
-3.27815e+00 3.39549e+00 6.05251e-05
-3.37097e+00 3.47888e+00 5.13009e-05
-3.46518e+00 3.56321e+00 4.25125e-05
-3.56082e+00 3.64850e+00 3.41763e-05
-3.65792e+00 3.73479e+00 2.63224e-05
-3.75651e+00 3.82211e+00 1.90032e-05
-3.85663e+00 3.91049e+00 1.23063e-05
-3.95831e+00 3.99996e+00 6.38234e-06
-5.29312e-01 6.73403e-01 2.01308e-03
-5.67403e-01 7.25958e-01 1.81684e-03
-6.06681e-01 7.78873e-01 1.65126e-03
-6.47137e-01 8.32166e-01 1.50883e-03
-6.88765e-01 8.85850e-01 1.38445e-03
-7.31562e-01 9.39939e-01 1.27446e-03
-7.75523e-01 9.94448e-01 1.17621e-03
-8.20646e-01 1.04939e+00 1.08770e-03
-8.66928e-01 1.10479e+00 1.00741e-03
-9.14370e-01 1.16064e+00 9.34141e-04
-9.62971e-01 1.21698e+00 8.66937e-04
-1.01273e+00 1.27381e+00 8.05033e-04
-1.06366e+00 1.33114e+00 7.47800e-04
-1.11575e+00 1.38900e+00 6.94719e-04
-1.16901e+00 1.44740e+00 6.45354e-04
-1.22344e+00 1.50635e+00 5.99339e-04
-1.27905e+00 1.56587e+00 5.56363e-04
-1.33584e+00 1.62597e+00 5.16158e-04
-1.39383e+00 1.68667e+00 4.78495e-04
-1.45302e+00 1.74799e+00 4.43175e-04
-1.51342e+00 1.80994e+00 4.10024e-04
-1.57503e+00 1.87253e+00 3.78892e-04
-1.63787e+00 1.93579e+00 3.49647e-04
-1.70195e+00 1.99973e+00 3.22173e-04
-1.76728e+00 2.06437e+00 2.96371e-04
-1.83643e+00 2.13221e+00 2.93130e-04
-1.90922e+00 2.20303e+00 2.75094e-04
-1.98307e+00 2.27429e+00 2.57857e-04
-2.05799e+00 2.34601e+00 2.41364e-04
-2.13399e+00 2.41820e+00 2.25563e-04
-2.21111e+00 2.49090e+00 2.10410e-04
-2.28936e+00 2.56413e+00 1.95864e-04
-2.36875e+00 2.63790e+00 1.81886e-04
-2.44932e+00 2.71225e+00 1.68444e-04
-2.53109e+00 2.78720e+00 1.55506e-04
-2.61407e+00 2.86276e+00 1.43044e-04
-2.69829e+00 2.93897e+00 1.31032e-04
-2.78378e+00 3.01585e+00 1.19445e-04
-2.87055e+00 3.09342e+00 1.08261e-04
-2.95865e+00 3.17171e+00 9.74590e-05
-3.04809e+00 3.25074e+00 8.70194e-05
-3.13890e+00 3.33054e+00 7.69237e-05
-3.23110e+00 3.41114e+00 6.71548e-05
-3.32474e+00 3.49257e+00 5.76959e-05
-3.41984e+00 3.57484e+00 4.85313e-05
-3.51642e+00 3.65799e+00 3.96453e-05
-3.61453e+00 3.74205e+00 3.10228e-05
-3.71420e+00 3.82704e+00 2.26480e-05
-3.81545e+00 3.91300e+00 1.45049e-05
-3.91833e+00 3.99996e+00 6.57560e-06
-5.07191e-01 6.92673e-01 1.98297e-03
-5.43163e-01 7.46907e-01 1.79257e-03
-5.80405e-01 8.01400e-01 1.63089e-03
-6.18907e-01 8.56170e-01 1.49117e-03
-6.58661e-01 9.11233e-01 1.36870e-03
-6.99661e-01 9.66606e-01 1.26011e-03
-7.41900e-01 1.02231e+00 1.16291e-03
-7.85374e-01 1.07835e+00 1.07521e-03
-8.30080e-01 1.13475e+00 9.95554e-04
-8.76015e-01 1.19153e+00 9.22789e-04
-9.23177e-01 1.24870e+00 8.55999e-04
-9.71566e-01 1.30627e+00 7.94442e-04
-1.02118e+00 1.36427e+00 7.37504e-04
-1.07203e+00 1.42271e+00 6.84678e-04
-1.12410e+00 1.48161e+00 6.35538e-04
-1.17741e+00 1.54098e+00 5.89723e-04
-1.23196e+00 1.60083e+00 5.46927e-04
-1.28776e+00 1.66119e+00 5.06884e-04
-1.34480e+00 1.72208e+00 4.69367e-04
-1.40309e+00 1.78350e+00 4.34179e-04
-1.46265e+00 1.84547e+00 4.01146e-04
-1.52348e+00 1.90802e+00 3.70117e-04
-1.58560e+00 1.97115e+00 3.40961e-04
-1.64900e+00 2.03489e+00 3.13561e-04
-1.71370e+00 2.09926e+00 2.87815e-04
-1.78222e+00 2.16670e+00 2.89144e-04
-1.85439e+00 2.23700e+00 2.72343e-04
-1.92768e+00 2.30766e+00 2.56224e-04
-2.00210e+00 2.37869e+00 2.40740e-04
-2.07767e+00 2.45013e+00 2.25847e-04
-2.15441e+00 2.52200e+00 2.11505e-04
-2.23235e+00 2.59431e+00 1.97680e-04
-2.31149e+00 2.66710e+00 1.84337e-04
-2.39185e+00 2.74037e+00 1.71445e-04
-2.47348e+00 2.81417e+00 1.58977e-04
-2.55637e+00 2.88851e+00 1.46905e-04
-2.64056e+00 2.96341e+00 1.35204e-04
-2.72607e+00 3.03891e+00 1.23849e-04
-2.81293e+00 3.11501e+00 1.12817e-04
-2.90116e+00 3.19176e+00 1.02084e-04
-2.99078e+00 3.26916e+00 9.16290e-05
-3.08183e+00 3.34726e+00 8.14275e-05
-3.17433e+00 3.42607e+00 7.14566e-05
-3.26831e+00 3.50561e+00 6.16916e-05
-3.36380e+00 3.58593e+00 5.21063e-05
-3.46083e+00 3.66704e+00 4.26721e-05
-3.55943e+00 3.74897e+00 3.33567e-05
-3.65964e+00 3.83174e+00 2.41229e-05
-3.76150e+00 3.91540e+00 1.49263e-05
-3.86502e+00 3.99996e+00 5.71270e-06
-4.84739e-01 7.11578e-01 1.94575e-03
-5.18614e-01 7.67362e-01 1.76156e-03
-5.53828e-01 8.23312e-01 1.60421e-03
-5.90371e-01 8.79447e-01 1.46760e-03
-6.28233e-01 9.35786e-01 1.34745e-03
-6.67404e-01 9.92347e-01 1.24063e-03
-7.07878e-01 1.04915e+00 1.14481e-03
-7.49649e-01 1.10621e+00 1.05822e-03
-7.92710e-01 1.16355e+00 9.79475e-04
-8.37058e-01 1.22118e+00 9.07473e-04
-8.82691e-01 1.27912e+00 8.41333e-04
-9.29605e-01 1.33739e+00 7.80336e-04
-9.77801e-01 1.39600e+00 7.23889e-04
-1.02728e+00 1.45498e+00 6.71496e-04
-1.07804e+00 1.51434e+00 6.22742e-04
-1.13008e+00 1.57409e+00 5.77272e-04
-1.18341e+00 1.63426e+00 5.34785e-04
-1.23803e+00 1.69486e+00 4.95019e-04
-1.29395e+00 1.75591e+00 4.57751e-04
-1.35117e+00 1.81742e+00 4.22782e-04
-1.40969e+00 1.87942e+00 3.89943e-04
-1.46954e+00 1.94192e+00 3.59081e-04
-1.53070e+00 2.00493e+00 3.30065e-04
-1.59319e+00 2.06848e+00 3.02778e-04
-1.65703e+00 2.13259e+00 2.77116e-04
-1.72465e+00 2.19964e+00 2.83349e-04
-1.79591e+00 2.26942e+00 2.67838e-04
-1.86834e+00 2.33949e+00 2.52879e-04
-1.94196e+00 2.40986e+00 2.38432e-04
-2.01677e+00 2.48057e+00 2.24462e-04
-2.09281e+00 2.55163e+00 2.10937e-04
-2.17008e+00 2.62306e+00 1.97826e-04
-2.24861e+00 2.69489e+00 1.85102e-04
-2.32842e+00 2.76715e+00 1.72738e-04
-2.40952e+00 2.83985e+00 1.60708e-04
-2.49195e+00 2.91301e+00 1.48989e-04
-2.57571e+00 2.98667e+00 1.37556e-04
-2.66084e+00 3.06084e+00 1.26387e-04
-2.74736e+00 3.13555e+00 1.15458e-04
-2.83529e+00 3.21083e+00 1.04748e-04
-2.92466e+00 3.28668e+00 9.42320e-05
-3.01549e+00 3.36315e+00 8.38867e-05
-3.10782e+00 3.44026e+00 7.36867e-05
-3.20167e+00 3.51802e+00 6.36052e-05
-3.29706e+00 3.59648e+00 5.36129e-05
-3.39404e+00 3.67564e+00 4.36779e-05
-3.49263e+00 3.75554e+00 3.37642e-05
-3.59286e+00 3.83621e+00 2.38306e-05
-3.69477e+00 3.91768e+00 1.38295e-05
-3.79839e+00 3.99996e+00 3.70416e-06
-4.61997e-01 7.30090e-01 1.90208e-03
-4.93797e-01 7.87294e-01 1.72429e-03
-5.26994e-01 8.44579e-01 1.57152e-03
-5.61574e-01 9.01968e-01 1.43831e-03
-5.97525e-01 9.59479e-01 1.32077e-03
-6.34838e-01 1.01713e+00 1.21600e-03
-6.73503e-01 1.07495e+00 1.12185e-03
-7.13514e-01 1.13295e+00 1.03663e-03
-7.54863e-01 1.19114e+00 9.59043e-04
-7.97546e-01 1.24956e+00 8.88034e-04
-8.41557e-01 1.30821e+00 8.22758e-04
-8.86895e-01 1.36712e+00 7.62521e-04
-9.33556e-01 1.42631e+00 7.06748e-04
-9.81540e-01 1.48578e+00 6.54957e-04
-1.03085e+00 1.54557e+00 6.06743e-04
-1.08148e+00 1.60568e+00 5.61759e-04
-1.13343e+00 1.66614e+00 5.19708e-04
-1.18672e+00 1.72696e+00 4.80334e-04
-1.24133e+00 1.78816e+00 4.43415e-04
-1.29728e+00 1.84976e+00 4.08756e-04
-1.35458e+00 1.91177e+00 3.76187e-04
-1.41322e+00 1.97422e+00 3.45558e-04
-1.47321e+00 2.03712e+00 3.16737e-04
-1.53457e+00 2.10049e+00 2.89607e-04
-1.59730e+00 2.16434e+00 2.64064e-04
-1.66376e+00 2.23102e+00 2.75588e-04
-1.73382e+00 2.30029e+00 2.61424e-04
-1.80508e+00 2.36978e+00 2.47666e-04
-1.87758e+00 2.43951e+00 2.34287e-04
-1.95131e+00 2.50950e+00 2.21260e-04
-2.02630e+00 2.57979e+00 2.08562e-04
-2.10258e+00 2.65038e+00 1.96168e-04
-2.18014e+00 2.72130e+00 1.84057e-04
-2.25902e+00 2.79257e+00 1.72208e-04
-2.33924e+00 2.86422e+00 1.60600e-04
-2.42080e+00 2.93627e+00 1.49213e-04
-2.50375e+00 3.00874e+00 1.38026e-04
-2.58809e+00 3.08166e+00 1.27019e-04
-2.67385e+00 3.15504e+00 1.16172e-04
-2.76106e+00 3.22892e+00 1.05463e-04
-2.84973e+00 3.30331e+00 9.48724e-05
-2.93990e+00 3.37823e+00 8.43762e-05
-3.03159e+00 3.45372e+00 7.39507e-05
-3.12483e+00 3.52980e+00 6.35705e-05
-3.21964e+00 3.60648e+00 5.32077e-05
-3.31606e+00 3.68380e+00 4.28321e-05
-3.41412e+00 3.76179e+00 3.24099e-05
-3.51384e+00 3.84045e+00 2.19035e-05
-3.61527e+00 3.91984e+00 1.12699e-05
-3.71843e+00 3.99996e+00 4.59968e-07
-4.39006e-01 7.48183e-01 1.85261e-03
-4.68757e-01 8.06676e-01 1.68118e-03
-4.99946e-01 8.65177e-01 1.53310e-03
-5.32558e-01 9.23706e-01 1.40346e-03
-5.66582e-01 9.82286e-01 1.28872e-03
-6.02006e-01 1.04094e+00 1.18623e-03
-6.38821e-01 1.09968e+00 1.09395e-03
-6.77016e-01 1.15854e+00 1.01033e-03
-7.16586e-01 1.21752e+00 9.34114e-04
-7.57523e-01 1.27666e+00 8.64303e-04
-7.99822e-01 1.33597e+00 8.00085e-04
-8.43480e-01 1.39547e+00 7.40791e-04
-8.88493e-01 1.45518e+00 6.85865e-04
-9.34859e-01 1.51511e+00 6.34837e-04
-9.82577e-01 1.57529e+00 5.87312e-04
-1.03165e+00 1.63573e+00 5.42951e-04
-1.08207e+00 1.69645e+00 5.01462e-04
-1.13385e+00 1.75747e+00 4.62594e-04
-1.18698e+00 1.81881e+00 4.26127e-04
-1.24147e+00 1.88049e+00 3.91869e-04
-1.29734e+00 1.94251e+00 3.59651e-04
-1.35457e+00 2.00491e+00 3.29325e-04
-1.41317e+00 2.06770e+00 3.00759e-04
-1.47317e+00 2.13090e+00 2.73835e-04
-1.53455e+00 2.19452e+00 2.48449e-04
-1.59958e+00 2.26082e+00 2.65700e-04
-1.66813e+00 2.32959e+00 2.52938e-04
-1.73793e+00 2.39852e+00 2.40425e-04
-1.80898e+00 2.46762e+00 2.28147e-04
-1.88131e+00 2.53693e+00 2.16086e-04
-1.95493e+00 2.60647e+00 2.04230e-04
-2.02985e+00 2.67625e+00 1.92562e-04
-2.10610e+00 2.74630e+00 1.81067e-04
-2.18369e+00 2.81664e+00 1.69732e-04
-2.26263e+00 2.88729e+00 1.58541e-04
-2.34296e+00 2.95828e+00 1.47478e-04
-2.42468e+00 3.02963e+00 1.36529e-04
-2.50783e+00 3.10135e+00 1.25677e-04
-2.59241e+00 3.17348e+00 1.14907e-04
-2.67846e+00 3.24603e+00 1.04200e-04
-2.76600e+00 3.31903e+00 9.35380e-05
-2.85505e+00 3.39249e+00 8.29026e-05
-2.94564e+00 3.46645e+00 7.22729e-05
-3.03779e+00 3.54093e+00 6.16267e-05
-3.13153e+00 3.61594e+00 5.09402e-05
-3.22689e+00 3.69152e+00 4.01873e-05
-3.32390e+00 3.76769e+00 2.93395e-05
-3.42259e+00 3.84447e+00 1.83650e-05
-3.52299e+00 3.92188e+00 7.22864e-06
-3.62514e+00 3.99996e+00 -4.10914e-06
-4.15807e-01 7.65830e-01 1.79791e-03
-4.43535e-01 8.25483e-01 1.63265e-03
-4.72727e-01 8.85079e-01 1.48920e-03
-5.03370e-01 9.44639e-01 1.36319e-03
-5.35450e-01 1.00419e+00 1.25137e-03
-5.68956e-01 1.06374e+00 1.15129e-03
-6.03876e-01 1.12333e+00 1.06106e-03
-6.40202e-01 1.18296e+00 9.79207e-04
-6.77924e-01 1.24266e+00 9.04539e-04
-7.17036e-01 1.30246e+00 8.36103e-04
-7.57532e-01 1.36237e+00 7.73118e-04
-7.99407e-01 1.42240e+00 7.14938e-04
-8.42657e-01 1.48258e+00 6.61020e-04
-8.87279e-01 1.54294e+00 6.10909e-04
-9.33270e-01 1.60347e+00 5.64219e-04
-9.80632e-01 1.66422e+00 5.20616e-04
-1.02936e+00 1.72518e+00 4.79815e-04
-1.07946e+00 1.78639e+00 4.41568e-04
-1.13094e+00 1.84785e+00 4.05658e-04
-1.18378e+00 1.90960e+00 3.71896e-04
-1.23801e+00 1.97164e+00 3.40114e-04
-1.29362e+00 2.03399e+00 3.10165e-04
-1.35062e+00 2.09667e+00 2.81917e-04
-1.40901e+00 2.15971e+00 2.55255e-04
-1.46881e+00 2.22311e+00 2.30075e-04
-1.53214e+00 2.28905e+00 2.53523e-04
-1.59889e+00 2.35733e+00 2.42218e-04
-1.66691e+00 2.42570e+00 2.30995e-04
-1.73621e+00 2.49420e+00 2.19852e-04
-1.80680e+00 2.56285e+00 2.08785e-04
-1.87871e+00 2.63167e+00 1.97790e-04
-1.95194e+00 2.70068e+00 1.86861e-04
-2.02651e+00 2.76990e+00 1.75993e-04
-2.10243e+00 2.83935e+00 1.65178e-04
-2.17973e+00 2.90906e+00 1.54408e-04
-2.25843e+00 2.97904e+00 1.43674e-04
-2.33853e+00 3.04932e+00 1.32968e-04
-2.42007e+00 3.11992e+00 1.22277e-04
-2.50305e+00 3.19086e+00 1.11592e-04
-2.58752e+00 3.26216e+00 1.00898e-04
-2.67347e+00 3.33384e+00 9.01839e-05
-2.76095e+00 3.40593e+00 7.94338e-05
-2.84997e+00 3.47845e+00 6.86322e-05
-2.94055e+00 3.55142e+00 5.77618e-05
-3.03273e+00 3.62486e+00 4.68039e-05
-3.12654e+00 3.69879e+00 3.57379e-05
-3.22199e+00 3.77325e+00 2.45415e-05
-3.31911e+00 3.84825e+00 1.31899e-05
-3.41795e+00 3.92381e+00 1.65606e-06
-3.51852e+00 3.99996e+00 -1.00900e-05
-3.92444e-01 7.83007e-01 1.73852e-03
-4.18173e-01 8.43693e-01 1.57905e-03
-4.45381e-01 9.04264e-01 1.44008e-03
-4.74053e-01 9.64745e-01 1.31763e-03
-5.04174e-01 1.02516e+00 1.20876e-03
-5.35732e-01 1.08552e+00 1.11117e-03
-5.68717e-01 1.14586e+00 1.02310e-03
-6.03117e-01 1.20620e+00 9.43137e-04
-6.38925e-01 1.26655e+00 8.70163e-04
-6.76133e-01 1.32694e+00 8.03257e-04
-7.14734e-01 1.38738e+00 7.41661e-04
-7.54723e-01 1.44791e+00 6.84749e-04
-7.96094e-01 1.50852e+00 6.31994e-04
-8.38846e-01 1.56925e+00 5.82949e-04
-8.82974e-01 1.63012e+00 5.37234e-04
-9.28478e-01 1.69113e+00 4.94525e-04
-9.75357e-01 1.75232e+00 4.54538e-04
-1.02361e+00 1.81370e+00 4.17029e-04
-1.07324e+00 1.87528e+00 3.81784e-04
-1.12425e+00 1.93708e+00 3.48617e-04
-1.17664e+00 1.99913e+00 3.17360e-04
-1.23042e+00 2.06144e+00 2.87869e-04
-1.28558e+00 2.12403e+00 2.60012e-04
-1.34214e+00 2.18691e+00 2.33675e-04
-1.40010e+00 2.25010e+00 2.08752e-04
-1.46146e+00 2.31570e+00 2.38895e-04
-1.52611e+00 2.38349e+00 2.29105e-04
-1.59205e+00 2.45133e+00 2.19217e-04
-1.65928e+00 2.51925e+00 2.09246e-04
-1.72781e+00 2.58726e+00 1.99202e-04
-1.79766e+00 2.65539e+00 1.89092e-04
-1.86885e+00 2.72366e+00 1.78923e-04
-1.94138e+00 2.79209e+00 1.68696e-04
-2.01528e+00 2.86071e+00 1.58415e-04
-2.09055e+00 2.92952e+00 1.48080e-04
-2.16722e+00 2.99855e+00 1.37688e-04
-2.24531e+00 3.06782e+00 1.27237e-04
-2.32482e+00 3.13736e+00 1.16724e-04
-2.40579e+00 3.20718e+00 1.06143e-04
-2.48823e+00 3.27731e+00 9.54861e-05
-2.57216e+00 3.34776e+00 8.47471e-05
-2.65760e+00 3.41855e+00 7.39162e-05
-2.74459e+00 3.48972e+00 6.29833e-05
-2.83313e+00 3.56127e+00 5.19366e-05
-2.92325e+00 3.63323e+00 4.07632e-05
-3.01499e+00 3.70563e+00 2.94487e-05
-3.10836e+00 3.77847e+00 1.79770e-05
-3.20340e+00 3.85180e+00 6.33063e-06
-3.30013e+00 3.92562e+00 -5.50979e-06
-3.39858e+00 3.99996e+00 -1.75656e-05
-3.68955e-01 7.99695e-01 1.67491e-03
-3.92715e-01 8.61285e-01 1.52074e-03
-4.17952e-01 9.22714e-01 1.38594e-03
-4.44651e-01 9.84005e-01 1.26691e-03
-4.72798e-01 1.04518e+00 1.16091e-03
-5.02381e-01 1.10626e+00 1.06582e-03
-5.33388e-01 1.16727e+00 9.79965e-04
-5.65810e-01 1.22823e+00 9.01996e-04
-5.99636e-01 1.28916e+00 8.30832e-04
-6.34861e-01 1.35008e+00 7.65584e-04
-6.71475e-01 1.41101e+00 7.05517e-04
-7.09475e-01 1.47197e+00 6.50018e-04
-7.48854e-01 1.53298e+00 5.98570e-04
-7.89608e-01 1.59405e+00 5.50735e-04
-8.31736e-01 1.65521e+00 5.06137e-04
-8.75233e-01 1.71647e+00 4.64455e-04
-9.20101e-01 1.77786e+00 4.25411e-04
-9.66337e-01 1.83939e+00 3.88762e-04
-1.01394e+00 1.90107e+00 3.54296e-04
-1.06292e+00 1.96293e+00 3.21827e-04
-1.11327e+00 2.02499e+00 2.91193e-04
-1.16500e+00 2.08726e+00 2.62246e-04
-1.21810e+00 2.14975e+00 2.34859e-04
-1.27260e+00 2.21249e+00 2.08916e-04
-1.32848e+00 2.27550e+00 1.84314e-04
-1.38759e+00 2.34076e+00 2.21663e-04
-1.44985e+00 2.40807e+00 2.13443e-04
-1.51339e+00 2.47539e+00 2.04938e-04
-1.57822e+00 2.54275e+00 1.96179e-04
-1.64437e+00 2.61015e+00 1.87190e-04
-1.71183e+00 2.67763e+00 1.77993e-04
-1.78062e+00 2.74520e+00 1.68606e-04
-1.85075e+00 2.81288e+00 1.59043e-04
-1.92225e+00 2.88070e+00 1.49317e-04
-1.99511e+00 2.94867e+00 1.39435e-04
-2.06937e+00 3.01680e+00 1.29406e-04
-2.14503e+00 3.08513e+00 1.19234e-04
-2.22211e+00 3.15368e+00 1.08922e-04
-2.30063e+00 3.22245e+00 9.84728e-05
-2.38061e+00 3.29147e+00 8.78850e-05
-2.46207e+00 3.36077e+00 7.71574e-05
-2.54502e+00 3.43036e+00 6.62870e-05
-2.62950e+00 3.50025e+00 5.52695e-05
-2.71552e+00 3.57048e+00 4.40991e-05
-2.80310e+00 3.64106e+00 3.27691e-05
-2.89226e+00 3.71201e+00 2.12710e-05
-2.98304e+00 3.78336e+00 9.59530e-06
-3.07546e+00 3.85512e+00 -2.26879e-06
-3.16954e+00 3.92731e+00 -1.43335e-05
-3.26531e+00 3.99996e+00 -2.66126e-05
-3.45383e-01 8.15872e-01 1.60753e-03
-3.67202e-01 8.78241e-01 1.45802e-03
-3.90481e-01 9.40411e-01 1.32698e-03
-4.15207e-01 1.00241e+00 1.21112e-03
-4.41366e-01 1.06425e+00 1.10787e-03
-4.68946e-01 1.12595e+00 1.01522e-03
-4.97936e-01 1.18755e+00 9.31586e-04
-5.28325e-01 1.24906e+00 8.55659e-04
-5.60104e-01 1.31050e+00 7.86390e-04
-5.93266e-01 1.37188e+00 7.22910e-04
-6.27804e-01 1.43324e+00 6.64497e-04
-6.63711e-01 1.49459e+00 6.10545e-04
-7.00982e-01 1.55594e+00 5.60545e-04
-7.39614e-01 1.61732e+00 5.14060e-04
-7.79602e-01 1.67874e+00 4.70719e-04
-8.20945e-01 1.74023e+00 4.30203e-04
-8.63640e-01 1.80179e+00 3.92233e-04
-9.07687e-01 1.86346e+00 3.56569e-04
-9.53086e-01 1.92524e+00 3.23001e-04
-9.99838e-01 1.98715e+00 2.91343e-04
-1.04794e+00 2.04921e+00 2.61433e-04
-1.09741e+00 2.11144e+00 2.33126e-04
-1.14823e+00 2.17385e+00 2.06295e-04
-1.20042e+00 2.23646e+00 1.80825e-04
-1.25397e+00 2.29929e+00 1.56615e-04
-1.31057e+00 2.36423e+00 2.01681e-04
-1.37012e+00 2.43108e+00 1.95089e-04
-1.43096e+00 2.49789e+00 1.88015e-04
-1.49308e+00 2.56470e+00 1.80508e-04
-1.55650e+00 2.63153e+00 1.72610e-04
-1.62122e+00 2.69838e+00 1.64358e-04
-1.68727e+00 2.76529e+00 1.55782e-04
-1.75464e+00 2.83226e+00 1.46910e-04
-1.82336e+00 2.89933e+00 1.37763e-04
-1.89343e+00 2.96650e+00 1.28362e-04
-1.96488e+00 3.03381e+00 1.18723e-04
-2.03771e+00 3.10125e+00 1.08859e-04
-2.11194e+00 3.16887e+00 9.87816e-05
-2.18759e+00 3.23666e+00 8.84990e-05
-2.26467e+00 3.30466e+00 7.80185e-05
-2.34321e+00 3.37288e+00 6.73452e-05
-2.42322e+00 3.44134e+00 5.64823e-05
-2.50471e+00 3.51006e+00 4.54320e-05
-2.58772e+00 3.57905e+00 3.41945e-05
-2.67226e+00 3.64835e+00 2.27689e-05
-2.75835e+00 3.71796e+00 1.11531e-05
-2.84602e+00 3.78791e+00 -6.56523e-07
-2.93528e+00 3.85821e+00 -1.26645e-05
-3.02617e+00 3.92889e+00 -2.48766e-05
-3.11871e+00 3.99997e+00 -3.72999e-05
-3.21251e-01 8.31858e-01 1.47332e-03
-3.41163e-01 8.94874e-01 1.33973e-03
-3.62506e-01 9.57663e-01 1.22147e-03
-3.85265e-01 1.02025e+00 1.11605e-03
-4.09429e-01 1.08264e+00 1.02147e-03
-4.34985e-01 1.14488e+00 9.36108e-04
-4.61922e-01 1.20697e+00 8.58635e-04
-4.90232e-01 1.26895e+00 7.87961e-04
-5.19904e-01 1.33081e+00 7.23175e-04
-5.50931e-01 1.39260e+00 6.63518e-04
-5.83307e-01 1.45432e+00 6.08349e-04
-6.17025e-01 1.51599e+00 5.57125e-04
-6.52079e-01 1.57764e+00 5.09383e-04
-6.88467e-01 1.63928e+00 4.64728e-04
-7.26183e-01 1.70092e+00 4.22817e-04
-7.65226e-01 1.76260e+00 3.83357e-04
-8.05594e-01 1.82431e+00 3.46091e-04
-8.47285e-01 1.88608e+00 3.10796e-04
-8.90298e-01 1.94794e+00 2.77275e-04
-9.34636e-01 2.00988e+00 2.45357e-04
-9.80297e-01 2.07194e+00 2.14891e-04
-1.02729e+00 2.13412e+00 1.85741e-04
-1.07560e+00 2.19645e+00 1.57790e-04
-1.12525e+00 2.25893e+00 1.30930e-04
-1.17624e+00 2.32159e+00 1.05066e-04
-1.23006e+00 2.38621e+00 1.62584e-04
-1.28664e+00 2.45259e+00 1.62280e-04
-1.34449e+00 2.51891e+00 1.60998e-04
-1.40360e+00 2.58519e+00 1.58808e-04
-1.46399e+00 2.65145e+00 1.55771e-04
-1.52566e+00 2.71771e+00 1.51941e-04
-1.58862e+00 2.78398e+00 1.47365e-04
-1.65289e+00 2.85029e+00 1.42085e-04
-1.71848e+00 2.91664e+00 1.36139e-04
-1.78539e+00 2.98307e+00 1.29557e-04
-1.85365e+00 3.04959e+00 1.22369e-04
-1.92326e+00 3.11621e+00 1.14599e-04
-1.99424e+00 3.18295e+00 1.06270e-04
-2.06660e+00 3.24984e+00 9.73986e-05
-2.14037e+00 3.31688e+00 8.80025e-05
-2.21554e+00 3.38410e+00 7.80949e-05
-2.29215e+00 3.45151e+00 6.76874e-05
-2.37020e+00 3.51914e+00 5.67894e-05
-2.44973e+00 3.58699e+00 4.54085e-05
-2.53073e+00 3.65510e+00 3.35506e-05
-2.61325e+00 3.72346e+00 2.12199e-05
-2.69729e+00 3.79212e+00 8.41892e-06
-2.78288e+00 3.86107e+00 -4.85110e-06
-2.87003e+00 3.93035e+00 -1.85905e-05
-2.95878e+00 3.99997e+00 -3.28008e-05
-2.95339e-01 8.48402e-01 1.42387e-03
-3.13396e-01 9.11915e-01 1.29774e-03
-3.32839e-01 9.75180e-01 1.18470e-03
-3.53654e-01 1.03822e+00 1.08288e-03
-3.75831e-01 1.10105e+00 9.90718e-04
-3.99357e-01 1.16369e+00 9.06915e-04
-4.24222e-01 1.22617e+00 8.30389e-04
-4.50418e-01 1.28850e+00 7.60225e-04
-4.77937e-01 1.35070e+00 6.95649e-04
-5.06769e-01 1.41279e+00 6.36003e-04
-5.36910e-01 1.47479e+00 5.80723e-04
-5.68353e-01 1.53672e+00 5.29324e-04
-6.01093e-01 1.59858e+00 4.81389e-04
-6.35126e-01 1.66041e+00 4.36556e-04
-6.70448e-01 1.72222e+00 3.94509e-04
-7.07057e-01 1.78402e+00 3.54975e-04
-7.44950e-01 1.84583e+00 3.17711e-04
-7.84125e-01 1.90766e+00 2.82508e-04
-8.24584e-01 1.96954e+00 2.49177e-04
-8.66324e-01 2.03148e+00 2.17553e-04
-9.09348e-01 2.09350e+00 1.87491e-04
-9.53656e-01 2.15560e+00 1.58859e-04
-9.99251e-01 2.21781e+00 1.31542e-04
-1.04613e+00 2.28015e+00 1.05436e-04
-1.09431e+00 2.34262e+00 8.04466e-05
-1.14514e+00 2.40690e+00 1.55407e-04
-1.19856e+00 2.47280e+00 1.54575e-04
-1.25321e+00 2.53861e+00 1.52904e-04
-1.30909e+00 2.60436e+00 1.50460e-04
-1.36620e+00 2.67006e+00 1.47298e-04
-1.42456e+00 2.73573e+00 1.43470e-04
-1.48418e+00 2.80139e+00 1.39021e-04
-1.54506e+00 2.86705e+00 1.33991e-04
-1.60721e+00 2.93273e+00 1.28415e-04
-1.67065e+00 2.99845e+00 1.22325e-04
-1.73539e+00 3.06422e+00 1.15748e-04
-1.80143e+00 3.13006e+00 1.08711e-04
-1.86880e+00 3.19598e+00 1.01234e-04
-1.93749e+00 3.26202e+00 9.33383e-05
-2.00754e+00 3.32817e+00 8.50409e-05
-2.07894e+00 3.39446e+00 7.63575e-05
-2.15172e+00 3.46090e+00 6.73015e-05
-2.22590e+00 3.52751e+00 5.78850e-05
-2.30148e+00 3.59431e+00 4.81185e-05
-2.37848e+00 3.66131e+00 3.80110e-05
-2.45693e+00 3.72853e+00 2.75702e-05
-2.53684e+00 3.79599e+00 1.68028e-05
-2.61823e+00 3.86371e+00 5.71417e-06
-2.70112e+00 3.93169e+00 -5.69114e-06
-2.78553e+00 3.99997e+00 -1.74097e-05
-2.69115e-01 8.64525e-01 1.35839e-03
-2.85354e-01 9.28407e-01 1.24089e-03
-3.02918e-01 9.92029e-01 1.13431e-03
-3.21797e-01 1.05541e+00 1.03732e-03
-3.41979e-01 1.11857e+00 9.48772e-04
-3.63455e-01 1.18153e+00 8.67674e-04
-3.86214e-01 1.24430e+00 7.93176e-04
-4.10249e-01 1.30691e+00 7.24541e-04
-4.35552e-01 1.36937e+00 6.61130e-04
-4.62115e-01 1.43170e+00 6.02388e-04
-4.89933e-01 1.49392e+00 5.47831e-04
-5.19001e-01 1.55604e+00 4.97037e-04
-5.49313e-01 1.61808e+00 4.49637e-04
-5.80865e-01 1.68005e+00 4.05304e-04
-6.13654e-01 1.74198e+00 3.63755e-04
-6.47678e-01 1.80388e+00 3.24735e-04
-6.82933e-01 1.86576e+00 2.88021e-04
-7.19419e-01 1.92764e+00 2.53416e-04
-7.57134e-01 1.98954e+00 2.20742e-04
-7.96079e-01 2.05146e+00 1.89843e-04
-8.36253e-01 2.11343e+00 1.60578e-04
-8.77659e-01 2.17546e+00 1.32821e-04
-9.20296e-01 2.23756e+00 1.06460e-04
-9.64168e-01 2.29975e+00 8.13926e-05
-1.00928e+00 2.36205e+00 5.75275e-05
-1.05685e+00 2.42600e+00 1.46892e-04
-1.10683e+00 2.49143e+00 1.45561e-04
-1.15799e+00 2.55675e+00 1.43529e-04
-1.21033e+00 2.62199e+00 1.40855e-04
-1.26386e+00 2.68716e+00 1.37590e-04
-1.31859e+00 2.75228e+00 1.33781e-04
-1.37452e+00 2.81735e+00 1.29468e-04
-1.43166e+00 2.88241e+00 1.24688e-04
-1.49003e+00 2.94745e+00 1.19475e-04
-1.54962e+00 3.01251e+00 1.13857e-04
-1.61045e+00 3.07759e+00 1.07861e-04
-1.67253e+00 3.14272e+00 1.01510e-04
-1.73587e+00 3.20789e+00 9.48255e-05
-1.80048e+00 3.27314e+00 8.78265e-05
-1.86637e+00 3.33848e+00 8.05301e-05
-1.93356e+00 3.40391e+00 7.29516e-05
-2.00206e+00 3.46947e+00 6.51048e-05
-2.07189e+00 3.53515e+00 5.70019e-05
-2.14304e+00 3.60099e+00 4.86541e-05
-2.21556e+00 3.66698e+00 4.00711e-05
-2.28943e+00 3.73316e+00 3.12619e-05
-2.36470e+00 3.79953e+00 2.22343e-05
-2.44136e+00 3.86611e+00 1.29952e-05
-2.51944e+00 3.93292e+00 3.55076e-06
-2.59895e+00 3.99997e+00 -6.09363e-06
-2.42628e-01 8.80213e-01 1.27768e-03
-2.57084e-01 9.44338e-01 1.16971e-03
-2.72793e-01 1.00820e+00 1.07062e-03
-2.89743e-01 1.07181e+00 9.79551e-04
-3.07925e-01 1.13520e+00 8.95709e-04
-3.27329e-01 1.19838e+00 8.18390e-04
-3.47949e-01 1.26136e+00 7.46959e-04
-3.69775e-01 1.32417e+00 6.80848e-04
-3.92801e-01 1.38682e+00 6.19550e-04
-4.17022e-01 1.44932e+00 5.62610e-04
-4.42430e-01 1.51170e+00 5.09627e-04
-4.69022e-01 1.57396e+00 4.60239e-04
-4.96793e-01 1.63612e+00 4.14125e-04
-5.25740e-01 1.69821e+00 3.71001e-04
-5.55858e-01 1.76023e+00 3.30608e-04
-5.87145e-01 1.82219e+00 2.92719e-04
-6.19600e-01 1.88412e+00 2.57129e-04
-6.53220e-01 1.94602e+00 2.23654e-04
-6.88005e-01 2.00792e+00 1.92129e-04
-7.23954e-01 2.06982e+00 1.62405e-04
-7.61068e-01 2.13174e+00 1.34350e-04
-7.99347e-01 2.19369e+00 1.07841e-04
-8.38792e-01 2.25569e+00 8.27720e-05
-8.79405e-01 2.31775e+00 5.90425e-05
-9.21188e-01 2.37989e+00 3.65639e-05
-9.65233e-01 2.44352e+00 1.36941e-04
-1.01150e+00 2.50848e+00 1.35160e-04
-1.05888e+00 2.57333e+00 1.32814e-04
-1.10738e+00 2.63808e+00 1.29954e-04
-1.15702e+00 2.70275e+00 1.26625e-04
-1.20778e+00 2.76734e+00 1.22867e-04
-1.25969e+00 2.83187e+00 1.18718e-04
-1.31274e+00 2.89636e+00 1.14208e-04
-1.36694e+00 2.96082e+00 1.09368e-04
-1.42231e+00 3.02527e+00 1.04222e-04
-1.47885e+00 3.08972e+00 9.87944e-05
-1.53657e+00 3.15418e+00 9.31059e-05
-1.59547e+00 3.21868e+00 8.71753e-05
-1.65557e+00 3.28321e+00 8.10197e-05
-1.71689e+00 3.34780e+00 7.46544e-05
-1.77942e+00 3.41247e+00 6.80932e-05
-1.84318e+00 3.47722e+00 6.13486e-05
-1.90818e+00 3.54206e+00 5.44319e-05
-1.97443e+00 3.60703e+00 4.73534e-05
-2.04195e+00 3.67211e+00 4.01222e-05
-2.11075e+00 3.73734e+00 3.27466e-05
-2.18085e+00 3.80273e+00 2.52342e-05
-2.25225e+00 3.86829e+00 1.75917e-05
-2.32498e+00 3.93403e+00 9.82517e-06
-2.39905e+00 3.99997e+00 1.94021e-06
-2.15926e-01 8.95451e-01 1.18240e-03
-2.28637e-01 9.59695e-01 1.08466e-03
-2.42511e-01 1.02368e+00 9.93927e-04
-2.57540e-01 1.08742e+00 9.09729e-04
-2.73716e-01 1.15094e+00 8.31597e-04
-2.91031e-01 1.21424e+00 7.59071e-04
-3.09477e-01 1.27735e+00 6.91712e-04
-3.29048e-01 1.34028e+00 6.29106e-04
-3.49738e-01 1.40304e+00 5.70868e-04
-3.71543e-01 1.46565e+00 5.16640e-04
-3.94455e-01 1.52813e+00 4.66096e-04
-4.18473e-01 1.59048e+00 4.18936e-04
-4.43591e-01 1.65273e+00 3.74888e-04
-4.69806e-01 1.71488e+00 3.33702e-04
-4.97115e-01 1.77695e+00 2.95153e-04
-5.25516e-01 1.83895e+00 2.59037e-04
-5.55007e-01 1.90090e+00 2.25168e-04
-5.85587e-01 1.96281e+00 1.93377e-04
-6.17254e-01 2.02469e+00 1.63511e-04
-6.50008e-01 2.08656e+00 1.35432e-04
-6.83848e-01 2.14843e+00 1.09013e-04
-7.18777e-01 2.21030e+00 8.41409e-05
-7.54793e-01 2.27220e+00 6.07107e-05
-7.91898e-01 2.33414e+00 3.86280e-05
-8.30095e-01 2.39613e+00 1.78063e-05
-8.70344e-01 2.45945e+00 1.25473e-04
-9.12609e-01 2.52397e+00 1.23311e-04
-9.55920e-01 2.58836e+00 1.20716e-04
-1.00028e+00 2.65264e+00 1.17732e-04
-1.04570e+00 2.71682e+00 1.14395e-04
-1.09217e+00 2.78092e+00 1.10740e-04
-1.13971e+00 2.84495e+00 1.06797e-04
-1.18832e+00 2.90891e+00 1.02593e-04
-1.23800e+00 2.97284e+00 9.81509e-05
-1.28877e+00 3.03673e+00 9.34933e-05
-1.34063e+00 3.10060e+00 8.86393e-05
-1.39358e+00 3.16446e+00 8.36064e-05
-1.44763e+00 3.22834e+00 7.84101e-05
-1.50280e+00 3.29223e+00 7.30646e-05
-1.55909e+00 3.35615e+00 6.75827e-05
-1.61651e+00 3.42012e+00 6.19757e-05
-1.67507e+00 3.48415e+00 5.62542e-05
-1.73478e+00 3.54824e+00 5.04274e-05
-1.79565e+00 3.61242e+00 4.45038e-05
-1.85768e+00 3.67670e+00 3.84911e-05
-1.92090e+00 3.74109e+00 3.23962e-05
-1.98531e+00 3.80559e+00 2.62254e-05
-2.05092e+00 3.87023e+00 1.99844e-05
-2.11775e+00 3.93502e+00 1.36782e-05
-2.18581e+00 3.99997e+00 7.31152e-06
-1.89057e-01 9.10225e-01 1.07314e-03
-2.00058e-01 9.74470e-01 9.86125e-04
-2.12120e-01 1.03847e+00 9.04461e-04
-2.25237e-01 1.10223e+00 8.27990e-04
-2.39402e-01 1.16578e+00 7.56499e-04
-2.54607e-01 1.22912e+00 6.89736e-04
-2.70848e-01 1.29227e+00 6.27430e-04
-2.88119e-01 1.35524e+00 5.69302e-04
-3.06415e-01 1.41805e+00 5.15075e-04
-3.25730e-01 1.48070e+00 4.64481e-04
-3.46062e-01 1.54322e+00 4.17262e-04
-3.67407e-01 1.60561e+00 3.73175e-04
-3.89760e-01 1.66789e+00 3.31992e-04
-4.13120e-01 1.73007e+00 2.93501e-04
-4.37483e-01 1.79215e+00 2.57506e-04
-4.62848e-01 1.85417e+00 2.23827e-04
-4.89213e-01 1.91611e+00 1.92295e-04
-5.16577e-01 1.97801e+00 1.62760e-04
-5.44938e-01 2.03986e+00 1.35079e-04
-5.74297e-01 2.10169e+00 1.09127e-04
-6.04652e-01 2.16350e+00 8.47835e-05
-6.36005e-01 2.22530e+00 6.19429e-05
-6.68355e-01 2.28710e+00 4.05064e-05
-7.01703e-01 2.34893e+00 2.03842e-05
-7.36052e-01 2.41078e+00 1.49385e-06
-7.72234e-01 2.47381e+00 1.12424e-04
-8.10218e-01 2.53788e+00 1.09969e-04
-8.49164e-01 2.60183e+00 1.07211e-04
-8.89075e-01 2.66566e+00 1.04182e-04
-9.29954e-01 2.72939e+00 1.00911e-04
-9.71806e-01 2.79302e+00 9.74241e-05
-1.01463e+00 2.85658e+00 9.37454e-05
-1.05844e+00 2.92007e+00 8.98952e-05
-1.10324e+00 2.98349e+00 8.58919e-05
-1.14902e+00 3.04688e+00 8.17523e-05
-1.19580e+00 3.11023e+00 7.74909e-05
-1.24359e+00 3.17356e+00 7.31211e-05
-1.29238e+00 3.23687e+00 6.86547e-05
-1.34219e+00 3.30019e+00 6.41025e-05
-1.39301e+00 3.36352e+00 5.94739e-05
-1.44487e+00 3.42687e+00 5.47775e-05
-1.49777e+00 3.49026e+00 5.00212e-05
-1.55170e+00 3.55369e+00 4.52119e-05
-1.60669e+00 3.61719e+00 4.03558e-05
-1.66275e+00 3.68074e+00 3.54587e-05
-1.71987e+00 3.74438e+00 3.05255e-05
-1.77807e+00 3.80811e+00 2.55609e-05
-1.83736e+00 3.87195e+00 2.05689e-05
-1.89775e+00 3.93590e+00 1.55534e-05
-1.95925e+00 3.99997e+00 1.05175e-05
-1.62068e-01 9.24525e-01 9.50331e-04
-1.71394e-01 9.88656e-01 8.74408e-04
-1.81667e-01 1.05256e+00 8.02420e-04
-1.92880e-01 1.11624e+00 7.34448e-04
-2.05029e-01 1.17972e+00 6.70474e-04
-2.18108e-01 1.24301e+00 6.10412e-04
-2.32112e-01 1.30612e+00 5.54126e-04
-2.47038e-01 1.36906e+00 5.01449e-04
-2.62881e-01 1.43184e+00 4.52197e-04
-2.79638e-01 1.49448e+00 4.06175e-04
-2.97305e-01 1.55698e+00 3.63187e-04
-3.15879e-01 1.61935e+00 3.23040e-04
-3.35358e-01 1.68162e+00 2.85546e-04
-3.55739e-01 1.74378e+00 2.50528e-04
-3.77020e-01 1.80585e+00 2.17817e-04
-3.99200e-01 1.86785e+00 1.87255e-04
-4.22277e-01 1.92977e+00 1.58694e-04
-4.46250e-01 1.99163e+00 1.31998e-04
-4.71119e-01 2.05344e+00 1.07039e-04
-4.96881e-01 2.11521e+00 8.37019e-05
-5.23538e-01 2.17696e+00 6.18778e-05
-5.51090e-01 2.23868e+00 4.14677e-05
-5.79536e-01 2.30040e+00 2.23807e-05
-6.08877e-01 2.36212e+00 4.53305e-06
-6.39115e-01 2.42384e+00 -1.21521e-05
-6.70956e-01 2.48659e+00 9.77489e-05
-7.04376e-01 2.55023e+00 9.51115e-05
-7.38661e-01 2.61375e+00 9.22923e-05
-7.73813e-01 2.67715e+00 8.93141e-05
-8.09835e-01 2.74045e+00 8.61972e-05
-8.46730e-01 2.80366e+00 8.29593e-05
-8.84500e-01 2.86677e+00 7.96164e-05
-9.23150e-01 2.92982e+00 7.61824e-05
-9.62684e-01 2.99280e+00 7.26696e-05
-1.00310e+00 3.05573e+00 6.90893e-05
-1.04441e+00 3.11861e+00 6.54511e-05
-1.08662e+00 3.18146e+00 6.17638e-05
-1.12973e+00 3.24429e+00 5.80351e-05
-1.17374e+00 3.30710e+00 5.42719e-05
-1.21867e+00 3.36991e+00 5.04804e-05
-1.26451e+00 3.43272e+00 4.66662e-05
-1.31127e+00 3.49556e+00 4.28340e-05
-1.35896e+00 3.55841e+00 3.89882e-05
-1.40758e+00 3.62131e+00 3.51328e-05
-1.45715e+00 3.68424e+00 3.12712e-05
-1.50767e+00 3.74724e+00 2.74065e-05
-1.55914e+00 3.81030e+00 2.35413e-05
-1.61157e+00 3.87343e+00 1.96783e-05
-1.66498e+00 3.93665e+00 1.58194e-05
-1.71936e+00 3.99997e+00 1.19668e-05
-1.35003e-01 9.38342e-01 8.14334e-04
-1.42690e-01 1.00225e+00 7.49742e-04
-1.51195e-01 1.06595e+00 6.87950e-04
-1.60514e-01 1.12945e+00 6.29189e-04
-1.70643e-01 1.19278e+00 5.73575e-04
-1.81578e-01 1.25593e+00 5.21137e-04
-1.93316e-01 1.31891e+00 4.71839e-04
-2.05854e-01 1.38174e+00 4.25598e-04
-2.19188e-01 1.44443e+00 3.82300e-04
-2.33316e-01 1.50698e+00 3.41810e-04
-2.48236e-01 1.56941e+00 3.03981e-04
-2.63944e-01 1.63172e+00 2.68662e-04
-2.80440e-01 1.69393e+00 2.35702e-04
-2.97720e-01 1.75604e+00 2.04953e-04
-3.15785e-01 1.81806e+00 1.76271e-04
-3.34631e-01 1.88000e+00 1.49519e-04
-3.54259e-01 1.94187e+00 1.24571e-04
-3.74667e-01 2.00368e+00 1.01304e-04
-3.95855e-01 2.06543e+00 7.96063e-05
-4.17822e-01 2.12714e+00 5.93742e-05
-4.40567e-01 2.18882e+00 4.05109e-05
-4.64092e-01 2.25046e+00 2.29271e-05
-4.88396e-01 2.31209e+00 6.54092e-06
-5.13479e-01 2.37371e+00 -8.72347e-06
-5.39342e-01 2.43533e+00 -2.29356e-05
-5.66569e-01 2.49780e+00 8.14279e-05
-5.95139e-01 2.56102e+00 7.87356e-05
-6.24465e-01 2.62413e+00 7.59759e-05
-6.54547e-01 2.68712e+00 7.31608e-05
-6.85388e-01 2.75001e+00 7.03006e-05
-7.16989e-01 2.81281e+00 6.74044e-05
-7.49354e-01 2.87553e+00 6.44802e-05
-7.82483e-01 2.93818e+00 6.15349e-05
-8.16381e-01 3.00076e+00 5.85745e-05
-8.51049e-01 3.06328e+00 5.56043e-05
-8.86492e-01 3.12575e+00 5.26290e-05
-9.22712e-01 3.18818e+00 4.96527e-05
-9.59712e-01 3.25058e+00 4.66789e-05
-9.97497e-01 3.31296e+00 4.37106e-05
-1.03607e+00 3.37532e+00 4.07508e-05
-1.07543e+00 3.43768e+00 3.78016e-05
-1.11560e+00 3.50003e+00 3.48651e-05
-1.15656e+00 3.56240e+00 3.19432e-05
-1.19833e+00 3.62479e+00 2.90373e-05
-1.24091e+00 3.68720e+00 2.61488e-05
-1.28430e+00 3.74965e+00 2.32789e-05
-1.32852e+00 3.81214e+00 2.04285e-05
-1.37356e+00 3.87469e+00 1.75985e-05
-1.41943e+00 3.93729e+00 1.47895e-05
-1.46615e+00 3.99997e+00 1.20021e-05
-1.07906e-01 9.51669e-01 6.65382e-04
-1.13988e-01 1.01524e+00 6.12281e-04
-1.20747e-01 1.07863e+00 5.61147e-04
-1.28182e-01 1.14187e+00 5.12276e-04
-1.36288e-01 1.20494e+00 4.65852e-04
-1.45064e-01 1.26787e+00 4.21964e-04
-1.54507e-01 1.33065e+00 3.80635e-04
-1.64615e-01 1.39330e+00 3.41835e-04
-1.75385e-01 1.45583e+00 3.05494e-04
-1.86817e-01 1.51824e+00 2.71520e-04
-1.98908e-01 1.58054e+00 2.39803e-04
-2.11656e-01 1.64273e+00 2.10224e-04
-2.25061e-01 1.70483e+00 1.82660e-04
-2.39120e-01 1.76685e+00 1.56988e-04
-2.53833e-01 1.82878e+00 1.33089e-04
-2.69200e-01 1.89064e+00 1.10848e-04
-2.85218e-01 1.95243e+00 9.01537e-05
-3.01888e-01 2.01416e+00 7.09042e-05
-3.19208e-01 2.07585e+00 5.30026e-05
-3.37179e-01 2.13748e+00 3.63588e-05
-3.55801e-01 2.19908e+00 2.08896e-05
-3.75073e-01 2.26065e+00 6.51798e-06
-3.94995e-01 2.32220e+00 -6.82693e-06
-4.15568e-01 2.38373e+00 -1.92104e-05
-4.36792e-01 2.44525e+00 -3.06924e-05
-4.59129e-01 2.50745e+00 6.34648e-05
-4.82564e-01 2.57026e+00 6.08640e-05
-5.06630e-01 2.63296e+00 5.83005e-05
-5.31330e-01 2.69556e+00 5.57744e-05
-5.56664e-01 2.75808e+00 5.32861e-05
-5.82633e-01 2.82051e+00 5.08355e-05
-6.09239e-01 2.88286e+00 4.84225e-05
-6.36484e-01 2.94514e+00 4.60469e-05
-6.64369e-01 3.00736e+00 4.37084e-05
-6.92896e-01 3.06953e+00 4.14065e-05
-7.22068e-01 3.13164e+00 3.91408e-05
-7.51887e-01 3.19372e+00 3.69109e-05
-7.82354e-01 3.25575e+00 3.47161e-05
-8.13472e-01 3.31776e+00 3.25561e-05
-8.45244e-01 3.37975e+00 3.04301e-05
-8.77673e-01 3.44173e+00 2.83376e-05
-9.10762e-01 3.50369e+00 2.62781e-05
-9.44513e-01 3.56566e+00 2.42509e-05
-9.78929e-01 3.62763e+00 2.22554e-05
-1.01402e+00 3.68962e+00 2.02911e-05
-1.04977e+00 3.75162e+00 1.83574e-05
-1.08621e+00 3.81365e+00 1.64536e-05
-1.12332e+00 3.87572e+00 1.45793e-05
-1.16112e+00 3.93782e+00 1.27338e-05
-1.19960e+00 3.99997e+00 1.09166e-05
-8.08192e-02 9.64500e-01 5.03607e-04
-8.53306e-02 1.02763e+00 4.62101e-04
-9.03670e-02 1.09062e+00 4.22057e-04
-9.59267e-02 1.15349e+00 3.83749e-04
-1.02008e-01 1.21622e+00 3.47352e-04
-1.08610e-01 1.27884e+00 3.12962e-04
-1.15730e-01 1.34135e+00 2.80613e-04
-1.23367e-01 1.40375e+00 2.50289e-04
-1.31521e-01 1.46605e+00 2.21942e-04
-1.40190e-01 1.52825e+00 1.95497e-04
-1.49372e-01 1.59036e+00 1.70868e-04
-1.59068e-01 1.65239e+00 1.47957e-04
-1.69276e-01 1.71434e+00 1.26663e-04
-1.79995e-01 1.77622e+00 1.06887e-04
-1.91225e-01 1.83803e+00 8.85283e-05
-2.02965e-01 1.89977e+00 7.14928e-05
-2.15214e-01 1.96147e+00 5.56905e-05
-2.27973e-01 2.02310e+00 4.10366e-05
-2.41241e-01 2.08470e+00 2.74525e-05
-2.55017e-01 2.14625e+00 1.48651e-05
-2.69302e-01 2.20777e+00 3.20690e-06
-2.84095e-01 2.26926e+00 -7.58392e-06
-2.99396e-01 2.33072e+00 -1.75643e-05
-3.15206e-01 2.39217e+00 -2.67862e-05
-3.31525e-01 2.45360e+00 -3.52972e-05
-3.48696e-01 2.51555e+00 4.38905e-05
-3.66707e-01 2.57795e+00 4.15448e-05
-3.85214e-01 2.64026e+00 3.93282e-05
-4.04216e-01 2.70249e+00 3.72294e-05
-4.23715e-01 2.76465e+00 3.52383e-05
-4.43711e-01 2.82674e+00 3.33458e-05
-4.64204e-01 2.88876e+00 3.15440e-05
-4.85197e-01 2.95072e+00 2.98255e-05
-5.06690e-01 3.01263e+00 2.81840e-05
-5.28683e-01 3.07448e+00 2.66135e-05
-5.51179e-01 3.13630e+00 2.51089e-05
-5.74179e-01 3.19807e+00 2.36654e-05
-5.97683e-01 3.25981e+00 2.22788e-05
-6.21694e-01 3.32152e+00 2.09451e-05
-6.46213e-01 3.38321e+00 1.96609e-05
-6.71241e-01 3.44488e+00 1.84231e-05
-6.96781e-01 3.50654e+00 1.72286e-05
-7.22833e-01 3.56819e+00 1.60749e-05
-7.49401e-01 3.62984e+00 1.49596e-05
-7.76485e-01 3.69149e+00 1.38806e-05
-8.04088e-01 3.75315e+00 1.28357e-05
-8.32213e-01 3.81482e+00 1.18233e-05
-8.60860e-01 3.87651e+00 1.08415e-05
-8.90033e-01 3.93823e+00 9.88894e-06
-9.19734e-01 3.99997e+00 8.96414e-06
-5.37829e-02 9.76833e-01 3.29031e-04
-5.67575e-02 1.03942e+00 2.99202e-04
-6.00930e-02 1.10192e+00 2.70678e-04
-6.37885e-02 1.16432e+00 2.43621e-04
-6.78434e-02 1.22664e+00 2.18124e-04
-7.22568e-02 1.28887e+00 1.94222e-04
-7.70281e-02 1.35102e+00 1.71906e-04
-8.21567e-02 1.41310e+00 1.51138e-04
-8.76420e-02 1.47510e+00 1.31857e-04
-9.34834e-02 1.53704e+00 1.13987e-04
-9.96805e-02 1.59891e+00 9.74458e-05
-1.06233e-01 1.66072e+00 8.21481e-05
-1.13140e-01 1.72247e+00 6.80087e-05
-1.20401e-01 1.78417e+00 5.49448e-05
-1.28017e-01 1.84582e+00 4.28776e-05
-1.35986e-01 1.90743e+00 3.17332e-05
-1.44309e-01 1.96899e+00 2.14429e-05
-1.52985e-01 2.03051e+00 1.19435e-05
-1.62015e-01 2.09200e+00 3.17688e-06
-1.71397e-01 2.15346e+00 -4.90962e-06
-1.81133e-01 2.21489e+00 -1.23640e-05
-1.91221e-01 2.27629e+00 -1.92296e-05
-2.01663e-01 2.33768e+00 -2.55459e-05
-2.12457e-01 2.39904e+00 -3.13481e-05
-2.23604e-01 2.46040e+00 -3.66684e-05
-2.35331e-01 2.52209e+00 2.27641e-05
-2.47630e-01 2.58410e+00 2.08515e-05
-2.60274e-01 2.64604e+00 1.91448e-05
-2.73263e-01 2.70792e+00 1.76211e-05
-2.86596e-01 2.76974e+00 1.62604e-05
-3.00274e-01 2.83151e+00 1.50450e-05
-3.14299e-01 2.89324e+00 1.39592e-05
-3.28669e-01 2.95491e+00 1.29894e-05
-3.43386e-01 3.01655e+00 1.21234e-05
-3.58450e-01 3.07815e+00 1.13504e-05
-3.73862e-01 3.13971e+00 1.06609e-05
-3.89622e-01 3.20124e+00 1.00464e-05
-4.05731e-01 3.26275e+00 9.49955e-06
-4.22189e-01 3.32423e+00 9.01356e-06
-4.38998e-01 3.38569e+00 8.58252e-06
-4.56158e-01 3.44714e+00 8.20114e-06
-4.73669e-01 3.50857e+00 7.86468e-06
-4.91533e-01 3.56999e+00 7.56894e-06
-5.09751e-01 3.63141e+00 7.31014e-06
-5.28324e-01 3.69282e+00 7.08492e-06
-5.47251e-01 3.75423e+00 6.89025e-06
-5.66535e-01 3.81565e+00 6.72343e-06
-5.86177e-01 3.87708e+00 6.58205e-06
-6.06177e-01 3.93852e+00 6.46393e-06
-6.26537e-01 3.99997e+00 6.36712e-06
-2.68354e-02 9.88664e-01 1.41572e-04
-2.83066e-02 1.05062e+00 1.23502e-04
-2.99635e-02 1.11252e+00 1.06956e-04
-3.18059e-02 1.17438e+00 9.18875e-05
-3.38337e-02 1.23619e+00 7.82196e-05
-3.60465e-02 1.29795e+00 6.58557e-05
-3.84443e-02 1.35968e+00 5.46891e-05
-4.10269e-02 1.42136e+00 4.46106e-05
-4.37941e-02 1.48301e+00 3.55133e-05
-4.67457e-02 1.54462e+00 2.72962e-05
-4.98817e-02 1.60619e+00 1.98659e-05
-5.32020e-02 1.66774e+00 1.31380e-05
-5.67063e-02 1.72925e+00 7.03681e-06
-6.03946e-02 1.79073e+00 1.49554e-06
-6.42669e-02 1.85219e+00 -3.54436e-06
-6.83230e-02 1.91362e+00 -8.13390e-06
-7.25628e-02 1.97502e+00 -1.23173e-05
-7.69864e-02 2.03641e+00 -1.61326e-05
-8.15937e-02 2.09777e+00 -1.96126e-05
-8.63845e-02 2.15912e+00 -2.27854e-05
-9.13590e-02 2.22045e+00 -2.56752e-05
-9.65171e-02 2.28177e+00 -2.83025e-05
-1.01859e-01 2.34307e+00 -3.06849e-05
-1.07384e-01 2.40437e+00 -3.28373e-05
-1.13093e-01 2.46565e+00 -3.47726e-05
-1.19098e-01 2.52711e+00 1.72473e-07
-1.25394e-01 2.58872e+00 -1.11714e-06
-1.31871e-01 2.65029e+00 -2.14177e-06
-1.38527e-01 2.71184e+00 -2.93529e-06
-1.45362e-01 2.77335e+00 -3.52716e-06
-1.52378e-01 2.83484e+00 -3.94302e-06
-1.59573e-01 2.89629e+00 -4.20523e-06
-1.66948e-01 2.95773e+00 -4.33329e-06
-1.74503e-01 3.01913e+00 -4.34427e-06
-1.82238e-01 3.08052e+00 -4.25308e-06
-1.90154e-01 3.14189e+00 -4.07281e-06
-1.98250e-01 3.20324e+00 -3.81492e-06
-2.06526e-01 3.26457e+00 -3.48946e-06
-2.14984e-01 3.32589e+00 -3.10526e-06
-2.23622e-01 3.38720e+00 -2.67009e-06
-2.32442e-01 3.44849e+00 -2.19078e-06
-2.41443e-01 3.50978e+00 -1.67331e-06
-2.50626e-01 3.57106e+00 -1.12299e-06
-2.59991e-01 3.63233e+00 -5.44442e-07
-2.69537e-01 3.69361e+00 5.82286e-08
-2.79267e-01 3.75487e+00 6.81427e-07
-2.89178e-01 3.81614e+00 1.32199e-06
-2.99273e-01 3.87742e+00 1.97713e-06
-3.09551e-01 3.93869e+00 2.64440e-06
-3.20012e-01 3.99997e+00 3.32165e-06
-1.31066e-05 9.99995e-01 -5.89632e-05
-1.38192e-05 1.06122e+00 -6.51613e-05
-1.46252e-05 1.12244e+00 -6.92129e-05
-1.55246e-05 1.18367e+00 -7.14795e-05
-1.65175e-05 1.24489e+00 -7.23029e-05
-1.76038e-05 1.30612e+00 -7.19926e-05
-1.87835e-05 1.36734e+00 -7.08187e-05
-2.00567e-05 1.42856e+00 -6.90098e-05
-2.14233e-05 1.48979e+00 -6.67548e-05
-2.28834e-05 1.55101e+00 -6.42060e-05
-2.44369e-05 1.61224e+00 -6.14836e-05
-2.60838e-05 1.67346e+00 -5.86804e-05
-2.78242e-05 1.73468e+00 -5.58663e-05
-2.96580e-05 1.79591e+00 -5.30924e-05
-3.15853e-05 1.85713e+00 -5.03946e-05
-3.36060e-05 1.91836e+00 -4.77972e-05
-3.57201e-05 1.97958e+00 -4.53148e-05
-3.79277e-05 2.04080e+00 -4.29548e-05
-4.02287e-05 2.10203e+00 -4.07191e-05
-4.26232e-05 2.16325e+00 -3.86057e-05
-4.51111e-05 2.22448e+00 -3.66093e-05
-4.76924e-05 2.28570e+00 -3.47225e-05
-5.03672e-05 2.34692e+00 -3.29365e-05
-5.31354e-05 2.40815e+00 -3.12413e-05
-5.59971e-05 2.46937e+00 -2.96267e-05
-5.90064e-05 2.53060e+00 -2.37704e-05
-6.21620e-05 2.59182e+00 -2.42382e-05
-6.54091e-05 2.65304e+00 -2.44025e-05
-6.87477e-05 2.71427e+00 -2.43070e-05
-7.21778e-05 2.77549e+00 -2.39894e-05
-7.56994e-05 2.83672e+00 -2.34822e-05
-7.93125e-05 2.89794e+00 -2.28134e-05
-8.30171e-05 2.95916e+00 -2.20073e-05
-8.68132e-05 3.02039e+00 -2.10847e-05
-9.07008e-05 3.08161e+00 -2.00639e-05
-9.46800e-05 3.14284e+00 -1.89605e-05
-9.87506e-05 3.20406e+00 -1.77881e-05
-1.02913e-04 3.26528e+00 -1.65586e-05
-1.07166e-04 3.32651e+00 -1.52820e-05
-1.11512e-04 3.38773e+00 -1.39674e-05
-1.15948e-04 3.44896e+00 -1.26224e-05
-1.20476e-04 3.51018e+00 -1.12536e-05
-1.25096e-04 3.57140e+00 -9.86678e-06
-1.29807e-04 3.63263e+00 -8.46699e-06
-1.34610e-04 3.69385e+00 -7.05851e-06
-1.39504e-04 3.75507e+00 -5.64505e-06
-1.44490e-04 3.81630e+00 -4.22981e-06
-1.49567e-04 3.87752e+00 -2.81555e-06
-1.54736e-04 3.93875e+00 -1.40462e-06
-1.59996e-04 3.99997e+00 9.81514e-10
