-1.00000e+00 0.00000e+00 1.74633e+03
-1.06122e+00 0.00000e+00 1.61023e+03
-1.12245e+00 0.00000e+00 1.48639e+03
-1.18367e+00 0.00000e+00 1.37524e+03
-1.24490e+00 0.00000e+00 1.27671e+03
-1.30612e+00 0.00000e+00 1.19033e+03
-1.36734e+00 0.00000e+00 1.11540e+03
-1.42857e+00 0.00000e+00 1.05101e+03
-1.48979e+00 0.00000e+00 9.96226e+02
-1.55101e+00 0.00000e+00 9.50073e+02
-1.61224e+00 0.00000e+00 9.11609e+02
-1.67346e+00 0.00000e+00 8.79943e+02
-1.73469e+00 0.00000e+00 8.54252e+02
-1.79591e+00 0.00000e+00 8.33790e+02
-1.85713e+00 0.00000e+00 8.17884e+02
-1.91836e+00 0.00000e+00 8.05939e+02
-1.97958e+00 0.00000e+00 7.97426e+02
-2.04081e+00 0.00000e+00 7.91883e+02
-2.10203e+00 0.00000e+00 7.88904e+02
-2.16325e+00 0.00000e+00 7.88138e+02
-2.22448e+00 0.00000e+00 7.89277e+02
-2.28570e+00 0.00000e+00 7.92054e+02
-2.34693e+00 0.00000e+00 7.96238e+02
-2.40815e+00 0.00000e+00 8.01630e+02
-2.46937e+00 0.00000e+00 8.08055e+02
-2.53060e+00 0.00000e+00 7.80186e+02
-2.59182e+00 0.00000e+00 7.74976e+02
-2.65304e+00 0.00000e+00 7.70351e+02
-2.71427e+00 0.00000e+00 7.66247e+02
-2.77549e+00 0.00000e+00 7.62609e+02
-2.83672e+00 0.00000e+00 7.59389e+02
-2.89794e+00 0.00000e+00 7.56542e+02
-2.95916e+00 0.00000e+00 7.54032e+02
-3.02039e+00 0.00000e+00 7.51824e+02
-3.08161e+00 0.00000e+00 7.49888e+02
-3.14284e+00 0.00000e+00 7.48197e+02
-3.20406e+00 0.00000e+00 7.46728e+02
-3.26528e+00 0.00000e+00 7.45459e+02
-3.32651e+00 0.00000e+00 7.44371e+02
-3.38773e+00 0.00000e+00 7.43447e+02
-3.44896e+00 0.00000e+00 7.42672e+02
-3.51018e+00 0.00000e+00 7.42032e+02
-3.57140e+00 0.00000e+00 7.41514e+02
-3.63263e+00 0.00000e+00 7.41108e+02
-3.69385e+00 0.00000e+00 7.40803e+02
-3.75507e+00 0.00000e+00 7.40590e+02
-3.81630e+00 0.00000e+00 7.40461e+02
-3.87752e+00 0.00000e+00 7.40409e+02
-3.93875e+00 0.00000e+00 7.40427e+02
-3.99997e+00 0.00000e+00 7.40508e+02
-9.88670e-01 2.68222e-02 1.68398e+03
-1.05062e+00 2.82927e-02 1.55730e+03
-1.11253e+00 2.99488e-02 1.44250e+03
-1.17438e+00 3.17903e-02 1.33972e+03
-1.23619e+00 3.38170e-02 1.24870e+03
-1.29796e+00 3.60288e-02 1.16889e+03
-1.35968e+00 3.84254e-02 1.09956e+03
-1.42137e+00 4.10068e-02 1.03986e+03
-1.48301e+00 4.37726e-02 9.88913e+02
-1.54462e+00 4.67228e-02 9.45826e+02
-1.60620e+00 4.98573e-02 9.09752e+02
-1.66774e+00 5.31759e-02 8.79892e+02
-1.72925e+00 5.66786e-02 8.55510e+02
-1.79073e+00 6.03651e-02 8.35937e+02
-1.85219e+00 6.42355e-02 8.20573e+02
-1.91362e+00 6.82896e-02 8.08881e+02
-1.97503e+00 7.25275e-02 8.00387e+02
-2.03641e+00 7.69489e-02 7.94673e+02
-2.09778e+00 8.15540e-02 7.91373e+02
-2.15912e+00 8.63426e-02 7.90165e+02
-2.22045e+00 9.13147e-02 7.90769e+02
-2.28177e+00 9.64703e-02 7.92939e+02
-2.34307e+00 1.01809e-01 7.96463e+02
-2.40437e+00 1.07332e-01 8.01155e+02
-2.46565e+00 1.13038e-01 8.06853e+02
-2.52711e+00 1.19040e-01 7.79067e+02
-2.58872e+00 1.25334e-01 7.73828e+02
-2.65030e+00 1.31807e-01 7.69143e+02
-2.71184e+00 1.38460e-01 7.64955e+02
-2.77335e+00 1.45292e-01 7.61213e+02
-2.83484e+00 1.52304e-01 7.57873e+02
-2.89629e+00 1.59496e-01 7.54894e+02
-2.95773e+00 1.66867e-01 7.52241e+02
-3.01914e+00 1.74419e-01 7.49883e+02
-3.08052e+00 1.82150e-01 7.47791e+02
-3.14189e+00 1.90062e-01 7.45940e+02
-3.20324e+00 1.98154e-01 7.44308e+02
-3.26457e+00 2.06427e-01 7.42874e+02
-3.32589e+00 2.14880e-01 7.41620e+02
-3.38720e+00 2.23515e-01 7.40530e+02
-3.44849e+00 2.32330e-01 7.39589e+02
-3.50978e+00 2.41327e-01 7.38784e+02
-3.57106e+00 2.50506e-01 7.38103e+02
-3.63234e+00 2.59866e-01 7.37535e+02
-3.69361e+00 2.69408e-01 7.37071e+02
-3.75488e+00 2.79133e-01 7.36700e+02
-3.81614e+00 2.89040e-01 7.36416e+02
-3.87742e+00 2.99129e-01 7.36211e+02
-3.93869e+00 3.09402e-01 7.36079e+02
-3.99997e+00 3.19858e-01 7.36012e+02
-9.76839e-01 5.37697e-02 1.62171e+03
-1.03943e+00 5.67435e-02 1.50422e+03
-1.10192e+00 6.00782e-02 1.39819e+03
-1.16433e+00 6.37728e-02 1.30352e+03
-1.22664e+00 6.78267e-02 1.21980e+03
-1.28887e+00 7.22390e-02 1.14640e+03
-1.35103e+00 7.70092e-02 1.08257e+03
-1.41310e+00 8.21365e-02 1.02752e+03
-1.47511e+00 8.76205e-02 9.80400e+02
-1.53704e+00 9.34605e-02 9.40417e+02
-1.59891e+00 9.96562e-02 9.06797e+02
-1.66072e+00 1.06207e-01 8.78825e+02
-1.72248e+00 1.13112e-01 8.55841e+02
-1.78418e+00 1.20372e-01 8.37250e+02
-1.84583e+00 1.27986e-01 8.22516e+02
-1.90743e+00 1.35953e-01 8.11161e+02
-1.96899e+00 1.44274e-01 8.02760e+02
-2.03052e+00 1.52948e-01 7.96940e+02
-2.09201e+00 1.61976e-01 7.93370e+02
-2.15346e+00 1.71356e-01 7.91760e+02
-2.21489e+00 1.81089e-01 7.91857e+02
-2.27630e+00 1.91175e-01 7.93438e+02
-2.33768e+00 2.01614e-01 7.96307e+02
-2.39905e+00 2.12406e-01 8.00296e+02
-2.46040e+00 2.23551e-01 8.05255e+02
-2.52210e+00 2.35275e-01 7.77414e+02
-2.58410e+00 2.47571e-01 7.72197e+02
-2.64604e+00 2.60212e-01 7.67499e+02
-2.70792e+00 2.73197e-01 7.63270e+02
-2.76974e+00 2.86528e-01 7.59463e+02
-2.83151e+00 3.00203e-01 7.56037e+02
-2.89324e+00 3.14224e-01 7.52956e+02
-2.95491e+00 3.28591e-01 7.50187e+02
-3.01655e+00 3.43305e-01 7.47701e+02
-3.07815e+00 3.58365e-01 7.45472e+02
-3.13971e+00 3.73773e-01 7.43478e+02
-3.20124e+00 3.89530e-01 7.41696e+02
-3.26275e+00 4.05635e-01 7.40107e+02
-3.32423e+00 4.22089e-01 7.38696e+02
-3.38569e+00 4.38894e-01 7.37446e+02
-3.44714e+00 4.56050e-01 7.36343e+02
-3.50857e+00 4.73558e-01 7.35376e+02
-3.56999e+00 4.91418e-01 7.34532e+02
-3.63141e+00 5.09631e-01 7.33801e+02
-3.69282e+00 5.28199e-01 7.33174e+02
-3.75423e+00 5.47123e-01 7.32642e+02
-3.81565e+00 5.66402e-01 7.32197e+02
-3.87708e+00 5.86039e-01 7.31833e+02
-3.93852e+00 6.06035e-01 7.31543e+02
-3.99997e+00 6.26390e-01 7.31320e+02
-9.64506e-01 8.08060e-02 1.55960e+03
-1.02764e+00 8.53166e-02 1.45109e+03
-1.09063e+00 9.03521e-02 1.35361e+03
-1.15349e+00 9.59109e-02 1.26683e+03
-1.21623e+00 1.01991e-01 1.19020e+03
-1.27885e+00 1.08592e-01 1.12305e+03
-1.34136e+00 1.15711e-01 1.06463e+03
-1.40375e+00 1.23347e-01 1.01414e+03
-1.46605e+00 1.31500e-01 9.70840e+02
-1.52825e+00 1.40167e-01 9.33971e+02
-1.59037e+00 1.49348e-01 9.02842e+02
-1.65240e+00 1.59042e-01 8.76811e+02
-1.71435e+00 1.69248e-01 8.55291e+02
-1.77622e+00 1.79966e-01 8.37752e+02
-1.83803e+00 1.91194e-01 8.23720e+02
-1.89978e+00 2.02932e-01 8.12769e+02
-1.96147e+00 2.15180e-01 8.04523e+02
-2.02311e+00 2.27937e-01 7.98649e+02
-2.08470e+00 2.41202e-01 7.94854e+02
-2.14626e+00 2.54976e-01 7.92877e+02
-2.20777e+00 2.69259e-01 7.92492e+02
-2.26926e+00 2.84050e-01 7.93497e+02
-2.33073e+00 2.99349e-01 7.95718e+02
-2.39217e+00 3.15157e-01 7.98999e+02
-2.45360e+00 3.31473e-01 8.03207e+02
-2.51555e+00 3.48641e-01 7.75231e+02
-2.57795e+00 3.66650e-01 7.70084e+02
-2.64026e+00 3.85154e-01 7.65418e+02
-2.70250e+00 4.04153e-01 7.61187e+02
-2.76465e+00 4.23649e-01 7.57350e+02
-2.82674e+00 4.43641e-01 7.53871e+02
-2.88876e+00 4.64132e-01 7.50716e+02
-2.95072e+00 4.85122e-01 7.47856e+02
-3.01263e+00 5.06611e-01 7.45264e+02
-3.07449e+00 5.28601e-01 7.42917e+02
-3.13630e+00 5.51094e-01 7.40794e+02
-3.19807e+00 5.74090e-01 7.38874e+02
-3.25981e+00 5.97591e-01 7.37142e+02
-3.32152e+00 6.21598e-01 7.35580e+02
-3.38321e+00 6.46113e-01 7.34175e+02
-3.44488e+00 6.71138e-01 7.32913e+02
-3.50654e+00 6.96674e-01 7.31783e+02
-3.56819e+00 7.22722e-01 7.30775e+02
-3.62984e+00 7.49286e-01 7.29878e+02
-3.69149e+00 7.76366e-01 7.29084e+02
-3.75315e+00 8.03965e-01 7.28384e+02
-3.81482e+00 8.32085e-01 7.27771e+02
-3.87651e+00 8.60729e-01 7.27239e+02
-3.93823e+00 8.89897e-01 7.26781e+02
-3.99997e+00 9.19594e-01 7.26391e+02
-9.51675e-01 1.07893e-01 1.49771e+03
-1.01524e+00 1.13974e-01 1.39804e+03
-1.07864e+00 1.20733e-01 1.30892e+03
-1.14187e+00 1.28166e-01 1.22983e+03
-1.20495e+00 1.36271e-01 1.16011e+03
-1.26787e+00 1.45046e-01 1.09906e+03
-1.33066e+00 1.54488e-01 1.04591e+03
-1.39331e+00 1.64595e-01 9.99926e+02
-1.45583e+00 1.75364e-01 9.60388e+02
-1.51824e+00 1.86794e-01 9.26618e+02
-1.58054e+00 1.98883e-01 8.97990e+02
-1.64274e+00 2.11630e-01 8.73929e+02
-1.70484e+00 2.25033e-01 8.53915e+02
-1.76685e+00 2.39091e-01 8.37478e+02
-1.82878e+00 2.53803e-01 8.24198e+02
-1.89064e+00 2.69167e-01 8.13703e+02
-1.95243e+00 2.85184e-01 8.05660e+02
-2.01417e+00 3.01852e-01 7.99776e+02
-2.07585e+00 3.19170e-01 7.95790e+02
-2.13749e+00 3.37139e-01 7.93475e+02
-2.19909e+00 3.55759e-01 7.92626e+02
-2.26066e+00 3.75029e-01 7.93068e+02
-2.32220e+00 3.94949e-01 7.94642e+02
-2.38373e+00 4.15519e-01 7.97210e+02
-2.44525e+00 4.36741e-01 8.00652e+02
-2.50745e+00 4.59075e-01 7.72526e+02
-2.57026e+00 4.82508e-01 7.67492e+02
-2.63296e+00 5.06572e-01 7.62898e+02
-2.69557e+00 5.31269e-01 7.58703e+02
-2.75808e+00 5.56600e-01 7.54870e+02
-2.82051e+00 5.82566e-01 7.51367e+02
-2.88286e+00 6.09169e-01 7.48164e+02
-2.94515e+00 6.36411e-01 7.45236e+02
-3.00737e+00 6.64293e-01 7.42558e+02
-3.06953e+00 6.92817e-01 7.40110e+02
-3.13165e+00 7.21986e-01 7.37871e+02
-3.19372e+00 7.51801e-01 7.35825e+02
-3.25576e+00 7.82265e-01 7.33956e+02
-3.31777e+00 8.13380e-01 7.32249e+02
-3.37976e+00 8.45149e-01 7.30692e+02
-3.44173e+00 8.77574e-01 7.29272e+02
-3.50370e+00 9.10659e-01 7.27978e+02
-3.56566e+00 9.44407e-01 7.26802e+02
-3.62763e+00 9.78819e-01 7.25734e+02
-3.68962e+00 1.01390e+00 7.24765e+02
-3.75162e+00 1.04966e+00 7.23889e+02
-3.81365e+00 1.08609e+00 7.23098e+02
-3.87572e+00 1.12320e+00 7.22385e+02
-3.93782e+00 1.16099e+00 7.21746e+02
-3.99997e+00 1.19947e+00 7.21175e+02
-9.38348e-01 1.34990e-01 1.43613e+03
-1.00225e+00 1.42675e-01 1.34522e+03
-1.06595e+00 1.51180e-01 1.26430e+03
-1.12946e+00 1.60498e-01 1.19272e+03
-1.19278e+00 1.70626e-01 1.12974e+03
-1.25593e+00 1.81560e-01 1.07462e+03
-1.31892e+00 1.93297e-01 1.02662e+03
-1.38175e+00 2.05834e-01 9.85038e+02
-1.44444e+00 2.19167e-01 9.49201e+02
-1.50699e+00 2.33294e-01 9.18493e+02
-1.56942e+00 2.48212e-01 8.92353e+02
-1.63173e+00 2.63919e-01 8.70267e+02
-1.69394e+00 2.80412e-01 8.51776e+02
-1.75604e+00 2.97692e-01 8.36468e+02
-1.81806e+00 3.15754e-01 8.23975e+02
-1.88000e+00 3.34599e-01 8.13970e+02
-1.94187e+00 3.54225e-01 8.06164e+02
-2.00368e+00 3.74632e-01 8.00300e+02
-2.06544e+00 3.95818e-01 7.96151e+02
-2.12715e+00 4.17782e-01 7.93516e+02
-2.18882e+00 4.40526e-01 7.92219e+02
-2.25047e+00 4.64049e-01 7.92103e+02
-2.31210e+00 4.88350e-01 7.93029e+02
-2.37372e+00 5.13431e-01 7.94877e+02
-2.43534e+00 5.39292e-01 7.97537e+02
-2.49781e+00 5.66517e-01 7.69313e+02
-2.56103e+00 5.95085e-01 7.64431e+02
-2.62413e+00 6.24408e-01 7.59944e+02
-2.68712e+00 6.54488e-01 7.55817e+02
-2.75002e+00 6.85326e-01 7.52018e+02
-2.81282e+00 7.16925e-01 7.48517e+02
-2.87554e+00 7.49286e-01 7.45291e+02
-2.93818e+00 7.82413e-01 7.42315e+02
-3.00076e+00 8.16308e-01 7.39568e+02
-3.06328e+00 8.50973e-01 7.37032e+02
-3.12575e+00 8.86413e-01 7.34690e+02
-3.18818e+00 9.22630e-01 7.32526e+02
-3.25058e+00 9.59627e-01 7.30526e+02
-3.31296e+00 9.97408e-01 7.28677e+02
-3.37532e+00 1.03598e+00 7.26968e+02
-3.43768e+00 1.07534e+00 7.25388e+02
-3.50004e+00 1.11550e+00 7.23927e+02
-3.56240e+00 1.15646e+00 7.22577e+02
-3.62479e+00 1.19822e+00 7.21329e+02
-3.68720e+00 1.24080e+00 7.20175e+02
-3.74965e+00 1.28419e+00 7.19110e+02
-3.81215e+00 1.32840e+00 7.18126e+02
-3.87469e+00 1.37344e+00 7.17218e+02
-3.93730e+00 1.41931e+00 7.16380e+02
-3.99997e+00 1.46602e+00 7.15608e+02
-9.24531e-01 1.62054e-01 1.37498e+03
-9.88663e-01 1.71380e-01 1.29276e+03
-1.05256e+00 1.81652e-01 1.21992e+03
-1.11625e+00 1.92864e-01 1.15569e+03
-1.17973e+00 2.05012e-01 1.09928e+03
-1.24302e+00 2.18090e-01 1.04994e+03
-1.30613e+00 2.32093e-01 1.00695e+03
-1.36907e+00 2.47018e-01 9.69657e+02
-1.43185e+00 2.62860e-01 9.37436e+02
-1.49448e+00 2.79615e-01 9.09733e+02
-1.55698e+00 2.97281e-01 8.86042e+02
-1.61936e+00 3.15854e-01 8.65914e+02
-1.68163e+00 3.35331e-01 8.48943e+02
-1.74379e+00 3.55711e-01 8.34772e+02
-1.80586e+00 3.76991e-01 8.23079e+02
-1.86785e+00 3.99169e-01 8.13583e+02
-1.92977e+00 4.22244e-01 8.06034e+02
-1.99163e+00 4.46216e-01 8.00208e+02
-2.05345e+00 4.71082e-01 7.95912e+02
-2.11522e+00 4.96843e-01 7.92970e+02
-2.17696e+00 5.23498e-01 7.91231e+02
-2.23869e+00 5.51048e-01 7.90558e+02
-2.30041e+00 5.79492e-01 7.90832e+02
-2.36212e+00 6.08831e-01 7.91947e+02
-2.42385e+00 6.39067e-01 7.93809e+02
-2.48659e+00 6.70906e-01 7.65610e+02
-2.55024e+00 7.04323e-01 7.60912e+02
-2.61376e+00 7.38606e-01 7.56563e+02
-2.67716e+00 7.73756e-01 7.52531e+02
-2.74046e+00 8.09775e-01 7.48791e+02
-2.80366e+00 8.46667e-01 7.45316e+02
-2.86678e+00 8.84435e-01 7.42085e+02
-2.92982e+00 9.23083e-01 7.39078e+02
-2.99280e+00 9.62613e-01 7.36277e+02
-3.05573e+00 1.00303e+00 7.33665e+02
-3.11861e+00 1.04434e+00 7.31228e+02
-3.18146e+00 1.08654e+00 7.28952e+02
-3.24429e+00 1.12965e+00 7.26824e+02
-3.30710e+00 1.17366e+00 7.24834e+02
-3.36991e+00 1.21858e+00 7.22970e+02
-3.43273e+00 1.26442e+00 7.21225e+02
-3.49556e+00 1.31118e+00 7.19589e+02
-3.55842e+00 1.35886e+00 7.18055e+02
-3.62131e+00 1.40748e+00 7.16614e+02
-3.68425e+00 1.45705e+00 7.15261e+02
-3.74724e+00 1.50756e+00 7.13990e+02
-3.81030e+00 1.55903e+00 7.12794e+02
-3.87343e+00 1.61146e+00 7.11669e+02
-3.93665e+00 1.66486e+00 7.10609e+02
-3.99997e+00 1.71924e+00 7.09611e+02
-9.10232e-01 1.89044e-01 1.31437e+03
-9.74477e-01 2.00044e-01 1.24083e+03
-1.03848e+00 2.12106e-01 1.17596e+03
-1.10224e+00 2.25221e-01 1.11893e+03
-1.16579e+00 2.39385e-01 1.06892e+03
-1.22913e+00 2.54590e-01 1.02520e+03
-1.29228e+00 2.70829e-01 9.87088e+02
-1.35525e+00 2.88099e-01 9.53957e+02
-1.41805e+00 3.06393e-01 9.25251e+02
-1.48071e+00 3.25708e-01 9.00472e+02
-1.54323e+00 3.46038e-01 8.79175e+02
-1.60562e+00 3.67381e-01 8.60965e+02
-1.66790e+00 3.89734e-01 8.45490e+02
-1.73007e+00 4.13092e-01 8.32442e+02
-1.79216e+00 4.37454e-01 8.21547e+02
-1.85417e+00 4.62817e-01 8.12562e+02
-1.91612e+00 4.89181e-01 8.05274e+02
-1.97802e+00 5.16543e-01 7.99493e+02
-2.03987e+00 5.44902e-01 7.95054e+02
-2.10170e+00 5.74259e-01 7.91809e+02
-2.16350e+00 6.04613e-01 7.89627e+02
-2.22531e+00 6.35964e-01 7.88394e+02
-2.28711e+00 6.68312e-01 7.88006e+02
-2.34893e+00 7.01659e-01 7.88373e+02
-2.41078e+00 7.36005e-01 7.89414e+02
-2.47381e+00 7.72185e-01 7.61436e+02
-2.53789e+00 8.10167e-01 7.56949e+02
-2.60184e+00 8.49111e-01 7.52762e+02
-2.66567e+00 8.89019e-01 7.48849e+02
-2.72940e+00 9.29896e-01 7.45188e+02
-2.79303e+00 9.71746e-01 7.41757e+02
-2.85658e+00 1.01457e+00 7.38538e+02
-2.92007e+00 1.05838e+00 7.35513e+02
-2.98350e+00 1.10317e+00 7.32668e+02
-3.04688e+00 1.14895e+00 7.29988e+02
-3.11023e+00 1.19573e+00 7.27460e+02
-3.17356e+00 1.24351e+00 7.25073e+02
-3.23688e+00 1.29230e+00 7.22817e+02
-3.30019e+00 1.34211e+00 7.20681e+02
-3.36352e+00 1.39293e+00 7.18658e+02
-3.42688e+00 1.44479e+00 7.16738e+02
-3.49026e+00 1.49768e+00 7.14915e+02
-3.55370e+00 1.55161e+00 7.13182e+02
-3.61719e+00 1.60660e+00 7.11532e+02
-3.68075e+00 1.66265e+00 7.09959e+02
-3.74439e+00 1.71977e+00 7.08459e+02
-3.80812e+00 1.77796e+00 7.07026e+02
-3.87195e+00 1.83725e+00 7.05656e+02
-3.93590e+00 1.89764e+00 7.04345e+02
-3.99997e+00 1.95914e+00 7.03088e+02
-8.95458e-01 2.15913e-01 1.25445e+03
-9.59703e-01 2.28623e-01 1.18959e+03
-1.02369e+00 2.42496e-01 1.13261e+03
-1.08743e+00 2.57525e-01 1.08264e+03
-1.15095e+00 2.73699e-01 1.03888e+03
-1.21425e+00 2.91013e-01 1.00061e+03
-1.27736e+00 3.09458e-01 9.67213e+02
-1.34029e+00 3.29028e-01 9.38108e+02
-1.40305e+00 3.49717e-01 9.12800e+02
-1.46566e+00 3.71520e-01 8.90848e+02
-1.52814e+00 3.94432e-01 8.71867e+02
-1.59049e+00 4.18448e-01 8.55515e+02
-1.65273e+00 4.43564e-01 8.41493e+02
-1.71488e+00 4.69778e-01 8.29538e+02
-1.77696e+00 4.97086e-01 8.19418e+02
-1.83896e+00 5.25485e-01 8.10930e+02
-1.90091e+00 5.54975e-01 8.03894e+02
-1.96282e+00 5.85553e-01 7.98153e+02
-2.02470e+00 6.17218e-01 7.93566e+02
-2.08657e+00 6.49971e-01 7.90011e+02
-2.14843e+00 6.83810e-01 7.87378e+02
-2.21031e+00 7.18737e-01 7.85571e+02
-2.27221e+00 7.54751e-01 7.84505e+02
-2.33415e+00 7.91855e-01 7.84104e+02
-2.39613e+00 8.30049e-01 7.84299e+02
-2.45946e+00 8.70297e-01 7.56812e+02
-2.52397e+00 9.12560e-01 7.52556e+02
-2.58837e+00 9.55869e-01 7.48550e+02
-2.65265e+00 1.00023e+00 7.44774e+02
-2.71683e+00 1.04564e+00 7.41207e+02
-2.78093e+00 1.09211e+00 7.37834e+02
-2.84495e+00 1.13965e+00 7.34637e+02
-2.90892e+00 1.18826e+00 7.31603e+02
-2.97284e+00 1.23794e+00 7.28719e+02
-3.03673e+00 1.28870e+00 7.25974e+02
-3.10060e+00 1.34056e+00 7.23356e+02
-3.16447e+00 1.39351e+00 7.20857e+02
-3.22834e+00 1.44756e+00 7.18466e+02
-3.29223e+00 1.50273e+00 7.16177e+02
-3.35616e+00 1.55901e+00 7.13982e+02
-3.42012e+00 1.61643e+00 7.11873e+02
-3.48415e+00 1.67499e+00 7.09845e+02
-3.54825e+00 1.73469e+00 7.07892e+02
-3.61243e+00 1.79556e+00 7.06009e+02
-3.67670e+00 1.85759e+00 7.04190e+02
-3.74109e+00 1.92080e+00 7.02431e+02
-3.80559e+00 1.98521e+00 7.00728e+02
-3.87023e+00 2.05082e+00 6.99077e+02
-3.93502e+00 2.11765e+00 6.97475e+02
-3.99997e+00 2.18570e+00 6.95917e+02
-8.80221e-01 2.42615e-01 1.19540e+03
-9.44345e-01 2.57070e-01 1.13923e+03
-1.00821e+00 2.72778e-01 1.09006e+03
-1.07182e+00 2.89727e-01 1.04702e+03
-1.13521e+00 3.07908e-01 1.00934e+03
-1.19839e+00 3.27312e-01 9.76365e+02
-1.26137e+00 3.47930e-01 9.47511e+02
-1.32418e+00 3.69755e-01 9.22279e+02
-1.38682e+00 3.92780e-01 9.00233e+02
-1.44933e+00 4.17000e-01 8.80994e+02
-1.51170e+00 4.42407e-01 8.64233e+02
-1.57397e+00 4.68998e-01 8.49662e+02
-1.63613e+00 4.96768e-01 8.37030e+02
-1.69822e+00 5.25712e-01 8.26119e+02
-1.76023e+00 5.55829e-01 8.16737e+02
-1.82220e+00 5.87115e-01 8.08716e+02
-1.88413e+00 6.19568e-01 8.01910e+02
-1.94603e+00 6.53187e-01 7.96188e+02
-2.00793e+00 6.87971e-01 7.91437e+02
-2.06983e+00 7.23918e-01 7.87555e+02
-2.13175e+00 7.61031e-01 7.84455e+02
-2.19370e+00 7.99308e-01 7.82056e+02
-2.25570e+00 8.38751e-01 7.80289e+02
-2.31776e+00 8.79363e-01 7.79092e+02
-2.37989e+00 9.21144e-01 7.78410e+02
-2.44352e+00 9.65187e-01 7.51761e+02
-2.50849e+00 1.01145e+00 7.47749e+02
-2.57334e+00 1.05883e+00 7.43937e+02
-2.63809e+00 1.10733e+00 7.40308e+02
-2.70275e+00 1.15696e+00 7.36846e+02
-2.76734e+00 1.20772e+00 7.33537e+02
-2.83188e+00 1.25963e+00 7.30369e+02
-2.89637e+00 1.31268e+00 7.27329e+02
-2.96083e+00 1.36688e+00 7.24408e+02
-3.02528e+00 1.42225e+00 7.21595e+02
-3.08973e+00 1.47878e+00 7.18882e+02
-3.15419e+00 1.53650e+00 7.16262e+02
-3.21868e+00 1.59540e+00 7.13727e+02
-3.28322e+00 1.65550e+00 7.11270e+02
-3.34781e+00 1.71681e+00 7.08885e+02
-3.41247e+00 1.77934e+00 7.06566e+02
-3.47722e+00 1.84309e+00 7.04309e+02
-3.54207e+00 1.90809e+00 7.02108e+02
-3.60703e+00 1.97435e+00 6.99959e+02
-3.67212e+00 2.04187e+00 6.97858e+02
-3.73735e+00 2.11066e+00 6.95801e+02
-3.80273e+00 2.18076e+00 6.93784e+02
-3.86829e+00 2.25216e+00 6.91804e+02
-3.93403e+00 2.32488e+00 6.89859e+02
-3.99997e+00 2.39895e+00 6.87944e+02
-8.64533e-01 2.69102e-01 1.13742e+03
-9.28415e-01 2.85340e-01 1.08998e+03
-9.92037e-01 3.02903e-01 1.04855e+03
-1.05542e+00 3.21781e-01 1.01229e+03
-1.11858e+00 3.41963e-01 9.80523e+02
-1.18154e+00 3.63437e-01 9.52647e+02
-1.24431e+00 3.86195e-01 9.28161e+02
-1.30692e+00 4.10229e-01 9.06635e+02
-1.36938e+00 4.35531e-01 8.87700e+02
-1.43171e+00 4.62093e-01 8.71042e+02
-1.49393e+00 4.89910e-01 8.56386e+02
-1.55605e+00 5.18977e-01 8.43500e+02
-1.61809e+00 5.49287e-01 8.32178e+02
-1.68006e+00 5.80838e-01 8.22246e+02
-1.74199e+00 6.13626e-01 8.13548e+02
-1.80389e+00 6.47648e-01 8.05951e+02
-1.86577e+00 6.82902e-01 7.99338e+02
-1.92765e+00 7.19386e-01 7.93605e+02
-1.98955e+00 7.57101e-01 7.88661e+02
-2.05147e+00 7.96044e-01 7.84427e+02
-2.11344e+00 8.36217e-01 7.80832e+02
-2.17547e+00 8.77621e-01 7.77813e+02
-2.23757e+00 9.20257e-01 7.75315e+02
-2.29976e+00 9.64127e-01 7.73289e+02
-2.36206e+00 1.00923e+00 7.71691e+02
-2.42601e+00 1.05680e+00 7.46303e+02
-2.49144e+00 1.10679e+00 7.42543e+02
-2.55676e+00 1.15794e+00 7.38931e+02
-2.62200e+00 1.21028e+00 7.35454e+02
-2.68717e+00 1.26381e+00 7.32100e+02
-2.75228e+00 1.31854e+00 7.28858e+02
-2.81736e+00 1.37447e+00 7.25717e+02
-2.88241e+00 1.43161e+00 7.22669e+02
-2.94746e+00 1.48997e+00 7.19704e+02
-3.01252e+00 1.54956e+00 7.16816e+02
-3.07760e+00 1.61038e+00 7.13998e+02
-3.14272e+00 1.67246e+00 7.11242e+02
-3.20790e+00 1.73580e+00 7.08544e+02
-3.27315e+00 1.80041e+00 7.05897e+02
-3.33848e+00 1.86630e+00 7.03297e+02
-3.40392e+00 1.93349e+00 7.00739e+02
-3.46947e+00 2.00199e+00 6.98218e+02
-3.53516e+00 2.07181e+00 6.95731e+02
-3.60099e+00 2.14296e+00 6.93274e+02
-3.66699e+00 2.21547e+00 6.90843e+02
-3.73316e+00 2.28935e+00 6.88436e+02
-3.79953e+00 2.36461e+00 6.86048e+02
-3.86611e+00 2.44127e+00 6.83676e+02
-3.93292e+00 2.51935e+00 6.81319e+02
-3.99997e+00 2.59886e+00 6.78974e+02
-8.48410e-01 2.95326e-01 1.08074e+03
-9.11923e-01 3.13382e-01 1.04206e+03
-9.75188e-01 3.32824e-01 1.00828e+03
-1.03823e+00 3.53639e-01 9.78665e+02
-1.10106e+00 3.75814e-01 9.52622e+02
-1.16370e+00 3.99339e-01 9.29653e+02
-1.22618e+00 4.24204e-01 9.09340e+02
-1.28851e+00 4.50399e-01 8.91337e+02
-1.35071e+00 4.77916e-01 8.75346e+02
-1.41280e+00 5.06748e-01 8.61117e+02
-1.47480e+00 5.36887e-01 8.48437e+02
-1.53673e+00 5.68329e-01 8.37123e+02
-1.59859e+00 6.01068e-01 8.27016e+02
-1.66042e+00 6.35100e-01 8.17981e+02
-1.72223e+00 6.70421e-01 8.09899e+02
-1.78403e+00 7.07028e-01 8.02668e+02
-1.84584e+00 7.44920e-01 7.96198e+02
-1.90767e+00 7.84094e-01 7.90409e+02
-1.96955e+00 8.24551e-01 7.85234e+02
-2.03149e+00 8.66290e-01 7.80610e+02
-2.09351e+00 9.09313e-01 7.76485e+02
-2.15561e+00 9.53619e-01 7.72810e+02
-2.21782e+00 9.99212e-01 7.69542e+02
-2.28016e+00 1.04609e+00 7.66645e+02
-2.34263e+00 1.09427e+00 7.64084e+02
-2.40691e+00 1.14510e+00 7.40459e+02
-2.47281e+00 1.19852e+00 7.36950e+02
-2.53862e+00 1.25316e+00 7.33537e+02
-2.60437e+00 1.30904e+00 7.30211e+02
-2.67007e+00 1.36615e+00 7.26962e+02
-2.73574e+00 1.42451e+00 7.23782e+02
-2.80140e+00 1.48413e+00 7.20662e+02
-2.86706e+00 1.54501e+00 7.17595e+02
-2.93274e+00 1.60716e+00 7.14575e+02
-2.99845e+00 1.67060e+00 7.11596e+02
-3.06422e+00 1.73533e+00 7.08653e+02
-3.13006e+00 1.80137e+00 7.05740e+02
-3.19599e+00 1.86873e+00 7.02852e+02
-3.26202e+00 1.93743e+00 6.99985e+02
-3.32817e+00 2.00747e+00 6.97134e+02
-3.39446e+00 2.07887e+00 6.94297e+02
-3.46090e+00 2.15165e+00 6.91467e+02
-3.52751e+00 2.22582e+00 6.88644e+02
-3.59431e+00 2.30140e+00 6.85822e+02
-3.66131e+00 2.37841e+00 6.82998e+02
-3.72854e+00 2.45685e+00 6.80170e+02
-3.79600e+00 2.53676e+00 6.77335e+02
-3.86371e+00 2.61815e+00 6.74489e+02
-3.93169e+00 2.70104e+00 6.71629e+02
-3.99997e+00 2.78544e+00 6.68753e+02
-8.31866e-01 3.21239e-01 1.02562e+03
-8.94883e-01 3.41150e-01 9.95735e+02
-9.57672e-01 3.62491e-01 9.69509e+02
-1.02025e+00 3.85250e-01 9.46370e+02
-1.08265e+00 4.09413e-01 9.25852e+02
-1.14489e+00 4.34968e-01 9.07574e+02
-1.20698e+00 4.61904e-01 8.91224e+02
-1.26896e+00 4.90212e-01 8.76541e+02
-1.33082e+00 5.19883e-01 8.63310e+02
-1.39261e+00 5.50910e-01 8.51346e+02
-1.45433e+00 5.83284e-01 8.40494e+02
-1.51600e+00 6.17001e-01 8.30624e+02
-1.57765e+00 6.52055e-01 8.21620e+02
-1.63929e+00 6.88441e-01 8.13386e+02
-1.70093e+00 7.26156e-01 8.05837e+02
-1.76261e+00 7.65198e-01 7.98900e+02
-1.82432e+00 8.05564e-01 7.92510e+02
-1.88610e+00 8.47254e-01 7.86611e+02
-1.94795e+00 8.90267e-01 7.81153e+02
-2.00989e+00 9.34603e-01 7.76092e+02
-2.07195e+00 9.80263e-01 7.71390e+02
-2.13413e+00 1.02725e+00 7.67011e+02
-2.19646e+00 1.07557e+00 7.62926e+02
-2.25894e+00 1.12521e+00 7.59106e+02
-2.32160e+00 1.17620e+00 7.55526e+02
-2.38622e+00 1.23002e+00 7.34244e+02
-2.45260e+00 1.28660e+00 7.30980e+02
-2.51892e+00 1.34444e+00 7.27760e+02
-2.58520e+00 1.40355e+00 7.24576e+02
-2.65146e+00 1.46394e+00 7.21421e+02
-2.71772e+00 1.52561e+00 7.18290e+02
-2.78399e+00 1.58857e+00 7.15176e+02
-2.85029e+00 1.65284e+00 7.12074e+02
-2.91665e+00 1.71843e+00 7.08978e+02
-2.98308e+00 1.78534e+00 7.05885e+02
-3.04959e+00 1.85359e+00 7.02789e+02
-3.11621e+00 1.92320e+00 6.99686e+02
-3.18296e+00 1.99418e+00 6.96572e+02
-3.24984e+00 2.06654e+00 6.93442e+02
-3.31688e+00 2.14030e+00 6.90294e+02
-3.38410e+00 2.21548e+00 6.87123e+02
-3.45152e+00 2.29208e+00 6.83925e+02
-3.51914e+00 2.37013e+00 6.80696e+02
-3.58700e+00 2.44966e+00 6.77434e+02
-3.65510e+00 2.53066e+00 6.74135e+02
-3.72347e+00 2.61317e+00 6.70794e+02
-3.79212e+00 2.69721e+00 6.67409e+02
-3.86107e+00 2.78280e+00 6.63976e+02
-3.93035e+00 2.86996e+00 6.60492e+02
-3.99997e+00 2.95870e+00 6.56952e+02
-8.15880e-01 3.45372e-01 1.02794e+03
-8.78249e-01 3.67189e-01 9.87604e+02
-9.40419e-01 3.90468e-01 9.53685e+02
-1.00241e+00 4.15193e-01 9.24938e+02
-1.06426e+00 4.41351e-01 9.00410e+02
-1.12596e+00 4.68930e-01 8.79358e+02
-1.18756e+00 4.97918e-01 8.61196e+02
-1.24907e+00 5.28306e-01 8.45457e+02
-1.31051e+00 5.60085e-01 8.31763e+02
-1.37190e+00 5.93246e-01 8.19808e+02
-1.43325e+00 6.27782e-01 8.09338e+02
-1.49460e+00 6.63688e-01 8.00144e+02
-1.55595e+00 7.00959e-01 7.92054e+02
-1.61733e+00 7.39589e-01 7.84919e+02
-1.67875e+00 7.79576e-01 7.78618e+02
-1.74024e+00 8.20918e-01 7.73045e+02
-1.80180e+00 8.63612e-01 7.68110e+02
-1.86347e+00 9.07658e-01 7.63738e+02
-1.92525e+00 9.53056e-01 7.59861e+02
-1.98716e+00 9.99806e-01 7.56424e+02
-2.04922e+00 1.04791e+00 7.53375e+02
-2.11145e+00 1.09737e+00 7.50672e+02
-2.17386e+00 1.14819e+00 7.48277e+02
-2.23647e+00 1.20038e+00 7.46157e+02
-2.29931e+00 1.25394e+00 7.44283e+02
-2.36424e+00 1.31053e+00 7.24995e+02
-2.43109e+00 1.37008e+00 7.20044e+02
-2.49790e+00 1.43092e+00 7.15426e+02
-2.56471e+00 1.49304e+00 7.11103e+02
-2.63154e+00 1.55645e+00 7.07043e+02
-2.69839e+00 1.62118e+00 7.03216e+02
-2.76530e+00 1.68722e+00 6.99596e+02
-2.83227e+00 1.75459e+00 6.96161e+02
-2.89934e+00 1.82331e+00 6.92889e+02
-2.96651e+00 1.89338e+00 6.89762e+02
-3.03381e+00 1.96482e+00 6.86762e+02
-3.10126e+00 2.03765e+00 6.83874e+02
-3.16887e+00 2.11188e+00 6.81084e+02
-3.23667e+00 2.18753e+00 6.78380e+02
-3.30467e+00 2.26461e+00 6.75748e+02
-3.37288e+00 2.34315e+00 6.73178e+02
-3.44134e+00 2.42315e+00 6.70661e+02
-3.51006e+00 2.50465e+00 6.68186e+02
-3.57906e+00 2.58766e+00 6.65745e+02
-3.64835e+00 2.67219e+00 6.63329e+02
-3.71796e+00 2.75828e+00 6.60931e+02
-3.78791e+00 2.84595e+00 6.58543e+02
-3.85821e+00 2.93521e+00 6.56158e+02
-3.92889e+00 3.02610e+00 6.53768e+02
-3.99997e+00 3.11863e+00 6.51368e+02
-7.99703e-01 3.68944e-01 1.00073e+03
-8.61293e-01 3.92703e-01 9.60498e+02
-9.22723e-01 4.17939e-01 9.27153e+02
-9.84015e-01 4.44636e-01 8.99272e+02
-1.04519e+00 4.72782e-01 8.75780e+02
-1.10627e+00 5.02364e-01 8.55856e+02
-1.16729e+00 5.33371e-01 8.38862e+02
-1.22825e+00 5.65791e-01 8.24294e+02
-1.28917e+00 5.99617e-01 8.11752e+02
-1.35009e+00 6.34840e-01 8.00913e+02
-1.41102e+00 6.71454e-01 7.91516e+02
-1.47198e+00 7.09452e-01 7.83345e+02
-1.53299e+00 7.48830e-01 7.76223e+02
-1.59406e+00 7.89584e-01 7.70002e+02
-1.65522e+00 8.31710e-01 7.64557e+02
-1.71649e+00 8.75207e-01 7.59786e+02
-1.77787e+00 9.20073e-01 7.55599e+02
-1.83940e+00 9.66309e-01 7.51920e+02
-1.90109e+00 1.01391e+00 7.48687e+02
-1.96295e+00 1.06289e+00 7.45843e+02
-2.02500e+00 1.11324e+00 7.43340e+02
-2.08727e+00 1.16496e+00 7.41138e+02
-2.14976e+00 1.21807e+00 7.39200e+02
-2.21251e+00 1.27256e+00 7.37494e+02
-2.27551e+00 1.32844e+00 7.35994e+02
-2.34077e+00 1.38755e+00 7.18854e+02
-2.40808e+00 1.44981e+00 7.14364e+02
-2.47541e+00 1.51335e+00 7.10183e+02
-2.54276e+00 1.57818e+00 7.06277e+02
-2.61016e+00 1.64432e+00 7.02613e+02
-2.67764e+00 1.71178e+00 6.99166e+02
-2.74521e+00 1.78057e+00 6.95910e+02
-2.81289e+00 1.85071e+00 6.92823e+02
-2.88071e+00 1.92220e+00 6.89887e+02
-2.94867e+00 1.99506e+00 6.87082e+02
-3.01681e+00 2.06932e+00 6.84393e+02
-3.08514e+00 2.14498e+00 6.81804e+02
-3.15368e+00 2.22206e+00 6.79303e+02
-3.22246e+00 2.30058e+00 6.76877e+02
-3.29148e+00 2.38056e+00 6.74514e+02
-3.36078e+00 2.46201e+00 6.72204e+02
-3.43036e+00 2.54497e+00 6.69936e+02
-3.50026e+00 2.62944e+00 6.67701e+02
-3.57049e+00 2.71546e+00 6.65490e+02
-3.64107e+00 2.80303e+00 6.63294e+02
-3.71202e+00 2.89220e+00 6.61106e+02
-3.78336e+00 2.98298e+00 6.58917e+02
-3.85512e+00 3.07539e+00 6.56720e+02
-3.92731e+00 3.16947e+00 6.54507e+02
-3.99996e+00 3.26524e+00 6.52270e+02
-7.83016e-01 3.92432e-01 9.73110e+02
-8.43702e-01 4.18161e-01 9.33206e+02
-9.04274e-01 4.45368e-01 9.00611e+02
-9.64754e-01 4.74038e-01 8.73721e+02
-1.02517e+00 5.04159e-01 8.51353e+02
-1.08553e+00 5.35716e-01 8.32614e+02
-1.14587e+00 5.68699e-01 8.16821e+02
-1.20621e+00 6.03099e-01 8.03440e+02
-1.26656e+00 6.38906e-01 7.92053e+02
-1.32695e+00 6.76113e-01 7.82325e+02
-1.38740e+00 7.14713e-01 7.73988e+02
-1.44792e+00 7.54701e-01 7.66823e+02
-1.50853e+00 7.96072e-01 7.60650e+02
-1.56927e+00 8.38822e-01 7.55321e+02
-1.63013e+00 8.82949e-01 7.50713e+02
-1.69115e+00 9.28453e-01 7.46724e+02
-1.75233e+00 9.75331e-01 7.43266e+02
-1.81371e+00 1.02358e+00 7.40267e+02
-1.87529e+00 1.07321e+00 7.37663e+02
-1.93710e+00 1.12422e+00 7.35401e+02
-1.99914e+00 1.17661e+00 7.33436e+02
-2.06145e+00 1.23038e+00 7.31727e+02
-2.12404e+00 1.28555e+00 7.30242e+02
-2.18692e+00 1.34211e+00 7.28950e+02
-2.25011e+00 1.40007e+00 7.27825e+02
-2.31571e+00 1.46142e+00 7.12783e+02
-2.38350e+00 1.52608e+00 7.08723e+02
-2.45134e+00 1.59201e+00 7.04951e+02
-2.51926e+00 1.65924e+00 7.01435e+02
-2.58727e+00 1.72777e+00 6.98145e+02
-2.65540e+00 1.79762e+00 6.95057e+02
-2.72368e+00 1.86881e+00 6.92146e+02
-2.79211e+00 1.94134e+00 6.89392e+02
-2.86072e+00 2.01523e+00 6.86776e+02
-2.92953e+00 2.09051e+00 6.84282e+02
-2.99856e+00 2.16718e+00 6.81893e+02
-3.06783e+00 2.24526e+00 6.79596e+02
-3.13737e+00 2.32477e+00 6.77378e+02
-3.20719e+00 2.40574e+00 6.75226e+02
-3.27731e+00 2.48818e+00 6.73129e+02
-3.34776e+00 2.57211e+00 6.71076e+02
-3.41856e+00 2.65755e+00 6.69059e+02
-3.48972e+00 2.74453e+00 6.67066e+02
-3.56127e+00 2.83307e+00 6.65089e+02
-3.63324e+00 2.92320e+00 6.63119e+02
-3.70563e+00 3.01493e+00 6.61147e+02
-3.77848e+00 3.10831e+00 6.59166e+02
-3.85180e+00 3.20334e+00 6.57165e+02
-3.92562e+00 3.30007e+00 6.55138e+02
-3.99996e+00 3.39852e+00 6.53074e+02
-7.65838e-01 4.15796e-01 9.45136e+02
-8.25492e-01 4.43522e-01 9.05788e+02
-8.85088e-01 4.72714e-01 8.74109e+02
-9.44649e-01 5.03356e-01 8.48332e+02
-1.00420e+00 5.35435e-01 8.27170e+02
-1.06375e+00 5.68940e-01 8.09668e+02
-1.12334e+00 6.03859e-01 7.95104e+02
-1.18297e+00 6.40184e-01 7.82923e+02
-1.24268e+00 6.77905e-01 7.72690e+02
-1.30247e+00 7.17016e-01 7.64065e+02
-1.36238e+00 7.57512e-01 7.56772e+02
-1.42241e+00 7.99385e-01 7.50594e+02
-1.48260e+00 8.42634e-01 7.45349e+02
-1.54295e+00 8.87255e-01 7.40891e+02
-1.60349e+00 9.33246e-01 7.37099e+02
-1.66423e+00 9.80606e-01 7.33871e+02
-1.72520e+00 1.02934e+00 7.31123e+02
-1.78640e+00 1.07944e+00 7.28785e+02
-1.84787e+00 1.13091e+00 7.26795e+02
-1.90961e+00 1.18375e+00 7.25102e+02
-1.97165e+00 1.23798e+00 7.23664e+02
-2.03400e+00 1.29359e+00 7.22442e+02
-2.09669e+00 1.35059e+00 7.21405e+02
-2.15972e+00 1.40898e+00 7.20523e+02
-2.22312e+00 1.46877e+00 7.19774e+02
-2.28907e+00 1.53210e+00 7.06757e+02
-2.35734e+00 1.59885e+00 7.03095e+02
-2.42572e+00 1.66687e+00 6.99704e+02
-2.49422e+00 1.73617e+00 6.96553e+02
-2.56287e+00 1.80677e+00 6.93614e+02
-2.63168e+00 1.87867e+00 6.90863e+02
-2.70069e+00 1.95190e+00 6.88278e+02
-2.76991e+00 2.02647e+00 6.85840e+02
-2.83936e+00 2.10239e+00 6.83531e+02
-2.90907e+00 2.17969e+00 6.81335e+02
-2.97905e+00 2.25838e+00 6.79236e+02
-3.04933e+00 2.33849e+00 6.77222e+02
-3.11993e+00 2.42002e+00 6.75280e+02
-3.19087e+00 2.50301e+00 6.73398e+02
-3.26217e+00 2.58747e+00 6.71565e+02
-3.33385e+00 2.67343e+00 6.69771e+02
-3.40594e+00 2.76090e+00 6.68006e+02
-3.47846e+00 2.84992e+00 6.66259e+02
-3.55142e+00 2.94050e+00 6.64522e+02
-3.62486e+00 3.03268e+00 6.62786e+02
-3.69880e+00 3.12648e+00 6.61041e+02
-3.77325e+00 3.22193e+00 6.59277e+02
-3.84825e+00 3.31906e+00 6.57486e+02
-3.92381e+00 3.41789e+00 6.55658e+02
-3.99996e+00 3.51847e+00 6.53783e+02
-7.48192e-01 4.38994e-01 9.16884e+02
-8.06685e-01 4.68744e-01 8.78309e+02
-8.65187e-01 4.99932e-01 8.47707e+02
-9.23717e-01 5.32544e-01 8.23154e+02
-9.82297e-01 5.66567e-01 8.03272e+02
-1.04095e+00 6.01990e-01 7.87052e+02
-1.09969e+00 6.38803e-01 7.73742e+02
-1.15855e+00 6.76998e-01 7.62767e+02
-1.21754e+00 7.16567e-01 7.53685e+02
-1.27668e+00 7.57503e-01 7.46149e+02
-1.33598e+00 7.99802e-01 7.39884e+02
-1.39548e+00 8.43459e-01 7.34670e+02
-1.45519e+00 8.88471e-01 7.30330e+02
-1.51512e+00 9.34836e-01 7.26719e+02
-1.57530e+00 9.82553e-01 7.23719e+02
-1.63574e+00 1.03162e+00 7.21230e+02
-1.69646e+00 1.08204e+00 7.19171e+02
-1.75749e+00 1.13382e+00 7.17475e+02
-1.81883e+00 1.18695e+00 7.16082e+02
-1.88050e+00 1.24145e+00 7.14945e+02
-1.94253e+00 1.29731e+00 7.14022e+02
-2.00493e+00 1.35454e+00 7.13277e+02
-2.06772e+00 1.41314e+00 7.12680e+02
-2.13091e+00 1.47314e+00 7.12206e+02
-2.19453e+00 1.53452e+00 7.11830e+02
-2.26084e+00 1.59955e+00 7.00745e+02
-2.32960e+00 1.66810e+00 6.97451e+02
-2.39853e+00 1.73790e+00 6.94413e+02
-2.46764e+00 1.80895e+00 6.91600e+02
-2.53695e+00 1.88128e+00 6.88988e+02
-2.60648e+00 1.95489e+00 6.86553e+02
-2.67626e+00 2.02982e+00 6.84275e+02
-2.74631e+00 2.10606e+00 6.82136e+02
-2.81665e+00 2.18365e+00 6.80118e+02
-2.88730e+00 2.26259e+00 6.78206e+02
-2.95829e+00 2.34292e+00 6.76387e+02
-3.02964e+00 2.42464e+00 6.74648e+02
-3.10136e+00 2.50779e+00 6.72976e+02
-3.17349e+00 2.59237e+00 6.71360e+02
-3.24604e+00 2.67842e+00 6.69789e+02
-3.31903e+00 2.76596e+00 6.68254e+02
-3.39250e+00 2.85501e+00 6.66743e+02
-3.46646e+00 2.94559e+00 6.65249e+02
-3.54093e+00 3.03774e+00 6.63761e+02
-3.61595e+00 3.13149e+00 6.62269e+02
-3.69152e+00 3.22685e+00 6.60763e+02
-3.76769e+00 3.32386e+00 6.59235e+02
-3.84447e+00 3.42255e+00 6.57672e+02
-3.92188e+00 3.52295e+00 6.56064e+02
-3.99996e+00 3.62509e+00 6.54399e+02
-7.30099e-01 4.61985e-01 8.88443e+02
-7.87304e-01 4.93785e-01 8.50848e+02
-8.44590e-01 5.26981e-01 8.21471e+02
-9.01979e-01 5.61559e-01 7.98242e+02
-9.59490e-01 5.97510e-01 7.79704e+02
-1.01714e+00 6.34822e-01 7.64804e+02
-1.07496e+00 6.73486e-01 7.52763e+02
-1.13296e+00 7.13496e-01 7.42996e+02
-1.19116e+00 7.54844e-01 7.35055e+02
-1.24957e+00 7.97526e-01 7.28591e+02
-1.30823e+00 8.41537e-01 7.23332e+02
-1.36714e+00 8.86874e-01 7.19059e+02
-1.42632e+00 9.33534e-01 7.15598e+02
-1.48580e+00 9.81518e-01 7.12808e+02
-1.54558e+00 1.03082e+00 7.10573e+02
-1.60570e+00 1.08145e+00 7.08798e+02
-1.66615e+00 1.13341e+00 7.07406e+02
-1.72697e+00 1.18669e+00 7.06330e+02
-1.78817e+00 1.24131e+00 7.05516e+02
-1.84977e+00 1.29726e+00 7.04918e+02
-1.91179e+00 1.35455e+00 7.04496e+02
-1.97424e+00 1.41319e+00 7.04218e+02
-2.03713e+00 1.47318e+00 7.04054e+02
-2.10050e+00 1.53454e+00 7.03980e+02
-2.16436e+00 1.59727e+00 7.03976e+02
-2.23103e+00 1.66373e+00 6.94709e+02
-2.30030e+00 1.73379e+00 6.91752e+02
-2.36979e+00 1.80505e+00 6.89037e+02
-2.43952e+00 1.87754e+00 6.86537e+02
-2.50952e+00 1.95128e+00 6.84227e+02
-2.57980e+00 2.02627e+00 6.82086e+02
-2.65039e+00 2.10254e+00 6.80095e+02
-2.72131e+00 2.18011e+00 6.78235e+02
-2.79258e+00 2.25899e+00 6.76493e+02
-2.86423e+00 2.33920e+00 6.74852e+02
-2.93628e+00 2.42077e+00 6.73300e+02
-3.00875e+00 2.50371e+00 6.71826e+02
-3.08167e+00 2.58805e+00 6.70416e+02
-3.15505e+00 2.67381e+00 6.69061e+02
-3.22893e+00 2.76102e+00 6.67751e+02
-3.30331e+00 2.84969e+00 6.66476e+02
-3.37824e+00 2.93986e+00 6.65225e+02
-3.45373e+00 3.03155e+00 6.63990e+02
-3.52980e+00 3.12479e+00 6.62761e+02
-3.60649e+00 3.21960e+00 6.61528e+02
-3.68381e+00 3.31602e+00 6.60282e+02
-3.76179e+00 3.41408e+00 6.59011e+02
-3.84046e+00 3.51380e+00 6.57703e+02
-3.91984e+00 3.61523e+00 6.56347e+02
-3.99996e+00 3.71838e+00 6.54928e+02
-7.11587e-01 4.84728e-01 8.59915e+02
-7.67372e-01 5.18601e-01 8.23494e+02
-8.23322e-01 5.53815e-01 7.95476e+02
-8.79458e-01 5.90357e-01 7.73658e+02
-9.35798e-01 6.28218e-01 7.56516e+02
-9.92359e-01 6.67389e-01 7.42960e+02
-1.04916e+00 7.07862e-01 7.32196e+02
-1.10622e+00 7.49631e-01 7.23631e+02
-1.16356e+00 7.92691e-01 7.16815e+02
-1.22119e+00 8.37039e-01 7.11402e+02
-1.27913e+00 8.82671e-01 7.07122e+02
-1.33740e+00 9.29584e-01 7.03762e+02
-1.39602e+00 9.77780e-01 7.01150e+02
-1.45499e+00 1.02726e+00 6.99152e+02
-1.51435e+00 1.07801e+00 6.97655e+02
-1.57411e+00 1.13006e+00 6.96568e+02
-1.63428e+00 1.18339e+00 6.95817e+02
-1.69488e+00 1.23801e+00 6.95339e+02
-1.75593e+00 1.29393e+00 6.95083e+02
-1.81744e+00 1.35114e+00 6.95006e+02
-1.87944e+00 1.40967e+00 6.95070e+02
-1.94193e+00 1.46951e+00 6.95245e+02
-2.00495e+00 1.53067e+00 6.95504e+02
-2.06850e+00 1.59317e+00 6.95824e+02
-2.13260e+00 1.65700e+00 6.96187e+02
-2.19966e+00 1.72462e+00 6.88605e+02
-2.26944e+00 1.79588e+00 6.85954e+02
-2.33950e+00 1.86831e+00 6.83533e+02
-2.40988e+00 1.94193e+00 6.81317e+02
-2.48058e+00 2.01674e+00 6.79283e+02
-2.55164e+00 2.09277e+00 6.77412e+02
-2.62308e+00 2.17005e+00 6.75685e+02
-2.69491e+00 2.24858e+00 6.74086e+02
-2.76716e+00 2.32838e+00 6.72600e+02
-2.83986e+00 2.40949e+00 6.71214e+02
-2.91303e+00 2.49191e+00 6.69915e+02
-2.98668e+00 2.57568e+00 6.68694e+02
-3.06085e+00 2.66081e+00 6.67538e+02
-3.13556e+00 2.74732e+00 6.66438e+02
-3.21084e+00 2.83526e+00 6.65385e+02
-3.28669e+00 2.92463e+00 6.64370e+02
-3.36316e+00 3.01546e+00 6.63383e+02
-3.44027e+00 3.10779e+00 6.62416e+02
-3.51803e+00 3.20163e+00 6.61460e+02
-3.59648e+00 3.29703e+00 6.60506e+02
-3.67565e+00 3.39401e+00 6.59543e+02
-3.75555e+00 3.49259e+00 6.58561e+02
-3.83622e+00 3.59282e+00 6.57548e+02
-3.91768e+00 3.69473e+00 6.56491e+02
-3.99996e+00 3.79835e+00 6.55372e+02
-6.92682e-01 5.07180e-01 8.31418e+02
-7.46917e-01 5.43151e-01 7.96347e+02
-8.01411e-01 5.80392e-01 7.69803e+02
-8.56182e-01 6.18893e-01 7.49467e+02
-9.11245e-01 6.58646e-01 7.33758e+02
-9.66619e-01 6.99645e-01 7.21561e+02
-1.02232e+00 7.41884e-01 7.12071e+02
-1.07836e+00 7.85357e-01 7.04693e+02
-1.13476e+00 8.30062e-01 6.98979e+02
-1.19154e+00 8.75996e-01 6.94589e+02
-1.24871e+00 9.23157e-01 6.91258e+02
-1.30629e+00 9.71546e-01 6.88777e+02
-1.36429e+00 1.02116e+00 6.86983e+02
-1.42273e+00 1.07201e+00 6.85744e+02
-1.48162e+00 1.12408e+00 6.84953e+02
-1.54099e+00 1.17739e+00 6.84525e+02
-1.60085e+00 1.23194e+00 6.84387e+02
-1.66121e+00 1.28773e+00 6.84482e+02
-1.72209e+00 1.34477e+00 6.84762e+02
-1.78351e+00 1.40307e+00 6.85185e+02
-1.84549e+00 1.46263e+00 6.85718e+02
-1.90803e+00 1.52346e+00 6.86331e+02
-1.97117e+00 1.58557e+00 6.87001e+02
-2.03491e+00 1.64897e+00 6.87707e+02
-2.09927e+00 1.71367e+00 6.88429e+02
-2.16672e+00 1.78219e+00 6.82382e+02
-2.23702e+00 1.85436e+00 6.80002e+02
-2.30767e+00 1.92765e+00 6.77844e+02
-2.37871e+00 2.00207e+00 6.75882e+02
-2.45015e+00 2.07764e+00 6.74097e+02
-2.52201e+00 2.15439e+00 6.72469e+02
-2.59433e+00 2.23232e+00 6.70981e+02
-2.66711e+00 2.31146e+00 6.69618e+02
-2.74039e+00 2.39183e+00 6.68367e+02
-2.81418e+00 2.47345e+00 6.67215e+02
-2.88852e+00 2.55634e+00 6.66152e+02
-2.96342e+00 2.64053e+00 6.65168e+02
-3.03892e+00 2.72604e+00 6.64252e+02
-3.11502e+00 2.81290e+00 6.63397e+02
-3.19177e+00 2.90113e+00 6.62595e+02
-3.26917e+00 2.99075e+00 6.61837e+02
-3.34727e+00 3.08180e+00 6.61117e+02
-3.42607e+00 3.17430e+00 6.60426e+02
-3.50562e+00 3.26828e+00 6.59758e+02
-3.58593e+00 3.36377e+00 6.59104e+02
-3.66704e+00 3.46080e+00 6.58457e+02
-3.74897e+00 3.55940e+00 6.57808e+02
-3.83175e+00 3.65961e+00 6.57147e+02
-3.91540e+00 3.76147e+00 6.56462e+02
-3.99996e+00 3.86499e+00 6.55738e+02
-6.73413e-01 5.29301e-01 8.03090e+02
-7.25968e-01 5.67392e-01 7.69520e+02
-7.78885e-01 6.06668e-01 7.44543e+02
-8.32178e-01 6.47123e-01 7.25741e+02
-8.85862e-01 6.88751e-01 7.11487e+02
-9.39952e-01 7.31546e-01 7.00649e+02
-9.94462e-01 7.75507e-01 6.92417e+02
-1.04941e+00 8.20629e-01 6.86202e+02
-1.10480e+00 8.66910e-01 6.81560e+02
-1.16066e+00 9.14351e-01 6.78158e+02
-1.21699e+00 9.62952e-01 6.75739e+02
-1.27382e+00 1.01271e+00 6.74101e+02
-1.33116e+00 1.06364e+00 6.73088e+02
-1.38902e+00 1.11573e+00 6.72572e+02
-1.44742e+00 1.16898e+00 6.72453e+02
-1.50637e+00 1.22342e+00 6.72650e+02
-1.56589e+00 1.27903e+00 6.73096e+02
-1.62599e+00 1.33582e+00 6.73736e+02
-1.68669e+00 1.39381e+00 6.74525e+02
-1.74801e+00 1.45300e+00 6.75426e+02
-1.80996e+00 1.51339e+00 6.76408e+02
-1.87255e+00 1.57501e+00 6.77443e+02
-1.93581e+00 1.63785e+00 6.78510e+02
-1.99975e+00 1.70193e+00 6.79589e+02
-2.06439e+00 1.76726e+00 6.80663e+02
-2.13223e+00 1.83640e+00 6.75979e+02
-2.20305e+00 1.90920e+00 6.73835e+02
-2.27431e+00 1.98304e+00 6.71904e+02
-2.34602e+00 2.05796e+00 6.70164e+02
-2.41822e+00 2.13397e+00 6.68594e+02
-2.49092e+00 2.21108e+00 6.67178e+02
-2.56414e+00 2.28933e+00 6.65898e+02
-2.63792e+00 2.36873e+00 6.64743e+02
-2.71227e+00 2.44930e+00 6.63698e+02
-2.78721e+00 2.53106e+00 6.62755e+02
-2.86277e+00 2.61404e+00 6.61902e+02
-2.93898e+00 2.69826e+00 6.61132e+02
-3.01586e+00 2.78375e+00 6.60436e+02
-3.09343e+00 2.87053e+00 6.59808e+02
-3.17172e+00 2.95862e+00 6.59241e+02
-3.25075e+00 3.04806e+00 6.58730e+02
-3.33055e+00 3.13887e+00 6.58271e+02
-3.41115e+00 3.23108e+00 6.57859e+02
-3.49257e+00 3.32472e+00 6.57489e+02
-3.57484e+00 3.41981e+00 6.57160e+02
-3.65800e+00 3.51640e+00 6.56867e+02
-3.74205e+00 3.61451e+00 6.56609e+02
-3.82705e+00 3.71417e+00 6.56384e+02
-3.91300e+00 3.81543e+00 6.56191e+02
-3.99996e+00 3.91831e+00 6.56030e+02
-6.53811e-01 5.51051e-01 7.75084e+02
-7.04556e-01 5.91282e-01 7.43138e+02
-7.55775e-01 6.32601e-01 7.19798e+02
-8.07478e-01 6.75003e-01 7.02559e+02
-8.59679e-01 7.18486e-01 6.89762e+02
-9.12389e-01 7.63048e-01 6.80267e+02
-9.65620e-01 8.08686e-01 6.73267e+02
-1.01938e+00 8.55401e-01 6.68179e+02
-1.07370e+00 9.03193e-01 6.64570e+02
-1.12857e+00 9.52062e-01 6.62115e+02
-1.18401e+00 1.00201e+00 6.60565e+02
-1.24004e+00 1.05304e+00 6.59727e+02
-1.29666e+00 1.10516e+00 6.59452e+02
-1.35390e+00 1.15837e+00 6.59620e+02
-1.41176e+00 1.21268e+00 6.60135e+02
-1.47026e+00 1.26809e+00 6.60921e+02
-1.52942e+00 1.32461e+00 6.61917e+02
-1.58924e+00 1.38224e+00 6.63071e+02
-1.64974e+00 1.44100e+00 6.64342e+02
-1.71094e+00 1.50090e+00 6.65695e+02
-1.77286e+00 1.56193e+00 6.67103e+02
-1.83550e+00 1.62412e+00 6.68539e+02
-1.89888e+00 1.68748e+00 6.69985e+02
-1.96303e+00 1.75201e+00 6.71423e+02
-2.02795e+00 1.81773e+00 6.72838e+02
-2.09620e+00 1.88724e+00 6.69325e+02
-2.16755e+00 1.96036e+00 6.67377e+02
-2.23942e+00 2.03447e+00 6.65634e+02
-2.31183e+00 2.10957e+00 6.64076e+02
-2.38480e+00 2.18569e+00 6.62684e+02
-2.45836e+00 2.26285e+00 6.61440e+02
-2.53253e+00 2.34107e+00 6.60331e+02
-2.60734e+00 2.42038e+00 6.59345e+02
-2.68280e+00 2.50078e+00 6.58469e+02
-2.75894e+00 2.58232e+00 6.57696e+02
-2.83578e+00 2.66500e+00 6.57016e+02
-2.91335e+00 2.74886e+00 6.56422e+02
-2.99168e+00 2.83392e+00 6.55910e+02
-3.07078e+00 2.92020e+00 6.55474e+02
-3.15069e+00 3.00774e+00 6.55110e+02
-3.23143e+00 3.09655e+00 6.54818e+02
-3.31302e+00 3.18667e+00 6.54596e+02
-3.39550e+00 3.27813e+00 6.54445e+02
-3.47889e+00 3.37095e+00 6.54368e+02
-3.56321e+00 3.46516e+00 6.54372e+02
-3.64851e+00 3.56080e+00 6.54466e+02
-3.73480e+00 3.65790e+00 6.54667e+02
-3.82212e+00 3.75650e+00 6.55000e+02
-3.91049e+00 3.85661e+00 6.55506e+02
-3.99996e+00 3.95829e+00 6.56252e+02
-6.33907e-01 5.72391e-01 7.47573e+02
-6.82714e-01 6.14781e-01 7.17342e+02
-7.32114e-01 6.58148e-01 6.95677e+02
-7.82116e-01 7.02491e-01 6.80005e+02
-8.32729e-01 7.47810e-01 6.68648e+02
-8.83962e-01 7.94106e-01 6.60463e+02
-9.35825e-01 8.41379e-01 6.54655e+02
-9.88328e-01 8.89631e-01 6.50648e+02
-1.04148e+00 9.38865e-01 6.48022e+02
-1.09530e+00 9.89085e-01 6.46463e+02
-1.14978e+00 1.04029e+00 6.45733e+02
-1.20495e+00 1.09250e+00 6.45647e+02
-1.26081e+00 1.14570e+00 6.46063e+02
-1.31738e+00 1.19991e+00 6.46870e+02
-1.37467e+00 1.25513e+00 6.47976e+02
-1.43269e+00 1.31138e+00 6.49312e+02
-1.49145e+00 1.36865e+00 6.50820e+02
-1.55097e+00 1.42696e+00 6.52454e+02
-1.61126e+00 1.48632e+00 6.54174e+02
-1.67234e+00 1.54673e+00 6.55950e+02
-1.73421e+00 1.60821e+00 6.57757e+02
-1.79689e+00 1.67078e+00 6.59571e+02
-1.86041e+00 1.73443e+00 6.61376e+02
-1.92476e+00 1.79919e+00 6.63155e+02
-1.98998e+00 1.86507e+00 6.64894e+02
-2.05863e+00 1.93468e+00 6.62336e+02
-2.13052e+00 2.00784e+00 6.60537e+02
-2.20301e+00 2.08190e+00 6.58936e+02
-2.27613e+00 2.15688e+00 6.57513e+02
-2.34990e+00 2.23280e+00 6.56249e+02
-2.42435e+00 2.30967e+00 6.55130e+02
-2.49950e+00 2.38753e+00 6.54141e+02
-2.57537e+00 2.46639e+00 6.53270e+02
-2.65199e+00 2.54628e+00 6.52509e+02
-2.72937e+00 2.62721e+00 6.51848e+02
-2.80755e+00 2.70922e+00 6.51281e+02
-2.88655e+00 2.79232e+00 6.50803e+02
-2.96638e+00 2.87655e+00 6.50408e+02
-3.04709e+00 2.96192e+00 6.50096e+02
-3.12869e+00 3.04847e+00 6.49865e+02
-3.21121e+00 3.13622e+00 6.49718e+02
-3.29467e+00 3.22521e+00 6.49659e+02
-3.37911e+00 3.31545e+00 6.49697e+02
-3.46456e+00 3.40697e+00 6.49846e+02
-3.55104e+00 3.49982e+00 6.50129e+02
-3.63857e+00 3.59401e+00 6.50584e+02
-3.72720e+00 3.68959e+00 6.51273e+02
-3.81696e+00 3.78659e+00 6.52301e+02
-3.90786e+00 3.88503e+00 6.53872e+02
-3.99995e+00 3.98495e+00 6.56409e+02
-6.13735e-01 5.93282e-01 7.20752e+02
-6.60476e-01 6.37848e-01 6.92283e+02
-7.07938e-01 6.83268e-01 6.72298e+02
-7.56127e-01 7.29545e-01 6.58171e+02
-8.05048e-01 7.76680e-01 6.48213e+02
-8.54708e-01 8.24677e-01 6.41289e+02
-9.05114e-01 8.73541e-01 6.36614e+02
-9.56273e-01 9.23275e-01 6.33630e+02
-1.00819e+00 9.73886e-01 6.31928e+02
-1.06088e+00 1.02538e+00 6.31207e+02
-1.11435e+00 1.07776e+00 6.31239e+02
-1.16860e+00 1.13103e+00 6.31850e+02
-1.22365e+00 1.18521e+00 6.32906e+02
-1.27951e+00 1.24030e+00 6.34301e+02
-1.33618e+00 1.29631e+00 6.35951e+02
-1.39369e+00 1.35324e+00 6.37793e+02
-1.45203e+00 1.41112e+00 6.39771e+02
-1.51122e+00 1.46994e+00 6.41845e+02
-1.57127e+00 1.52972e+00 6.43978e+02
-1.63221e+00 1.59048e+00 6.46144e+02
-1.69403e+00 1.65221e+00 6.48318e+02
-1.75675e+00 1.71495e+00 6.50482e+02
-1.82039e+00 1.77869e+00 6.52619e+02
-1.88496e+00 1.84345e+00 6.54716e+02
-1.95048e+00 1.90925e+00 6.56761e+02
-2.01955e+00 1.97870e+00 6.54912e+02
-2.09197e+00 2.05162e+00 6.53207e+02
-2.16509e+00 2.12534e+00 6.51690e+02
-2.23894e+00 2.19988e+00 6.50342e+02
-2.31353e+00 2.27528e+00 6.49144e+02
-2.38890e+00 2.35154e+00 6.48081e+02
-2.46506e+00 2.42869e+00 6.47140e+02
-2.54203e+00 2.50676e+00 6.46310e+02
-2.61984e+00 2.58577e+00 6.45580e+02
-2.69852e+00 2.66573e+00 6.44942e+02
-2.77808e+00 2.74668e+00 6.44388e+02
-2.85856e+00 2.82864e+00 6.43914e+02
-2.93997e+00 2.91163e+00 6.43515e+02
-3.02235e+00 2.99568e+00 6.43189e+02
-3.10571e+00 3.08082e+00 6.42935e+02
-3.19009e+00 3.16707e+00 6.42754e+02
-3.27551e+00 3.25446e+00 6.42653e+02
-3.36200e+00 3.34303e+00 6.42641e+02
-3.44960e+00 3.43279e+00 6.42738e+02
-3.53832e+00 3.52378e+00 6.42978e+02
-3.62820e+00 3.61603e+00 6.43425e+02
-3.71927e+00 3.70957e+00 6.44205e+02
-3.81157e+00 3.80444e+00 6.45612e+02
-3.90512e+00 3.90067e+00 6.48479e+02
-3.99995e+00 3.99828e+00 6.56501e+02
-5.93293e-01 6.13725e-01 6.95820e+02
-6.37860e-01 6.60465e-01 6.67007e+02
-6.83281e-01 7.07926e-01 6.46921e+02
-7.29558e-01 7.56114e-01 6.32881e+02
-7.76694e-01 8.05034e-01 6.23159e+02
-8.24692e-01 8.54693e-01 6.16598e+02
-8.73557e-01 9.05098e-01 6.12396e+02
-9.23292e-01 9.56257e-01 6.09983e+02
-9.73903e-01 1.00818e+00 6.08944e+02
-1.02540e+00 1.06086e+00 6.08974e+02
-1.07778e+00 1.11433e+00 6.09842e+02
-1.13105e+00 1.16858e+00 6.11374e+02
-1.18523e+00 1.22363e+00 6.13435e+02
-1.24032e+00 1.27949e+00 6.15921e+02
-1.29633e+00 1.33616e+00 6.18753e+02
-1.35326e+00 1.39367e+00 6.21868e+02
-1.41114e+00 1.45201e+00 6.25219e+02
-1.46996e+00 1.51120e+00 6.28768e+02
-1.52975e+00 1.57125e+00 6.32487e+02
-1.59050e+00 1.63219e+00 6.36356e+02
-1.65223e+00 1.69401e+00 6.40362e+02
-1.71497e+00 1.75673e+00 6.44495e+02
-1.77871e+00 1.82037e+00 6.48751e+02
-1.84347e+00 1.88494e+00 6.53131e+02
-1.90927e+00 1.95046e+00 6.57640e+02
-1.97872e+00 2.01953e+00 6.56803e+02
-2.05164e+00 2.09195e+00 6.55873e+02
-2.12536e+00 2.16507e+00 6.55079e+02
-2.19990e+00 2.23892e+00 6.54404e+02
-2.27530e+00 2.31351e+00 6.53835e+02
-2.35156e+00 2.38888e+00 6.53360e+02
-2.42871e+00 2.46504e+00 6.52967e+02
-2.50678e+00 2.54201e+00 6.52648e+02
-2.58578e+00 2.61983e+00 6.52394e+02
-2.66575e+00 2.69851e+00 6.52198e+02
-2.74669e+00 2.77807e+00 6.52053e+02
-2.82865e+00 2.85855e+00 6.51954e+02
-2.91164e+00 2.93996e+00 6.51897e+02
-2.99569e+00 3.02233e+00 6.51877e+02
-3.08083e+00 3.10570e+00 6.51891e+02
-3.16708e+00 3.19008e+00 6.51938e+02
-3.25447e+00 3.27550e+00 6.52015e+02
-3.34304e+00 3.36199e+00 6.52122e+02
-3.43280e+00 3.44959e+00 6.52263e+02
-3.52379e+00 3.53831e+00 6.52440e+02
-3.61604e+00 3.62819e+00 6.52667e+02
-3.70958e+00 3.71927e+00 6.52966e+02
-3.80445e+00 3.81156e+00 6.53394e+02
-3.90067e+00 3.90511e+00 6.54118e+02
-3.99829e+00 3.99995e+00 6.55871e+02
-5.72401e-01 6.33897e-01 6.68570e+02
-6.14792e-01 6.82703e-01 6.43464e+02
-6.58160e-01 7.32102e-01 6.26044e+02
-7.02504e-01 7.82103e-01 6.14002e+02
-7.47825e-01 8.32715e-01 6.05835e+02
-7.94121e-01 8.83948e-01 6.00524e+02
-8.41395e-01 9.35810e-01 5.97357e+02
-8.89648e-01 9.88313e-01 5.95825e+02
-9.38882e-01 1.04147e+00 5.95556e+02
-9.89103e-01 1.09528e+00 5.96274e+02
-1.04031e+00 1.14977e+00 5.97770e+02
-1.09252e+00 1.20493e+00 5.99886e+02
-1.14572e+00 1.26080e+00 6.02501e+02
-1.19993e+00 1.31737e+00 6.05521e+02
-1.25515e+00 1.37465e+00 6.08873e+02
-1.31140e+00 1.43267e+00 6.12503e+02
-1.36867e+00 1.49143e+00 6.16367e+02
-1.42698e+00 1.55095e+00 6.20432e+02
-1.48634e+00 1.61124e+00 6.24674e+02
-1.54675e+00 1.67232e+00 6.29078e+02
-1.60824e+00 1.73419e+00 6.33631e+02
-1.67080e+00 1.79687e+00 6.38327e+02
-1.73445e+00 1.86039e+00 6.43166e+02
-1.79921e+00 1.92474e+00 6.48149e+02
-1.86509e+00 1.98996e+00 6.53284e+02
-1.93470e+00 2.05861e+00 6.51070e+02
-2.00787e+00 2.13050e+00 6.50630e+02
-2.08193e+00 2.20299e+00 6.50295e+02
-2.15691e+00 2.27611e+00 6.50054e+02
-2.23282e+00 2.34989e+00 6.49893e+02
-2.30970e+00 2.42434e+00 6.49803e+02
-2.38755e+00 2.49949e+00 6.49776e+02
-2.46641e+00 2.57536e+00 6.49803e+02
-2.54630e+00 2.65197e+00 6.49878e+02
-2.62723e+00 2.72936e+00 6.49995e+02
-2.70924e+00 2.80754e+00 6.50149e+02
-2.79234e+00 2.88653e+00 6.50336e+02
-2.87657e+00 2.96637e+00 6.50552e+02
-2.96194e+00 3.04708e+00 6.50794e+02
-3.04849e+00 3.12868e+00 6.51060e+02
-3.13624e+00 3.21120e+00 6.51349e+02
-3.22522e+00 3.29466e+00 6.51659e+02
-3.31546e+00 3.37911e+00 6.51991e+02
-3.40699e+00 3.46455e+00 6.52346e+02
-3.49983e+00 3.55103e+00 6.52728e+02
-3.59403e+00 3.63857e+00 6.53142e+02
-3.68961e+00 3.72720e+00 6.53599e+02
-3.78660e+00 3.81695e+00 6.54119e+02
-3.88504e+00 3.90786e+00 6.54741e+02
-3.98496e+00 3.99995e+00 6.55544e+02
-5.51062e-01 6.53801e-01 6.42978e+02
-5.91293e-01 7.04546e-01 6.21161e+02
-6.32613e-01 7.55763e-01 6.06115e+02
-6.75017e-01 8.07466e-01 5.95862e+02
-7.18501e-01 8.59666e-01 5.89092e+02
-7.63063e-01 9.12375e-01 5.84910e+02
-8.08702e-01 9.65605e-01 5.82684e+02
-8.55418e-01 1.01937e+00 5.81961e+02
-9.03210e-01 1.07368e+00 5.82405e+02
-9.52080e-01 1.12855e+00 5.83769e+02
-1.00203e+00 1.18399e+00 5.85863e+02
-1.05306e+00 1.24002e+00 5.88545e+02
-1.10518e+00 1.29664e+00 5.91704e+02
-1.15839e+00 1.35388e+00 5.95256e+02
-1.21270e+00 1.41174e+00 5.99135e+02
-1.26811e+00 1.47024e+00 6.03291e+02
-1.32463e+00 1.52940e+00 6.07686e+02
-1.38226e+00 1.58922e+00 6.12290e+02
-1.44102e+00 1.64972e+00 6.17085e+02
-1.50092e+00 1.71092e+00 6.22054e+02
-1.56195e+00 1.77284e+00 6.27191e+02
-1.62415e+00 1.83548e+00 6.32490e+02
-1.68750e+00 1.89887e+00 6.37953e+02
-1.75203e+00 1.96301e+00 6.43584e+02
-1.81775e+00 2.02793e+00 6.49391e+02
-1.88726e+00 2.09618e+00 6.45532e+02
-1.96039e+00 2.16753e+00 6.45559e+02
-2.03449e+00 2.23940e+00 6.45663e+02
-2.10959e+00 2.31181e+00 6.45833e+02
-2.18572e+00 2.38478e+00 6.46061e+02
-2.26288e+00 2.45835e+00 6.46337e+02
-2.34110e+00 2.53252e+00 6.46654e+02
-2.42040e+00 2.60732e+00 6.47006e+02
-2.50081e+00 2.68278e+00 6.47388e+02
-2.58234e+00 2.75892e+00 6.47795e+02
-2.66503e+00 2.83577e+00 6.48222e+02
-2.74888e+00 2.91334e+00 6.48666e+02
-2.83394e+00 2.99167e+00 6.49123e+02
-2.92023e+00 3.07077e+00 6.49592e+02
-3.00776e+00 3.15068e+00 6.50069e+02
-3.09658e+00 3.23142e+00 6.50552e+02
-3.18669e+00 3.31301e+00 6.51040e+02
-3.27815e+00 3.39549e+00 6.51531e+02
-3.37097e+00 3.47888e+00 6.52024e+02
-3.46518e+00 3.56321e+00 6.52519e+02
-3.56082e+00 3.64850e+00 6.53014e+02
-3.65792e+00 3.73479e+00 6.53510e+02
-3.75651e+00 3.82211e+00 6.54008e+02
-3.85663e+00 3.91049e+00 6.54509e+02
-3.95831e+00 3.99996e+00 6.55017e+02
-5.29312e-01 6.73403e-01 6.18943e+02
-5.67403e-01 7.25958e-01 6.00036e+02
-6.06681e-01 7.78873e-01 5.87101e+02
-6.47137e-01 8.32166e-01 5.78442e+02
-6.88765e-01 8.85850e-01 5.72924e+02
-7.31562e-01 9.39939e-01 5.69760e+02
-7.75523e-01 9.94448e-01 5.68390e+02
-8.20646e-01 1.04939e+00 5.68410e+02
-8.66928e-01 1.10479e+00 5.69519e+02
-9.14370e-01 1.16064e+00 5.71493e+02
-9.62971e-01 1.21698e+00 5.74162e+02
-1.01273e+00 1.27381e+00 5.77395e+02
-1.06366e+00 1.33114e+00 5.81094e+02
-1.11575e+00 1.38900e+00 5.85180e+02
-1.16901e+00 1.44740e+00 5.89595e+02
-1.22344e+00 1.50635e+00 5.94293e+02
-1.27905e+00 1.56587e+00 5.99241e+02
-1.33584e+00 1.62597e+00 6.04412e+02
-1.39383e+00 1.68667e+00 6.09789e+02
-1.45302e+00 1.74799e+00 6.15360e+02
-1.51342e+00 1.80994e+00 6.21119e+02
-1.57503e+00 1.87253e+00 6.27063e+02
-1.63787e+00 1.93579e+00 6.33195e+02
-1.70195e+00 1.99973e+00 6.39519e+02
-1.76728e+00 2.06437e+00 6.46046e+02
-1.83643e+00 2.13221e+00 6.40274e+02
-1.90922e+00 2.20303e+00 6.40741e+02
-1.98307e+00 2.27429e+00 6.41258e+02
-2.05799e+00 2.34601e+00 6.41816e+02
-2.13399e+00 2.41820e+00 6.42407e+02
-2.21111e+00 2.49090e+00 6.43025e+02
-2.28936e+00 2.56413e+00 6.43663e+02
-2.36875e+00 2.63790e+00 6.44316e+02
-2.44932e+00 2.71225e+00 6.44980e+02
-2.53109e+00 2.78720e+00 6.45650e+02
-2.61407e+00 2.86276e+00 6.46323e+02
-2.69829e+00 2.93897e+00 6.46995e+02
-2.78378e+00 3.01585e+00 6.47664e+02
-2.87055e+00 3.09342e+00 6.48325e+02
-2.95865e+00 3.17171e+00 6.48978e+02
-3.04809e+00 3.25074e+00 6.49619e+02
-3.13890e+00 3.33054e+00 6.50244e+02
-3.23110e+00 3.41114e+00 6.50853e+02
-3.32474e+00 3.49257e+00 6.51441e+02
-3.41984e+00 3.57484e+00 6.52004e+02
-3.51642e+00 3.65799e+00 6.52540e+02
-3.61453e+00 3.74205e+00 6.53043e+02
-3.71420e+00 3.82704e+00 6.53506e+02
-3.81545e+00 3.91300e+00 6.53921e+02
-3.91833e+00 3.99996e+00 6.54276e+02
-5.07191e-01 6.92673e-01 5.96364e+02
-5.43163e-01 7.46907e-01 5.80028e+02
-5.80405e-01 8.01400e-01 5.68965e+02
-6.18907e-01 8.56170e-01 5.61727e+02
-6.58661e-01 9.11233e-01 5.57330e+02
-6.99661e-01 9.66606e-01 5.55083e+02
-7.41900e-01 1.02231e+00 5.54493e+02
-7.85374e-01 1.07835e+00 5.55198e+02
-8.30080e-01 1.13475e+00 5.56929e+02
-8.76015e-01 1.19153e+00 5.59484e+02
-9.23177e-01 1.24870e+00 5.62709e+02
-9.71566e-01 1.30627e+00 5.66485e+02
-1.02118e+00 1.36427e+00 5.70722e+02
-1.07203e+00 1.42271e+00 5.75350e+02
-1.12410e+00 1.48161e+00 5.80315e+02
-1.17741e+00 1.54098e+00 5.85576e+02
-1.23196e+00 1.60083e+00 5.91102e+02
-1.28776e+00 1.66119e+00 5.96870e+02
-1.34480e+00 1.72208e+00 6.02865e+02
-1.40309e+00 1.78350e+00 6.09077e+02
-1.46265e+00 1.84547e+00 6.15499e+02
-1.52348e+00 1.90802e+00 6.22132e+02
-1.58560e+00 1.97115e+00 6.28978e+02
-1.64900e+00 2.03489e+00 6.36044e+02
-1.71370e+00 2.09926e+00 6.43338e+02
-1.78222e+00 2.16670e+00 6.35382e+02
-1.85439e+00 2.23700e+00 6.36258e+02
-1.92768e+00 2.30766e+00 6.37158e+02
-2.00210e+00 2.37869e+00 6.38074e+02
-2.07767e+00 2.45013e+00 6.39000e+02
-2.15441e+00 2.52200e+00 6.39931e+02
-2.23235e+00 2.59431e+00 6.40861e+02
-2.31149e+00 2.66710e+00 6.41786e+02
-2.39185e+00 2.74037e+00 6.42703e+02
-2.47348e+00 2.81417e+00 6.43607e+02
-2.55637e+00 2.88851e+00 6.44495e+02
-2.64056e+00 2.96341e+00 6.45365e+02
-2.72607e+00 3.03891e+00 6.46212e+02
-2.81293e+00 3.11501e+00 6.47035e+02
-2.90116e+00 3.19176e+00 6.47829e+02
-2.99078e+00 3.26916e+00 6.48593e+02
-3.08183e+00 3.34726e+00 6.49322e+02
-3.17433e+00 3.42607e+00 6.50013e+02
-3.26831e+00 3.50561e+00 6.50661e+02
-3.36380e+00 3.58593e+00 6.51262e+02
-3.46083e+00 3.66704e+00 6.51811e+02
-3.55943e+00 3.74897e+00 6.52299e+02
-3.65964e+00 3.83174e+00 6.52718e+02
-3.76150e+00 3.91540e+00 6.53058e+02
-3.86502e+00 3.99996e+00 6.53303e+02
-4.84739e-01 7.11578e-01 5.75134e+02
-5.18614e-01 7.67362e-01 5.61071e+02
-5.53828e-01 8.23312e-01 5.51670e+02
-5.90371e-01 8.79447e-01 5.45698e+02
-6.28233e-01 9.35786e-01 5.42305e+02
-6.67404e-01 9.92347e-01 5.40888e+02
-7.07878e-01 1.04915e+00 5.41011e+02
-7.49649e-01 1.10621e+00 5.42353e+02
-7.92710e-01 1.16355e+00 5.44671e+02
-8.37058e-01 1.22118e+00 5.47784e+02
-8.82691e-01 1.27912e+00 5.51552e+02
-9.29605e-01 1.33739e+00 5.55869e+02
-9.77801e-01 1.39600e+00 5.60650e+02
-1.02728e+00 1.45498e+00 5.65832e+02
-1.07804e+00 1.51434e+00 5.71366e+02
-1.13008e+00 1.57409e+00 5.77214e+02
-1.18341e+00 1.63426e+00 5.83347e+02
-1.23803e+00 1.69486e+00 5.89747e+02
-1.29395e+00 1.75591e+00 5.96397e+02
-1.35117e+00 1.81742e+00 6.03290e+02
-1.40969e+00 1.87942e+00 6.10420e+02
-1.46954e+00 1.94192e+00 6.17787e+02
-1.53070e+00 2.00493e+00 6.25395e+02
-1.59319e+00 2.06848e+00 6.33250e+02
-1.65703e+00 2.13259e+00 6.41361e+02
-1.72465e+00 2.19964e+00 6.30947e+02
-1.79591e+00 2.26942e+00 6.32195e+02
-1.86834e+00 2.33949e+00 6.33441e+02
-1.94196e+00 2.40986e+00 6.34681e+02
-2.01677e+00 2.48057e+00 6.35907e+02
-2.09281e+00 2.55163e+00 6.37117e+02
-2.17008e+00 2.62306e+00 6.38306e+02
-2.24861e+00 2.69489e+00 6.39470e+02
-2.32842e+00 2.76715e+00 6.40605e+02
-2.40952e+00 2.83985e+00 6.41709e+02
-2.49195e+00 2.91301e+00 6.42779e+02
-2.57571e+00 2.98667e+00 6.43811e+02
-2.66084e+00 3.06084e+00 6.44803e+02
-2.74736e+00 3.13555e+00 6.45751e+02
-2.83529e+00 3.21083e+00 6.46652e+02
-2.92466e+00 3.28668e+00 6.47504e+02
-3.01549e+00 3.36315e+00 6.48301e+02
-3.10782e+00 3.44026e+00 6.49041e+02
-3.20167e+00 3.51802e+00 6.49718e+02
-3.29706e+00 3.59648e+00 6.50328e+02
-3.39404e+00 3.67564e+00 6.50863e+02
-3.49263e+00 3.75554e+00 6.51316e+02
-3.59286e+00 3.83621e+00 6.51678e+02
-3.69477e+00 3.91768e+00 6.51938e+02
-3.79839e+00 3.99996e+00 6.52084e+02
-4.61997e-01 7.30090e-01 5.55145e+02
-4.93797e-01 7.87294e-01 5.43098e+02
-5.26994e-01 8.44579e-01 5.35177e+02
-5.61574e-01 9.01968e-01 5.30338e+02
-5.97525e-01 9.59479e-01 5.27850e+02
-6.34838e-01 1.01713e+00 5.27189e+02
-6.73503e-01 1.07495e+00 5.27970e+02
-7.13514e-01 1.13295e+00 5.29907e+02
-7.54863e-01 1.19114e+00 5.32786e+02
-7.97546e-01 1.24956e+00 5.36442e+02
-8.41557e-01 1.30821e+00 5.40749e+02
-8.86895e-01 1.36712e+00 5.45607e+02
-9.33556e-01 1.42631e+00 5.50943e+02
-9.81540e-01 1.48578e+00 5.56696e+02
-1.03085e+00 1.54557e+00 5.62822e+02
-1.08148e+00 1.60568e+00 5.69286e+02
-1.13343e+00 1.66614e+00 5.76061e+02
-1.18672e+00 1.72696e+00 5.83128e+02
-1.24133e+00 1.78816e+00 5.90474e+02
-1.29728e+00 1.84976e+00 5.98091e+02
-1.35458e+00 1.91177e+00 6.05975e+02
-1.41322e+00 1.97422e+00 6.14124e+02
-1.47321e+00 2.03712e+00 6.22542e+02
-1.53457e+00 2.10049e+00 6.31235e+02
-1.59730e+00 2.16434e+00 6.40210e+02
-1.66376e+00 2.23102e+00 6.27063e+02
-1.73382e+00 2.30029e+00 6.28640e+02
-1.80508e+00 2.36978e+00 6.30191e+02
-1.87758e+00 2.43951e+00 6.31712e+02
-1.95131e+00 2.50950e+00 6.33199e+02
-2.02630e+00 2.57979e+00 6.34648e+02
-2.10258e+00 2.65038e+00 6.36055e+02
-2.18014e+00 2.72130e+00 6.37418e+02
-2.25902e+00 2.79257e+00 6.38733e+02
-2.33924e+00 2.86422e+00 6.39999e+02
-2.42080e+00 2.93627e+00 6.41210e+02
-2.50375e+00 3.00874e+00 6.42366e+02
-2.58809e+00 3.08166e+00 6.43464e+02
-2.67385e+00 3.15504e+00 6.44499e+02
-2.76106e+00 3.22892e+00 6.45470e+02
-2.84973e+00 3.30331e+00 6.46373e+02
-2.93990e+00 3.37823e+00 6.47203e+02
-3.03159e+00 3.45372e+00 6.47957e+02
-3.12483e+00 3.52980e+00 6.48630e+02
-3.21964e+00 3.60648e+00 6.49217e+02
-3.31606e+00 3.68380e+00 6.49712e+02
-3.41412e+00 3.76179e+00 6.50106e+02
-3.51384e+00 3.84045e+00 6.50393e+02
-3.61527e+00 3.91984e+00 6.50562e+02
-3.71843e+00 3.99996e+00 6.50600e+02
-4.39006e-01 7.48183e-01 5.36292e+02
-4.68757e-01 8.06676e-01 5.26043e+02
-4.99946e-01 8.65177e-01 5.19449e+02
-5.32558e-01 9.23706e-01 5.15632e+02
-5.66582e-01 9.82286e-01 5.13967e+02
-6.02006e-01 1.04094e+00 5.14000e+02
-6.38821e-01 1.09968e+00 5.15395e+02
-6.77016e-01 1.15854e+00 5.17900e+02
-7.16586e-01 1.21752e+00 5.21322e+02
-7.57523e-01 1.27666e+00 5.25513e+02
-7.99822e-01 1.33597e+00 5.30359e+02
-8.43480e-01 1.39547e+00 5.35769e+02
-8.88493e-01 1.45518e+00 5.41675e+02
-9.34859e-01 1.51511e+00 5.48023e+02
-9.82577e-01 1.57529e+00 5.54768e+02
-1.03165e+00 1.63573e+00 5.61880e+02
-1.08207e+00 1.69645e+00 5.69332e+02
-1.13385e+00 1.75747e+00 5.77108e+02
-1.18698e+00 1.81881e+00 5.85193e+02
-1.24147e+00 1.88049e+00 5.93580e+02
-1.29734e+00 1.94251e+00 6.02263e+02
-1.35457e+00 2.00491e+00 6.11242e+02
-1.41317e+00 2.06770e+00 6.20519e+02
-1.47317e+00 2.13090e+00 6.30098e+02
-1.53455e+00 2.19452e+00 6.39985e+02
-1.59958e+00 2.26082e+00 6.23829e+02
-1.66813e+00 2.32959e+00 6.25684e+02
-1.73793e+00 2.39852e+00 6.27491e+02
-1.80898e+00 2.46762e+00 6.29246e+02
-1.88131e+00 2.53693e+00 6.30945e+02
-1.95493e+00 2.60647e+00 6.32587e+02
-2.02985e+00 2.67625e+00 6.34167e+02
-2.10610e+00 2.74630e+00 6.35683e+02
-2.18369e+00 2.81664e+00 6.37134e+02
-2.26263e+00 2.88729e+00 6.38515e+02
-2.34296e+00 2.95828e+00 6.39826e+02
-2.42468e+00 3.02963e+00 6.41062e+02
-2.50783e+00 3.10135e+00 6.42223e+02
-2.59241e+00 3.17348e+00 6.43304e+02
-2.67846e+00 3.24603e+00 6.44303e+02
-2.76600e+00 3.31903e+00 6.45216e+02
-2.85505e+00 3.39249e+00 6.46041e+02
-2.94564e+00 3.46645e+00 6.46773e+02
-3.03779e+00 3.54093e+00 6.47408e+02
-3.13153e+00 3.61594e+00 6.47940e+02
-3.22689e+00 3.69152e+00 6.48364e+02
-3.32390e+00 3.76769e+00 6.48674e+02
-3.42259e+00 3.84447e+00 6.48863e+02
-3.52299e+00 3.92188e+00 6.48921e+02
-3.62514e+00 3.99996e+00 6.48839e+02
-4.15807e-01 7.65830e-01 5.18468e+02
-4.43535e-01 8.25483e-01 5.09840e+02
-4.72727e-01 8.85079e-01 5.04450e+02
-5.03370e-01 9.44639e-01 5.01565e+02
-5.35450e-01 1.00419e+00 5.00659e+02
-5.68956e-01 1.06374e+00 5.01341e+02
-6.03876e-01 1.12333e+00 5.03320e+02
-6.40202e-01 1.18296e+00 5.06373e+02
-6.77924e-01 1.24266e+00 5.10330e+02
-7.17036e-01 1.30246e+00 5.15057e+02
-7.57532e-01 1.36237e+00 5.20450e+02
-7.99407e-01 1.42240e+00 5.26429e+02
-8.42657e-01 1.48258e+00 5.32928e+02
-8.87279e-01 1.54294e+00 5.39896e+02
-9.33270e-01 1.60347e+00 5.47294e+02
-9.80632e-01 1.66422e+00 5.55090e+02
-1.02936e+00 1.72518e+00 5.63260e+02
-1.07946e+00 1.78639e+00 5.71786e+02
-1.13094e+00 1.84785e+00 5.80655e+02
-1.18378e+00 1.90960e+00 5.89858e+02
-1.23801e+00 1.97164e+00 5.99389e+02
-1.29362e+00 2.03399e+00 6.09246e+02
-1.35062e+00 2.09667e+00 6.19429e+02
-1.40901e+00 2.15971e+00 6.29941e+02
-1.46881e+00 2.22311e+00 6.40786e+02
-1.53214e+00 2.28905e+00 6.21348e+02
-1.59889e+00 2.35733e+00 6.23423e+02
-1.66691e+00 2.42570e+00 6.25428e+02
-1.73621e+00 2.49420e+00 6.27361e+02
-1.80680e+00 2.56285e+00 6.29219e+02
-1.87871e+00 2.63167e+00 6.30999e+02
-1.95194e+00 2.70068e+00 6.32699e+02
-2.02651e+00 2.76990e+00 6.34318e+02
-2.10243e+00 2.83935e+00 6.35852e+02
-2.17973e+00 2.90906e+00 6.37300e+02
-2.25843e+00 2.97904e+00 6.38659e+02
-2.33853e+00 3.04932e+00 6.39928e+02
-2.42007e+00 3.11992e+00 6.41105e+02
-2.50305e+00 3.19086e+00 6.42186e+02
-2.58752e+00 3.26216e+00 6.43168e+02
-2.67347e+00 3.33384e+00 6.44050e+02
-2.76095e+00 3.40593e+00 6.44828e+02
-2.84997e+00 3.47845e+00 6.45498e+02
-2.94055e+00 3.55142e+00 6.46057e+02
-3.03273e+00 3.62486e+00 6.46500e+02
-3.12654e+00 3.69879e+00 6.46822e+02
-3.22199e+00 3.77325e+00 6.47018e+02
-3.31911e+00 3.84825e+00 6.47082e+02
-3.41795e+00 3.92381e+00 6.47006e+02
-3.51852e+00 3.99996e+00 6.46784e+02
-3.92444e-01 7.83007e-01 5.01570e+02
-4.18173e-01 8.43693e-01 4.94426e+02
-4.45381e-01 9.04264e-01 4.90143e+02
-4.74053e-01 9.64745e-01 4.88126e+02
-5.04174e-01 1.02516e+00 4.87933e+02
-5.35732e-01 1.08552e+00 4.89235e+02
-5.68717e-01 1.14586e+00 4.91780e+02
-6.03117e-01 1.20620e+00 4.95374e+02
-6.38925e-01 1.26655e+00 4.99868e+02
-6.76133e-01 1.32694e+00 5.05141e+02
-7.14734e-01 1.38738e+00 5.11099e+02
-7.54723e-01 1.44791e+00 5.17668e+02
-7.96094e-01 1.50852e+00 5.24787e+02
-8.38846e-01 1.56925e+00 5.32410e+02
-8.82974e-01 1.63012e+00 5.40496e+02
-9.28478e-01 1.69113e+00 5.49016e+02
-9.75357e-01 1.75232e+00 5.57947e+02
-1.02361e+00 1.81370e+00 5.67269e+02
-1.07324e+00 1.87528e+00 5.76968e+02
-1.12425e+00 1.93708e+00 5.87034e+02
-1.17664e+00 1.99913e+00 5.97459e+02
-1.23042e+00 2.06144e+00 6.08241e+02
-1.28558e+00 2.12403e+00 6.19376e+02
-1.34214e+00 2.18691e+00 6.30866e+02
-1.40010e+00 2.25010e+00 6.42713e+02
-1.46146e+00 2.31570e+00 6.19724e+02
-1.52611e+00 2.38349e+00 6.21952e+02
-1.59205e+00 2.45133e+00 6.24091e+02
-1.65928e+00 2.51925e+00 6.26139e+02
-1.72781e+00 2.58726e+00 6.28092e+02
-1.79766e+00 2.65539e+00 6.29950e+02
-1.86885e+00 2.72366e+00 6.31711e+02
-1.94138e+00 2.79209e+00 6.33373e+02
-2.01528e+00 2.86071e+00 6.34934e+02
-2.09055e+00 2.92952e+00 6.36392e+02
-2.16722e+00 2.99855e+00 6.37746e+02
-2.24531e+00 3.06782e+00 6.38995e+02
-2.32482e+00 3.13736e+00 6.40135e+02
-2.40579e+00 3.20718e+00 6.41166e+02
-2.48823e+00 3.27731e+00 6.42084e+02
-2.57216e+00 3.34776e+00 6.42888e+02
-2.65760e+00 3.41855e+00 6.43574e+02
-2.74459e+00 3.48972e+00 6.44141e+02
-2.83313e+00 3.56127e+00 6.44584e+02
-2.92325e+00 3.63323e+00 6.44900e+02
-3.01499e+00 3.70563e+00 6.45085e+02
-3.10836e+00 3.77847e+00 6.45135e+02
-3.20340e+00 3.85180e+00 6.45045e+02
-3.30013e+00 3.92562e+00 6.44809e+02
-3.39858e+00 3.99996e+00 6.44422e+02
-3.68955e-01 7.99695e-01 4.85499e+02
-3.92715e-01 8.61285e-01 4.79736e+02
-4.17952e-01 9.22714e-01 4.76498e+02
-4.44651e-01 9.84005e-01 4.75305e+02
-4.72798e-01 1.04518e+00 4.75800e+02
-5.02381e-01 1.10626e+00 4.77708e+02
-5.33388e-01 1.16727e+00 4.80816e+02
-5.65810e-01 1.22823e+00 4.84958e+02
-5.99636e-01 1.28916e+00 4.90000e+02
-6.34861e-01 1.35008e+00 4.95838e+02
-6.71475e-01 1.41101e+00 5.02386e+02
-7.09475e-01 1.47197e+00 5.09575e+02
-7.48854e-01 1.53298e+00 5.17349e+02
-7.89608e-01 1.59405e+00 5.25663e+02
-8.31736e-01 1.65521e+00 5.34478e+02
-8.75233e-01 1.71647e+00 5.43766e+02
-9.20101e-01 1.77786e+00 5.53501e+02
-9.66337e-01 1.83939e+00 5.63665e+02
-1.01394e+00 1.90107e+00 5.74240e+02
-1.06292e+00 1.96293e+00 5.85216e+02
-1.11327e+00 2.02499e+00 5.96583e+02
-1.16500e+00 2.08726e+00 6.08334e+02
-1.21810e+00 2.14975e+00 6.20466e+02
-1.27260e+00 2.21249e+00 6.32976e+02
-1.32848e+00 2.27550e+00 6.45863e+02
-1.38759e+00 2.34076e+00 6.19066e+02
-1.44985e+00 2.40807e+00 6.21372e+02
-1.51339e+00 2.47539e+00 6.23571e+02
-1.57822e+00 2.54275e+00 6.25660e+02
-1.64437e+00 2.61015e+00 6.27639e+02
-1.71183e+00 2.67763e+00 6.29507e+02
-1.78062e+00 2.74520e+00 6.31261e+02
-1.85075e+00 2.81288e+00 6.32900e+02
-1.92225e+00 2.88070e+00 6.34424e+02
-1.99511e+00 2.94867e+00 6.35831e+02
-2.06937e+00 3.01680e+00 6.37120e+02
-2.14503e+00 3.08513e+00 6.38290e+02
-2.22211e+00 3.15368e+00 6.39338e+02
-2.30063e+00 3.22245e+00 6.40264e+02
-2.38061e+00 3.29147e+00 6.41066e+02
-2.46207e+00 3.36077e+00 6.41742e+02
-2.54502e+00 3.43036e+00 6.42289e+02
-2.62950e+00 3.50025e+00 6.42707e+02
-2.71552e+00 3.57048e+00 6.42991e+02
-2.80310e+00 3.64106e+00 6.43141e+02
-2.89226e+00 3.71201e+00 6.43152e+02
-2.98304e+00 3.78336e+00 6.43021e+02
-3.07546e+00 3.85512e+00 6.42746e+02
-3.16954e+00 3.92731e+00 6.42321e+02
-3.26531e+00 3.99996e+00 6.41742e+02
-3.45383e-01 8.15872e-01 4.70159e+02
-3.67202e-01 8.78241e-01 4.65714e+02
-3.90481e-01 9.40411e-01 4.63482e+02
-4.15207e-01 1.00241e+00 4.63096e+02
-4.41366e-01 1.06425e+00 4.64273e+02
-4.68946e-01 1.12595e+00 4.66792e+02
-4.97936e-01 1.18755e+00 4.70475e+02
-5.28325e-01 1.24906e+00 4.75181e+02
-5.60104e-01 1.31050e+00 4.80797e+02
-5.93266e-01 1.37188e+00 4.87228e+02
-6.27804e-01 1.43324e+00 4.94399e+02
-6.63711e-01 1.49459e+00 5.02245e+02
-7.00982e-01 1.55594e+00 5.10713e+02
-7.39614e-01 1.61732e+00 5.19760e+02
-7.79602e-01 1.67874e+00 5.29349e+02
-8.20945e-01 1.74023e+00 5.39450e+02
-8.63640e-01 1.80179e+00 5.50037e+02
-9.07687e-01 1.86346e+00 5.61088e+02
-9.53086e-01 1.92524e+00 5.72586e+02
-9.99838e-01 1.98715e+00 5.84517e+02
-1.04794e+00 2.04921e+00 5.96869e+02
-1.09741e+00 2.11144e+00 6.09632e+02
-1.14823e+00 2.17385e+00 6.22800e+02
-1.20042e+00 2.23646e+00 6.36367e+02
-1.25397e+00 2.29929e+00 6.50330e+02
-1.31057e+00 2.36423e+00 6.19484e+02
-1.37012e+00 2.43108e+00 6.21781e+02
-1.43096e+00 2.49789e+00 6.23956e+02
-1.49308e+00 2.56470e+00 6.26007e+02
-1.55650e+00 2.63153e+00 6.27932e+02
-1.62122e+00 2.69838e+00 6.29732e+02
-1.68727e+00 2.76529e+00 6.31405e+02
-1.75464e+00 2.83226e+00 6.32951e+02
-1.82336e+00 2.89933e+00 6.34368e+02
-1.89343e+00 2.96650e+00 6.35656e+02
-1.96488e+00 3.03381e+00 6.36814e+02
-2.03771e+00 3.10125e+00 6.37841e+02
-2.11194e+00 3.16887e+00 6.38737e+02
-2.18759e+00 3.23666e+00 6.39500e+02
-2.26467e+00 3.30466e+00 6.40130e+02
-2.34321e+00 3.37288e+00 6.40624e+02
-2.42322e+00 3.44134e+00 6.40983e+02
-2.50471e+00 3.51006e+00 6.41204e+02
-2.58772e+00 3.57905e+00 6.41285e+02
-2.67226e+00 3.64835e+00 6.41225e+02
-2.75835e+00 3.71796e+00 6.41023e+02
-2.84602e+00 3.78791e+00 6.40675e+02
-2.93528e+00 3.85821e+00 6.40179e+02
-3.02617e+00 3.92889e+00 6.39534e+02
-3.11871e+00 3.99997e+00 6.38735e+02
-3.21251e-01 8.31858e-01 4.40816e+02
-3.41163e-01 8.94874e-01 4.41106e+02
-3.62506e-01 9.57663e-01 4.42509e+02
-3.85265e-01 1.02025e+00 4.44930e+02
-4.09429e-01 1.08264e+00 4.48289e+02
-4.34985e-01 1.14488e+00 4.52515e+02
-4.61922e-01 1.20697e+00 4.57548e+02
-4.90232e-01 1.26895e+00 4.63332e+02
-5.19904e-01 1.33081e+00 4.69821e+02
-5.50931e-01 1.39260e+00 4.76973e+02
-5.83307e-01 1.45432e+00 4.84752e+02
-6.17025e-01 1.51599e+00 4.93126e+02
-6.52079e-01 1.57764e+00 5.02067e+02
-6.88467e-01 1.63928e+00 5.11549e+02
-7.26183e-01 1.70092e+00 5.21550e+02
-7.65226e-01 1.76260e+00 5.32051e+02
-8.05594e-01 1.82431e+00 5.43035e+02
-8.47285e-01 1.88608e+00 5.54488e+02
-8.90298e-01 1.94794e+00 5.66396e+02
-9.34636e-01 2.00988e+00 5.78747e+02
-9.80297e-01 2.07194e+00 5.91534e+02
-1.02729e+00 2.13412e+00 6.04747e+02
-1.07560e+00 2.19645e+00 6.18379e+02
-1.12525e+00 2.25893e+00 6.32425e+02
-1.17624e+00 2.32159e+00 6.46880e+02
-1.23006e+00 2.38621e+00 6.11556e+02
-1.28664e+00 2.45259e+00 6.14221e+02
-1.34449e+00 2.51891e+00 6.16726e+02
-1.40360e+00 2.58519e+00 6.19074e+02
-1.46399e+00 2.65145e+00 6.21272e+02
-1.52566e+00 2.71771e+00 6.23323e+02
-1.58862e+00 2.78398e+00 6.25232e+02
-1.65289e+00 2.85029e+00 6.27001e+02
-1.71848e+00 2.91664e+00 6.28633e+02
-1.78539e+00 2.98307e+00 6.30132e+02
-1.85365e+00 3.04959e+00 6.31500e+02
-1.92326e+00 3.11621e+00 6.32740e+02
-1.99424e+00 3.18295e+00 6.33853e+02
-2.06660e+00 3.24984e+00 6.34842e+02
-2.14037e+00 3.31688e+00 6.35708e+02
-2.21554e+00 3.38410e+00 6.36452e+02
-2.29215e+00 3.45151e+00 6.37076e+02
-2.37020e+00 3.51914e+00 6.37580e+02
-2.44973e+00 3.58699e+00 6.37967e+02
-2.53073e+00 3.65510e+00 6.38236e+02
-2.61325e+00 3.72346e+00 6.38387e+02
-2.69729e+00 3.79212e+00 6.38422e+02
-2.78288e+00 3.86107e+00 6.38341e+02
-2.87003e+00 3.93035e+00 6.38143e+02
-2.95878e+00 3.99997e+00 6.37829e+02
-2.95339e-01 8.48402e-01 4.36518e+02
-3.13396e-01 9.11915e-01 4.36455e+02
-3.32839e-01 9.75180e-01 4.37694e+02
-3.53654e-01 1.03822e+00 4.40122e+02
-3.75831e-01 1.10105e+00 4.43640e+02
-3.99357e-01 1.16369e+00 4.48160e+02
-4.24222e-01 1.22617e+00 4.53605e+02
-4.50418e-01 1.28850e+00 4.59905e+02
-4.77937e-01 1.35070e+00 4.67000e+02
-5.06769e-01 1.41279e+00 4.74836e+02
-5.36910e-01 1.47479e+00 4.83365e+02
-5.68353e-01 1.53672e+00 4.92544e+02
-6.01093e-01 1.59858e+00 5.02335e+02
-6.35126e-01 1.66041e+00 5.12705e+02
-6.70448e-01 1.72222e+00 5.23624e+02
-7.07057e-01 1.78402e+00 5.35065e+02
-7.44950e-01 1.84583e+00 5.47005e+02
-7.84125e-01 1.90766e+00 5.59422e+02
-8.24584e-01 1.96954e+00 5.72297e+02
-8.66324e-01 2.03148e+00 5.85614e+02
-9.09348e-01 2.09350e+00 5.99358e+02
-9.53656e-01 2.15560e+00 6.13517e+02
-9.99251e-01 2.21781e+00 6.28078e+02
-1.04613e+00 2.28015e+00 6.43032e+02
-1.09431e+00 2.34262e+00 6.58370e+02
-1.14514e+00 2.40690e+00 6.17810e+02
-1.19856e+00 2.47280e+00 6.19885e+02
-1.25321e+00 2.53861e+00 6.21846e+02
-1.30909e+00 2.60436e+00 6.23695e+02
-1.36620e+00 2.67006e+00 6.25435e+02
-1.42456e+00 2.73573e+00 6.27069e+02
-1.48418e+00 2.80139e+00 6.28599e+02
-1.54506e+00 2.86705e+00 6.30027e+02
-1.60721e+00 2.93273e+00 6.31354e+02
-1.67065e+00 2.99845e+00 6.32584e+02
-1.73539e+00 3.06422e+00 6.33718e+02
-1.80143e+00 3.13006e+00 6.34758e+02
-1.86880e+00 3.19598e+00 6.35704e+02
-1.93749e+00 3.26202e+00 6.36559e+02
-2.00754e+00 3.32817e+00 6.37324e+02
-2.07894e+00 3.39446e+00 6.38000e+02
-2.15172e+00 3.46090e+00 6.38588e+02
-2.22590e+00 3.52751e+00 6.39089e+02
-2.30148e+00 3.59431e+00 6.39505e+02
-2.37848e+00 3.66131e+00 6.39836e+02
-2.45693e+00 3.72853e+00 6.40082e+02
-2.53684e+00 3.79599e+00 6.40246e+02
-2.61823e+00 3.86371e+00 6.40327e+02
-2.70112e+00 3.93169e+00 6.40325e+02
-2.78553e+00 3.99997e+00 6.40242e+02
-2.69115e-01 8.64525e-01 4.35091e+02
-2.85354e-01 9.28407e-01 4.34278e+02
-3.02918e-01 9.92029e-01 4.34995e+02
-3.21797e-01 1.05541e+00 4.37109e+02
-3.41979e-01 1.11857e+00 4.40502e+02
-3.63455e-01 1.18153e+00 4.45066e+02
-3.86214e-01 1.24430e+00 4.50702e+02
-4.10249e-01 1.30691e+00 4.57326e+02
-4.35552e-01 1.36937e+00 4.64858e+02
-4.62115e-01 1.43170e+00 4.73230e+02
-4.89933e-01 1.49392e+00 4.82380e+02
-5.19001e-01 1.55604e+00 4.92251e+02
-5.49313e-01 1.61808e+00 5.02794e+02
-5.80865e-01 1.68005e+00 5.13965e+02
-6.13654e-01 1.74198e+00 5.25725e+02
-6.47678e-01 1.80388e+00 5.38036e+02
-6.82933e-01 1.86576e+00 5.50869e+02
-7.19419e-01 1.92764e+00 5.64194e+02
-7.57134e-01 1.98954e+00 5.77985e+02
-7.96079e-01 2.05146e+00 5.92220e+02
-8.36253e-01 2.11343e+00 6.06879e+02
-8.77659e-01 2.17546e+00 6.21942e+02
-9.20296e-01 2.23756e+00 6.37395e+02
-9.64168e-01 2.29975e+00 6.53221e+02
-1.00928e+00 2.36205e+00 6.69408e+02
-1.05685e+00 2.42600e+00 6.23778e+02
-1.10683e+00 2.49143e+00 6.25300e+02
-1.15799e+00 2.55675e+00 6.26752e+02
-1.21033e+00 2.62199e+00 6.28134e+02
-1.26386e+00 2.68716e+00 6.29448e+02
-1.31859e+00 2.75228e+00 6.30693e+02
-1.37452e+00 2.81735e+00 6.31872e+02
-1.43166e+00 2.88241e+00 6.32983e+02
-1.49003e+00 2.94745e+00 6.34029e+02
-1.54962e+00 3.01251e+00 6.35010e+02
-1.61045e+00 3.07759e+00 6.35927e+02
-1.67253e+00 3.14272e+00 6.36781e+02
-1.73587e+00 3.20789e+00 6.37572e+02
-1.80048e+00 3.27314e+00 6.38302e+02
-1.86637e+00 3.33848e+00 6.38971e+02
-1.93356e+00 3.40391e+00 6.39580e+02
-2.00206e+00 3.46947e+00 6.40130e+02
-2.07189e+00 3.53515e+00 6.40621e+02
-2.14304e+00 3.60099e+00 6.41055e+02
-2.21556e+00 3.66698e+00 6.41431e+02
-2.28943e+00 3.73316e+00 6.41750e+02
-2.36470e+00 3.79953e+00 6.42014e+02
-2.44136e+00 3.86611e+00 6.42223e+02
-2.51944e+00 3.93292e+00 6.42376e+02
-2.59895e+00 3.99997e+00 6.42476e+02
-2.42628e-01 8.80213e-01 4.36354e+02
-2.57084e-01 9.44338e-01 4.34450e+02
-2.72793e-01 1.00820e+00 4.34328e+02
-2.89743e-01 1.07181e+00 4.35839e+02
-3.07925e-01 1.13520e+00 4.38844e+02
-3.27329e-01 1.19838e+00 4.43215e+02
-3.47949e-01 1.26136e+00 4.48834e+02
-3.69775e-01 1.32417e+00 4.55595e+02
-3.92801e-01 1.38682e+00 4.63399e+02
-4.17022e-01 1.44932e+00 4.72161e+02
-4.42430e-01 1.51170e+00 4.81802e+02
-4.69022e-01 1.57396e+00 4.92250e+02
-4.96793e-01 1.63612e+00 5.03443e+02
-5.25740e-01 1.69821e+00 5.15324e+02
-5.55858e-01 1.76023e+00 5.27841e+02
-5.87145e-01 1.82219e+00 5.40949e+02
-6.19600e-01 1.88412e+00 5.54607e+02
-6.53220e-01 1.94602e+00 5.68778e+02
-6.88005e-01 2.00792e+00 5.83428e+02
-7.23954e-01 2.06982e+00 5.98528e+02
-7.61068e-01 2.13174e+00 6.14051e+02
-7.99347e-01 2.19369e+00 6.29973e+02
-8.38792e-01 2.25569e+00 6.46272e+02
-8.79405e-01 2.31775e+00 6.62929e+02
-9.21188e-01 2.37989e+00 6.79927e+02
-9.65233e-01 2.44352e+00 6.29402e+02
-1.01150e+00 2.50848e+00 6.30416e+02
-1.05888e+00 2.57333e+00 6.31401e+02
-1.10738e+00 2.63808e+00 6.32357e+02
-1.15702e+00 2.70275e+00 6.33282e+02
-1.20778e+00 2.76734e+00 6.34174e+02
-1.25969e+00 2.83187e+00 6.35034e+02
-1.31274e+00 2.89636e+00 6.35861e+02
-1.36694e+00 2.96082e+00 6.36653e+02
-1.42231e+00 3.02527e+00 6.37411e+02
-1.47885e+00 3.08972e+00 6.38134e+02
-1.53657e+00 3.15418e+00 6.38823e+02
-1.59547e+00 3.21868e+00 6.39477e+02
-1.65557e+00 3.28321e+00 6.40095e+02
-1.71689e+00 3.34780e+00 6.40680e+02
-1.77942e+00 3.41247e+00 6.41229e+02
-1.84318e+00 3.47722e+00 6.41744e+02
-1.90818e+00 3.54206e+00 6.42225e+02
-1.97443e+00 3.60703e+00 6.42672e+02
-2.04195e+00 3.67211e+00 6.43085e+02
-2.11075e+00 3.73734e+00 6.43464e+02
-2.18085e+00 3.80273e+00 6.43810e+02
-2.25225e+00 3.86829e+00 6.44123e+02
-2.32498e+00 3.93403e+00 6.44403e+02
-2.39905e+00 3.99997e+00 6.44651e+02
-2.15926e-01 8.95451e-01 4.40142e+02
-2.28637e-01 9.59695e-01 4.36856e+02
-2.42511e-01 1.02368e+00 4.35615e+02
-2.57540e-01 1.08742e+00 4.36260e+02
-2.73716e-01 1.15094e+00 4.38635e+02
-2.91031e-01 1.21424e+00 4.42592e+02
-3.09477e-01 1.27735e+00 4.47993e+02
-3.29048e-01 1.34028e+00 4.54709e+02
-3.49738e-01 1.40304e+00 4.62624e+02
-3.71543e-01 1.46565e+00 4.71631e+02
-3.94455e-01 1.52813e+00 4.81633e+02
-4.18473e-01 1.59048e+00 4.92542e+02
-4.43591e-01 1.65273e+00 5.04280e+02
-4.69806e-01 1.71488e+00 5.16775e+02
-4.97115e-01 1.77695e+00 5.29964e+02
-5.25516e-01 1.83895e+00 5.43789e+02
-5.55007e-01 1.90090e+00 5.58198e+02
-5.85587e-01 1.96281e+00 5.73147e+02
-6.17254e-01 2.02469e+00 5.88592e+02
-6.50008e-01 2.08656e+00 6.04497e+02
-6.83848e-01 2.14843e+00 6.20828e+02
-7.18777e-01 2.21030e+00 6.37555e+02
-7.54793e-01 2.27220e+00 6.54651e+02
-7.91898e-01 2.33414e+00 6.72092e+02
-8.30095e-01 2.39613e+00 6.89856e+02
-8.70344e-01 2.45945e+00 6.34624e+02
-9.12609e-01 2.52397e+00 6.35181e+02
-9.55920e-01 2.58836e+00 6.35750e+02
-1.00028e+00 2.65264e+00 6.36326e+02
-1.04570e+00 2.71682e+00 6.36907e+02
-1.09217e+00 2.78092e+00 6.37489e+02
-1.13971e+00 2.84495e+00 6.38070e+02
-1.18832e+00 2.90891e+00 6.38647e+02
-1.23800e+00 2.97284e+00 6.39220e+02
-1.28877e+00 3.03673e+00 6.39786e+02
-1.34063e+00 3.10060e+00 6.40344e+02
-1.39358e+00 3.16446e+00 6.40892e+02
-1.44763e+00 3.22834e+00 6.41430e+02
-1.50280e+00 3.29223e+00 6.41957e+02
-1.55909e+00 3.35615e+00 6.42473e+02
-1.61651e+00 3.42012e+00 6.42975e+02
-1.67507e+00 3.48415e+00 6.43464e+02
-1.73478e+00 3.54824e+00 6.43940e+02
-1.79565e+00 3.61242e+00 6.44402e+02
-1.85768e+00 3.67670e+00 6.44849e+02
-1.92090e+00 3.74109e+00 6.45282e+02
-1.98531e+00 3.80559e+00 6.45699e+02
-2.05092e+00 3.87023e+00 6.46102e+02
-2.11775e+00 3.93502e+00 6.46490e+02
-2.18581e+00 3.99997e+00 6.46863e+02
-1.89057e-01 9.10225e-01 4.46309e+02
-2.00058e-01 9.74470e-01 4.41390e+02
-2.12120e-01 1.03847e+00 4.38783e+02
-2.25237e-01 1.10223e+00 4.38323e+02
-2.39402e-01 1.16578e+00 4.39843e+02
-2.54607e-01 1.22912e+00 4.43177e+02
-2.70848e-01 1.29227e+00 4.48167e+02
-2.88119e-01 1.35524e+00 4.54665e+02
-3.06415e-01 1.41805e+00 4.62532e+02
-3.25730e-01 1.48070e+00 4.71641e+02
-3.46062e-01 1.54322e+00 4.81874e+02
-3.67407e-01 1.60561e+00 4.93125e+02
-3.89760e-01 1.66789e+00 5.05300e+02
-4.13120e-01 1.73007e+00 5.18310e+02
-4.37483e-01 1.79215e+00 5.32079e+02
-4.62848e-01 1.85417e+00 5.46537e+02
-4.89213e-01 1.91611e+00 5.61620e+02
-5.16577e-01 1.97801e+00 5.77272e+02
-5.44938e-01 2.03986e+00 5.93442e+02
-5.74297e-01 2.10169e+00 6.10086e+02
-6.04652e-01 2.16350e+00 6.27163e+02
-6.36005e-01 2.22530e+00 6.44636e+02
-6.68355e-01 2.28710e+00 6.62473e+02
-7.01703e-01 2.34893e+00 6.80644e+02
-7.36052e-01 2.41078e+00 6.99124e+02
-7.72234e-01 2.47381e+00 6.39387e+02
-8.10218e-01 2.53788e+00 6.39547e+02
-8.49164e-01 2.60183e+00 6.39756e+02
-8.89075e-01 2.66566e+00 6.40006e+02
-9.29954e-01 2.72939e+00 6.40293e+02
-9.71806e-01 2.79302e+00 6.40612e+02
-1.01463e+00 2.85658e+00 6.40959e+02
-1.05844e+00 2.92007e+00 6.41330e+02
-1.10324e+00 2.98349e+00 6.41722e+02
-1.14902e+00 3.04688e+00 6.42132e+02
-1.19580e+00 3.11023e+00 6.42557e+02
-1.24359e+00 3.17356e+00 6.42995e+02
-1.29238e+00 3.23687e+00 6.43444e+02
-1.34219e+00 3.30019e+00 6.43903e+02
-1.39301e+00 3.36352e+00 6.44369e+02
-1.44487e+00 3.42687e+00 6.44841e+02
-1.49777e+00 3.49026e+00 6.45317e+02
-1.55170e+00 3.55369e+00 6.45798e+02
-1.60669e+00 3.61719e+00 6.46281e+02
-1.66275e+00 3.68074e+00 6.46765e+02
-1.71987e+00 3.74438e+00 6.47251e+02
-1.77807e+00 3.80811e+00 6.47736e+02
-1.83736e+00 3.87195e+00 6.48221e+02
-1.89775e+00 3.93590e+00 6.48705e+02
-1.95925e+00 3.99997e+00 6.49187e+02
-1.62068e-01 9.24525e-01 4.54724e+02
-1.71394e-01 9.88656e-01 4.47961e+02
-1.81667e-01 1.05256e+00 4.43766e+02
-1.92880e-01 1.11624e+00 4.41983e+02
-2.05029e-01 1.17972e+00 4.42436e+02
-2.18108e-01 1.24301e+00 4.44950e+02
-2.32112e-01 1.30612e+00 4.49346e+02
-2.47038e-01 1.36906e+00 4.55457e+02
-2.62881e-01 1.43184e+00 4.63120e+02
-2.79638e-01 1.49448e+00 4.72188e+02
-2.97305e-01 1.55698e+00 4.82522e+02
-3.15879e-01 1.61935e+00 4.93996e+02
-3.35358e-01 1.68162e+00 5.06497e+02
-3.55739e-01 1.74378e+00 5.19921e+02
-3.77020e-01 1.80585e+00 5.34175e+02
-3.99200e-01 1.86785e+00 5.49175e+02
-4.22277e-01 1.92977e+00 5.64847e+02
-4.46250e-01 1.99163e+00 5.81122e+02
-4.71119e-01 2.05344e+00 5.97943e+02
-4.96881e-01 2.11521e+00 6.15254e+02
-5.23538e-01 2.17696e+00 6.33007e+02
-5.51090e-01 2.23868e+00 6.51161e+02
-5.79536e-01 2.30040e+00 6.69676e+02
-6.08877e-01 2.36212e+00 6.88519e+02
-6.39115e-01 2.42384e+00 7.07659e+02
-6.70956e-01 2.48659e+00 6.43632e+02
-7.04376e-01 2.55023e+00 6.43463e+02
-7.38661e-01 2.61375e+00 6.43375e+02
-7.73813e-01 2.67715e+00 6.43360e+02
-8.09835e-01 2.74045e+00 6.43410e+02
-8.46730e-01 2.80366e+00 6.43520e+02
-8.84500e-01 2.86677e+00 6.43683e+02
-9.23150e-01 2.92982e+00 6.43895e+02
-9.62684e-01 2.99280e+00 6.44150e+02
-1.00310e+00 3.05573e+00 6.44443e+02
-1.04441e+00 3.11861e+00 6.44773e+02
-1.08662e+00 3.18146e+00 6.45134e+02
-1.12973e+00 3.24429e+00 6.45525e+02
-1.17374e+00 3.30710e+00 6.45942e+02
-1.21867e+00 3.36991e+00 6.46382e+02
-1.26451e+00 3.43272e+00 6.46844e+02
-1.31127e+00 3.49556e+00 6.47325e+02
-1.35896e+00 3.55841e+00 6.47824e+02
-1.40758e+00 3.62131e+00 6.48339e+02
-1.45715e+00 3.68424e+00 6.48868e+02
-1.50767e+00 3.74724e+00 6.49409e+02
-1.55914e+00 3.81030e+00 6.49963e+02
-1.61157e+00 3.87343e+00 6.50527e+02
-1.66498e+00 3.93665e+00 6.51100e+02
-1.71936e+00 3.99997e+00 6.51682e+02
-1.35003e-01 9.38342e-01 4.65275e+02
-1.42690e-01 1.00225e+00 4.56482e+02
-1.51195e-01 1.06595e+00 4.50503e+02
-1.60514e-01 1.12945e+00 4.47195e+02
-1.70643e-01 1.19278e+00 4.46386e+02
-1.81578e-01 1.25593e+00 4.47890e+02
-1.93316e-01 1.31891e+00 4.51516e+02
-2.05854e-01 1.38174e+00 4.57074e+02
-2.19188e-01 1.44443e+00 4.64382e+02
-2.33316e-01 1.50698e+00 4.73268e+02
-2.48236e-01 1.56941e+00 4.83573e+02
-2.63944e-01 1.63172e+00 4.95149e+02
-2.80440e-01 1.69393e+00 5.07864e+02
-2.97720e-01 1.75604e+00 5.21596e+02
-3.15785e-01 1.81806e+00 5.36235e+02
-3.34631e-01 1.88000e+00 5.51684e+02
-3.54259e-01 1.94187e+00 5.67855e+02
-3.74667e-01 2.00368e+00 5.84670e+02
-3.95855e-01 2.06543e+00 6.02058e+02
-4.17822e-01 2.12714e+00 6.19958e+02
-4.40567e-01 2.18882e+00 6.38314e+02
-4.64092e-01 2.25046e+00 6.57077e+02
-4.88396e-01 2.31209e+00 6.76203e+02
-5.13479e-01 2.37371e+00 6.95654e+02
-5.39342e-01 2.43533e+00 7.15393e+02
-5.66569e-01 2.49780e+00 6.47306e+02
-5.95139e-01 2.56102e+00 6.46881e+02
-6.24465e-01 2.62413e+00 6.46567e+02
-6.54547e-01 2.68712e+00 6.46353e+02
-6.85388e-01 2.75001e+00 6.46230e+02
-7.16989e-01 2.81281e+00 6.46190e+02
-7.49354e-01 2.87553e+00 6.46224e+02
-7.82483e-01 2.93818e+00 6.46327e+02
-8.16381e-01 3.00076e+00 6.46492e+02
-8.51049e-01 3.06328e+00 6.46715e+02
-8.86492e-01 3.12575e+00 6.46989e+02
-9.22712e-01 3.18818e+00 6.47310e+02
-9.59712e-01 3.25058e+00 6.47676e+02
-9.97497e-01 3.31296e+00 6.48081e+02
-1.03607e+00 3.37532e+00 6.48522e+02
-1.07543e+00 3.43768e+00 6.48997e+02
-1.11560e+00 3.50003e+00 6.49503e+02
-1.15656e+00 3.56240e+00 6.50037e+02
-1.19833e+00 3.62479e+00 6.50597e+02
-1.24091e+00 3.68720e+00 6.51181e+02
-1.28430e+00 3.74965e+00 6.51787e+02
-1.32852e+00 3.81214e+00 6.52413e+02
-1.37356e+00 3.87469e+00 6.53057e+02
-1.41943e+00 3.93729e+00 6.53719e+02
-1.46615e+00 3.99997e+00 6.54397e+02
-1.07906e-01 9.51669e-01 4.77866e+02
-1.13988e-01 1.01524e+00 4.66883e+02
-1.20747e-01 1.07863e+00 4.58939e+02
-1.28182e-01 1.14187e+00 4.53919e+02
-1.36288e-01 1.20494e+00 4.51661e+02
-1.45064e-01 1.26787e+00 4.51977e+02
-1.54507e-01 1.33065e+00 4.54661e+02
-1.64615e-01 1.39330e+00 4.59506e+02
-1.75385e-01 1.45583e+00 4.66308e+02
-1.86817e-01 1.51824e+00 4.74874e+02
-1.98908e-01 1.58054e+00 4.85019e+02
-2.11656e-01 1.64273e+00 4.96576e+02
-2.25061e-01 1.70483e+00 5.09390e+02
-2.39120e-01 1.76685e+00 5.23322e+02
-2.53833e-01 1.82878e+00 5.38244e+02
-2.69200e-01 1.89064e+00 5.54044e+02
-2.85218e-01 1.95243e+00 5.70621e+02
-3.01888e-01 2.01416e+00 5.87885e+02
-3.19208e-01 2.07585e+00 6.05755e+02
-3.37179e-01 2.13748e+00 6.24161e+02
-3.55801e-01 2.19908e+00 6.43040e+02
-3.75073e-01 2.26065e+00 6.62336e+02
-3.94995e-01 2.32220e+00 6.82000e+02
-4.15568e-01 2.38373e+00 7.01988e+02
-4.36792e-01 2.44525e+00 7.22262e+02
-4.59129e-01 2.50745e+00 6.50358e+02
-4.82564e-01 2.57026e+00 6.49759e+02
-5.06630e-01 2.63296e+00 6.49295e+02
-5.31330e-01 2.69556e+00 6.48954e+02
-5.56664e-01 2.75808e+00 6.48725e+02
-5.82633e-01 2.82051e+00 6.48598e+02
-6.09239e-01 2.88286e+00 6.48563e+02
-6.36484e-01 2.94514e+00 6.48613e+02
-6.64369e-01 3.00736e+00 6.48740e+02
-6.92896e-01 3.06953e+00 6.48937e+02
-7.22068e-01 3.13164e+00 6.49200e+02
-7.51887e-01 3.19372e+00 6.49521e+02
-7.82354e-01 3.25575e+00 6.49897e+02
-8.13472e-01 3.31776e+00 6.50323e+02
-8.45244e-01 3.37975e+00 6.50794e+02
-8.77673e-01 3.44173e+00 6.51308e+02
-9.10762e-01 3.50369e+00 6.51861e+02
-9.44513e-01 3.56566e+00 6.52450e+02
-9.78929e-01 3.62763e+00 6.53071e+02
-1.01402e+00 3.68962e+00 6.53723e+02
-1.04977e+00 3.75162e+00 6.54404e+02
-1.08621e+00 3.81365e+00 6.55110e+02
-1.12332e+00 3.87572e+00 6.55840e+02
-1.16112e+00 3.93782e+00 6.56593e+02
-1.19960e+00 3.99997e+00 6.57366e+02
-8.08192e-02 9.64500e-01 4.92416e+02
-8.53306e-02 1.02763e+00 4.79100e+02
-9.03670e-02 1.09062e+00 4.69025e+02
-9.59267e-02 1.15349e+00 4.62117e+02
-1.02008e-01 1.21622e+00 4.58233e+02
-1.08610e-01 1.27884e+00 4.57185e+02
-1.15730e-01 1.34135e+00 4.58761e+02
-1.23367e-01 1.40375e+00 4.62737e+02
-1.31521e-01 1.46605e+00 4.68887e+02
-1.40190e-01 1.52825e+00 4.76993e+02
-1.49372e-01 1.59036e+00 4.86850e+02
-1.59068e-01 1.65239e+00 4.98266e+02
-1.69276e-01 1.71434e+00 5.11064e+02
-1.79995e-01 1.77622e+00 5.25085e+02
-1.91225e-01 1.83803e+00 5.40185e+02
-2.02965e-01 1.89977e+00 5.56235e+02
-2.15214e-01 1.96147e+00 5.73121e+02
-2.27973e-01 2.02310e+00 5.90740e+02
-2.41241e-01 2.08470e+00 6.09002e+02
-2.55017e-01 2.14625e+00 6.27827e+02
-2.69302e-01 2.20777e+00 6.47145e+02
-2.84095e-01 2.26926e+00 6.66894e+02
-2.99396e-01 2.33072e+00 6.87018e+02
-3.15206e-01 2.39217e+00 7.07472e+02
-3.31525e-01 2.45360e+00 7.28210e+02
-3.48696e-01 2.51555e+00 6.52743e+02
-3.66707e-01 2.57795e+00 6.52056e+02
-3.85214e-01 2.64026e+00 6.51525e+02
-4.04216e-01 2.70249e+00 6.51135e+02
-4.23715e-01 2.76465e+00 6.50872e+02
-4.43711e-01 2.82674e+00 6.50725e+02
-4.64204e-01 2.88876e+00 6.50683e+02
-4.85197e-01 2.95072e+00 6.50738e+02
-5.06690e-01 3.01263e+00 6.50880e+02
-5.28683e-01 3.07448e+00 6.51103e+02
-5.51179e-01 3.13630e+00 6.51399e+02
-5.74179e-01 3.19807e+00 6.51762e+02
-5.97683e-01 3.25981e+00 6.52186e+02
-6.21694e-01 3.32152e+00 6.52667e+02
-6.46213e-01 3.38321e+00 6.53200e+02
-6.71241e-01 3.44488e+00 6.53780e+02
-6.96781e-01 3.50654e+00 6.54404e+02
-7.22833e-01 3.56819e+00 6.55069e+02
-7.49401e-01 3.62984e+00 6.55771e+02
-7.76485e-01 3.69149e+00 6.56507e+02
-8.04088e-01 3.75315e+00 6.57275e+02
-8.32213e-01 3.81482e+00 6.58072e+02
-8.60860e-01 3.87651e+00 6.58896e+02
-8.90033e-01 3.93823e+00 6.59745e+02
-9.19734e-01 3.99997e+00 6.60617e+02
-5.37829e-02 9.76833e-01 5.08860e+02
-5.67575e-02 1.03942e+00 4.93083e+02
-6.00930e-02 1.10192e+00 4.80721e+02
-6.37885e-02 1.16432e+00 4.71755e+02
-6.78434e-02 1.22664e+00 4.66071e+02
-7.22568e-02 1.28887e+00 4.63491e+02
-7.70281e-02 1.35102e+00 4.63796e+02
-8.21567e-02 1.41310e+00 4.66748e+02
-8.76420e-02 1.47510e+00 4.72100e+02
-9.34834e-02 1.53704e+00 4.79612e+02
-9.96805e-02 1.59891e+00 4.89051e+02
-1.06233e-01 1.66072e+00 5.00204e+02
-1.13140e-01 1.72247e+00 5.12870e+02
-1.20401e-01 1.78417e+00 5.26870e+02
-1.28017e-01 1.84582e+00 5.42041e+02
-1.35986e-01 1.90743e+00 5.58239e+02
-1.44309e-01 1.96899e+00 5.75334e+02
-1.52985e-01 2.03051e+00 5.93211e+02
-1.62015e-01 2.09200e+00 6.11771e+02
-1.71397e-01 2.15346e+00 6.30925e+02
-1.81133e-01 2.21489e+00 6.50595e+02
-1.91221e-01 2.27629e+00 6.70713e+02
-2.01663e-01 2.33768e+00 6.91218e+02
-2.12457e-01 2.39904e+00 7.12060e+02
-2.23604e-01 2.46040e+00 7.33191e+02
-2.35331e-01 2.52209e+00 6.54422e+02
-2.47630e-01 2.58410e+00 6.53742e+02
-2.60274e-01 2.64604e+00 6.53230e+02
-2.73263e-01 2.70792e+00 6.52871e+02
-2.86596e-01 2.76974e+00 6.52649e+02
-3.00274e-01 2.83151e+00 6.52553e+02
-3.14299e-01 2.89324e+00 6.52570e+02
-3.28669e-01 2.95491e+00 6.52690e+02
-3.43386e-01 3.01655e+00 6.52904e+02
-3.58450e-01 3.07815e+00 6.53202e+02
-3.73862e-01 3.13971e+00 6.53579e+02
-3.89622e-01 3.20124e+00 6.54027e+02
-4.05731e-01 3.26275e+00 6.54539e+02
-4.22189e-01 3.32423e+00 6.55111e+02
-4.38998e-01 3.38569e+00 6.55737e+02
-4.56158e-01 3.44714e+00 6.56412e+02
-4.73669e-01 3.50857e+00 6.57134e+02
-4.91533e-01 3.56999e+00 6.57897e+02
-5.09751e-01 3.63141e+00 6.58699e+02
-5.28324e-01 3.69282e+00 6.59537e+02
-5.47251e-01 3.75423e+00 6.60407e+02
-5.66535e-01 3.81565e+00 6.61307e+02
-5.86177e-01 3.87708e+00 6.62234e+02
-6.06177e-01 3.93852e+00 6.63188e+02
-6.26537e-01 3.99997e+00 6.64165e+02
-2.68354e-02 9.88664e-01 5.27150e+02
-2.83066e-02 1.05062e+00 5.08789e+02
-2.99635e-02 1.11252e+00 4.93989e+02
-3.18059e-02 1.17438e+00 4.82799e+02
-3.38337e-02 1.23619e+00 4.75146e+02
-3.60465e-02 1.29795e+00 4.70866e+02
-3.84443e-02 1.35968e+00 4.69740e+02
-4.10269e-02 1.42136e+00 4.71516e+02
-4.37941e-02 1.48301e+00 4.75928e+02
-4.67457e-02 1.54462e+00 4.82709e+02
-4.98817e-02 1.60619e+00 4.91605e+02
-5.32020e-02 1.66774e+00 5.02373e+02
-5.67063e-02 1.72925e+00 5.14792e+02
-6.03946e-02 1.79073e+00 5.28660e+02
-6.42669e-02 1.85219e+00 5.43796e+02
-6.83230e-02 1.91362e+00 5.60037e+02
-7.25628e-02 1.97502e+00 5.77240e+02
-7.69864e-02 2.03641e+00 5.95278e+02
-8.15937e-02 2.09777e+00 6.14041e+02
-8.63845e-02 2.15912e+00 6.33432e+02
-9.13590e-02 2.22045e+00 6.53365e+02
-9.65171e-02 2.28177e+00 6.73766e+02
-1.01859e-01 2.34307e+00 6.94570e+02
-1.07384e-01 2.40437e+00 7.15721e+02
-1.13093e-01 2.46565e+00 7.37171e+02
-1.19098e-01 2.52711e+00 6.55367e+02
-1.25394e-01 2.58872e+00 6.54789e+02
-1.31871e-01 2.65029e+00 6.54388e+02
-1.38527e-01 2.71184e+00 6.54144e+02
-1.45362e-01 2.77335e+00 6.54042e+02
-1.52378e-01 2.83484e+00 6.54069e+02
-1.59573e-01 2.89629e+00 6.54211e+02
-1.66948e-01 2.95773e+00 6.54458e+02
-1.74503e-01 3.01913e+00 6.54799e+02
-1.82238e-01 3.08052e+00 6.55226e+02
-1.90154e-01 3.14189e+00 6.55731e+02
-1.98250e-01 3.20324e+00 6.56307e+02
-2.06526e-01 3.26457e+00 6.56947e+02
-2.14984e-01 3.32589e+00 6.57646e+02
-2.23622e-01 3.38720e+00 6.58398e+02
-2.32442e-01 3.44849e+00 6.59199e+02
-2.41443e-01 3.50978e+00 6.60045e+02
-2.50626e-01 3.57106e+00 6.60931e+02
-2.59991e-01 3.63233e+00 6.61854e+02
-2.69537e-01 3.69361e+00 6.62812e+02
-2.79267e-01 3.75487e+00 6.63801e+02
-2.89178e-01 3.81614e+00 6.64818e+02
-2.99273e-01 3.87742e+00 6.65862e+02
-3.09551e-01 3.93869e+00 6.66929e+02
-3.20012e-01 3.99997e+00 6.68019e+02
-1.31066e-05 9.99995e-01 5.47250e+02
-1.38192e-05 1.06122e+00 5.26187e+02
-1.46252e-05 1.12244e+00 5.08800e+02
-1.55246e-05 1.18367e+00 4.95221e+02
-1.65175e-05 1.24489e+00 4.85427e+02
-1.76038e-05 1.30612e+00 4.79281e+02
-1.87835e-05 1.36734e+00 4.76564e+02
-2.00567e-05 1.42856e+00 4.77014e+02
-2.14233e-05 1.48979e+00 4.80344e+02
-2.28834e-05 1.55101e+00 4.86263e+02
-2.44369e-05 1.61224e+00 4.94489e+02
-2.60838e-05 1.67346e+00 5.04754e+02
-2.78242e-05 1.73468e+00 5.16812e+02
-2.96580e-05 1.79591e+00 5.30438e+02
-3.15853e-05 1.85713e+00 5.45431e+02
-3.36060e-05 1.91836e+00 5.61612e+02
-3.57201e-05 1.97958e+00 5.78822e+02
-3.79277e-05 2.04080e+00 5.96924e+02
-4.02287e-05 2.10203e+00 6.15795e+02
-4.26232e-05 2.16325e+00 6.35330e+02
-4.51111e-05 2.22448e+00 6.55436e+02
-4.76924e-05 2.28570e+00 6.76034e+02
-5.03672e-05 2.34692e+00 6.97053e+02
-5.31354e-05 2.40815e+00 7.18435e+02
-5.59971e-05 2.46937e+00 7.40127e+02
-5.90064e-05 2.53060e+00 6.55557e+02
-6.21620e-05 2.59182e+00 6.55183e+02
-6.54091e-05 2.65304e+00 6.54984e+02
-6.87477e-05 2.71427e+00 6.54942e+02
-7.21778e-05 2.77549e+00 6.55039e+02
-7.56994e-05 2.83672e+00 6.55261e+02
-7.93125e-05 2.89794e+00 6.55596e+02
-8.30171e-05 2.95916e+00 6.56032e+02
-8.68132e-05 3.02039e+00 6.56558e+02
-9.07008e-05 3.08161e+00 6.57166e+02
-9.46800e-05 3.14284e+00 6.57847e+02
-9.87506e-05 3.20406e+00 6.58595e+02
-1.02913e-04 3.26528e+00 6.59403e+02
-1.07166e-04 3.32651e+00 6.60265e+02
-1.11512e-04 3.38773e+00 6.61177e+02
-1.15948e-04 3.44896e+00 6.62133e+02
-1.20476e-04 3.51018e+00 6.63129e+02
-1.25096e-04 3.57140e+00 6.64163e+02
-1.29807e-04 3.63263e+00 6.65229e+02
-1.34610e-04 3.69385e+00 6.66327e+02
-1.39504e-04 3.75507e+00 6.67451e+02
-1.44490e-04 3.81630e+00 6.68601e+02
-1.49567e-04 3.87752e+00 6.69774e+02
-1.54736e-04 3.93875e+00 6.70968e+02
-1.59996e-04 3.99997e+00 6.72181e+02
