-1.00000e+00 0.00000e+00 5.47261e+02
-1.06122e+00 0.00000e+00 5.26196e+02
-1.12245e+00 0.00000e+00 5.08807e+02
-1.18367e+00 0.00000e+00 4.95227e+02
-1.24490e+00 0.00000e+00 4.85433e+02
-1.30612e+00 0.00000e+00 4.79285e+02
-1.36734e+00 0.00000e+00 4.76568e+02
-1.42857e+00 0.00000e+00 4.77017e+02
-1.48979e+00 0.00000e+00 4.80347e+02
-1.55101e+00 0.00000e+00 4.86265e+02
-1.61224e+00 0.00000e+00 4.94491e+02
-1.67346e+00 0.00000e+00 5.04755e+02
-1.73469e+00 0.00000e+00 5.16813e+02
-1.79591e+00 0.00000e+00 5.30439e+02
-1.85713e+00 0.00000e+00 5.45432e+02
-1.91836e+00 0.00000e+00 5.61612e+02
-1.97958e+00 0.00000e+00 5.78823e+02
-2.04081e+00 0.00000e+00 5.96925e+02
-2.10203e+00 0.00000e+00 6.15796e+02
-2.16325e+00 0.00000e+00 6.35331e+02
-2.22448e+00 0.00000e+00 6.55437e+02
-2.28570e+00 0.00000e+00 6.76034e+02
-2.34693e+00 0.00000e+00 6.97054e+02
-2.40815e+00 0.00000e+00 7.18436e+02
-2.46937e+00 0.00000e+00 7.40129e+02
-2.53060e+00 0.00000e+00 6.55557e+02
-2.59182e+00 0.00000e+00 6.55183e+02
-2.65304e+00 0.00000e+00 6.54984e+02
-2.71427e+00 0.00000e+00 6.54942e+02
-2.77549e+00 0.00000e+00 6.55039e+02
-2.83672e+00 0.00000e+00 6.55262e+02
-2.89794e+00 0.00000e+00 6.55597e+02
-2.95916e+00 0.00000e+00 6.56032e+02
-3.02039e+00 0.00000e+00 6.56559e+02
-3.08161e+00 0.00000e+00 6.57166e+02
-3.14284e+00 0.00000e+00 6.57848e+02
-3.20406e+00 0.00000e+00 6.58596e+02
-3.26528e+00 0.00000e+00 6.59404e+02
-3.32651e+00 0.00000e+00 6.60266e+02
-3.38773e+00 0.00000e+00 6.61178e+02
-3.44896e+00 0.00000e+00 6.62134e+02
-3.51018e+00 0.00000e+00 6.63131e+02
-3.57140e+00 0.00000e+00 6.64164e+02
-3.63263e+00 0.00000e+00 6.65231e+02
-3.69385e+00 0.00000e+00 6.66328e+02
-3.75507e+00 0.00000e+00 6.67453e+02
-3.81630e+00 0.00000e+00 6.68603e+02
-3.87752e+00 0.00000e+00 6.69776e+02
-3.93875e+00 0.00000e+00 6.70970e+02
-3.99997e+00 0.00000e+00 6.72184e+02
-9.88670e-01 2.68222e-02 5.27160e+02
-1.05062e+00 2.82927e-02 5.08797e+02
-1.11253e+00 2.99488e-02 4.93996e+02
-1.17438e+00 3.17903e-02 4.82805e+02
-1.23619e+00 3.38170e-02 4.75150e+02
-1.29796e+00 3.60288e-02 4.70870e+02
-1.35968e+00 3.84254e-02 4.69743e+02
-1.42137e+00 4.10068e-02 4.71519e+02
-1.48301e+00 4.37726e-02 4.75930e+02
-1.54462e+00 4.67228e-02 4.82711e+02
-1.60620e+00 4.98573e-02 4.91606e+02
-1.66774e+00 5.31759e-02 5.02374e+02
-1.72925e+00 5.66786e-02 5.14793e+02
-1.79073e+00 6.03651e-02 5.28661e+02
-1.85219e+00 6.42355e-02 5.43796e+02
-1.91362e+00 6.82896e-02 5.60037e+02
-1.97503e+00 7.25275e-02 5.77240e+02
-2.03641e+00 7.69489e-02 5.95279e+02
-2.09778e+00 8.15540e-02 6.14042e+02
-2.15912e+00 8.63426e-02 6.33433e+02
-2.22045e+00 9.13147e-02 6.53366e+02
-2.28177e+00 9.64703e-02 6.73767e+02
-2.34307e+00 1.01809e-01 6.94571e+02
-2.40437e+00 1.07332e-01 7.15723e+02
-2.46565e+00 1.13038e-01 7.37172e+02
-2.52711e+00 1.19040e-01 6.55367e+02
-2.58872e+00 1.25334e-01 6.54790e+02
-2.65030e+00 1.31807e-01 6.54388e+02
-2.71184e+00 1.38460e-01 6.54144e+02
-2.77335e+00 1.45292e-01 6.54043e+02
-2.83484e+00 1.52304e-01 6.54069e+02
-2.89629e+00 1.59496e-01 6.54211e+02
-2.95773e+00 1.66867e-01 6.54458e+02
-3.01914e+00 1.74419e-01 6.54800e+02
-3.08052e+00 1.82150e-01 6.55227e+02
-3.14189e+00 1.90062e-01 6.55732e+02
-3.20324e+00 1.98154e-01 6.56308e+02
-3.26457e+00 2.06427e-01 6.56949e+02
-3.32589e+00 2.14880e-01 6.57648e+02
-3.38720e+00 2.23515e-01 6.58400e+02
-3.44849e+00 2.32330e-01 6.59201e+02
-3.50978e+00 2.41327e-01 6.60046e+02
-3.57106e+00 2.50506e-01 6.60933e+02
-3.63234e+00 2.59866e-01 6.61856e+02
-3.69361e+00 2.69408e-01 6.62814e+02
-3.75488e+00 2.79133e-01 6.63802e+02
-3.81614e+00 2.89040e-01 6.64820e+02
-3.87742e+00 2.99129e-01 6.65863e+02
-3.93869e+00 3.09402e-01 6.66931e+02
-3.99997e+00 3.19858e-01 6.68021e+02
-9.76839e-01 5.37697e-02 5.08869e+02
-1.03943e+00 5.67435e-02 4.93090e+02
-1.10192e+00 6.00782e-02 4.80727e+02
-1.16433e+00 6.37728e-02 4.71760e+02
-1.22664e+00 6.78267e-02 4.66075e+02
-1.28887e+00 7.22390e-02 4.63494e+02
-1.35103e+00 7.70092e-02 4.63799e+02
-1.41310e+00 8.21365e-02 4.66750e+02
-1.47511e+00 8.76205e-02 4.72102e+02
-1.53704e+00 9.34605e-02 4.79613e+02
-1.59891e+00 9.96562e-02 4.89052e+02
-1.66072e+00 1.06207e-01 5.00205e+02
-1.72248e+00 1.13112e-01 5.12871e+02
-1.78418e+00 1.20372e-01 5.26871e+02
-1.84583e+00 1.27986e-01 5.42042e+02
-1.90743e+00 1.35953e-01 5.58240e+02
-1.96899e+00 1.44274e-01 5.75335e+02
-2.03052e+00 1.52948e-01 5.93212e+02
-2.09201e+00 1.61976e-01 6.11773e+02
-2.15346e+00 1.71356e-01 6.30927e+02
-2.21489e+00 1.81089e-01 6.50597e+02
-2.27630e+00 1.91175e-01 6.70714e+02
-2.33768e+00 2.01614e-01 6.91220e+02
-2.39905e+00 2.12406e-01 7.12062e+02
-2.46040e+00 2.23551e-01 7.33194e+02
-2.52210e+00 2.35275e-01 6.54423e+02
-2.58410e+00 2.47571e-01 6.53742e+02
-2.64604e+00 2.60212e-01 6.53231e+02
-2.70792e+00 2.73197e-01 6.52871e+02
-2.76974e+00 2.86528e-01 6.52650e+02
-2.83151e+00 3.00203e-01 6.52554e+02
-2.89324e+00 3.14224e-01 6.52571e+02
-2.95491e+00 3.28591e-01 6.52691e+02
-3.01655e+00 3.43305e-01 6.52905e+02
-3.07815e+00 3.58365e-01 6.53203e+02
-3.13971e+00 3.73773e-01 6.53580e+02
-3.20124e+00 3.89530e-01 6.54028e+02
-3.26275e+00 4.05635e-01 6.54540e+02
-3.32423e+00 4.22089e-01 6.55112e+02
-3.38569e+00 4.38894e-01 6.55738e+02
-3.44714e+00 4.56050e-01 6.56414e+02
-3.50857e+00 4.73558e-01 6.57135e+02
-3.56999e+00 4.91418e-01 6.57899e+02
-3.63141e+00 5.09631e-01 6.58701e+02
-3.69282e+00 5.28199e-01 6.59538e+02
-3.75423e+00 5.47123e-01 6.60408e+02
-3.81565e+00 5.66402e-01 6.61308e+02
-3.87708e+00 5.86039e-01 6.62236e+02
-3.93852e+00 6.06035e-01 6.63190e+02
-3.99997e+00 6.26390e-01 6.64166e+02
-9.64506e-01 8.08060e-02 4.92423e+02
-1.02764e+00 8.53166e-02 4.79107e+02
-1.09063e+00 9.03521e-02 4.69031e+02
-1.15349e+00 9.59109e-02 4.62122e+02
-1.21623e+00 1.01991e-01 4.58236e+02
-1.27885e+00 1.08592e-01 4.57188e+02
-1.34136e+00 1.15711e-01 4.58764e+02
-1.40375e+00 1.23347e-01 4.62739e+02
-1.46605e+00 1.31500e-01 4.68888e+02
-1.52825e+00 1.40167e-01 4.76994e+02
-1.59037e+00 1.49348e-01 4.86851e+02
-1.65240e+00 1.59042e-01 4.98267e+02
-1.71435e+00 1.69248e-01 5.11065e+02
-1.77622e+00 1.79966e-01 5.25086e+02
-1.83803e+00 1.91194e-01 5.40186e+02
-1.89978e+00 2.02932e-01 5.56236e+02
-1.96147e+00 2.15180e-01 5.73122e+02
-2.02311e+00 2.27937e-01 5.90741e+02
-2.08470e+00 2.41202e-01 6.09003e+02
-2.14626e+00 2.54976e-01 6.27828e+02
-2.20777e+00 2.69259e-01 6.47147e+02
-2.26926e+00 2.84050e-01 6.66896e+02
-2.33073e+00 2.99349e-01 6.87021e+02
-2.39217e+00 3.15157e-01 7.07474e+02
-2.45360e+00 3.31473e-01 7.28213e+02
-2.51555e+00 3.48641e-01 6.52744e+02
-2.57795e+00 3.66650e-01 6.52057e+02
-2.64026e+00 3.85154e-01 6.51526e+02
-2.70250e+00 4.04153e-01 6.51136e+02
-2.76465e+00 4.23649e-01 6.50873e+02
-2.82674e+00 4.43641e-01 6.50726e+02
-2.88876e+00 4.64132e-01 6.50684e+02
-2.95072e+00 4.85122e-01 6.50739e+02
-3.01263e+00 5.06611e-01 6.50881e+02
-3.07449e+00 5.28601e-01 6.51104e+02
-3.13630e+00 5.51094e-01 6.51400e+02
-3.19807e+00 5.74090e-01 6.51763e+02
-3.25981e+00 5.97591e-01 6.52187e+02
-3.32152e+00 6.21598e-01 6.52668e+02
-3.38321e+00 6.46113e-01 6.53201e+02
-3.44488e+00 6.71138e-01 6.53782e+02
-3.50654e+00 6.96674e-01 6.54406e+02
-3.56819e+00 7.22722e-01 6.55070e+02
-3.62984e+00 7.49286e-01 6.55772e+02
-3.69149e+00 7.76366e-01 6.56508e+02
-3.75315e+00 8.03965e-01 6.57276e+02
-3.81482e+00 8.32085e-01 6.58073e+02
-3.87651e+00 8.60729e-01 6.58897e+02
-3.93823e+00 8.89897e-01 6.59746e+02
-3.99997e+00 9.19594e-01 6.60618e+02
-9.51675e-01 1.07893e-01 4.77872e+02
-1.01524e+00 1.13974e-01 4.66888e+02
-1.07864e+00 1.20733e-01 4.58943e+02
-1.14187e+00 1.28166e-01 4.53922e+02
-1.20495e+00 1.36271e-01 4.51664e+02
-1.26787e+00 1.45046e-01 4.51979e+02
-1.33066e+00 1.54488e-01 4.54663e+02
-1.39331e+00 1.64595e-01 4.59507e+02
-1.45583e+00 1.75364e-01 4.66310e+02
-1.51824e+00 1.86794e-01 4.74875e+02
-1.58054e+00 1.98883e-01 4.85020e+02
-1.64274e+00 2.11630e-01 4.96577e+02
-1.70484e+00 2.25033e-01 5.09391e+02
-1.76685e+00 2.39091e-01 5.23323e+02
-1.82878e+00 2.53803e-01 5.38245e+02
-1.89064e+00 2.69167e-01 5.54045e+02
-1.95243e+00 2.85184e-01 5.70622e+02
-2.01417e+00 3.01852e-01 5.87886e+02
-2.07585e+00 3.19170e-01 6.05757e+02
-2.13749e+00 3.37139e-01 6.24163e+02
-2.19909e+00 3.55759e-01 6.43042e+02
-2.26066e+00 3.75029e-01 6.62339e+02
-2.32220e+00 3.94949e-01 6.82003e+02
-2.38373e+00 4.15519e-01 7.01991e+02
-2.44525e+00 4.36741e-01 7.22265e+02
-2.50745e+00 4.59075e-01 6.50359e+02
-2.57026e+00 4.82508e-01 6.49760e+02
-2.63296e+00 5.06572e-01 6.49296e+02
-2.69557e+00 5.31269e-01 6.48956e+02
-2.75808e+00 5.56600e-01 6.48726e+02
-2.82051e+00 5.82566e-01 6.48599e+02
-2.88286e+00 6.09169e-01 6.48564e+02
-2.94515e+00 6.36411e-01 6.48614e+02
-3.00737e+00 6.64293e-01 6.48741e+02
-3.06953e+00 6.92817e-01 6.48938e+02
-3.13165e+00 7.21986e-01 6.49201e+02
-3.19372e+00 7.51801e-01 6.49522e+02
-3.25576e+00 7.82265e-01 6.49898e+02
-3.31777e+00 8.13380e-01 6.50324e+02
-3.37976e+00 8.45149e-01 6.50795e+02
-3.44173e+00 8.77574e-01 6.51309e+02
-3.50370e+00 9.10659e-01 6.51862e+02
-3.56566e+00 9.44407e-01 6.52451e+02
-3.62763e+00 9.78819e-01 6.53072e+02
-3.68962e+00 1.01390e+00 6.53725e+02
-3.75162e+00 1.04966e+00 6.54405e+02
-3.81365e+00 1.08609e+00 6.55111e+02
-3.87572e+00 1.12320e+00 6.55842e+02
-3.93782e+00 1.16099e+00 6.56595e+02
-3.99997e+00 1.19947e+00 6.57368e+02
-9.38348e-01 1.34990e-01 4.65280e+02
-1.00225e+00 1.42675e-01 4.56487e+02
-1.06595e+00 1.51180e-01 4.50507e+02
-1.12946e+00 1.60498e-01 4.47198e+02
-1.19278e+00 1.70626e-01 4.46388e+02
-1.25593e+00 1.81560e-01 4.47892e+02
-1.31892e+00 1.93297e-01 4.51518e+02
-1.38175e+00 2.05834e-01 4.57075e+02
-1.44444e+00 2.19167e-01 4.64383e+02
-1.50699e+00 2.33294e-01 4.73269e+02
-1.56942e+00 2.48212e-01 4.83573e+02
-1.63173e+00 2.63919e-01 4.95150e+02
-1.69394e+00 2.80412e-01 5.07865e+02
-1.75604e+00 2.97692e-01 5.21597e+02
-1.81806e+00 3.15754e-01 5.36236e+02
-1.88000e+00 3.34599e-01 5.51685e+02
-1.94187e+00 3.54225e-01 5.67856e+02
-2.00368e+00 3.74632e-01 5.84671e+02
-2.06544e+00 3.95818e-01 6.02060e+02
-2.12715e+00 4.17782e-01 6.19960e+02
-2.18882e+00 4.40526e-01 6.38317e+02
-2.25047e+00 4.64049e-01 6.57080e+02
-2.31210e+00 4.88350e-01 6.76206e+02
-2.37372e+00 5.13431e-01 6.95657e+02
-2.43534e+00 5.39292e-01 7.15397e+02
-2.49781e+00 5.66517e-01 6.47308e+02
-2.56103e+00 5.95085e-01 6.46883e+02
-2.62413e+00 6.24408e-01 6.46569e+02
-2.68712e+00 6.54488e-01 6.46355e+02
-2.75002e+00 6.85326e-01 6.46231e+02
-2.81282e+00 7.16925e-01 6.46191e+02
-2.87554e+00 7.49286e-01 6.46225e+02
-2.93818e+00 7.82413e-01 6.46328e+02
-3.00076e+00 8.16308e-01 6.46494e+02
-3.06328e+00 8.50973e-01 6.46716e+02
-3.12575e+00 8.86413e-01 6.46990e+02
-3.18818e+00 9.22630e-01 6.47312e+02
-3.25058e+00 9.59627e-01 6.47677e+02
-3.31296e+00 9.97408e-01 6.48082e+02
-3.37532e+00 1.03598e+00 6.48523e+02
-3.43768e+00 1.07534e+00 6.48998e+02
-3.50004e+00 1.11550e+00 6.49504e+02
-3.56240e+00 1.15646e+00 6.50038e+02
-3.62479e+00 1.19822e+00 6.50598e+02
-3.68720e+00 1.24080e+00 6.51182e+02
-3.74965e+00 1.28419e+00 6.51788e+02
-3.81215e+00 1.32840e+00 6.52414e+02
-3.87469e+00 1.37344e+00 6.53059e+02
-3.93730e+00 1.41931e+00 6.53721e+02
-3.99997e+00 1.46602e+00 6.54398e+02
-9.24531e-01 1.62054e-01 4.54728e+02
-9.88663e-01 1.71380e-01 4.47964e+02
-1.05256e+00 1.81652e-01 4.43769e+02
-1.11625e+00 1.92864e-01 4.41985e+02
-1.17973e+00 2.05012e-01 4.42438e+02
-1.24302e+00 2.18090e-01 4.44951e+02
-1.30613e+00 2.32093e-01 4.49347e+02
-1.36907e+00 2.47018e-01 4.55457e+02
-1.43185e+00 2.62860e-01 4.63121e+02
-1.49448e+00 2.79615e-01 4.72188e+02
-1.55698e+00 2.97281e-01 4.82522e+02
-1.61936e+00 3.15854e-01 4.93997e+02
-1.68163e+00 3.35331e-01 5.06498e+02
-1.74379e+00 3.55711e-01 5.19922e+02
-1.80586e+00 3.76991e-01 5.34176e+02
-1.86785e+00 3.99169e-01 5.49176e+02
-1.92977e+00 4.22244e-01 5.64848e+02
-1.99163e+00 4.46216e-01 5.81124e+02
-2.05345e+00 4.71082e-01 5.97945e+02
-2.11522e+00 4.96843e-01 6.15256e+02
-2.17696e+00 5.23498e-01 6.33010e+02
-2.23869e+00 5.51048e-01 6.51164e+02
-2.30041e+00 5.79492e-01 6.69680e+02
-2.36212e+00 6.08831e-01 6.88523e+02
-2.42385e+00 6.39067e-01 7.07663e+02
-2.48659e+00 6.70906e-01 6.43634e+02
-2.55024e+00 7.04323e-01 6.43465e+02
-2.61376e+00 7.38606e-01 6.43376e+02
-2.67716e+00 7.73756e-01 6.43361e+02
-2.74046e+00 8.09775e-01 6.43412e+02
-2.80366e+00 8.46667e-01 6.43522e+02
-2.86678e+00 8.84435e-01 6.43685e+02
-2.92982e+00 9.23083e-01 6.43896e+02
-2.99280e+00 9.62613e-01 6.44151e+02
-3.05573e+00 1.00303e+00 6.44445e+02
-3.11861e+00 1.04434e+00 6.44774e+02
-3.18146e+00 1.08654e+00 6.45135e+02
-3.24429e+00 1.12965e+00 6.45526e+02
-3.30710e+00 1.17366e+00 6.45943e+02
-3.36991e+00 1.21858e+00 6.46383e+02
-3.43273e+00 1.26442e+00 6.46845e+02
-3.49556e+00 1.31118e+00 6.47326e+02
-3.55842e+00 1.35886e+00 6.47825e+02
-3.62131e+00 1.40748e+00 6.48340e+02
-3.68425e+00 1.45705e+00 6.48869e+02
-3.74724e+00 1.50756e+00 6.49411e+02
-3.81030e+00 1.55903e+00 6.49964e+02
-3.87343e+00 1.61146e+00 6.50528e+02
-3.93665e+00 1.66486e+00 6.51102e+02
-3.99997e+00 1.71924e+00 6.51684e+02
-9.10232e-01 1.89044e-01 4.46312e+02
-9.74477e-01 2.00044e-01 4.41393e+02
-1.03848e+00 2.12106e-01 4.38785e+02
-1.10224e+00 2.25221e-01 4.38325e+02
-1.16579e+00 2.39385e-01 4.39844e+02
-1.22913e+00 2.54590e-01 4.43177e+02
-1.29228e+00 2.70829e-01 4.48168e+02
-1.35525e+00 2.88099e-01 4.54665e+02
-1.41805e+00 3.06393e-01 4.62532e+02
-1.48071e+00 3.25708e-01 4.71641e+02
-1.54323e+00 3.46038e-01 4.81874e+02
-1.60562e+00 3.67381e-01 4.93126e+02
-1.66790e+00 3.89734e-01 5.05300e+02
-1.73007e+00 4.13092e-01 5.18311e+02
-1.79216e+00 4.37454e-01 5.32080e+02
-1.85417e+00 4.62817e-01 5.46538e+02
-1.91612e+00 4.89181e-01 5.61621e+02
-1.97802e+00 5.16543e-01 5.77273e+02
-2.03987e+00 5.44902e-01 5.93444e+02
-2.10170e+00 5.74259e-01 6.10089e+02
-2.16350e+00 6.04613e-01 6.27166e+02
-2.22531e+00 6.35964e-01 6.44639e+02
-2.28711e+00 6.68312e-01 6.62477e+02
-2.34893e+00 7.01659e-01 6.80648e+02
-2.41078e+00 7.36005e-01 6.99128e+02
-2.47381e+00 7.72185e-01 6.39389e+02
-2.53789e+00 8.10167e-01 6.39549e+02
-2.60184e+00 8.49111e-01 6.39757e+02
-2.66567e+00 8.89019e-01 6.40008e+02
-2.72940e+00 9.29896e-01 6.40295e+02
-2.79303e+00 9.71746e-01 6.40614e+02
-2.85658e+00 1.01457e+00 6.40960e+02
-2.92007e+00 1.05838e+00 6.41331e+02
-2.98350e+00 1.10317e+00 6.41723e+02
-3.04688e+00 1.14895e+00 6.42133e+02
-3.11023e+00 1.19573e+00 6.42558e+02
-3.17356e+00 1.24351e+00 6.42996e+02
-3.23688e+00 1.29230e+00 6.43445e+02
-3.30019e+00 1.34211e+00 6.43904e+02
-3.36352e+00 1.39293e+00 6.44370e+02
-3.42688e+00 1.44479e+00 6.44842e+02
-3.49026e+00 1.49768e+00 6.45318e+02
-3.55370e+00 1.55161e+00 6.45799e+02
-3.61719e+00 1.60660e+00 6.46282e+02
-3.68075e+00 1.66265e+00 6.46766e+02
-3.74439e+00 1.71977e+00 6.47252e+02
-3.80812e+00 1.77796e+00 6.47737e+02
-3.87195e+00 1.83725e+00 6.48222e+02
-3.93590e+00 1.89764e+00 6.48706e+02
-3.99997e+00 1.95914e+00 6.49188e+02
-8.95458e-01 2.15913e-01 4.40145e+02
-9.59703e-01 2.28623e-01 4.36857e+02
-1.02369e+00 2.42496e-01 4.35616e+02
-1.08743e+00 2.57525e-01 4.36261e+02
-1.15095e+00 2.73699e-01 4.38635e+02
-1.21425e+00 2.91013e-01 4.42592e+02
-1.27736e+00 3.09458e-01 4.47993e+02
-1.34029e+00 3.29028e-01 4.54709e+02
-1.40305e+00 3.49717e-01 4.62624e+02
-1.46566e+00 3.71520e-01 4.71631e+02
-1.52814e+00 3.94432e-01 4.81633e+02
-1.59049e+00 4.18448e-01 4.92542e+02
-1.65273e+00 4.43564e-01 5.04280e+02
-1.71488e+00 4.69778e-01 5.16776e+02
-1.77696e+00 4.97086e-01 5.29965e+02
-1.83896e+00 5.25485e-01 5.43790e+02
-1.90091e+00 5.54975e-01 5.58200e+02
-1.96282e+00 5.85553e-01 5.73149e+02
-2.02470e+00 6.17218e-01 5.88594e+02
-2.08657e+00 6.49971e-01 6.04500e+02
-2.14843e+00 6.83810e-01 6.20831e+02
-2.21031e+00 7.18737e-01 6.37559e+02
-2.27221e+00 7.54751e-01 6.54655e+02
-2.33415e+00 7.91855e-01 6.72097e+02
-2.39613e+00 8.30049e-01 6.89861e+02
-2.45946e+00 8.70297e-01 6.34627e+02
-2.52397e+00 9.12560e-01 6.35184e+02
-2.58837e+00 9.55869e-01 6.35752e+02
-2.65265e+00 1.00023e+00 6.36328e+02
-2.71683e+00 1.04564e+00 6.36909e+02
-2.78093e+00 1.09211e+00 6.37490e+02
-2.84495e+00 1.13965e+00 6.38071e+02
-2.90892e+00 1.18826e+00 6.38649e+02
-2.97284e+00 1.23794e+00 6.39221e+02
-3.03673e+00 1.28870e+00 6.39787e+02
-3.10060e+00 1.34056e+00 6.40345e+02
-3.16447e+00 1.39351e+00 6.40893e+02
-3.22834e+00 1.44756e+00 6.41431e+02
-3.29223e+00 1.50273e+00 6.41958e+02
-3.35616e+00 1.55901e+00 6.42473e+02
-3.42012e+00 1.61643e+00 6.42976e+02
-3.48415e+00 1.67499e+00 6.43465e+02
-3.54825e+00 1.73469e+00 6.43941e+02
-3.61243e+00 1.79556e+00 6.44402e+02
-3.67670e+00 1.85759e+00 6.44850e+02
-3.74109e+00 1.92080e+00 6.45283e+02
-3.80559e+00 1.98521e+00 6.45700e+02
-3.87023e+00 2.05082e+00 6.46103e+02
-3.93502e+00 2.11765e+00 6.46491e+02
-3.99997e+00 2.18570e+00 6.46864e+02
-8.80221e-01 2.42615e-01 4.36356e+02
-9.44345e-01 2.57070e-01 4.34451e+02
-1.00821e+00 2.72778e-01 4.34328e+02
-1.07182e+00 2.89727e-01 4.35839e+02
-1.13521e+00 3.07908e-01 4.38844e+02
-1.19839e+00 3.27312e-01 4.43215e+02
-1.26137e+00 3.47930e-01 4.48834e+02
-1.32418e+00 3.69755e-01 4.55594e+02
-1.38682e+00 3.92780e-01 4.63399e+02
-1.44933e+00 4.17000e-01 4.72161e+02
-1.51170e+00 4.42407e-01 4.81802e+02
-1.57397e+00 4.68998e-01 4.92250e+02
-1.63613e+00 4.96768e-01 5.03444e+02
-1.69822e+00 5.25712e-01 5.15325e+02
-1.76023e+00 5.55829e-01 5.27842e+02
-1.82220e+00 5.87115e-01 5.40951e+02
-1.88413e+00 6.19568e-01 5.54609e+02
-1.94603e+00 6.53187e-01 5.68780e+02
-2.00793e+00 6.87971e-01 5.83430e+02
-2.06983e+00 7.23918e-01 5.98531e+02
-2.13175e+00 7.61031e-01 6.14054e+02
-2.19370e+00 7.99308e-01 6.29976e+02
-2.25570e+00 8.38751e-01 6.46276e+02
-2.31776e+00 8.79363e-01 6.62934e+02
-2.37989e+00 9.21144e-01 6.79932e+02
-2.44352e+00 9.65187e-01 6.29404e+02
-2.50849e+00 1.01145e+00 6.30418e+02
-2.57334e+00 1.05883e+00 6.31403e+02
-2.63809e+00 1.10733e+00 6.32359e+02
-2.70275e+00 1.15696e+00 6.33284e+02
-2.76734e+00 1.20772e+00 6.34176e+02
-2.83188e+00 1.25963e+00 6.35036e+02
-2.89637e+00 1.31268e+00 6.35862e+02
-2.96083e+00 1.36688e+00 6.36654e+02
-3.02528e+00 1.42225e+00 6.37412e+02
-3.08973e+00 1.47878e+00 6.38135e+02
-3.15419e+00 1.53650e+00 6.38824e+02
-3.21868e+00 1.59540e+00 6.39477e+02
-3.28322e+00 1.65550e+00 6.40096e+02
-3.34781e+00 1.71681e+00 6.40680e+02
-3.41247e+00 1.77934e+00 6.41230e+02
-3.47722e+00 1.84309e+00 6.41745e+02
-3.54207e+00 1.90809e+00 6.42226e+02
-3.60703e+00 1.97435e+00 6.42673e+02
-3.67212e+00 2.04187e+00 6.43085e+02
-3.73735e+00 2.11066e+00 6.43465e+02
-3.80273e+00 2.18076e+00 6.43811e+02
-3.86829e+00 2.25216e+00 6.44124e+02
-3.93403e+00 2.32488e+00 6.44404e+02
-3.99997e+00 2.39895e+00 6.44652e+02
-8.64533e-01 2.69102e-01 4.35091e+02
-9.28415e-01 2.85340e-01 4.34278e+02
-9.92037e-01 3.02903e-01 4.34994e+02
-1.05542e+00 3.21781e-01 4.37108e+02
-1.11858e+00 3.41963e-01 4.40501e+02
-1.18154e+00 3.63437e-01 4.45064e+02
-1.24431e+00 3.86195e-01 4.50701e+02
-1.30692e+00 4.10229e-01 4.57325e+02
-1.36938e+00 4.35531e-01 4.64858e+02
-1.43171e+00 4.62093e-01 4.73230e+02
-1.49393e+00 4.89910e-01 4.82379e+02
-1.55605e+00 5.18977e-01 4.92251e+02
-1.61809e+00 5.49287e-01 5.02795e+02
-1.68006e+00 5.80838e-01 5.13966e+02
-1.74199e+00 6.13626e-01 5.25726e+02
-1.80389e+00 6.47648e-01 5.38038e+02
-1.86577e+00 6.82902e-01 5.50871e+02
-1.92765e+00 7.19386e-01 5.64196e+02
-1.98955e+00 7.57101e-01 5.77988e+02
-2.05147e+00 7.96044e-01 5.92223e+02
-2.11344e+00 8.36217e-01 6.06882e+02
-2.17547e+00 8.77621e-01 6.21946e+02
-2.23757e+00 9.20257e-01 6.37399e+02
-2.29976e+00 9.64127e-01 6.53226e+02
-2.36206e+00 1.00923e+00 6.69413e+02
-2.42601e+00 1.05680e+00 6.23781e+02
-2.49144e+00 1.10679e+00 6.25303e+02
-2.55676e+00 1.15794e+00 6.26754e+02
-2.62200e+00 1.21028e+00 6.28137e+02
-2.68717e+00 1.26381e+00 6.29450e+02
-2.75228e+00 1.31854e+00 6.30695e+02
-2.81736e+00 1.37447e+00 6.31873e+02
-2.88241e+00 1.43161e+00 6.32985e+02
-2.94746e+00 1.48997e+00 6.34030e+02
-3.01252e+00 1.54956e+00 6.35011e+02
-3.07760e+00 1.61038e+00 6.35928e+02
-3.14272e+00 1.67246e+00 6.36782e+02
-3.20790e+00 1.73580e+00 6.37573e+02
-3.27315e+00 1.80041e+00 6.38303e+02
-3.33848e+00 1.86630e+00 6.38972e+02
-3.40392e+00 1.93349e+00 6.39581e+02
-3.46947e+00 2.00199e+00 6.40131e+02
-3.53516e+00 2.07181e+00 6.40622e+02
-3.60099e+00 2.14296e+00 6.41055e+02
-3.66699e+00 2.21547e+00 6.41432e+02
-3.73316e+00 2.28935e+00 6.41751e+02
-3.79953e+00 2.36461e+00 6.42015e+02
-3.86611e+00 2.44127e+00 6.42224e+02
-3.93292e+00 2.51935e+00 6.42377e+02
-3.99997e+00 2.59886e+00 6.42477e+02
-8.48410e-01 2.95326e-01 4.36517e+02
-9.11923e-01 3.13382e-01 4.36454e+02
-9.75188e-01 3.32824e-01 4.37692e+02
-1.03823e+00 3.53639e-01 4.40120e+02
-1.10106e+00 3.75814e-01 4.43638e+02
-1.16370e+00 3.99339e-01 4.48158e+02
-1.22618e+00 4.24204e-01 4.53603e+02
-1.28851e+00 4.50399e-01 4.59903e+02
-1.35071e+00 4.77916e-01 4.66999e+02
-1.41280e+00 5.06748e-01 4.74835e+02
-1.47480e+00 5.36887e-01 4.83364e+02
-1.53673e+00 5.68329e-01 4.92543e+02
-1.59859e+00 6.01068e-01 5.02335e+02
-1.66042e+00 6.35100e-01 5.12706e+02
-1.72223e+00 6.70421e-01 5.23625e+02
-1.78403e+00 7.07028e-01 5.35067e+02
-1.84584e+00 7.44920e-01 5.47007e+02
-1.90767e+00 7.84094e-01 5.59424e+02
-1.96955e+00 8.24551e-01 5.72300e+02
-2.03149e+00 8.66290e-01 5.85617e+02
-2.09351e+00 9.09313e-01 5.99362e+02
-2.15561e+00 9.53619e-01 6.13521e+02
-2.21782e+00 9.99212e-01 6.28083e+02
-2.28016e+00 1.04609e+00 6.43037e+02
-2.34263e+00 1.09427e+00 6.58376e+02
-2.40691e+00 1.14510e+00 6.17813e+02
-2.47281e+00 1.19852e+00 6.19888e+02
-2.53862e+00 1.25316e+00 6.21849e+02
-2.60437e+00 1.30904e+00 6.23697e+02
-2.67007e+00 1.36615e+00 6.25437e+02
-2.73574e+00 1.42451e+00 6.27071e+02
-2.80140e+00 1.48413e+00 6.28600e+02
-2.86706e+00 1.54501e+00 6.30028e+02
-2.93274e+00 1.60716e+00 6.31356e+02
-2.99845e+00 1.67060e+00 6.32586e+02
-3.06422e+00 1.73533e+00 6.33719e+02
-3.13006e+00 1.80137e+00 6.34759e+02
-3.19599e+00 1.86873e+00 6.35705e+02
-3.26202e+00 1.93743e+00 6.36560e+02
-3.32817e+00 2.00747e+00 6.37325e+02
-3.39446e+00 2.07887e+00 6.38000e+02
-3.46090e+00 2.15165e+00 6.38588e+02
-3.52751e+00 2.22582e+00 6.39090e+02
-3.59431e+00 2.30140e+00 6.39506e+02
-3.66131e+00 2.37841e+00 6.39836e+02
-3.72854e+00 2.45685e+00 6.40083e+02
-3.79600e+00 2.53676e+00 6.40247e+02
-3.86371e+00 2.61815e+00 6.40327e+02
-3.93169e+00 2.70104e+00 6.40326e+02
-3.99997e+00 2.78544e+00 6.40243e+02
-8.31866e-01 3.21239e-01 4.40813e+02
-8.94883e-01 3.41150e-01 4.41103e+02
-9.57672e-01 3.62491e-01 4.42506e+02
-1.02025e+00 3.85250e-01 4.44927e+02
-1.08265e+00 4.09413e-01 4.48286e+02
-1.14489e+00 4.34968e-01 4.52513e+02
-1.20698e+00 4.61904e-01 4.57545e+02
-1.26896e+00 4.90212e-01 4.63330e+02
-1.33082e+00 5.19883e-01 4.69819e+02
-1.39261e+00 5.50910e-01 4.76972e+02
-1.45433e+00 5.83284e-01 4.84752e+02
-1.51600e+00 6.17001e-01 4.93126e+02
-1.57765e+00 6.52055e-01 5.02067e+02
-1.63929e+00 6.88441e-01 5.11549e+02
-1.70093e+00 7.26156e-01 5.21551e+02
-1.76261e+00 7.65198e-01 5.32052e+02
-1.82432e+00 8.05564e-01 5.43037e+02
-1.88610e+00 8.47254e-01 5.54490e+02
-1.94795e+00 8.90267e-01 5.66399e+02
-2.00989e+00 9.34603e-01 5.78751e+02
-2.07195e+00 9.80263e-01 5.91538e+02
-2.13413e+00 1.02725e+00 6.04751e+02
-2.19646e+00 1.07557e+00 6.18384e+02
-2.25894e+00 1.12521e+00 6.32430e+02
-2.32160e+00 1.17620e+00 6.46886e+02
-2.38622e+00 1.23002e+00 6.11559e+02
-2.45260e+00 1.28660e+00 6.14224e+02
-2.51892e+00 1.34444e+00 6.16728e+02
-2.58520e+00 1.40355e+00 6.19077e+02
-2.65146e+00 1.46394e+00 6.21274e+02
-2.71772e+00 1.52561e+00 6.23325e+02
-2.78399e+00 1.58857e+00 6.25233e+02
-2.85029e+00 1.65284e+00 6.27002e+02
-2.91665e+00 1.71843e+00 6.28634e+02
-2.98308e+00 1.78534e+00 6.30133e+02
-3.04959e+00 1.85359e+00 6.31502e+02
-3.11621e+00 1.92320e+00 6.32741e+02
-3.18296e+00 1.99418e+00 6.33854e+02
-3.24984e+00 2.06654e+00 6.34843e+02
-3.31688e+00 2.14030e+00 6.35708e+02
-3.38410e+00 2.21548e+00 6.36453e+02
-3.45152e+00 2.29208e+00 6.37076e+02
-3.51914e+00 2.37013e+00 6.37581e+02
-3.58700e+00 2.44966e+00 6.37968e+02
-3.65510e+00 2.53066e+00 6.38236e+02
-3.72347e+00 2.61317e+00 6.38388e+02
-3.79212e+00 2.69721e+00 6.38423e+02
-3.86107e+00 2.78280e+00 6.38342e+02
-3.93035e+00 2.86996e+00 6.38144e+02
-3.99997e+00 2.95870e+00 6.37830e+02
-8.15880e-01 3.45372e-01 4.70152e+02
-8.78249e-01 3.67189e-01 4.65707e+02
-9.40419e-01 3.90468e-01 4.63476e+02
-1.00241e+00 4.15193e-01 4.63090e+02
-1.06426e+00 4.41351e-01 4.64268e+02
-1.12596e+00 4.68930e-01 4.66786e+02
-1.18756e+00 4.97918e-01 4.70470e+02
-1.24907e+00 5.28306e-01 4.75177e+02
-1.31051e+00 5.60085e-01 4.80793e+02
-1.37190e+00 5.93246e-01 4.87224e+02
-1.43325e+00 6.27782e-01 4.94395e+02
-1.49460e+00 6.63688e-01 5.02241e+02
-1.55595e+00 7.00959e-01 5.10710e+02
-1.61733e+00 7.39589e-01 5.19757e+02
-1.67875e+00 7.79576e-01 5.29347e+02
-1.74024e+00 8.20918e-01 5.39448e+02
-1.80180e+00 8.63612e-01 5.50035e+02
-1.86347e+00 9.07658e-01 5.61087e+02
-1.92525e+00 9.53056e-01 5.72586e+02
-1.98716e+00 9.99806e-01 5.84517e+02
-2.04922e+00 1.04791e+00 5.96869e+02
-2.11145e+00 1.09737e+00 6.09633e+02
-2.17386e+00 1.14819e+00 6.22802e+02
-2.23647e+00 1.20038e+00 6.36369e+02
-2.29931e+00 1.25394e+00 6.50332e+02
-2.36424e+00 1.31053e+00 6.19484e+02
-2.43109e+00 1.37008e+00 6.21782e+02
-2.49790e+00 1.43092e+00 6.23956e+02
-2.56471e+00 1.49304e+00 6.26007e+02
-2.63154e+00 1.55645e+00 6.27933e+02
-2.69839e+00 1.62118e+00 6.29733e+02
-2.76530e+00 1.68722e+00 6.31405e+02
-2.83227e+00 1.75459e+00 6.32951e+02
-2.89934e+00 1.82331e+00 6.34368e+02
-2.96651e+00 1.89338e+00 6.35656e+02
-3.03381e+00 1.96482e+00 6.36814e+02
-3.10126e+00 2.03765e+00 6.37841e+02
-3.16887e+00 2.11188e+00 6.38737e+02
-3.23667e+00 2.18753e+00 6.39500e+02
-3.30467e+00 2.26461e+00 6.40129e+02
-3.37288e+00 2.34315e+00 6.40624e+02
-3.44134e+00 2.42315e+00 6.40982e+02
-3.51006e+00 2.50465e+00 6.41203e+02
-3.57906e+00 2.58766e+00 6.41284e+02
-3.64835e+00 2.67219e+00 6.41224e+02
-3.71796e+00 2.75828e+00 6.41022e+02
-3.78791e+00 2.84595e+00 6.40674e+02
-3.85821e+00 2.93521e+00 6.40178e+02
-3.92889e+00 3.02610e+00 6.39532e+02
-3.99997e+00 3.11863e+00 6.38733e+02
-7.99703e-01 3.68944e-01 4.85491e+02
-8.61293e-01 3.92703e-01 4.79729e+02
-9.22723e-01 4.17939e-01 4.76491e+02
-9.84015e-01 4.44636e-01 4.75299e+02
-1.04519e+00 4.72782e-01 4.75794e+02
-1.10627e+00 5.02364e-01 4.77702e+02
-1.16729e+00 5.33371e-01 4.80811e+02
-1.22825e+00 5.65791e-01 4.84953e+02
-1.28917e+00 5.99617e-01 4.89995e+02
-1.35009e+00 6.34840e-01 4.95834e+02
-1.41102e+00 6.71454e-01 5.02382e+02
-1.47198e+00 7.09452e-01 5.09571e+02
-1.53299e+00 7.48830e-01 5.17346e+02
-1.59406e+00 7.89584e-01 5.25659e+02
-1.65522e+00 8.31710e-01 5.34476e+02
-1.71649e+00 8.75207e-01 5.43764e+02
-1.77787e+00 9.20073e-01 5.53500e+02
-1.83940e+00 9.66309e-01 5.63663e+02
-1.90109e+00 1.01391e+00 5.74239e+02
-1.96295e+00 1.06289e+00 5.85215e+02
-2.02500e+00 1.11324e+00 5.96583e+02
-2.08727e+00 1.16496e+00 6.08335e+02
-2.14976e+00 1.21807e+00 6.20467e+02
-2.21251e+00 1.27256e+00 6.32977e+02
-2.27551e+00 1.32844e+00 6.45865e+02
-2.34077e+00 1.38755e+00 6.19066e+02
-2.40808e+00 1.44981e+00 6.21372e+02
-2.47541e+00 1.51335e+00 6.23571e+02
-2.54276e+00 1.57818e+00 6.25660e+02
-2.61016e+00 1.64432e+00 6.27639e+02
-2.67764e+00 1.71178e+00 6.29507e+02
-2.74521e+00 1.78057e+00 6.31261e+02
-2.81289e+00 1.85071e+00 6.32900e+02
-2.88071e+00 1.92220e+00 6.34424e+02
-2.94867e+00 1.99506e+00 6.35831e+02
-3.01681e+00 2.06932e+00 6.37120e+02
-3.08514e+00 2.14498e+00 6.38289e+02
-3.15368e+00 2.22206e+00 6.39338e+02
-3.22246e+00 2.30058e+00 6.40264e+02
-3.29148e+00 2.38056e+00 6.41065e+02
-3.36078e+00 2.46201e+00 6.41741e+02
-3.43036e+00 2.54497e+00 6.42289e+02
-3.50026e+00 2.62944e+00 6.42706e+02
-3.57049e+00 2.71546e+00 6.42991e+02
-3.64107e+00 2.80303e+00 6.43140e+02
-3.71202e+00 2.89220e+00 6.43151e+02
-3.78336e+00 2.98298e+00 6.43020e+02
-3.85512e+00 3.07539e+00 6.42744e+02
-3.92731e+00 3.16947e+00 6.42319e+02
-3.99996e+00 3.26524e+00 6.41741e+02
-7.83016e-01 3.92432e-01 5.01562e+02
-8.43702e-01 4.18161e-01 4.94418e+02
-9.04274e-01 4.45368e-01 4.90137e+02
-9.64754e-01 4.74038e-01 4.88119e+02
-1.02517e+00 5.04159e-01 4.87927e+02
-1.08553e+00 5.35716e-01 4.89229e+02
-1.14587e+00 5.68699e-01 4.91774e+02
-1.20621e+00 6.03099e-01 4.95369e+02
-1.26656e+00 6.38906e-01 4.99863e+02
-1.32695e+00 6.76113e-01 5.05136e+02
-1.38740e+00 7.14713e-01 5.11095e+02
-1.44792e+00 7.54701e-01 5.17664e+02
-1.50853e+00 7.96072e-01 5.24784e+02
-1.56927e+00 8.38822e-01 5.32406e+02
-1.63013e+00 8.82949e-01 5.40493e+02
-1.69115e+00 9.28453e-01 5.49014e+02
-1.75233e+00 9.75331e-01 5.57944e+02
-1.81371e+00 1.02358e+00 5.67267e+02
-1.87529e+00 1.07321e+00 5.76966e+02
-1.93710e+00 1.12422e+00 5.87032e+02
-1.99914e+00 1.17661e+00 5.97459e+02
-2.06145e+00 1.23038e+00 6.08241e+02
-2.12404e+00 1.28555e+00 6.19376e+02
-2.18692e+00 1.34211e+00 6.30867e+02
-2.25011e+00 1.40007e+00 6.42714e+02
-2.31571e+00 1.46142e+00 6.19723e+02
-2.38350e+00 1.52608e+00 6.21952e+02
-2.45134e+00 1.59201e+00 6.24091e+02
-2.51926e+00 1.65924e+00 6.26138e+02
-2.58727e+00 1.72777e+00 6.28092e+02
-2.65540e+00 1.79762e+00 6.29950e+02
-2.72368e+00 1.86881e+00 6.31711e+02
-2.79211e+00 1.94134e+00 6.33372e+02
-2.86072e+00 2.01523e+00 6.34933e+02
-2.92953e+00 2.09051e+00 6.36392e+02
-2.99856e+00 2.16718e+00 6.37746e+02
-3.06783e+00 2.24526e+00 6.38994e+02
-3.13737e+00 2.32477e+00 6.40135e+02
-3.20719e+00 2.40574e+00 6.41165e+02
-3.27731e+00 2.48818e+00 6.42083e+02
-3.34776e+00 2.57211e+00 6.42887e+02
-3.41856e+00 2.65755e+00 6.43574e+02
-3.48972e+00 2.74453e+00 6.44140e+02
-3.56127e+00 2.83307e+00 6.44583e+02
-3.63324e+00 2.92320e+00 6.44899e+02
-3.70563e+00 3.01493e+00 6.45084e+02
-3.77848e+00 3.10831e+00 6.45134e+02
-3.85180e+00 3.20334e+00 6.45044e+02
-3.92562e+00 3.30007e+00 6.44808e+02
-3.99996e+00 3.39852e+00 6.44421e+02
-7.65838e-01 4.15796e-01 5.18459e+02
-8.25492e-01 4.43522e-01 5.09833e+02
-8.85088e-01 4.72714e-01 5.04443e+02
-9.44649e-01 5.03356e-01 5.01558e+02
-1.00420e+00 5.35435e-01 5.00652e+02
-1.06375e+00 5.68940e-01 5.01335e+02
-1.12334e+00 6.03859e-01 5.03314e+02
-1.18297e+00 6.40184e-01 5.06368e+02
-1.24268e+00 6.77905e-01 5.10324e+02
-1.30247e+00 7.17016e-01 5.15052e+02
-1.36238e+00 7.57512e-01 5.20446e+02
-1.42241e+00 7.99385e-01 5.26424e+02
-1.48260e+00 8.42634e-01 5.32924e+02
-1.54295e+00 8.87255e-01 5.39892e+02
-1.60349e+00 9.33246e-01 5.47290e+02
-1.66423e+00 9.80606e-01 5.55087e+02
-1.72520e+00 1.02934e+00 5.63257e+02
-1.78640e+00 1.07944e+00 5.71784e+02
-1.84787e+00 1.13091e+00 5.80653e+02
-1.90961e+00 1.18375e+00 5.89857e+02
-1.97165e+00 1.23798e+00 5.99388e+02
-2.03400e+00 1.29359e+00 6.09245e+02
-2.09669e+00 1.35059e+00 6.19429e+02
-2.15972e+00 1.40898e+00 6.29941e+02
-2.22312e+00 1.46877e+00 6.40787e+02
-2.28907e+00 1.53210e+00 6.21347e+02
-2.35734e+00 1.59885e+00 6.23422e+02
-2.42572e+00 1.66687e+00 6.25427e+02
-2.49422e+00 1.73617e+00 6.27360e+02
-2.56287e+00 1.80677e+00 6.29218e+02
-2.63168e+00 1.87867e+00 6.30998e+02
-2.70069e+00 1.95190e+00 6.32699e+02
-2.76991e+00 2.02647e+00 6.34317e+02
-2.83936e+00 2.10239e+00 6.35851e+02
-2.90907e+00 2.17969e+00 6.37299e+02
-2.97905e+00 2.25838e+00 6.38659e+02
-3.04933e+00 2.33849e+00 6.39928e+02
-3.11993e+00 2.42002e+00 6.41104e+02
-3.19087e+00 2.50301e+00 6.42185e+02
-3.26217e+00 2.58747e+00 6.43168e+02
-3.33385e+00 2.67343e+00 6.44050e+02
-3.40594e+00 2.76090e+00 6.44828e+02
-3.47846e+00 2.84992e+00 6.45498e+02
-3.55142e+00 2.94050e+00 6.46056e+02
-3.62486e+00 3.03268e+00 6.46499e+02
-3.69880e+00 3.12648e+00 6.46821e+02
-3.77325e+00 3.22193e+00 6.47017e+02
-3.84825e+00 3.31906e+00 6.47081e+02
-3.92381e+00 3.41789e+00 6.47005e+02
-3.99996e+00 3.51847e+00 6.46783e+02
-7.48192e-01 4.38994e-01 5.36283e+02
-8.06685e-01 4.68744e-01 5.26035e+02
-8.65187e-01 4.99932e-01 5.19442e+02
-9.23717e-01 5.32544e-01 5.15625e+02
-9.82297e-01 5.66567e-01 5.13960e+02
-1.04095e+00 6.01990e-01 5.13994e+02
-1.09969e+00 6.38803e-01 5.15389e+02
-1.15855e+00 6.76998e-01 5.17894e+02
-1.21754e+00 7.16567e-01 5.21316e+02
-1.27668e+00 7.57503e-01 5.25508e+02
-1.33598e+00 7.99802e-01 5.30354e+02
-1.39548e+00 8.43459e-01 5.35765e+02
-1.45519e+00 8.88471e-01 5.41671e+02
-1.51512e+00 9.34836e-01 5.48018e+02
-1.57530e+00 9.82553e-01 5.54764e+02
-1.63574e+00 1.03162e+00 5.61876e+02
-1.69646e+00 1.08204e+00 5.69329e+02
-1.75749e+00 1.13382e+00 5.77105e+02
-1.81883e+00 1.18695e+00 5.85191e+02
-1.88050e+00 1.24145e+00 5.93578e+02
-1.94253e+00 1.29731e+00 6.02262e+02
-2.00493e+00 1.35454e+00 6.11241e+02
-2.06772e+00 1.41314e+00 6.20518e+02
-2.13091e+00 1.47314e+00 6.30097e+02
-2.19453e+00 1.53452e+00 6.39985e+02
-2.26084e+00 1.59955e+00 6.23828e+02
-2.32960e+00 1.66810e+00 6.25683e+02
-2.39853e+00 1.73790e+00 6.27490e+02
-2.46764e+00 1.80895e+00 6.29245e+02
-2.53695e+00 1.88128e+00 6.30944e+02
-2.60648e+00 1.95489e+00 6.32586e+02
-2.67626e+00 2.02982e+00 6.34166e+02
-2.74631e+00 2.10606e+00 6.35683e+02
-2.81665e+00 2.18365e+00 6.37133e+02
-2.88730e+00 2.26259e+00 6.38515e+02
-2.95829e+00 2.34292e+00 6.39825e+02
-3.02964e+00 2.42464e+00 6.41062e+02
-3.10136e+00 2.50779e+00 6.42222e+02
-3.17349e+00 2.59237e+00 6.43303e+02
-3.24604e+00 2.67842e+00 6.44302e+02
-3.31903e+00 2.76596e+00 6.45216e+02
-3.39250e+00 2.85501e+00 6.46041e+02
-3.46646e+00 2.94559e+00 6.46773e+02
-3.54093e+00 3.03774e+00 6.47407e+02
-3.61595e+00 3.13149e+00 6.47939e+02
-3.69152e+00 3.22685e+00 6.48364e+02
-3.76769e+00 3.32386e+00 6.48674e+02
-3.84447e+00 3.42255e+00 6.48862e+02
-3.92188e+00 3.52295e+00 6.48920e+02
-3.99996e+00 3.62509e+00 6.48838e+02
-7.30099e-01 4.61985e-01 5.55136e+02
-7.87304e-01 4.93785e-01 5.43089e+02
-8.44590e-01 5.26981e-01 5.35169e+02
-9.01979e-01 5.61559e-01 5.30331e+02
-9.59490e-01 5.97510e-01 5.27843e+02
-1.01714e+00 6.34822e-01 5.27182e+02
-1.07496e+00 6.73486e-01 5.27963e+02
-1.13296e+00 7.13496e-01 5.29901e+02
-1.19116e+00 7.54844e-01 5.32781e+02
-1.24957e+00 7.97526e-01 5.36437e+02
-1.30823e+00 8.41537e-01 5.40743e+02
-1.36714e+00 8.86874e-01 5.45602e+02
-1.42632e+00 9.33534e-01 5.50938e+02
-1.48580e+00 9.81518e-01 5.56692e+02
-1.54558e+00 1.03082e+00 5.62818e+02
-1.60570e+00 1.08145e+00 5.69282e+02
-1.66615e+00 1.13341e+00 5.76057e+02
-1.72697e+00 1.18669e+00 5.83125e+02
-1.78817e+00 1.24131e+00 5.90472e+02
-1.84977e+00 1.29726e+00 5.98089e+02
-1.91179e+00 1.35455e+00 6.05973e+02
-1.97424e+00 1.41319e+00 6.14123e+02
-2.03713e+00 1.47318e+00 6.22541e+02
-2.10050e+00 1.53454e+00 6.31234e+02
-2.16436e+00 1.59727e+00 6.40210e+02
-2.23103e+00 1.66373e+00 6.27062e+02
-2.30030e+00 1.73379e+00 6.28638e+02
-2.36979e+00 1.80505e+00 6.30190e+02
-2.43952e+00 1.87754e+00 6.31711e+02
-2.50952e+00 1.95128e+00 6.33198e+02
-2.57980e+00 2.02627e+00 6.34647e+02
-2.65039e+00 2.10254e+00 6.36054e+02
-2.72131e+00 2.18011e+00 6.37417e+02
-2.79258e+00 2.25899e+00 6.38733e+02
-2.86423e+00 2.33920e+00 6.39998e+02
-2.93628e+00 2.42077e+00 6.41210e+02
-3.00875e+00 2.50371e+00 6.42366e+02
-3.08167e+00 2.58805e+00 6.43463e+02
-3.15505e+00 2.67381e+00 6.44499e+02
-3.22893e+00 2.76102e+00 6.45470e+02
-3.30331e+00 2.84969e+00 6.46372e+02
-3.37824e+00 2.93986e+00 6.47202e+02
-3.45373e+00 3.03155e+00 6.47957e+02
-3.52980e+00 3.12479e+00 6.48630e+02
-3.60649e+00 3.21960e+00 6.49217e+02
-3.68381e+00 3.31602e+00 6.49711e+02
-3.76179e+00 3.41408e+00 6.50106e+02
-3.84046e+00 3.51380e+00 6.50392e+02
-3.91984e+00 3.61523e+00 6.50561e+02
-3.99996e+00 3.71838e+00 6.50600e+02
-7.11587e-01 4.84728e-01 5.75124e+02
-7.67372e-01 5.18601e-01 5.61062e+02
-8.23322e-01 5.53815e-01 5.51662e+02
-8.79458e-01 5.90357e-01 5.45691e+02
-9.35798e-01 6.28218e-01 5.42298e+02
-9.92359e-01 6.67389e-01 5.40881e+02
-1.04916e+00 7.07862e-01 5.41005e+02
-1.10622e+00 7.49631e-01 5.42346e+02
-1.16356e+00 7.92691e-01 5.44665e+02
-1.22119e+00 8.37039e-01 5.47778e+02
-1.27913e+00 8.82671e-01 5.51547e+02
-1.33740e+00 9.29584e-01 5.55863e+02
-1.39602e+00 9.77780e-01 5.60645e+02
-1.45499e+00 1.02726e+00 5.65827e+02
-1.51435e+00 1.07801e+00 5.71361e+02
-1.57411e+00 1.13006e+00 5.77210e+02
-1.63428e+00 1.18339e+00 5.83344e+02
-1.69488e+00 1.23801e+00 5.89743e+02
-1.75593e+00 1.29393e+00 5.96394e+02
-1.81744e+00 1.35114e+00 6.03287e+02
-1.87944e+00 1.40967e+00 6.10417e+02
-1.94193e+00 1.46951e+00 6.17785e+02
-2.00495e+00 1.53067e+00 6.25394e+02
-2.06850e+00 1.59317e+00 6.33249e+02
-2.13260e+00 1.65700e+00 6.41360e+02
-2.19966e+00 1.72462e+00 6.30945e+02
-2.26944e+00 1.79588e+00 6.32193e+02
-2.33950e+00 1.86831e+00 6.33440e+02
-2.40988e+00 1.94193e+00 6.34679e+02
-2.48058e+00 2.01674e+00 6.35906e+02
-2.55164e+00 2.09277e+00 6.37116e+02
-2.62308e+00 2.17005e+00 6.38305e+02
-2.69491e+00 2.24858e+00 6.39469e+02
-2.76716e+00 2.32838e+00 6.40604e+02
-2.83986e+00 2.40949e+00 6.41708e+02
-2.91303e+00 2.49191e+00 6.42778e+02
-2.98668e+00 2.57568e+00 6.43810e+02
-3.06085e+00 2.66081e+00 6.44802e+02
-3.13556e+00 2.74732e+00 6.45750e+02
-3.21084e+00 2.83526e+00 6.46652e+02
-3.28669e+00 2.92463e+00 6.47503e+02
-3.36316e+00 3.01546e+00 6.48301e+02
-3.44027e+00 3.10779e+00 6.49041e+02
-3.51803e+00 3.20163e+00 6.49718e+02
-3.59648e+00 3.29703e+00 6.50327e+02
-3.67565e+00 3.39401e+00 6.50862e+02
-3.75555e+00 3.49259e+00 6.51315e+02
-3.83622e+00 3.59282e+00 6.51677e+02
-3.91768e+00 3.69473e+00 6.51938e+02
-3.99996e+00 3.79835e+00 6.52083e+02
-6.92682e-01 5.07180e-01 5.96353e+02
-7.46917e-01 5.43151e-01 5.80018e+02
-8.01411e-01 5.80392e-01 5.68956e+02
-8.56182e-01 6.18893e-01 5.61719e+02
-9.11245e-01 6.58646e-01 5.57322e+02
-9.66619e-01 6.99645e-01 5.55076e+02
-1.02232e+00 7.41884e-01 5.54486e+02
-1.07836e+00 7.85357e-01 5.55191e+02
-1.13476e+00 8.30062e-01 5.56923e+02
-1.19154e+00 8.75996e-01 5.59478e+02
-1.24871e+00 9.23157e-01 5.62703e+02
-1.30629e+00 9.71546e-01 5.66480e+02
-1.36429e+00 1.02116e+00 5.70717e+02
-1.42273e+00 1.07201e+00 5.75346e+02
-1.48162e+00 1.12408e+00 5.80311e+02
-1.54099e+00 1.17739e+00 5.85572e+02
-1.60085e+00 1.23194e+00 5.91098e+02
-1.66121e+00 1.28773e+00 5.96867e+02
-1.72209e+00 1.34477e+00 6.02862e+02
-1.78351e+00 1.40307e+00 6.09074e+02
-1.84549e+00 1.46263e+00 6.15497e+02
-1.90803e+00 1.52346e+00 6.22130e+02
-1.97117e+00 1.58557e+00 6.28976e+02
-2.03491e+00 1.64897e+00 6.36042e+02
-2.09927e+00 1.71367e+00 6.43337e+02
-2.16672e+00 1.78219e+00 6.35380e+02
-2.23702e+00 1.85436e+00 6.36256e+02
-2.30767e+00 1.92765e+00 6.37156e+02
-2.37871e+00 2.00207e+00 6.38072e+02
-2.45015e+00 2.07764e+00 6.38998e+02
-2.52201e+00 2.15439e+00 6.39929e+02
-2.59433e+00 2.23232e+00 6.40860e+02
-2.66711e+00 2.31146e+00 6.41785e+02
-2.74039e+00 2.39183e+00 6.42702e+02
-2.81418e+00 2.47345e+00 6.43606e+02
-2.88852e+00 2.55634e+00 6.44495e+02
-2.96342e+00 2.64053e+00 6.45364e+02
-3.03892e+00 2.72604e+00 6.46212e+02
-3.11502e+00 2.81290e+00 6.47034e+02
-3.19177e+00 2.90113e+00 6.47829e+02
-3.26917e+00 2.99075e+00 6.48592e+02
-3.34727e+00 3.08180e+00 6.49321e+02
-3.42607e+00 3.17430e+00 6.50012e+02
-3.50562e+00 3.26828e+00 6.50661e+02
-3.58593e+00 3.36377e+00 6.51262e+02
-3.66704e+00 3.46080e+00 6.51810e+02
-3.74897e+00 3.55940e+00 6.52298e+02
-3.83175e+00 3.65961e+00 6.52718e+02
-3.91540e+00 3.76147e+00 6.53057e+02
-3.99996e+00 3.86499e+00 6.53303e+02
-6.73413e-01 5.29301e-01 6.18932e+02
-7.25968e-01 5.67392e-01 6.00026e+02
-7.78885e-01 6.06668e-01 5.87092e+02
-8.32178e-01 6.47123e-01 5.78434e+02
-8.85862e-01 6.88751e-01 5.72917e+02
-9.39952e-01 7.31546e-01 5.69753e+02
-9.94462e-01 7.75507e-01 5.68383e+02
-1.04941e+00 8.20629e-01 5.68403e+02
-1.10480e+00 8.66910e-01 5.69513e+02
-1.16066e+00 9.14351e-01 5.71487e+02
-1.21699e+00 9.62952e-01 5.74156e+02
-1.27382e+00 1.01271e+00 5.77390e+02
-1.33116e+00 1.06364e+00 5.81089e+02
-1.38902e+00 1.11573e+00 5.85175e+02
-1.44742e+00 1.16898e+00 5.89590e+02
-1.50637e+00 1.22342e+00 5.94289e+02
-1.56589e+00 1.27903e+00 5.99237e+02
-1.62599e+00 1.33582e+00 6.04408e+02
-1.68669e+00 1.39381e+00 6.09786e+02
-1.74801e+00 1.45300e+00 6.15357e+02
-1.80996e+00 1.51339e+00 6.21116e+02
-1.87255e+00 1.57501e+00 6.27061e+02
-1.93581e+00 1.63785e+00 6.33192e+02
-1.99975e+00 1.70193e+00 6.39517e+02
-2.06439e+00 1.76726e+00 6.46044e+02
-2.13223e+00 1.83640e+00 6.40271e+02
-2.20305e+00 1.90920e+00 6.40739e+02
-2.27431e+00 1.98304e+00 6.41256e+02
-2.34602e+00 2.05796e+00 6.41814e+02
-2.41822e+00 2.13397e+00 6.42405e+02
-2.49092e+00 2.21108e+00 6.43023e+02
-2.56414e+00 2.28933e+00 6.43661e+02
-2.63792e+00 2.36873e+00 6.44315e+02
-2.71227e+00 2.44930e+00 6.44979e+02
-2.78721e+00 2.53106e+00 6.45649e+02
-2.86277e+00 2.61404e+00 6.46322e+02
-2.93898e+00 2.69826e+00 6.46994e+02
-3.01586e+00 2.78375e+00 6.47663e+02
-3.09343e+00 2.87053e+00 6.48325e+02
-3.17172e+00 2.95862e+00 6.48977e+02
-3.25075e+00 3.04806e+00 6.49618e+02
-3.33055e+00 3.13887e+00 6.50244e+02
-3.41115e+00 3.23108e+00 6.50852e+02
-3.49257e+00 3.32472e+00 6.51440e+02
-3.57484e+00 3.41981e+00 6.52004e+02
-3.65800e+00 3.51640e+00 6.52540e+02
-3.74205e+00 3.61451e+00 6.53042e+02
-3.82705e+00 3.71417e+00 6.53505e+02
-3.91300e+00 3.81543e+00 6.53920e+02
-3.99996e+00 3.91831e+00 6.54275e+02
-6.53811e-01 5.51051e-01 6.42965e+02
-7.04556e-01 5.91282e-01 6.21150e+02
-7.55775e-01 6.32601e-01 6.06105e+02
-8.07478e-01 6.75003e-01 5.95853e+02
-8.59679e-01 7.18486e-01 5.89084e+02
-9.12389e-01 7.63048e-01 5.84902e+02
-9.65620e-01 8.08686e-01 5.82677e+02
-1.01938e+00 8.55401e-01 5.81954e+02
-1.07370e+00 9.03193e-01 5.82399e+02
-1.12857e+00 9.52062e-01 5.83763e+02
-1.18401e+00 1.00201e+00 5.85858e+02
-1.24004e+00 1.05304e+00 5.88540e+02
-1.29666e+00 1.10516e+00 5.91699e+02
-1.35390e+00 1.15837e+00 5.95251e+02
-1.41176e+00 1.21268e+00 5.99130e+02
-1.47026e+00 1.26809e+00 6.03287e+02
-1.52942e+00 1.32461e+00 6.07681e+02
-1.58924e+00 1.38224e+00 6.12286e+02
-1.64974e+00 1.44100e+00 6.17081e+02
-1.71094e+00 1.50090e+00 6.22051e+02
-1.77286e+00 1.56193e+00 6.27188e+02
-1.83550e+00 1.62412e+00 6.32487e+02
-1.89888e+00 1.68748e+00 6.37950e+02
-1.96303e+00 1.75201e+00 6.43582e+02
-2.02795e+00 1.81773e+00 6.49389e+02
-2.09620e+00 1.88724e+00 6.45529e+02
-2.16755e+00 1.96036e+00 6.45556e+02
-2.23942e+00 2.03447e+00 6.45661e+02
-2.31183e+00 2.10957e+00 6.45831e+02
-2.38480e+00 2.18569e+00 6.46059e+02
-2.45836e+00 2.26285e+00 6.46335e+02
-2.53253e+00 2.34107e+00 6.46652e+02
-2.60734e+00 2.42038e+00 6.47005e+02
-2.68280e+00 2.50078e+00 6.47387e+02
-2.75894e+00 2.58232e+00 6.47794e+02
-2.83578e+00 2.66500e+00 6.48221e+02
-2.91335e+00 2.74886e+00 6.48665e+02
-2.99168e+00 2.83392e+00 6.49123e+02
-3.07078e+00 2.92020e+00 6.49591e+02
-3.15069e+00 3.00774e+00 6.50068e+02
-3.23143e+00 3.09655e+00 6.50551e+02
-3.31302e+00 3.18667e+00 6.51039e+02
-3.39550e+00 3.27813e+00 6.51531e+02
-3.47889e+00 3.37095e+00 6.52024e+02
-3.56321e+00 3.46516e+00 6.52518e+02
-3.64851e+00 3.56080e+00 6.53014e+02
-3.73480e+00 3.65790e+00 6.53510e+02
-3.82212e+00 3.75650e+00 6.54008e+02
-3.91049e+00 3.85661e+00 6.54509e+02
-3.99996e+00 3.95829e+00 6.55017e+02
-6.33907e-01 5.72391e-01 6.68558e+02
-6.82714e-01 6.14781e-01 6.43453e+02
-7.32114e-01 6.58148e-01 6.26034e+02
-7.82116e-01 7.02491e-01 6.13993e+02
-8.32729e-01 7.47810e-01 6.05827e+02
-8.83962e-01 7.94106e-01 6.00516e+02
-9.35825e-01 8.41379e-01 5.97350e+02
-9.88328e-01 8.89631e-01 5.95818e+02
-1.04148e+00 9.38865e-01 5.95550e+02
-1.09530e+00 9.89085e-01 5.96267e+02
-1.14978e+00 1.04029e+00 5.97764e+02
-1.20495e+00 1.09250e+00 5.99880e+02
-1.26081e+00 1.14570e+00 6.02495e+02
-1.31738e+00 1.19991e+00 6.05516e+02
-1.37467e+00 1.25513e+00 6.08869e+02
-1.43269e+00 1.31138e+00 6.12498e+02
-1.49145e+00 1.36865e+00 6.16362e+02
-1.55097e+00 1.42696e+00 6.20428e+02
-1.61126e+00 1.48632e+00 6.24671e+02
-1.67234e+00 1.54673e+00 6.29074e+02
-1.73421e+00 1.60821e+00 6.33627e+02
-1.79689e+00 1.67078e+00 6.38324e+02
-1.86041e+00 1.73443e+00 6.43163e+02
-1.92476e+00 1.79919e+00 6.48147e+02
-1.98998e+00 1.86507e+00 6.53282e+02
-2.05863e+00 1.93468e+00 6.51067e+02
-2.13052e+00 2.00784e+00 6.50627e+02
-2.20301e+00 2.08190e+00 6.50293e+02
-2.27613e+00 2.15688e+00 6.50052e+02
-2.34990e+00 2.23280e+00 6.49891e+02
-2.42435e+00 2.30967e+00 6.49802e+02
-2.49950e+00 2.38753e+00 6.49774e+02
-2.57537e+00 2.46639e+00 6.49802e+02
-2.65199e+00 2.54628e+00 6.49877e+02
-2.72937e+00 2.62721e+00 6.49994e+02
-2.80755e+00 2.70922e+00 6.50148e+02
-2.88655e+00 2.79232e+00 6.50335e+02
-2.96638e+00 2.87655e+00 6.50551e+02
-3.04709e+00 2.96192e+00 6.50794e+02
-3.12869e+00 3.04847e+00 6.51060e+02
-3.21121e+00 3.13622e+00 6.51349e+02
-3.29467e+00 3.22521e+00 6.51659e+02
-3.37911e+00 3.31545e+00 6.51991e+02
-3.46456e+00 3.40697e+00 6.52346e+02
-3.55104e+00 3.49982e+00 6.52728e+02
-3.63857e+00 3.59401e+00 6.53142e+02
-3.72720e+00 3.68959e+00 6.53599e+02
-3.81696e+00 3.78659e+00 6.54120e+02
-3.90786e+00 3.88503e+00 6.54741e+02
-3.99995e+00 3.98495e+00 6.55544e+02
-6.13735e-01 5.93282e-01 6.95806e+02
-6.60476e-01 6.37848e-01 6.66995e+02
-7.07938e-01 6.83268e-01 6.46911e+02
-7.56127e-01 7.29545e-01 6.32872e+02
-8.05048e-01 7.76680e-01 6.23151e+02
-8.54708e-01 8.24677e-01 6.16590e+02
-9.05114e-01 8.73541e-01 6.12388e+02
-9.56273e-01 9.23275e-01 6.09976e+02
-1.00819e+00 9.73886e-01 6.08938e+02
-1.06088e+00 1.02538e+00 6.08968e+02
-1.11435e+00 1.07776e+00 6.09836e+02
-1.16860e+00 1.13103e+00 6.11368e+02
-1.22365e+00 1.18521e+00 6.13429e+02
-1.27951e+00 1.24030e+00 6.15916e+02
-1.33618e+00 1.29631e+00 6.18748e+02
-1.39369e+00 1.35324e+00 6.21864e+02
-1.45203e+00 1.41112e+00 6.25215e+02
-1.51122e+00 1.46994e+00 6.28764e+02
-1.57127e+00 1.52972e+00 6.32483e+02
-1.63221e+00 1.59048e+00 6.36353e+02
-1.69403e+00 1.65221e+00 6.40358e+02
-1.75675e+00 1.71495e+00 6.44492e+02
-1.82039e+00 1.77869e+00 6.48748e+02
-1.88496e+00 1.84345e+00 6.53129e+02
-1.95048e+00 1.90925e+00 6.57638e+02
-2.01955e+00 1.97870e+00 6.56800e+02
-2.09197e+00 2.05162e+00 6.55870e+02
-2.16509e+00 2.12534e+00 6.55076e+02
-2.23894e+00 2.19988e+00 6.54402e+02
-2.31353e+00 2.27528e+00 6.53833e+02
-2.38890e+00 2.35154e+00 6.53358e+02
-2.46506e+00 2.42869e+00 6.52966e+02
-2.54203e+00 2.50676e+00 6.52647e+02
-2.61984e+00 2.58577e+00 6.52393e+02
-2.69852e+00 2.66573e+00 6.52196e+02
-2.77808e+00 2.74668e+00 6.52052e+02
-2.85856e+00 2.82864e+00 6.51953e+02
-2.93997e+00 2.91163e+00 6.51896e+02
-3.02235e+00 2.99568e+00 6.51876e+02
-3.10571e+00 3.08082e+00 6.51891e+02
-3.19009e+00 3.16707e+00 6.51937e+02
-3.27551e+00 3.25446e+00 6.52015e+02
-3.36200e+00 3.34303e+00 6.52123e+02
-3.44960e+00 3.43279e+00 6.52263e+02
-3.53832e+00 3.52378e+00 6.52441e+02
-3.62820e+00 3.61603e+00 6.52667e+02
-3.71927e+00 3.70957e+00 6.52967e+02
-3.81157e+00 3.80444e+00 6.53395e+02
-3.90512e+00 3.90067e+00 6.54119e+02
-3.99995e+00 3.99828e+00 6.55871e+02
-5.93293e-01 6.13725e-01 7.20739e+02
-6.37860e-01 6.60465e-01 6.92271e+02
-6.83281e-01 7.07926e-01 6.72287e+02
-7.29558e-01 7.56114e-01 6.58161e+02
-7.76694e-01 8.05034e-01 6.48203e+02
-8.24692e-01 8.54693e-01 6.41280e+02
-8.73557e-01 9.05098e-01 6.36606e+02
-9.23292e-01 9.56257e-01 6.33622e+02
-9.73903e-01 1.00818e+00 6.31920e+02
-1.02540e+00 1.06086e+00 6.31200e+02
-1.07778e+00 1.11433e+00 6.31232e+02
-1.13105e+00 1.16858e+00 6.31844e+02
-1.18523e+00 1.22363e+00 6.32900e+02
-1.24032e+00 1.27949e+00 6.34294e+02
-1.29633e+00 1.33616e+00 6.35946e+02
-1.35326e+00 1.39367e+00 6.37787e+02
-1.41114e+00 1.45201e+00 6.39766e+02
-1.46996e+00 1.51120e+00 6.41839e+02
-1.52975e+00 1.57125e+00 6.43973e+02
-1.59050e+00 1.63219e+00 6.46139e+02
-1.65223e+00 1.69401e+00 6.48314e+02
-1.71497e+00 1.75673e+00 6.50478e+02
-1.77871e+00 1.82037e+00 6.52615e+02
-1.84347e+00 1.88494e+00 6.54712e+02
-1.90927e+00 1.95046e+00 6.56757e+02
-1.97872e+00 2.01953e+00 6.54908e+02
-2.05164e+00 2.09195e+00 6.53203e+02
-2.12536e+00 2.16507e+00 6.51687e+02
-2.19990e+00 2.23892e+00 6.50338e+02
-2.27530e+00 2.31351e+00 6.49140e+02
-2.35156e+00 2.38888e+00 6.48078e+02
-2.42871e+00 2.46504e+00 6.47137e+02
-2.50678e+00 2.54201e+00 6.46306e+02
-2.58578e+00 2.61983e+00 6.45576e+02
-2.66575e+00 2.69851e+00 6.44938e+02
-2.74669e+00 2.77807e+00 6.44385e+02
-2.82865e+00 2.85855e+00 6.43911e+02
-2.91164e+00 2.93996e+00 6.43512e+02
-2.99569e+00 3.02233e+00 6.43185e+02
-3.08083e+00 3.10570e+00 6.42931e+02
-3.16708e+00 3.19008e+00 6.42750e+02
-3.25447e+00 3.27550e+00 6.42648e+02
-3.34304e+00 3.36199e+00 6.42637e+02
-3.43280e+00 3.44959e+00 6.42733e+02
-3.52379e+00 3.53831e+00 6.42973e+02
-3.61604e+00 3.62819e+00 6.43420e+02
-3.70958e+00 3.71927e+00 6.44200e+02
-3.80445e+00 3.81156e+00 6.45606e+02
-3.90067e+00 3.90511e+00 6.48473e+02
-3.99829e+00 3.99995e+00 6.56501e+02
-5.72401e-01 6.33897e-01 7.47560e+02
-6.14792e-01 6.82703e-01 7.17330e+02
-6.58160e-01 7.32102e-01 6.95665e+02
-7.02504e-01 7.82103e-01 6.79994e+02
-7.47825e-01 8.32715e-01 6.68637e+02
-7.94121e-01 8.83948e-01 6.60454e+02
-8.41395e-01 9.35810e-01 6.54646e+02
-8.89648e-01 9.88313e-01 6.50639e+02
-9.38882e-01 1.04147e+00 6.48014e+02
-9.89103e-01 1.09528e+00 6.46456e+02
-1.04031e+00 1.14977e+00 6.45725e+02
-1.09252e+00 1.20493e+00 6.45640e+02
-1.14572e+00 1.26080e+00 6.46057e+02
-1.19993e+00 1.31737e+00 6.46863e+02
-1.25515e+00 1.37465e+00 6.47970e+02
-1.31140e+00 1.43267e+00 6.49307e+02
-1.36867e+00 1.49143e+00 6.50815e+02
-1.42698e+00 1.55095e+00 6.52448e+02
-1.48634e+00 1.61124e+00 6.54169e+02
-1.54675e+00 1.67232e+00 6.55946e+02
-1.60824e+00 1.73419e+00 6.57752e+02
-1.67080e+00 1.79687e+00 6.59567e+02
-1.73445e+00 1.86039e+00 6.61372e+02
-1.79921e+00 1.92474e+00 6.63151e+02
-1.86509e+00 1.98996e+00 6.64891e+02
-1.93470e+00 2.05861e+00 6.62332e+02
-2.00787e+00 2.13050e+00 6.60534e+02
-2.08193e+00 2.20299e+00 6.58933e+02
-2.15691e+00 2.27611e+00 6.57510e+02
-2.23282e+00 2.34989e+00 6.56246e+02
-2.30970e+00 2.42434e+00 6.55127e+02
-2.38755e+00 2.49949e+00 6.54137e+02
-2.46641e+00 2.57536e+00 6.53267e+02
-2.54630e+00 2.65197e+00 6.52506e+02
-2.62723e+00 2.72936e+00 6.51845e+02
-2.70924e+00 2.80754e+00 6.51278e+02
-2.79234e+00 2.88653e+00 6.50800e+02
-2.87657e+00 2.96637e+00 6.50405e+02
-2.96194e+00 3.04708e+00 6.50093e+02
-3.04849e+00 3.12868e+00 6.49863e+02
-3.13624e+00 3.21120e+00 6.49715e+02
-3.22522e+00 3.29466e+00 6.49656e+02
-3.31546e+00 3.37911e+00 6.49694e+02
-3.40699e+00 3.46455e+00 6.49843e+02
-3.49983e+00 3.55103e+00 6.50127e+02
-3.59403e+00 3.63857e+00 6.50582e+02
-3.68961e+00 3.72720e+00 6.51270e+02
-3.78660e+00 3.81695e+00 6.52300e+02
-3.88504e+00 3.90786e+00 6.53871e+02
-3.98496e+00 3.99995e+00 6.56409e+02
-5.51062e-01 6.53801e-01 7.75070e+02
-5.91293e-01 7.04546e-01 7.43126e+02
-6.32613e-01 7.55763e-01 7.19786e+02
-6.75017e-01 8.07466e-01 7.02548e+02
-7.18501e-01 8.59666e-01 6.89752e+02
-7.63063e-01 9.12375e-01 6.80257e+02
-8.08702e-01 9.65605e-01 6.73258e+02
-8.55418e-01 1.01937e+00 6.68171e+02
-9.03210e-01 1.07368e+00 6.64562e+02
-9.52080e-01 1.12855e+00 6.62107e+02
-1.00203e+00 1.18399e+00 6.60558e+02
-1.05306e+00 1.24002e+00 6.59721e+02
-1.10518e+00 1.29664e+00 6.59446e+02
-1.15839e+00 1.35388e+00 6.59613e+02
-1.21270e+00 1.41174e+00 6.60129e+02
-1.26811e+00 1.47024e+00 6.60916e+02
-1.32463e+00 1.52940e+00 6.61911e+02
-1.38226e+00 1.58922e+00 6.63066e+02
-1.44102e+00 1.64972e+00 6.64337e+02
-1.50092e+00 1.71092e+00 6.65691e+02
-1.56195e+00 1.77284e+00 6.67098e+02
-1.62415e+00 1.83548e+00 6.68535e+02
-1.68750e+00 1.89887e+00 6.69981e+02
-1.75203e+00 1.96301e+00 6.71419e+02
-1.81775e+00 2.02793e+00 6.72834e+02
-1.88726e+00 2.09618e+00 6.69321e+02
-1.96039e+00 2.16753e+00 6.67373e+02
-2.03449e+00 2.23940e+00 6.65631e+02
-2.10959e+00 2.31181e+00 6.64073e+02
-2.18572e+00 2.38478e+00 6.62681e+02
-2.26288e+00 2.45835e+00 6.61437e+02
-2.34110e+00 2.53252e+00 6.60329e+02
-2.42040e+00 2.60732e+00 6.59342e+02
-2.50081e+00 2.68278e+00 6.58467e+02
-2.58234e+00 2.75892e+00 6.57693e+02
-2.66503e+00 2.83577e+00 6.57013e+02
-2.74888e+00 2.91334e+00 6.56420e+02
-2.83394e+00 2.99167e+00 6.55907e+02
-2.92023e+00 3.07077e+00 6.55471e+02
-3.00776e+00 3.15068e+00 6.55108e+02
-3.09658e+00 3.23142e+00 6.54816e+02
-3.18669e+00 3.31301e+00 6.54594e+02
-3.27815e+00 3.39549e+00 6.54443e+02
-3.37097e+00 3.47888e+00 6.54366e+02
-3.46518e+00 3.56321e+00 6.54370e+02
-3.56082e+00 3.64850e+00 6.54465e+02
-3.65792e+00 3.73479e+00 6.54666e+02
-3.75651e+00 3.82211e+00 6.54999e+02
-3.85663e+00 3.91049e+00 6.55505e+02
-3.95831e+00 3.99996e+00 6.56252e+02
-5.29312e-01 6.73403e-01 8.03076e+02
-5.67403e-01 7.25958e-01 7.69507e+02
-6.06681e-01 7.78873e-01 7.44531e+02
-6.47137e-01 8.32166e-01 7.25730e+02
-6.88765e-01 8.85850e-01 7.11476e+02
-7.31562e-01 9.39939e-01 7.00639e+02
-7.75523e-01 9.94448e-01 6.92408e+02
-8.20646e-01 1.04939e+00 6.86193e+02
-8.66928e-01 1.10479e+00 6.81552e+02
-9.14370e-01 1.16064e+00 6.78151e+02
-9.62971e-01 1.21698e+00 6.75732e+02
-1.01273e+00 1.27381e+00 6.74094e+02
-1.06366e+00 1.33114e+00 6.73081e+02
-1.11575e+00 1.38900e+00 6.72565e+02
-1.16901e+00 1.44740e+00 6.72447e+02
-1.22344e+00 1.50635e+00 6.72644e+02
-1.27905e+00 1.56587e+00 6.73090e+02
-1.33584e+00 1.62597e+00 6.73731e+02
-1.39383e+00 1.68667e+00 6.74520e+02
-1.45302e+00 1.74799e+00 6.75422e+02
-1.51342e+00 1.80994e+00 6.76403e+02
-1.57503e+00 1.87253e+00 6.77439e+02
-1.63787e+00 1.93579e+00 6.78506e+02
-1.70195e+00 1.99973e+00 6.79585e+02
-1.76728e+00 2.06437e+00 6.80659e+02
-1.83643e+00 2.13221e+00 6.75976e+02
-1.90922e+00 2.20303e+00 6.73832e+02
-1.98307e+00 2.27429e+00 6.71901e+02
-2.05799e+00 2.34601e+00 6.70161e+02
-2.13399e+00 2.41820e+00 6.68592e+02
-2.21111e+00 2.49090e+00 6.67175e+02
-2.28936e+00 2.56413e+00 6.65896e+02
-2.36875e+00 2.63790e+00 6.64740e+02
-2.44932e+00 2.71225e+00 6.63696e+02
-2.53109e+00 2.78720e+00 6.62752e+02
-2.61407e+00 2.86276e+00 6.61900e+02
-2.69829e+00 2.93897e+00 6.61129e+02
-2.78378e+00 3.01585e+00 6.60434e+02
-2.87055e+00 3.09342e+00 6.59806e+02
-2.95865e+00 3.17171e+00 6.59239e+02
-3.04809e+00 3.25074e+00 6.58729e+02
-3.13890e+00 3.33054e+00 6.58269e+02
-3.23110e+00 3.41114e+00 6.57857e+02
-3.32474e+00 3.49257e+00 6.57488e+02
-3.41984e+00 3.57484e+00 6.57158e+02
-3.51642e+00 3.65799e+00 6.56866e+02
-3.61453e+00 3.74205e+00 6.56608e+02
-3.71420e+00 3.82704e+00 6.56383e+02
-3.81545e+00 3.91300e+00 6.56191e+02
-3.91833e+00 3.99996e+00 6.56030e+02
-5.07191e-01 6.92673e-01 8.31404e+02
-5.43163e-01 7.46907e-01 7.96334e+02
-5.80405e-01 8.01400e-01 7.69790e+02
-6.18907e-01 8.56170e-01 7.49455e+02
-6.58661e-01 9.11233e-01 7.33747e+02
-6.99661e-01 9.66606e-01 7.21551e+02
-7.41900e-01 1.02231e+00 7.12061e+02
-7.85374e-01 1.07835e+00 7.04683e+02
-8.30080e-01 1.13475e+00 6.98971e+02
-8.76015e-01 1.19153e+00 6.94581e+02
-9.23177e-01 1.24870e+00 6.91250e+02
-9.71566e-01 1.30627e+00 6.88770e+02
-1.02118e+00 1.36427e+00 6.86976e+02
-1.07203e+00 1.42271e+00 6.85737e+02
-1.12410e+00 1.48161e+00 6.84947e+02
-1.17741e+00 1.54098e+00 6.84519e+02
-1.23196e+00 1.60083e+00 6.84381e+02
-1.28776e+00 1.66119e+00 6.84477e+02
-1.34480e+00 1.72208e+00 6.84757e+02
-1.40309e+00 1.78350e+00 6.85180e+02
-1.46265e+00 1.84547e+00 6.85713e+02
-1.52348e+00 1.90802e+00 6.86327e+02
-1.58560e+00 1.97115e+00 6.86997e+02
-1.64900e+00 2.03489e+00 6.87703e+02
-1.71370e+00 2.09926e+00 6.88425e+02
-1.78222e+00 2.16670e+00 6.82379e+02
-1.85439e+00 2.23700e+00 6.79999e+02
-1.92768e+00 2.30766e+00 6.77841e+02
-2.00210e+00 2.37869e+00 6.75880e+02
-2.07767e+00 2.45013e+00 6.74094e+02
-2.15441e+00 2.52200e+00 6.72466e+02
-2.23235e+00 2.59431e+00 6.70978e+02
-2.31149e+00 2.66710e+00 6.69615e+02
-2.39185e+00 2.74037e+00 6.68364e+02
-2.47348e+00 2.81417e+00 6.67213e+02
-2.55637e+00 2.88851e+00 6.66150e+02
-2.64056e+00 2.96341e+00 6.65166e+02
-2.72607e+00 3.03891e+00 6.64250e+02
-2.81293e+00 3.11501e+00 6.63396e+02
-2.90116e+00 3.19176e+00 6.62593e+02
-2.99078e+00 3.26916e+00 6.61836e+02
-3.08183e+00 3.34726e+00 6.61115e+02
-3.17433e+00 3.42607e+00 6.60425e+02
-3.26831e+00 3.50561e+00 6.59757e+02
-3.36380e+00 3.58593e+00 6.59103e+02
-3.46083e+00 3.66704e+00 6.58457e+02
-3.55943e+00 3.74897e+00 6.57808e+02
-3.65964e+00 3.83174e+00 6.57147e+02
-3.76150e+00 3.91540e+00 6.56462e+02
-3.86502e+00 3.99996e+00 6.55738e+02
-4.84739e-01 7.11578e-01 8.59901e+02
-5.18614e-01 7.67362e-01 8.23481e+02
-5.53828e-01 8.23312e-01 7.95463e+02
-5.90371e-01 8.79447e-01 7.73646e+02
-6.28233e-01 9.35786e-01 7.56505e+02
-6.67404e-01 9.92347e-01 7.42950e+02
-7.07878e-01 1.04915e+00 7.32186e+02
-7.49649e-01 1.10621e+00 7.23622e+02
-7.92710e-01 1.16355e+00 7.16806e+02
-8.37058e-01 1.22118e+00 7.11394e+02
-8.82691e-01 1.27912e+00 7.07114e+02
-9.29605e-01 1.33739e+00 7.03754e+02
-9.77801e-01 1.39600e+00 7.01143e+02
-1.02728e+00 1.45498e+00 6.99145e+02
-1.07804e+00 1.51434e+00 6.97648e+02
-1.13008e+00 1.57409e+00 6.96562e+02
-1.18341e+00 1.63426e+00 6.95811e+02
-1.23803e+00 1.69486e+00 6.95334e+02
-1.29395e+00 1.75591e+00 6.95078e+02
-1.35117e+00 1.81742e+00 6.95001e+02
-1.40969e+00 1.87942e+00 6.95065e+02
-1.46954e+00 1.94192e+00 6.95241e+02
-1.53070e+00 2.00493e+00 6.95500e+02
-1.59319e+00 2.06848e+00 6.95821e+02
-1.65703e+00 2.13259e+00 6.96183e+02
-1.72465e+00 2.19964e+00 6.88602e+02
-1.79591e+00 2.26942e+00 6.85951e+02
-1.86834e+00 2.33949e+00 6.83530e+02
-1.94196e+00 2.40986e+00 6.81314e+02
-2.01677e+00 2.48057e+00 6.79281e+02
-2.09281e+00 2.55163e+00 6.77410e+02
-2.17008e+00 2.62306e+00 6.75683e+02
-2.24861e+00 2.69489e+00 6.74084e+02
-2.32842e+00 2.76715e+00 6.72598e+02
-2.40952e+00 2.83985e+00 6.71212e+02
-2.49195e+00 2.91301e+00 6.69914e+02
-2.57571e+00 2.98667e+00 6.68692e+02
-2.66084e+00 3.06084e+00 6.67536e+02
-2.74736e+00 3.13555e+00 6.66437e+02
-2.83529e+00 3.21083e+00 6.65384e+02
-2.92466e+00 3.28668e+00 6.64368e+02
-3.01549e+00 3.36315e+00 6.63382e+02
-3.10782e+00 3.44026e+00 6.62415e+02
-3.20167e+00 3.51802e+00 6.61459e+02
-3.29706e+00 3.59648e+00 6.60505e+02
-3.39404e+00 3.67564e+00 6.59543e+02
-3.49263e+00 3.75554e+00 6.58561e+02
-3.59286e+00 3.83621e+00 6.57548e+02
-3.69477e+00 3.91768e+00 6.56491e+02
-3.79839e+00 3.99996e+00 6.55373e+02
-4.61997e-01 7.30090e-01 8.88429e+02
-4.93797e-01 7.87294e-01 8.50835e+02
-5.26994e-01 8.44579e-01 8.21459e+02
-5.61574e-01 9.01968e-01 7.98230e+02
-5.97525e-01 9.59479e-01 7.79693e+02
-6.34838e-01 1.01713e+00 7.64793e+02
-6.73503e-01 1.07495e+00 7.52753e+02
-7.13514e-01 1.13295e+00 7.42987e+02
-7.54863e-01 1.19114e+00 7.35046e+02
-7.97546e-01 1.24956e+00 7.28583e+02
-8.41557e-01 1.30821e+00 7.23324e+02
-8.86895e-01 1.36712e+00 7.19051e+02
-9.33556e-01 1.42631e+00 7.15591e+02
-9.81540e-01 1.48578e+00 7.12801e+02
-1.03085e+00 1.54557e+00 7.10566e+02
-1.08148e+00 1.60568e+00 7.08792e+02
-1.13343e+00 1.66614e+00 7.07400e+02
-1.18672e+00 1.72696e+00 7.06325e+02
-1.24133e+00 1.78816e+00 7.05511e+02
-1.29728e+00 1.84976e+00 7.04913e+02
-1.35458e+00 1.91177e+00 7.04492e+02
-1.41322e+00 1.97422e+00 7.04213e+02
-1.47321e+00 2.03712e+00 7.04050e+02
-1.53457e+00 2.10049e+00 7.03976e+02
-1.59730e+00 2.16434e+00 7.03972e+02
-1.66376e+00 2.23102e+00 6.94706e+02
-1.73382e+00 2.30029e+00 6.91749e+02
-1.80508e+00 2.36978e+00 6.89035e+02
-1.87758e+00 2.43951e+00 6.86534e+02
-1.95131e+00 2.50950e+00 6.84225e+02
-2.02630e+00 2.57979e+00 6.82084e+02
-2.10258e+00 2.65038e+00 6.80092e+02
-2.18014e+00 2.72130e+00 6.78233e+02
-2.25902e+00 2.79257e+00 6.76491e+02
-2.33924e+00 2.86422e+00 6.74850e+02
-2.42080e+00 2.93627e+00 6.73299e+02
-2.50375e+00 3.00874e+00 6.71824e+02
-2.58809e+00 3.08166e+00 6.70415e+02
-2.67385e+00 3.15504e+00 6.69060e+02
-2.76106e+00 3.22892e+00 6.67750e+02
-2.84973e+00 3.30331e+00 6.66475e+02
-2.93990e+00 3.37823e+00 6.65224e+02
-3.03159e+00 3.45372e+00 6.63989e+02
-3.12483e+00 3.52980e+00 6.62761e+02
-3.21964e+00 3.60648e+00 6.61528e+02
-3.31606e+00 3.68380e+00 6.60282e+02
-3.41412e+00 3.76179e+00 6.59011e+02
-3.51384e+00 3.84045e+00 6.57703e+02
-3.61527e+00 3.91984e+00 6.56347e+02
-3.71843e+00 3.99996e+00 6.54928e+02
-4.39006e-01 7.48183e-01 9.16870e+02
-4.68757e-01 8.06676e-01 8.78296e+02
-4.99946e-01 8.65177e-01 8.47694e+02
-5.32558e-01 9.23706e-01 8.23141e+02
-5.66582e-01 9.82286e-01 8.03260e+02
-6.02006e-01 1.04094e+00 7.87041e+02
-6.38821e-01 1.09968e+00 7.73732e+02
-6.77016e-01 1.15854e+00 7.62758e+02
-7.16586e-01 1.21752e+00 7.53676e+02
-7.57523e-01 1.27666e+00 7.46140e+02
-7.99822e-01 1.33597e+00 7.39876e+02
-8.43480e-01 1.39547e+00 7.34662e+02
-8.88493e-01 1.45518e+00 7.30323e+02
-9.34859e-01 1.51511e+00 7.26712e+02
-9.82577e-01 1.57529e+00 7.23712e+02
-1.03165e+00 1.63573e+00 7.21224e+02
-1.08207e+00 1.69645e+00 7.19166e+02
-1.13385e+00 1.75747e+00 7.17469e+02
-1.18698e+00 1.81881e+00 7.16077e+02
-1.24147e+00 1.88049e+00 7.14940e+02
-1.29734e+00 1.94251e+00 7.14017e+02
-1.35457e+00 2.00491e+00 7.13272e+02
-1.41317e+00 2.06770e+00 7.12676e+02
-1.47317e+00 2.13090e+00 7.12202e+02
-1.53455e+00 2.19452e+00 7.11826e+02
-1.59958e+00 2.26082e+00 7.00742e+02
-1.66813e+00 2.32959e+00 6.97448e+02
-1.73793e+00 2.39852e+00 6.94410e+02
-1.80898e+00 2.46762e+00 6.91598e+02
-1.88131e+00 2.53693e+00 6.88985e+02
-1.95493e+00 2.60647e+00 6.86551e+02
-2.02985e+00 2.67625e+00 6.84273e+02
-2.10610e+00 2.74630e+00 6.82134e+02
-2.18369e+00 2.81664e+00 6.80116e+02
-2.26263e+00 2.88729e+00 6.78205e+02
-2.34296e+00 2.95828e+00 6.76386e+02
-2.42468e+00 3.02963e+00 6.74646e+02
-2.50783e+00 3.10135e+00 6.72974e+02
-2.59241e+00 3.17348e+00 6.71359e+02
-2.67846e+00 3.24603e+00 6.69788e+02
-2.76600e+00 3.31903e+00 6.68253e+02
-2.85505e+00 3.39249e+00 6.66743e+02
-2.94564e+00 3.46645e+00 6.65248e+02
-3.03779e+00 3.54093e+00 6.63760e+02
-3.13153e+00 3.61594e+00 6.62268e+02
-3.22689e+00 3.69152e+00 6.60763e+02
-3.32390e+00 3.76769e+00 6.59234e+02
-3.42259e+00 3.84447e+00 6.57672e+02
-3.52299e+00 3.92188e+00 6.56064e+02
-3.62514e+00 3.99996e+00 6.54399e+02
-4.15807e-01 7.65830e-01 9.45122e+02
-4.43535e-01 8.25483e-01 9.05774e+02
-4.72727e-01 8.85079e-01 8.74096e+02
-5.03370e-01 9.44639e-01 8.48319e+02
-5.35450e-01 1.00419e+00 8.27158e+02
-5.68956e-01 1.06374e+00 8.09657e+02
-6.03876e-01 1.12333e+00 7.95094e+02
-6.40202e-01 1.18296e+00 7.82913e+02
-6.77924e-01 1.24266e+00 7.72681e+02
-7.17036e-01 1.30246e+00 7.64056e+02
-7.57532e-01 1.36237e+00 7.56764e+02
-7.99407e-01 1.42240e+00 7.50586e+02
-8.42657e-01 1.48258e+00 7.45341e+02
-8.87279e-01 1.54294e+00 7.40884e+02
-9.33270e-01 1.60347e+00 7.37092e+02
-9.80632e-01 1.66422e+00 7.33865e+02
-1.02936e+00 1.72518e+00 7.31117e+02
-1.07946e+00 1.78639e+00 7.28779e+02
-1.13094e+00 1.84785e+00 7.26789e+02
-1.18378e+00 1.90960e+00 7.25097e+02
-1.23801e+00 1.97164e+00 7.23659e+02
-1.29362e+00 2.03399e+00 7.22438e+02
-1.35062e+00 2.09667e+00 7.21400e+02
-1.40901e+00 2.15971e+00 7.20519e+02
-1.46881e+00 2.22311e+00 7.19770e+02
-1.53214e+00 2.28905e+00 7.06754e+02
-1.59889e+00 2.35733e+00 7.03093e+02
-1.66691e+00 2.42570e+00 6.99702e+02
-1.73621e+00 2.49420e+00 6.96551e+02
-1.80680e+00 2.56285e+00 6.93612e+02
-1.87871e+00 2.63167e+00 6.90861e+02
-1.95194e+00 2.70068e+00 6.88276e+02
-2.02651e+00 2.76990e+00 6.85838e+02
-2.10243e+00 2.83935e+00 6.83529e+02
-2.17973e+00 2.90906e+00 6.81333e+02
-2.25843e+00 2.97904e+00 6.79235e+02
-2.33853e+00 3.04932e+00 6.77221e+02
-2.42007e+00 3.11992e+00 6.75279e+02
-2.50305e+00 3.19086e+00 6.73397e+02
-2.58752e+00 3.26216e+00 6.71565e+02
-2.67347e+00 3.33384e+00 6.69771e+02
-2.76095e+00 3.40593e+00 6.68005e+02
-2.84997e+00 3.47845e+00 6.66259e+02
-2.94055e+00 3.55142e+00 6.64522e+02
-3.03273e+00 3.62486e+00 6.62786e+02
-3.12654e+00 3.69879e+00 6.61040e+02
-3.22199e+00 3.77325e+00 6.59277e+02
-3.31911e+00 3.84825e+00 6.57486e+02
-3.41795e+00 3.92381e+00 6.55658e+02
-3.51852e+00 3.99996e+00 6.53783e+02
-3.92444e-01 7.83007e-01 9.73096e+02
-4.18173e-01 8.43693e-01 9.33193e+02
-4.45381e-01 9.04264e-01 9.00598e+02
-4.74053e-01 9.64745e-01 8.73709e+02
-5.04174e-01 1.02516e+00 8.51341e+02
-5.35732e-01 1.08552e+00 8.32603e+02
-5.68717e-01 1.14586e+00 8.16810e+02
-6.03117e-01 1.20620e+00 8.03430e+02
-6.38925e-01 1.26655e+00 7.92043e+02
-6.76133e-01 1.32694e+00 7.82316e+02
-7.14734e-01 1.38738e+00 7.73979e+02
-7.54723e-01 1.44791e+00 7.66815e+02
-7.96094e-01 1.50852e+00 7.60642e+02
-8.38846e-01 1.56925e+00 7.55314e+02
-8.82974e-01 1.63012e+00 7.50707e+02
-9.28478e-01 1.69113e+00 7.46718e+02
-9.75357e-01 1.75232e+00 7.43260e+02
-1.02361e+00 1.81370e+00 7.40261e+02
-1.07324e+00 1.87528e+00 7.37657e+02
-1.12425e+00 1.93708e+00 7.35396e+02
-1.17664e+00 1.99913e+00 7.33431e+02
-1.23042e+00 2.06144e+00 7.31723e+02
-1.28558e+00 2.12403e+00 7.30238e+02
-1.34214e+00 2.18691e+00 7.28946e+02
-1.40010e+00 2.25010e+00 7.27821e+02
-1.46146e+00 2.31570e+00 7.12780e+02
-1.52611e+00 2.38349e+00 7.08720e+02
-1.59205e+00 2.45133e+00 7.04948e+02
-1.65928e+00 2.51925e+00 7.01433e+02
-1.72781e+00 2.58726e+00 6.98143e+02
-1.79766e+00 2.65539e+00 6.95055e+02
-1.86885e+00 2.72366e+00 6.92144e+02
-1.94138e+00 2.79209e+00 6.89390e+02
-2.01528e+00 2.86071e+00 6.86774e+02
-2.09055e+00 2.92952e+00 6.84280e+02
-2.16722e+00 2.99855e+00 6.81892e+02
-2.24531e+00 3.06782e+00 6.79595e+02
-2.32482e+00 3.13736e+00 6.77377e+02
-2.40579e+00 3.20718e+00 6.75225e+02
-2.48823e+00 3.27731e+00 6.73128e+02
-2.57216e+00 3.34776e+00 6.71076e+02
-2.65760e+00 3.41855e+00 6.69058e+02
-2.74459e+00 3.48972e+00 6.67066e+02
-2.83313e+00 3.56127e+00 6.65089e+02
-2.92325e+00 3.63323e+00 6.63119e+02
-3.01499e+00 3.70563e+00 6.61147e+02
-3.10836e+00 3.77847e+00 6.59166e+02
-3.20340e+00 3.85180e+00 6.57165e+02
-3.30013e+00 3.92562e+00 6.55138e+02
-3.39858e+00 3.99996e+00 6.53075e+02
-3.68955e-01 7.99695e-01 1.00072e+03
-3.92715e-01 8.61285e-01 9.60484e+02
-4.17952e-01 9.22714e-01 9.27140e+02
-4.44651e-01 9.84005e-01 8.99260e+02
-4.72798e-01 1.04518e+00 8.75768e+02
-5.02381e-01 1.10626e+00 8.55845e+02
-5.33388e-01 1.16727e+00 8.38851e+02
-5.65810e-01 1.22823e+00 8.24283e+02
-5.99636e-01 1.28916e+00 8.11742e+02
-6.34861e-01 1.35008e+00 8.00904e+02
-6.71475e-01 1.41101e+00 7.91507e+02
-7.09475e-01 1.47197e+00 7.83337e+02
-7.48854e-01 1.53298e+00 7.76215e+02
-7.89608e-01 1.59405e+00 7.69994e+02
-8.31736e-01 1.65521e+00 7.64551e+02
-8.75233e-01 1.71647e+00 7.59779e+02
-9.20101e-01 1.77786e+00 7.55592e+02
-9.66337e-01 1.83939e+00 7.51915e+02
-1.01394e+00 1.90107e+00 7.48681e+02
-1.06292e+00 1.96293e+00 7.45838e+02
-1.11327e+00 2.02499e+00 7.43335e+02
-1.16500e+00 2.08726e+00 7.41133e+02
-1.21810e+00 2.14975e+00 7.39195e+02
-1.27260e+00 2.21249e+00 7.37490e+02
-1.32848e+00 2.27550e+00 7.35990e+02
-1.38759e+00 2.34076e+00 7.18851e+02
-1.44985e+00 2.40807e+00 7.14361e+02
-1.51339e+00 2.47539e+00 7.10181e+02
-1.57822e+00 2.54275e+00 7.06274e+02
-1.64437e+00 2.61015e+00 7.02611e+02
-1.71183e+00 2.67763e+00 6.99164e+02
-1.78062e+00 2.74520e+00 6.95908e+02
-1.85075e+00 2.81288e+00 6.92822e+02
-1.92225e+00 2.88070e+00 6.89885e+02
-1.99511e+00 2.94867e+00 6.87081e+02
-2.06937e+00 3.01680e+00 6.84392e+02
-2.14503e+00 3.08513e+00 6.81803e+02
-2.22211e+00 3.15368e+00 6.79302e+02
-2.30063e+00 3.22245e+00 6.76876e+02
-2.38061e+00 3.29147e+00 6.74514e+02
-2.46207e+00 3.36077e+00 6.72203e+02
-2.54502e+00 3.43036e+00 6.69935e+02
-2.62950e+00 3.50025e+00 6.67700e+02
-2.71552e+00 3.57048e+00 6.65490e+02
-2.80310e+00 3.64106e+00 6.63294e+02
-2.89226e+00 3.71201e+00 6.61106e+02
-2.98304e+00 3.78336e+00 6.58917e+02
-3.07546e+00 3.85512e+00 6.56720e+02
-3.16954e+00 3.92731e+00 6.54507e+02
-3.26531e+00 3.99996e+00 6.52271e+02
-3.45383e-01 8.15872e-01 1.02793e+03
-3.67202e-01 8.78241e-01 9.87591e+02
-3.90481e-01 9.40411e-01 9.53672e+02
-4.15207e-01 1.00241e+00 9.24925e+02
-4.41366e-01 1.06425e+00 9.00398e+02
-4.68946e-01 1.12595e+00 8.79346e+02
-4.97936e-01 1.18755e+00 8.61185e+02
-5.28325e-01 1.24906e+00 8.45447e+02
-5.60104e-01 1.31050e+00 8.31753e+02
-5.93266e-01 1.37188e+00 8.19798e+02
-6.27804e-01 1.43324e+00 8.09329e+02
-6.63711e-01 1.49459e+00 8.00136e+02
-7.00982e-01 1.55594e+00 7.92046e+02
-7.39614e-01 1.61732e+00 7.84912e+02
-7.79602e-01 1.67874e+00 7.78611e+02
-8.20945e-01 1.74023e+00 7.73038e+02
-8.63640e-01 1.80179e+00 7.68104e+02
-9.07687e-01 1.86346e+00 7.63732e+02
-9.53086e-01 1.92524e+00 7.59856e+02
-9.99838e-01 1.98715e+00 7.56418e+02
-1.04794e+00 2.04921e+00 7.53370e+02
-1.09741e+00 2.11144e+00 7.50667e+02
-1.14823e+00 2.17385e+00 7.48273e+02
-1.20042e+00 2.23646e+00 7.46153e+02
-1.25397e+00 2.29929e+00 7.44279e+02
-1.31057e+00 2.36423e+00 7.24992e+02
-1.37012e+00 2.43108e+00 7.20041e+02
-1.43096e+00 2.49789e+00 7.15423e+02
-1.49308e+00 2.56470e+00 7.11100e+02
-1.55650e+00 2.63153e+00 7.07040e+02
-1.62122e+00 2.69838e+00 7.03214e+02
-1.68727e+00 2.76529e+00 6.99595e+02
-1.75464e+00 2.83226e+00 6.96160e+02
-1.82336e+00 2.89933e+00 6.92888e+02
-1.89343e+00 2.96650e+00 6.89761e+02
-1.96488e+00 3.03381e+00 6.86761e+02
-2.03771e+00 3.10125e+00 6.83873e+02
-2.11194e+00 3.16887e+00 6.81084e+02
-2.18759e+00 3.23666e+00 6.78379e+02
-2.26467e+00 3.30466e+00 6.75747e+02
-2.34321e+00 3.37288e+00 6.73178e+02
-2.42322e+00 3.44134e+00 6.70661e+02
-2.50471e+00 3.51006e+00 6.68186e+02
-2.58772e+00 3.57905e+00 6.65745e+02
-2.67226e+00 3.64835e+00 6.63329e+02
-2.75835e+00 3.71796e+00 6.60931e+02
-2.84602e+00 3.78791e+00 6.58543e+02
-2.93528e+00 3.85821e+00 6.56158e+02
-3.02617e+00 3.92889e+00 6.53769e+02
-3.11871e+00 3.99997e+00 6.51368e+02
-3.21251e-01 8.31858e-01 1.02560e+03
-3.41163e-01 8.94874e-01 9.95712e+02
-3.62506e-01 9.57663e-01 9.69491e+02
-3.85265e-01 1.02025e+00 9.46355e+02
-4.09429e-01 1.08264e+00 9.25839e+02
-4.34985e-01 1.14488e+00 9.07563e+02
-4.61922e-01 1.20697e+00 8.91215e+02
-4.90232e-01 1.26895e+00 8.76534e+02
-5.19904e-01 1.33081e+00 8.63304e+02
-5.50931e-01 1.39260e+00 8.51341e+02
-5.83307e-01 1.45432e+00 8.40490e+02
-6.17025e-01 1.51599e+00 8.30620e+02
-6.52079e-01 1.57764e+00 8.21617e+02
-6.88467e-01 1.63928e+00 8.13384e+02
-7.26183e-01 1.70092e+00 8.05835e+02
-7.65226e-01 1.76260e+00 7.98898e+02
-8.05594e-01 1.82431e+00 7.92508e+02
-8.47285e-01 1.88608e+00 7.86609e+02
-8.90298e-01 1.94794e+00 7.81150e+02
-9.34636e-01 2.00988e+00 7.76089e+02
-9.80297e-01 2.07194e+00 7.71387e+02
-1.02729e+00 2.13412e+00 7.67008e+02
-1.07560e+00 2.19645e+00 7.62922e+02
-1.12525e+00 2.25893e+00 7.59102e+02
-1.17624e+00 2.32159e+00 7.55522e+02
-1.23006e+00 2.38621e+00 7.34241e+02
-1.28664e+00 2.45259e+00 7.30977e+02
-1.34449e+00 2.51891e+00 7.27757e+02
-1.40360e+00 2.58519e+00 7.24573e+02
-1.46399e+00 2.65145e+00 7.21418e+02
-1.52566e+00 2.71771e+00 7.18287e+02
-1.58862e+00 2.78398e+00 7.15173e+02
-1.65289e+00 2.85029e+00 7.12071e+02
-1.71848e+00 2.91664e+00 7.08976e+02
-1.78539e+00 2.98307e+00 7.05882e+02
-1.85365e+00 3.04959e+00 7.02786e+02
-1.92326e+00 3.11621e+00 6.99683e+02
-1.99424e+00 3.18295e+00 6.96569e+02
-2.06660e+00 3.24984e+00 6.93439e+02
-2.14037e+00 3.31688e+00 6.90290e+02
-2.21554e+00 3.38410e+00 6.87119e+02
-2.29215e+00 3.45151e+00 6.83921e+02
-2.37020e+00 3.51914e+00 6.80692e+02
-2.44973e+00 3.58699e+00 6.77430e+02
-2.53073e+00 3.65510e+00 6.74130e+02
-2.61325e+00 3.72346e+00 6.70790e+02
-2.69729e+00 3.79212e+00 6.67404e+02
-2.78288e+00 3.86107e+00 6.63971e+02
-2.87003e+00 3.93035e+00 6.60486e+02
-2.95878e+00 3.99997e+00 6.56945e+02
-2.95339e-01 8.48402e-01 1.08071e+03
-3.13396e-01 9.11915e-01 1.04204e+03
-3.32839e-01 9.75180e-01 1.00826e+03
-3.53654e-01 1.03822e+00 9.78649e+02
-3.75831e-01 1.10105e+00 9.52609e+02
-3.99357e-01 1.16369e+00 9.29641e+02
-4.24222e-01 1.22617e+00 9.09331e+02
-4.50418e-01 1.28850e+00 8.91329e+02
-4.77937e-01 1.35070e+00 8.75340e+02
-5.06769e-01 1.41279e+00 8.61112e+02
-5.36910e-01 1.47479e+00 8.48434e+02
-5.68353e-01 1.53672e+00 8.37120e+02
-6.01093e-01 1.59858e+00 8.27014e+02
-6.35126e-01 1.66041e+00 8.17979e+02
-6.70448e-01 1.72222e+00 8.09898e+02
-7.07057e-01 1.78402e+00 8.02667e+02
-7.44950e-01 1.84583e+00 7.96196e+02
-7.84125e-01 1.90766e+00 7.90408e+02
-8.24584e-01 1.96954e+00 7.85232e+02
-8.66324e-01 2.03148e+00 7.80608e+02
-9.09348e-01 2.09350e+00 7.76483e+02
-9.53656e-01 2.15560e+00 7.72807e+02
-9.99251e-01 2.21781e+00 7.69539e+02
-1.04613e+00 2.28015e+00 7.66641e+02
-1.09431e+00 2.34262e+00 7.64080e+02
-1.14514e+00 2.40690e+00 7.40456e+02
-1.19856e+00 2.47280e+00 7.36947e+02
-1.25321e+00 2.53861e+00 7.33535e+02
-1.30909e+00 2.60436e+00 7.30209e+02
-1.36620e+00 2.67006e+00 7.26960e+02
-1.42456e+00 2.73573e+00 7.23779e+02
-1.48418e+00 2.80139e+00 7.20659e+02
-1.54506e+00 2.86705e+00 7.17592e+02
-1.60721e+00 2.93273e+00 7.14573e+02
-1.67065e+00 2.99845e+00 7.11594e+02
-1.73539e+00 3.06422e+00 7.08650e+02
-1.80143e+00 3.13006e+00 7.05737e+02
-1.86880e+00 3.19598e+00 7.02849e+02
-1.93749e+00 3.26202e+00 6.99982e+02
-2.00754e+00 3.32817e+00 6.97131e+02
-2.07894e+00 3.39446e+00 6.94293e+02
-2.15172e+00 3.46090e+00 6.91464e+02
-2.22590e+00 3.52751e+00 6.88640e+02
-2.30148e+00 3.59431e+00 6.85818e+02
-2.37848e+00 3.66131e+00 6.82994e+02
-2.45693e+00 3.72853e+00 6.80166e+02
-2.53684e+00 3.79599e+00 6.77330e+02
-2.61823e+00 3.86371e+00 6.74484e+02
-2.70112e+00 3.93169e+00 6.71624e+02
-2.78553e+00 3.99997e+00 6.68748e+02
-2.69115e-01 8.64525e-01 1.13739e+03
-2.85354e-01 9.28407e-01 1.08996e+03
-3.02918e-01 9.92029e-01 1.04853e+03
-3.21797e-01 1.05541e+00 1.01227e+03
-3.41979e-01 1.11857e+00 9.80509e+02
-3.63455e-01 1.18153e+00 9.52636e+02
-3.86214e-01 1.24430e+00 9.28152e+02
-4.10249e-01 1.30691e+00 9.06627e+02
-4.35552e-01 1.36937e+00 8.87694e+02
-4.62115e-01 1.43170e+00 8.71037e+02
-4.89933e-01 1.49392e+00 8.56382e+02
-5.19001e-01 1.55604e+00 8.43496e+02
-5.49313e-01 1.61808e+00 8.32176e+02
-5.80865e-01 1.68005e+00 8.22244e+02
-6.13654e-01 1.74198e+00 8.13547e+02
-6.47678e-01 1.80388e+00 8.05950e+02
-6.82933e-01 1.86576e+00 7.99337e+02
-7.19419e-01 1.92764e+00 7.93603e+02
-7.57134e-01 1.98954e+00 7.88659e+02
-7.96079e-01 2.05146e+00 7.84425e+02
-8.36253e-01 2.11343e+00 7.80830e+02
-8.77659e-01 2.17546e+00 7.77811e+02
-9.20296e-01 2.23756e+00 7.75313e+02
-9.64168e-01 2.29975e+00 7.73286e+02
-1.00928e+00 2.36205e+00 7.71687e+02
-1.05685e+00 2.42600e+00 7.46301e+02
-1.10683e+00 2.49143e+00 7.42540e+02
-1.15799e+00 2.55675e+00 7.38928e+02
-1.21033e+00 2.62199e+00 7.35452e+02
-1.26386e+00 2.68716e+00 7.32098e+02
-1.31859e+00 2.75228e+00 7.28856e+02
-1.37452e+00 2.81735e+00 7.25715e+02
-1.43166e+00 2.88241e+00 7.22666e+02
-1.49003e+00 2.94745e+00 7.19702e+02
-1.54962e+00 3.01251e+00 7.16814e+02
-1.61045e+00 3.07759e+00 7.13995e+02
-1.67253e+00 3.14272e+00 7.11240e+02
-1.73587e+00 3.20789e+00 7.08541e+02
-1.80048e+00 3.27314e+00 7.05894e+02
-1.86637e+00 3.33848e+00 7.03294e+02
-1.93356e+00 3.40391e+00 7.00736e+02
-2.00206e+00 3.46947e+00 6.98215e+02
-2.07189e+00 3.53515e+00 6.95728e+02
-2.14304e+00 3.60099e+00 6.93271e+02
-2.21556e+00 3.66698e+00 6.90840e+02
-2.28943e+00 3.73316e+00 6.88432e+02
-2.36470e+00 3.79953e+00 6.86044e+02
-2.44136e+00 3.86611e+00 6.83672e+02
-2.51944e+00 3.93292e+00 6.81315e+02
-2.59895e+00 3.99997e+00 6.78969e+02
-2.42628e-01 8.80213e-01 1.19538e+03
-2.57084e-01 9.44338e-01 1.13921e+03
-2.72793e-01 1.00820e+00 1.09004e+03
-2.89743e-01 1.07181e+00 1.04700e+03
-3.07925e-01 1.13520e+00 1.00933e+03
-3.27329e-01 1.19838e+00 9.76353e+02
-3.47949e-01 1.26136e+00 9.47502e+02
-3.69775e-01 1.32417e+00 9.22272e+02
-3.92801e-01 1.38682e+00 9.00227e+02
-4.17022e-01 1.44932e+00 8.80990e+02
-4.42430e-01 1.51170e+00 8.64229e+02
-4.69022e-01 1.57396e+00 8.49659e+02
-4.96793e-01 1.63612e+00 8.37027e+02
-5.25740e-01 1.69821e+00 8.26117e+02
-5.55858e-01 1.76023e+00 8.16735e+02
-5.87145e-01 1.82219e+00 8.08715e+02
-6.19600e-01 1.88412e+00 8.01909e+02
-6.53220e-01 1.94602e+00 7.96187e+02
-6.88005e-01 2.00792e+00 7.91436e+02
-7.23954e-01 2.06982e+00 7.87554e+02
-7.61068e-01 2.13174e+00 7.84453e+02
-7.99347e-01 2.19369e+00 7.82054e+02
-8.38792e-01 2.25569e+00 7.80287e+02
-8.79405e-01 2.31775e+00 7.79089e+02
-9.21188e-01 2.37989e+00 7.78407e+02
-9.65233e-01 2.44352e+00 7.51758e+02
-1.01150e+00 2.50848e+00 7.47746e+02
-1.05888e+00 2.57333e+00 7.43935e+02
-1.10738e+00 2.63808e+00 7.40306e+02
-1.15702e+00 2.70275e+00 7.36844e+02
-1.20778e+00 2.76734e+00 7.33535e+02
-1.25969e+00 2.83187e+00 7.30367e+02
-1.31274e+00 2.89636e+00 7.27327e+02
-1.36694e+00 2.96082e+00 7.24405e+02
-1.42231e+00 3.02527e+00 7.21593e+02
-1.47885e+00 3.08972e+00 7.18880e+02
-1.53657e+00 3.15418e+00 7.16260e+02
-1.59547e+00 3.21868e+00 7.13724e+02
-1.65557e+00 3.28321e+00 7.11267e+02
-1.71689e+00 3.34780e+00 7.08882e+02
-1.77942e+00 3.41247e+00 7.06563e+02
-1.84318e+00 3.47722e+00 7.04306e+02
-1.90818e+00 3.54206e+00 7.02105e+02
-1.97443e+00 3.60703e+00 6.99956e+02
-2.04195e+00 3.67211e+00 6.97855e+02
-2.11075e+00 3.73734e+00 6.95797e+02
-2.18085e+00 3.80273e+00 6.93781e+02
-2.25225e+00 3.86829e+00 6.91801e+02
-2.32498e+00 3.93403e+00 6.89855e+02
-2.39905e+00 3.99997e+00 6.87940e+02
-2.15926e-01 8.95451e-01 1.25443e+03
-2.28637e-01 9.59695e-01 1.18956e+03
-2.42511e-01 1.02368e+00 1.13259e+03
-2.57540e-01 1.08742e+00 1.08262e+03
-2.73716e-01 1.15094e+00 1.03886e+03
-2.91031e-01 1.21424e+00 1.00060e+03
-3.09477e-01 1.27735e+00 9.67204e+02
-3.29048e-01 1.34028e+00 9.38100e+02
-3.49738e-01 1.40304e+00 9.12794e+02
-3.71543e-01 1.46565e+00 8.90844e+02
-3.94455e-01 1.52813e+00 8.71863e+02
-4.18473e-01 1.59048e+00 8.55512e+02
-4.43591e-01 1.65273e+00 8.41491e+02
-4.69806e-01 1.71488e+00 8.29536e+02
-4.97115e-01 1.77695e+00 8.19417e+02
-5.25516e-01 1.83895e+00 8.10929e+02
-5.55007e-01 1.90090e+00 8.03893e+02
-5.85587e-01 1.96281e+00 7.98152e+02
-6.17254e-01 2.02469e+00 7.93565e+02
-6.50008e-01 2.08656e+00 7.90010e+02
-6.83848e-01 2.14843e+00 7.87377e+02
-7.18777e-01 2.21030e+00 7.85570e+02
-7.54793e-01 2.27220e+00 7.84503e+02
-7.91898e-01 2.33414e+00 7.84101e+02
-8.30095e-01 2.39613e+00 7.84296e+02
-8.70344e-01 2.45945e+00 7.56810e+02
-9.12609e-01 2.52397e+00 7.52553e+02
-9.55920e-01 2.58836e+00 7.48548e+02
-1.00028e+00 2.65264e+00 7.44772e+02
-1.04570e+00 2.71682e+00 7.41205e+02
-1.09217e+00 2.78092e+00 7.37832e+02
-1.13971e+00 2.84495e+00 7.34635e+02
-1.18832e+00 2.90891e+00 7.31601e+02
-1.23800e+00 2.97284e+00 7.28717e+02
-1.28877e+00 3.03673e+00 7.25972e+02
-1.34063e+00 3.10060e+00 7.23354e+02
-1.39358e+00 3.16446e+00 7.20854e+02
-1.44763e+00 3.22834e+00 7.18464e+02
-1.50280e+00 3.29223e+00 7.16175e+02
-1.55909e+00 3.35615e+00 7.13979e+02
-1.61651e+00 3.42012e+00 7.11871e+02
-1.67507e+00 3.48415e+00 7.09843e+02
-1.73478e+00 3.54824e+00 7.07890e+02
-1.79565e+00 3.61242e+00 7.06006e+02
-1.85768e+00 3.67670e+00 7.04187e+02
-1.92090e+00 3.74109e+00 7.02428e+02
-1.98531e+00 3.80559e+00 7.00725e+02
-2.05092e+00 3.87023e+00 6.99074e+02
-2.11775e+00 3.93502e+00 6.97471e+02
-2.18581e+00 3.99997e+00 6.95913e+02
-1.89057e-01 9.10225e-01 1.31434e+03
-2.00058e-01 9.74470e-01 1.24080e+03
-2.12120e-01 1.03847e+00 1.17594e+03
-2.25237e-01 1.10223e+00 1.11891e+03
-2.39402e-01 1.16578e+00 1.06891e+03
-2.54607e-01 1.22912e+00 1.02519e+03
-2.70848e-01 1.29227e+00 9.87078e+02
-2.88119e-01 1.35524e+00 9.53949e+02
-3.06415e-01 1.41805e+00 9.25245e+02
-3.25730e-01 1.48070e+00 9.00468e+02
-3.46062e-01 1.54322e+00 8.79172e+02
-3.67407e-01 1.60561e+00 8.60962e+02
-3.89760e-01 1.66789e+00 8.45489e+02
-4.13120e-01 1.73007e+00 8.32441e+02
-4.37483e-01 1.79215e+00 8.21546e+02
-4.62848e-01 1.85417e+00 8.12561e+02
-4.89213e-01 1.91611e+00 8.05273e+02
-5.16577e-01 1.97801e+00 7.99493e+02
-5.44938e-01 2.03986e+00 7.95054e+02
-5.74297e-01 2.10169e+00 7.91808e+02
-6.04652e-01 2.16350e+00 7.89626e+02
-6.36005e-01 2.22530e+00 7.88392e+02
-6.68355e-01 2.28710e+00 7.88004e+02
-7.01703e-01 2.34893e+00 7.88371e+02
-7.36052e-01 2.41078e+00 7.89412e+02
-7.72234e-01 2.47381e+00 7.61434e+02
-8.10218e-01 2.53788e+00 7.56947e+02
-8.49164e-01 2.60183e+00 7.52760e+02
-8.89075e-01 2.66566e+00 7.48847e+02
-9.29954e-01 2.72939e+00 7.45186e+02
-9.71806e-01 2.79302e+00 7.41755e+02
-1.01463e+00 2.85658e+00 7.38536e+02
-1.05844e+00 2.92007e+00 7.35511e+02
-1.10324e+00 2.98349e+00 7.32666e+02
-1.14902e+00 3.04688e+00 7.29986e+02
-1.19580e+00 3.11023e+00 7.27458e+02
-1.24359e+00 3.17356e+00 7.25071e+02
-1.29238e+00 3.23687e+00 7.22815e+02
-1.34219e+00 3.30019e+00 7.20679e+02
-1.39301e+00 3.36352e+00 7.18655e+02
-1.44487e+00 3.42687e+00 7.16736e+02
-1.49777e+00 3.49026e+00 7.14913e+02
-1.55170e+00 3.55369e+00 7.13179e+02
-1.60669e+00 3.61719e+00 7.11529e+02
-1.66275e+00 3.68074e+00 7.09956e+02
-1.71987e+00 3.74438e+00 7.08456e+02
-1.77807e+00 3.80811e+00 7.07023e+02
-1.83736e+00 3.87195e+00 7.05653e+02
-1.89775e+00 3.93590e+00 7.04342e+02
-1.95925e+00 3.99997e+00 7.03085e+02
-1.62068e-01 9.24525e-01 1.37495e+03
-1.71394e-01 9.88656e-01 1.29274e+03
-1.81667e-01 1.05256e+00 1.21990e+03
-1.92880e-01 1.11624e+00 1.15567e+03
-2.05029e-01 1.17972e+00 1.09926e+03
-2.18108e-01 1.24301e+00 1.04992e+03
-2.32112e-01 1.30612e+00 1.00694e+03
-2.47038e-01 1.36906e+00 9.69650e+02
-2.62881e-01 1.43184e+00 9.37430e+02
-2.79638e-01 1.49448e+00 9.09728e+02
-2.97305e-01 1.55698e+00 8.86039e+02
-3.15879e-01 1.61935e+00 8.65912e+02
-3.35358e-01 1.68162e+00 8.48942e+02
-3.55739e-01 1.74378e+00 8.34771e+02
-3.77020e-01 1.80585e+00 8.23079e+02
-3.99200e-01 1.86785e+00 8.13583e+02
-4.22277e-01 1.92977e+00 8.06033e+02
-4.46250e-01 1.99163e+00 8.00208e+02
-4.71119e-01 2.05344e+00 7.95911e+02
-4.96881e-01 2.11521e+00 7.92970e+02
-5.23538e-01 2.17696e+00 7.91230e+02
-5.51090e-01 2.23868e+00 7.90557e+02
-5.79536e-01 2.30040e+00 7.90831e+02
-6.08877e-01 2.36212e+00 7.91946e+02
-6.39115e-01 2.42384e+00 7.93807e+02
-6.70956e-01 2.48659e+00 7.65608e+02
-7.04376e-01 2.55023e+00 7.60910e+02
-7.38661e-01 2.61375e+00 7.56561e+02
-7.73813e-01 2.67715e+00 7.52530e+02
-8.09835e-01 2.74045e+00 7.48789e+02
-8.46730e-01 2.80366e+00 7.45315e+02
-8.84500e-01 2.86677e+00 7.42084e+02
-9.23150e-01 2.92982e+00 7.39077e+02
-9.62684e-01 2.99280e+00 7.36276e+02
-1.00310e+00 3.05573e+00 7.33664e+02
-1.04441e+00 3.11861e+00 7.31226e+02
-1.08662e+00 3.18146e+00 7.28950e+02
-1.12973e+00 3.24429e+00 7.26822e+02
-1.17374e+00 3.30710e+00 7.24832e+02
-1.21867e+00 3.36991e+00 7.22968e+02
-1.26451e+00 3.43272e+00 7.21223e+02
-1.31127e+00 3.49556e+00 7.19587e+02
-1.35896e+00 3.55841e+00 7.18052e+02
-1.40758e+00 3.62131e+00 7.16612e+02
-1.45715e+00 3.68424e+00 7.15259e+02
-1.50767e+00 3.74724e+00 7.13987e+02
-1.55914e+00 3.81030e+00 7.12791e+02
-1.61157e+00 3.87343e+00 7.11666e+02
-1.66498e+00 3.93665e+00 7.10606e+02
-1.71936e+00 3.99997e+00 7.09608e+02
-1.35003e-01 9.38342e-01 1.43610e+03
-1.42690e-01 1.00225e+00 1.34520e+03
-1.51195e-01 1.06595e+00 1.26428e+03
-1.60514e-01 1.12945e+00 1.19270e+03
-1.70643e-01 1.19278e+00 1.12972e+03
-1.81578e-01 1.25593e+00 1.07461e+03
-1.93316e-01 1.31891e+00 1.02661e+03
-2.05854e-01 1.38174e+00 9.85031e+02
-2.19188e-01 1.44443e+00 9.49195e+02
-2.33316e-01 1.50698e+00 9.18489e+02
-2.48236e-01 1.56941e+00 8.92350e+02
-2.63944e-01 1.63172e+00 8.70265e+02
-2.80440e-01 1.69393e+00 8.51775e+02
-2.97720e-01 1.75604e+00 8.36467e+02
-3.15785e-01 1.81806e+00 8.23975e+02
-3.34631e-01 1.88000e+00 8.13970e+02
-3.54259e-01 1.94187e+00 8.06164e+02
-3.74667e-01 2.00368e+00 8.00300e+02
-3.95855e-01 2.06543e+00 7.96151e+02
-4.17822e-01 2.12714e+00 7.93516e+02
-4.40567e-01 2.18882e+00 7.92219e+02
-4.64092e-01 2.25046e+00 7.92102e+02
-4.88396e-01 2.31209e+00 7.93028e+02
-5.13479e-01 2.37371e+00 7.94875e+02
-5.39342e-01 2.43533e+00 7.97536e+02
-5.66569e-01 2.49780e+00 7.69312e+02
-5.95139e-01 2.56102e+00 7.64430e+02
-6.24465e-01 2.62413e+00 7.59943e+02
-6.54547e-01 2.68712e+00 7.55816e+02
-6.85388e-01 2.75001e+00 7.52016e+02
-7.16989e-01 2.81281e+00 7.48516e+02
-7.49354e-01 2.87553e+00 7.45289e+02
-7.82483e-01 2.93818e+00 7.42313e+02
-8.16381e-01 3.00076e+00 7.39566e+02
-8.51049e-01 3.06328e+00 7.37031e+02
-8.86492e-01 3.12575e+00 7.34688e+02
-9.22712e-01 3.18818e+00 7.32524e+02
-9.59712e-01 3.25058e+00 7.30524e+02
-9.97497e-01 3.31296e+00 7.28675e+02
-1.03607e+00 3.37532e+00 7.26966e+02
-1.07543e+00 3.43768e+00 7.25386e+02
-1.11560e+00 3.50003e+00 7.23925e+02
-1.15656e+00 3.56240e+00 7.22575e+02
-1.19833e+00 3.62479e+00 7.21327e+02
-1.24091e+00 3.68720e+00 7.20173e+02
-1.28430e+00 3.74965e+00 7.19107e+02
-1.32852e+00 3.81214e+00 7.18123e+02
-1.37356e+00 3.87469e+00 7.17215e+02
-1.41943e+00 3.93729e+00 7.16377e+02
-1.46615e+00 3.99997e+00 7.15605e+02
-1.07906e-01 9.51669e-01 1.49768e+03
-1.13988e-01 1.01524e+00 1.39802e+03
-1.20747e-01 1.07863e+00 1.30890e+03
-1.28182e-01 1.14187e+00 1.22981e+03
-1.36288e-01 1.20494e+00 1.16010e+03
-1.45064e-01 1.26787e+00 1.09905e+03
-1.54507e-01 1.33065e+00 1.04590e+03
-1.64615e-01 1.39330e+00 9.99919e+02
-1.75385e-01 1.45583e+00 9.60382e+02
-1.86817e-01 1.51824e+00 9.26614e+02
-1.98908e-01 1.58054e+00 8.97988e+02
-2.11656e-01 1.64273e+00 8.73928e+02
-2.25061e-01 1.70483e+00 8.53914e+02
-2.39120e-01 1.76685e+00 8.37477e+02
-2.53833e-01 1.82878e+00 8.24198e+02
-2.69200e-01 1.89064e+00 8.13703e+02
-2.85218e-01 1.95243e+00 8.05661e+02
-3.01888e-01 2.01416e+00 7.99776e+02
-3.19208e-01 2.07585e+00 7.95791e+02
-3.37179e-01 2.13748e+00 7.93475e+02
-3.55801e-01 2.19908e+00 7.92626e+02
-3.75073e-01 2.26065e+00 7.93067e+02
-3.94995e-01 2.32220e+00 7.94641e+02
-4.15568e-01 2.38373e+00 7.97209e+02
-4.36792e-01 2.44525e+00 8.00651e+02
-4.59129e-01 2.50745e+00 7.72525e+02
-4.82564e-01 2.57026e+00 7.67491e+02
-5.06630e-01 2.63296e+00 7.62897e+02
-5.31330e-01 2.69556e+00 7.58701e+02
-5.56664e-01 2.75808e+00 7.54869e+02
-5.82633e-01 2.82051e+00 7.51366e+02
-6.09239e-01 2.88286e+00 7.48163e+02
-6.36484e-01 2.94514e+00 7.45235e+02
-6.64369e-01 3.00736e+00 7.42557e+02
-6.92896e-01 3.06953e+00 7.40108e+02
-7.22068e-01 3.13164e+00 7.37870e+02
-7.51887e-01 3.19372e+00 7.35824e+02
-7.82354e-01 3.25575e+00 7.33954e+02
-8.13472e-01 3.31776e+00 7.32247e+02
-8.45244e-01 3.37975e+00 7.30690e+02
-8.77673e-01 3.44173e+00 7.29270e+02
-9.10762e-01 3.50369e+00 7.27977e+02
-9.44513e-01 3.56566e+00 7.26800e+02
-9.78929e-01 3.62763e+00 7.25732e+02
-1.01402e+00 3.68962e+00 7.24763e+02
-1.04977e+00 3.75162e+00 7.23887e+02
-1.08621e+00 3.81365e+00 7.23095e+02
-1.12332e+00 3.87572e+00 7.22383e+02
-1.16112e+00 3.93782e+00 7.21744e+02
-1.19960e+00 3.99997e+00 7.21172e+02
-8.08192e-02 9.64500e-01 1.55957e+03
-8.53306e-02 1.02763e+00 1.45106e+03
-9.03670e-02 1.09062e+00 1.35359e+03
-9.59267e-02 1.15349e+00 1.26681e+03
-1.02008e-01 1.21622e+00 1.19019e+03
-1.08610e-01 1.27884e+00 1.12304e+03
-1.15730e-01 1.34135e+00 1.06462e+03
-1.23367e-01 1.40375e+00 1.01414e+03
-1.31521e-01 1.46605e+00 9.70835e+02
-1.40190e-01 1.52825e+00 9.33967e+02
-1.49372e-01 1.59036e+00 9.02840e+02
-1.59068e-01 1.65239e+00 8.76809e+02
-1.69276e-01 1.71434e+00 8.55290e+02
-1.79995e-01 1.77622e+00 8.37752e+02
-1.91225e-01 1.83803e+00 8.23720e+02
-2.02965e-01 1.89977e+00 8.12769e+02
-2.15214e-01 1.96147e+00 8.04524e+02
-2.27973e-01 2.02310e+00 7.98650e+02
-2.41241e-01 2.08470e+00 7.94854e+02
-2.55017e-01 2.14625e+00 7.92877e+02
-2.69302e-01 2.20777e+00 7.92492e+02
-2.84095e-01 2.26926e+00 7.93497e+02
-2.99396e-01 2.33072e+00 7.95717e+02
-3.15206e-01 2.39217e+00 7.98999e+02
-3.31525e-01 2.45360e+00 8.03205e+02
-3.48696e-01 2.51555e+00 7.75230e+02
-3.66707e-01 2.57795e+00 7.70082e+02
-3.85214e-01 2.64026e+00 7.65417e+02
-4.04216e-01 2.70249e+00 7.61186e+02
-4.23715e-01 2.76465e+00 7.57349e+02
-4.43711e-01 2.82674e+00 7.53870e+02
-4.64204e-01 2.88876e+00 7.50715e+02
-4.85197e-01 2.95072e+00 7.47855e+02
-5.06690e-01 3.01263e+00 7.45263e+02
-5.28683e-01 3.07448e+00 7.42916e+02
-5.51179e-01 3.13630e+00 7.40793e+02
-5.74179e-01 3.19807e+00 7.38873e+02
-5.97683e-01 3.25981e+00 7.37140e+02
-6.21694e-01 3.32152e+00 7.35578e+02
-6.46213e-01 3.38321e+00 7.34173e+02
-6.71241e-01 3.44488e+00 7.32911e+02
-6.96781e-01 3.50654e+00 7.31781e+02
-7.22833e-01 3.56819e+00 7.30773e+02
-7.49401e-01 3.62984e+00 7.29876e+02
-7.76485e-01 3.69149e+00 7.29082e+02
-8.04088e-01 3.75315e+00 7.28382e+02
-8.32213e-01 3.81482e+00 7.27769e+02
-8.60860e-01 3.87651e+00 7.27237e+02
-8.90033e-01 3.93823e+00 7.26779e+02
-9.19734e-01 3.99997e+00 7.26389e+02
-5.37829e-02 9.76833e-01 1.62168e+03
-5.67575e-02 1.03942e+00 1.50419e+03
-6.00930e-02 1.10192e+00 1.39817e+03
-6.37885e-02 1.16432e+00 1.30350e+03
-6.78434e-02 1.22664e+00 1.21978e+03
-7.22568e-02 1.28887e+00 1.14639e+03
-7.70281e-02 1.35102e+00 1.08257e+03
-8.21567e-02 1.41310e+00 1.02751e+03
-8.76420e-02 1.47510e+00 9.80396e+02
-9.34834e-02 1.53704e+00 9.40414e+02
-9.96805e-02 1.59891e+00 9.06796e+02
-1.06233e-01 1.66072e+00 8.78824e+02
-1.13140e-01 1.72247e+00 8.55841e+02
-1.20401e-01 1.78417e+00 8.37251e+02
-1.28017e-01 1.84582e+00 8.22517e+02
-1.35986e-01 1.90743e+00 8.11162e+02
-1.44309e-01 1.96899e+00 8.02761e+02
-1.52985e-01 2.03051e+00 7.96941e+02
-1.62015e-01 2.09200e+00 7.93371e+02
-1.71397e-01 2.15346e+00 7.91761e+02
-1.81133e-01 2.21489e+00 7.91857e+02
-1.91221e-01 2.27629e+00 7.93438e+02
-2.01663e-01 2.33768e+00 7.96307e+02
-2.12457e-01 2.39904e+00 8.00296e+02
-2.23604e-01 2.46040e+00 8.05255e+02
-2.35331e-01 2.52209e+00 7.77413e+02
-2.47630e-01 2.58410e+00 7.72196e+02
-2.60274e-01 2.64604e+00 7.67498e+02
-2.73263e-01 2.70792e+00 7.63269e+02
-2.86596e-01 2.76974e+00 7.59462e+02
-3.00274e-01 2.83151e+00 7.56036e+02
-3.14299e-01 2.89324e+00 7.52955e+02
-3.28669e-01 2.95491e+00 7.50186e+02
-3.43386e-01 3.01655e+00 7.47700e+02
-3.58450e-01 3.07815e+00 7.45471e+02
-3.73862e-01 3.13971e+00 7.43476e+02
-3.89622e-01 3.20124e+00 7.41694e+02
-4.05731e-01 3.26275e+00 7.40106e+02
-4.22189e-01 3.32423e+00 7.38694e+02
-4.38998e-01 3.38569e+00 7.37444e+02
-4.56158e-01 3.44714e+00 7.36342e+02
-4.73669e-01 3.50857e+00 7.35374e+02
-4.91533e-01 3.56999e+00 7.34530e+02
-5.09751e-01 3.63141e+00 7.33799e+02
-5.28324e-01 3.69282e+00 7.33172e+02
-5.47251e-01 3.75423e+00 7.32640e+02
-5.66535e-01 3.81565e+00 7.32195e+02
-5.86177e-01 3.87708e+00 7.31831e+02
-6.06177e-01 3.93852e+00 7.31540e+02
-6.26537e-01 3.99997e+00 7.31318e+02
-2.68354e-02 9.88664e-01 1.68395e+03
-2.83066e-02 1.05062e+00 1.55728e+03
-2.99635e-02 1.11252e+00 1.44248e+03
-3.18059e-02 1.17438e+00 1.33971e+03
-3.38337e-02 1.23619e+00 1.24869e+03
-3.60465e-02 1.29795e+00 1.16888e+03
-3.84443e-02 1.35968e+00 1.09955e+03
-4.10269e-02 1.42136e+00 1.03986e+03
-4.37941e-02 1.48301e+00 9.88909e+02
-4.67457e-02 1.54462e+00 9.45824e+02
-4.98817e-02 1.60619e+00 9.09751e+02
-5.32020e-02 1.66774e+00 8.79892e+02
-5.67063e-02 1.72925e+00 8.55511e+02
-6.03946e-02 1.79073e+00 8.35938e+02
-6.42669e-02 1.85219e+00 8.20574e+02
-6.83230e-02 1.91362e+00 8.08882e+02
-7.25628e-02 1.97502e+00 8.00388e+02
-7.69864e-02 2.03641e+00 7.94675e+02
-8.15937e-02 2.09777e+00 7.91374e+02
-8.63845e-02 2.15912e+00 7.90166e+02
-9.13590e-02 2.22045e+00 7.90769e+02
-9.65171e-02 2.28177e+00 7.92939e+02
-1.01859e-01 2.34307e+00 7.96463e+02
-1.07384e-01 2.40437e+00 8.01155e+02
-1.13093e-01 2.46565e+00 8.06853e+02
-1.19098e-01 2.52711e+00 7.79066e+02
-1.25394e-01 2.58872e+00 7.73827e+02
-1.31871e-01 2.65029e+00 7.69142e+02
-1.38527e-01 2.71184e+00 7.64954e+02
-1.45362e-01 2.77335e+00 7.61212e+02
-1.52378e-01 2.83484e+00 7.57872e+02
-1.59573e-01 2.89629e+00 7.54893e+02
-1.66948e-01 2.95773e+00 7.52240e+02
-1.74503e-01 3.01913e+00 7.49882e+02
-1.82238e-01 3.08052e+00 7.47790e+02
-1.90154e-01 3.14189e+00 7.45939e+02
-1.98250e-01 3.20324e+00 7.44307e+02
-2.06526e-01 3.26457e+00 7.42872e+02
-2.14984e-01 3.32589e+00 7.41619e+02
-2.23622e-01 3.38720e+00 7.40529e+02
-2.32442e-01 3.44849e+00 7.39588e+02
-2.41443e-01 3.50978e+00 7.38783e+02
-2.50626e-01 3.57106e+00 7.38102e+02
-2.59991e-01 3.63233e+00 7.37534e+02
-2.69537e-01 3.69361e+00 7.37069e+02
-2.79267e-01 3.75487e+00 7.36698e+02
-2.89178e-01 3.81614e+00 7.36414e+02
-2.99273e-01 3.87742e+00 7.36209e+02
-3.09551e-01 3.93869e+00 7.36077e+02
-3.20012e-01 3.99997e+00 7.36010e+02
-1.31066e-05 9.99995e-01 1.74630e+03
-1.38192e-05 1.06122e+00 1.61021e+03
-1.46252e-05 1.12244e+00 1.48637e+03
-1.55246e-05 1.18367e+00 1.37522e+03
-1.65175e-05 1.24489e+00 1.27669e+03
-1.76038e-05 1.30612e+00 1.19032e+03
-1.87835e-05 1.36734e+00 1.11539e+03
-2.00567e-05 1.42856e+00 1.05101e+03
-2.14233e-05 1.48979e+00 9.96223e+02
-2.28834e-05 1.55101e+00 9.50072e+02
-2.44369e-05 1.61224e+00 9.11609e+02
-2.60838e-05 1.67346e+00 8.79943e+02
-2.78242e-05 1.73468e+00 8.54253e+02
-2.96580e-05 1.79591e+00 8.33791e+02
-3.15853e-05 1.85713e+00 8.17886e+02
-3.36060e-05 1.91836e+00 8.05940e+02
-3.57201e-05 1.97958e+00 7.97427e+02
-3.79277e-05 2.04080e+00 7.91884e+02
-4.02287e-05 2.10203e+00 7.88906e+02
-4.26232e-05 2.16325e+00 7.88139e+02
-4.51111e-05 2.22448e+00 7.89278e+02
-4.76924e-05 2.28570e+00 7.92054e+02
-5.03672e-05 2.34692e+00 7.96238e+02
-5.31354e-05 2.40815e+00 8.01630e+02
-5.59971e-05 2.46937e+00 8.08054e+02
-5.90064e-05 2.53060e+00 7.80185e+02
-6.21620e-05 2.59182e+00 7.74976e+02
-6.54091e-05 2.65304e+00 7.70351e+02
-6.87477e-05 2.71427e+00 7.66247e+02
-7.21778e-05 2.77549e+00 7.62609e+02
-7.56994e-05 2.83672e+00 7.59388e+02
-7.93125e-05 2.89794e+00 7.56542e+02
-8.30171e-05 2.95916e+00 7.54031e+02
-8.68132e-05 3.02039e+00 7.51823e+02
-9.07008e-05 3.08161e+00 7.49887e+02
-9.46800e-05 3.14284e+00 7.48196e+02
-9.87506e-05 3.20406e+00 7.46727e+02
-1.02913e-04 3.26528e+00 7.45458e+02
-1.07166e-04 3.32651e+00 7.44370e+02
-1.11512e-04 3.38773e+00 7.43446e+02
-1.15948e-04 3.44896e+00 7.42671e+02
-1.20476e-04 3.51018e+00 7.42030e+02
-1.25096e-04 3.57140e+00 7.41513e+02
-1.29807e-04 3.63263e+00 7.41106e+02
-1.34610e-04 3.69385e+00 7.40801e+02
-1.39504e-04 3.75507e+00 7.40588e+02
-1.44490e-04 3.81630e+00 7.40459e+02
-1.49567e-04 3.87752e+00 7.40407e+02
-1.54736e-04 3.93875e+00 7.40425e+02
-1.59996e-04 3.99997e+00 7.40506e+02
