-1.00000e+00 0.00000e+00 6.68780e+02
-1.06122e+00 0.00000e+00 6.51377e+02
-1.12245e+00 0.00000e+00 6.35262e+02
-1.18367e+00 0.00000e+00 6.20647e+02
-1.24490e+00 0.00000e+00 6.07644e+02
-1.30612e+00 0.00000e+00 5.96282e+02
-1.36734e+00 0.00000e+00 5.86533e+02
-1.42857e+00 0.00000e+00 5.78330e+02
-1.48979e+00 0.00000e+00 5.71580e+02
-1.55101e+00 0.00000e+00 5.66179e+02
-1.61224e+00 0.00000e+00 5.62014e+02
-1.67346e+00 0.00000e+00 5.58975e+02
-1.73469e+00 0.00000e+00 5.56956e+02
-1.79591e+00 0.00000e+00 5.55854e+02
-1.85713e+00 0.00000e+00 5.55578e+02
-1.91836e+00 0.00000e+00 5.56041e+02
-1.97958e+00 0.00000e+00 5.57166e+02
-2.04081e+00 0.00000e+00 5.58883e+02
-2.10203e+00 0.00000e+00 5.61128e+02
-2.16325e+00 0.00000e+00 5.63847e+02
-2.22448e+00 0.00000e+00 5.66989e+02
-2.28570e+00 0.00000e+00 5.70510e+02
-2.34693e+00 0.00000e+00 5.74370e+02
-2.40815e+00 0.00000e+00 5.78533e+02
-2.46937e+00 0.00000e+00 5.82969e+02
-2.53060e+00 0.00000e+00 5.87651e+02
-2.59182e+00 0.00000e+00 5.92552e+02
-2.65304e+00 0.00000e+00 5.97652e+02
-2.71427e+00 0.00000e+00 6.02931e+02
-2.77549e+00 0.00000e+00 6.08370e+02
-2.83672e+00 0.00000e+00 6.13956e+02
-2.89794e+00 0.00000e+00 6.19674e+02
-2.95916e+00 0.00000e+00 6.25511e+02
-3.02039e+00 0.00000e+00 6.31456e+02
-3.08161e+00 0.00000e+00 6.37500e+02
-3.14284e+00 0.00000e+00 6.43633e+02
-3.20406e+00 0.00000e+00 6.49848e+02
-3.26528e+00 0.00000e+00 6.56136e+02
-3.32651e+00 0.00000e+00 6.62493e+02
-3.38773e+00 0.00000e+00 6.68911e+02
-3.44896e+00 0.00000e+00 6.75386e+02
-3.51018e+00 0.00000e+00 6.81912e+02
-3.57140e+00 0.00000e+00 6.88486e+02
-3.63263e+00 0.00000e+00 6.95103e+02
-3.69385e+00 0.00000e+00 7.01760e+02
-3.75507e+00 0.00000e+00 7.08453e+02
-3.81630e+00 0.00000e+00 7.15180e+02
-3.87752e+00 0.00000e+00 7.21938e+02
-3.93875e+00 0.00000e+00 7.28725e+02
-3.99997e+00 0.00000e+00 7.35537e+02
-9.89526e-01 2.47775e-02 6.58260e+02
-1.05181e+00 2.63840e-02 6.41043e+02
-1.11404e+00 2.81758e-02 6.25319e+02
-1.17620e+00 3.01526e-02 6.11218e+02
-1.23830e+00 3.23142e-02 5.98786e+02
-1.30034e+00 3.46605e-02 5.88010e+02
-1.36233e+00 3.71912e-02 5.78833e+02
-1.42426e+00 3.99063e-02 5.71171e+02
-1.48613e+00 4.28055e-02 5.64921e+02
-1.54796e+00 4.58888e-02 5.59975e+02
-1.60973e+00 4.91560e-02 5.56220e+02
-1.67146e+00 5.26069e-02 5.53547e+02
-1.73314e+00 5.62415e-02 5.51854e+02
-1.79478e+00 6.00597e-02 5.51043e+02
-1.85637e+00 6.40614e-02 5.51025e+02
-1.91793e+00 6.82465e-02 5.51717e+02
-1.97945e+00 7.26149e-02 5.53047e+02
-2.04093e+00 7.71667e-02 5.54947e+02
-2.10238e+00 8.19017e-02 5.57358e+02
-2.16379e+00 8.68200e-02 5.60225e+02
-2.22517e+00 9.19214e-02 5.63502e+02
-2.28653e+00 9.72061e-02 5.67145e+02
-2.34785e+00 1.02674e-01 5.71116e+02
-2.40915e+00 1.08325e-01 5.75381e+02
-2.47043e+00 1.14159e-01 5.79911e+02
-2.53169e+00 1.20177e-01 5.84678e+02
-2.59292e+00 1.26378e-01 5.89659e+02
-2.65414e+00 1.32762e-01 5.94832e+02
-2.71534e+00 1.39330e-01 6.00178e+02
-2.77653e+00 1.46081e-01 6.05680e+02
-2.83770e+00 1.53016e-01 6.11323e+02
-2.89887e+00 1.60135e-01 6.17093e+02
-2.96002e+00 1.67437e-01 6.22978e+02
-3.02117e+00 1.74923e-01 6.28968e+02
-3.08231e+00 1.82594e-01 6.35051e+02
-3.14344e+00 1.90448e-01 6.41221e+02
-3.20458e+00 1.98487e-01 6.47467e+02
-3.26571e+00 2.06711e-01 6.53784e+02
-3.32685e+00 2.15119e-01 6.60166e+02
-3.38799e+00 2.23712e-01 6.66605e+02
-3.44914e+00 2.32490e-01 6.73097e+02
-3.51029e+00 2.41453e-01 6.79637e+02
-3.57145e+00 2.50602e-01 6.86220e+02
-3.63262e+00 2.59937e-01 6.92844e+02
-3.69380e+00 2.69457e-01 6.99504e+02
-3.75500e+00 2.79164e-01 7.06196e+02
-3.81622e+00 2.89057e-01 7.12919e+02
-3.87745e+00 2.99137e-01 7.19669e+02
-3.93870e+00 3.09404e-01 7.26444e+02
-3.99997e+00 3.19858e-01 7.33242e+02
-9.78510e-01 4.98228e-02 6.48568e+02
-1.04176e+00 5.30715e-02 6.31627e+02
-1.10489e+00 5.66798e-02 6.16353e+02
-1.16789e+00 6.06469e-02 6.02801e+02
-1.23078e+00 6.49720e-02 5.90962e+02
-1.29355e+00 6.96545e-02 5.80784e+02
-1.35621e+00 7.46937e-02 5.72185e+02
-1.41877e+00 8.00890e-02 5.65063e+02
-1.48122e+00 8.58398e-02 5.59308e+02
-1.54358e+00 9.19456e-02 5.54809e+02
-1.60585e+00 9.84059e-02 5.51452e+02
-1.66802e+00 1.05220e-01 5.49133e+02
-1.73011e+00 1.12388e-01 5.47750e+02
-1.79211e+00 1.19910e-01 5.47210e+02
-1.85403e+00 1.27784e-01 5.47429e+02
-1.91588e+00 1.36011e-01 5.48328e+02
-1.97766e+00 1.44591e-01 5.49837e+02
-2.03937e+00 1.53523e-01 5.51893e+02
-2.10102e+00 1.62807e-01 5.54439e+02
-2.16261e+00 1.72444e-01 5.57424e+02
-2.22414e+00 1.82432e-01 5.60803e+02
-2.28562e+00 1.92772e-01 5.64535e+02
-2.34704e+00 2.03465e-01 5.68583e+02
-2.40843e+00 2.14509e-01 5.72916e+02
-2.46977e+00 2.25906e-01 5.77504e+02
-2.53107e+00 2.37655e-01 5.82322e+02
-2.59234e+00 2.49756e-01 5.87347e+02
-2.65357e+00 2.62210e-01 5.92557e+02
-2.71478e+00 2.75017e-01 5.97935e+02
-2.77596e+00 2.88177e-01 6.03465e+02
-2.83713e+00 3.01691e-01 6.09131e+02
-2.89827e+00 3.15559e-01 6.14920e+02
-2.95940e+00 3.29782e-01 6.20821e+02
-3.02053e+00 3.44359e-01 6.26822e+02
-3.08164e+00 3.59292e-01 6.32914e+02
-3.14275e+00 3.74580e-01 6.39089e+02
-3.20387e+00 3.90225e-01 6.45339e+02
-3.26498e+00 4.06227e-01 6.51656e+02
-3.32611e+00 4.22587e-01 6.58035e+02
-3.38724e+00 4.39306e-01 6.64469e+02
-3.44839e+00 4.56383e-01 6.70953e+02
-3.50956e+00 4.73821e-01 6.77484e+02
-3.57075e+00 4.91619e-01 6.84055e+02
-3.63196e+00 5.09779e-01 6.90664e+02
-3.69321e+00 5.28302e-01 6.97307e+02
-3.75448e+00 5.47188e-01 7.03981e+02
-3.81579e+00 5.66439e-01 7.10683e+02
-3.87714e+00 5.86056e-01 7.17410e+02
-3.93853e+00 6.06039e-01 7.24159e+02
-3.99997e+00 6.26390e-01 7.30930e+02
-9.66950e-01 7.51073e-02 6.39700e+02
-1.03106e+00 8.00339e-02 6.23111e+02
-1.09498e+00 8.54829e-02 6.08340e+02
-1.15873e+00 9.14528e-02 5.95372e+02
-1.22231e+00 9.79420e-02 5.84148e+02
-1.28572e+00 1.04949e-01 5.74580e+02
-1.34898e+00 1.12472e-01 5.66563e+02
-1.41208e+00 1.20511e-01 5.59983e+02
-1.47504e+00 1.29063e-01 5.54722e+02
-1.53787e+00 1.38128e-01 5.50664e+02
-1.60055e+00 1.47705e-01 5.47699e+02
-1.66311e+00 1.57793e-01 5.45722e+02
-1.72555e+00 1.68391e-01 5.44636e+02
-1.78788e+00 1.79498e-01 5.44352e+02
-1.85009e+00 1.91114e-01 5.44790e+02
-1.91219e+00 2.03238e-01 5.45875e+02
-1.97420e+00 2.15870e-01 5.47541e+02
-2.03612e+00 2.29009e-01 5.49728e+02
-2.09794e+00 2.42655e-01 5.52383e+02
-2.15969e+00 2.56808e-01 5.55457e+02
-2.22136e+00 2.71468e-01 5.58908e+02
-2.28295e+00 2.86634e-01 5.62697e+02
-2.34448e+00 3.02307e-01 5.66790e+02
-2.40595e+00 3.18487e-01 5.71157e+02
-2.46736e+00 3.35175e-01 5.75769e+02
-2.52873e+00 3.52369e-01 5.80603e+02
-2.59004e+00 3.70072e-01 5.85637e+02
-2.65132e+00 3.88282e-01 5.90850e+02
-2.71257e+00 4.07002e-01 5.96225e+02
-2.77378e+00 4.26231e-01 6.01748e+02
-2.83497e+00 4.45971e-01 6.07402e+02
-2.89615e+00 4.66222e-01 6.13176e+02
-2.95731e+00 4.86985e-01 6.19059e+02
-3.01846e+00 5.08261e-01 6.25039e+02
-3.07961e+00 5.30051e-01 6.31109e+02
-3.14076e+00 5.52356e-01 6.37258e+02
-3.20192e+00 5.75178e-01 6.43481e+02
-3.26309e+00 5.98517e-01 6.49769e+02
-3.32427e+00 6.22377e-01 6.56117e+02
-3.38548e+00 6.46756e-01 6.62520e+02
-3.44672e+00 6.71659e-01 6.68972e+02
-3.50799e+00 6.97085e-01 6.75468e+02
-3.56930e+00 7.23037e-01 6.82005e+02
-3.63066e+00 7.49517e-01 6.88578e+02
-3.69206e+00 7.76527e-01 6.95185e+02
-3.75351e+00 8.04068e-01 7.01821e+02
-3.81503e+00 8.32143e-01 7.08485e+02
-3.87660e+00 8.60754e-01 7.15173e+02
-3.93825e+00 8.89904e-01 7.21884e+02
-3.99997e+00 9.19594e-01 7.28615e+02
-9.54845e-01 1.00600e-01 6.31658e+02
-1.01969e+00 1.07240e-01 6.15489e+02
-1.08431e+00 1.14554e-01 6.01265e+02
-1.14870e+00 1.22538e-01 5.88910e+02
-1.21287e+00 1.31191e-01 5.78318e+02
-1.27684e+00 1.40509e-01 5.69370e+02
-1.34060e+00 1.50490e-01 5.61941e+02
-1.40418e+00 1.61132e-01 5.55904e+02
-1.46757e+00 1.72434e-01 5.51134e+02
-1.53078e+00 1.84393e-01 5.47514e+02
-1.59383e+00 1.97008e-01 5.44933e+02
-1.65672e+00 2.10277e-01 5.43290e+02
-1.71946e+00 2.24199e-01 5.42491e+02
-1.78205e+00 2.38772e-01 5.42450e+02
-1.84451e+00 2.53996e-01 5.43091e+02
-1.90684e+00 2.69870e-01 5.44344e+02
-1.96904e+00 2.86393e-01 5.46147e+02
-2.03114e+00 3.03565e-01 5.48443e+02
-2.09312e+00 3.21384e-01 5.51182e+02
-2.15501e+00 3.39851e-01 5.54320e+02
-2.21680e+00 3.58966e-01 5.57815e+02
-2.27851e+00 3.78728e-01 5.61633e+02
-2.34015e+00 3.99138e-01 5.65741e+02
-2.40171e+00 4.20196e-01 5.70109e+02
-2.46321e+00 4.41903e-01 5.74714e+02
-2.52465e+00 4.64259e-01 5.79531e+02
-2.58604e+00 4.87264e-01 5.84539e+02
-2.64739e+00 5.10920e-01 5.89721e+02
-2.70870e+00 5.35227e-01 5.95060e+02
-2.76998e+00 5.60187e-01 6.00541e+02
-2.83124e+00 5.85802e-01 6.06150e+02
-2.89249e+00 6.12071e-01 6.11876e+02
-2.95373e+00 6.38998e-01 6.17707e+02
-3.01496e+00 6.66583e-01 6.23634e+02
-3.07620e+00 6.94829e-01 6.29648e+02
-3.13745e+00 7.23738e-01 6.35742e+02
-3.19873e+00 7.53311e-01 6.41907e+02
-3.26002e+00 7.83551e-01 6.48137e+02
-3.32135e+00 8.14460e-01 6.54427e+02
-3.38271e+00 8.46041e-01 6.60771e+02
-3.44413e+00 8.78297e-01 6.67165e+02
-3.50559e+00 9.11230e-01 6.73603e+02
-3.56711e+00 9.44843e-01 6.80082e+02
-3.62870e+00 9.79140e-01 6.86598e+02
-3.69036e+00 1.01412e+00 6.93148e+02
-3.75209e+00 1.04980e+00 6.99729e+02
-3.81392e+00 1.08617e+00 7.06338e+02
-3.87583e+00 1.12323e+00 7.12973e+02
-3.93785e+00 1.16100e+00 7.19630e+02
-3.99997e+00 1.19947e+00 7.26310e+02
-9.42196e-01 1.26269e-01 6.24457e+02
-1.00767e+00 1.34658e-01 6.08758e+02
-1.07287e+00 1.43860e-01 5.95117e+02
-1.13779e+00 1.53869e-01 5.83396e+02
-1.20246e+00 1.64683e-01 5.73449e+02
-1.26688e+00 1.76297e-01 5.65128e+02
-1.33107e+00 1.88708e-01 5.58289e+02
-1.39503e+00 2.01913e-01 5.52793e+02
-1.45878e+00 2.15910e-01 5.48512e+02
-1.52232e+00 2.30695e-01 5.45324e+02
-1.58566e+00 2.46267e-01 5.43122e+02
-1.64882e+00 2.62622e-01 5.41805e+02
-1.71180e+00 2.79760e-01 5.41282e+02
-1.77462e+00 2.97678e-01 5.41473e+02
-1.83728e+00 3.16375e-01 5.42303e+02
-1.89979e+00 3.35850e-01 5.43709e+02
-1.96217e+00 3.56102e-01 5.45631e+02
-2.02441e+00 3.77129e-01 5.48016e+02
-2.08654e+00 3.98932e-01 5.50818e+02
-2.14855e+00 4.21510e-01 5.53996e+02
-2.21047e+00 4.44863e-01 5.57511e+02
-2.27229e+00 4.68991e-01 5.61330e+02
-2.33403e+00 4.93895e-01 5.65424e+02
-2.39569e+00 5.19574e-01 5.69766e+02
-2.45728e+00 5.46029e-01 5.74333e+02
-2.51882e+00 5.73262e-01 5.79101e+02
-2.58030e+00 6.01273e-01 5.84054e+02
-2.64175e+00 6.30064e-01 5.89172e+02
-2.70316e+00 6.59636e-01 5.94442e+02
-2.76455e+00 6.89991e-01 5.99849e+02
-2.82592e+00 7.21131e-01 6.05380e+02
-2.88729e+00 7.53059e-01 6.11024e+02
-2.94866e+00 7.85775e-01 6.16772e+02
-3.01003e+00 8.19284e-01 6.22615e+02
-3.07142e+00 8.53587e-01 6.28543e+02
-3.13284e+00 8.88689e-01 6.34549e+02
-3.19429e+00 9.24591e-01 6.40627e+02
-3.25579e+00 9.61297e-01 6.46771e+02
-3.31733e+00 9.98811e-01 6.52975e+02
-3.37893e+00 1.03714e+00 6.59234e+02
-3.44060e+00 1.07628e+00 6.65543e+02
-3.50234e+00 1.11624e+00 6.71899e+02
-3.56417e+00 1.15702e+00 6.78297e+02
-3.62609e+00 1.19864e+00 6.84735e+02
-3.68810e+00 1.24109e+00 6.91209e+02
-3.75023e+00 1.28437e+00 6.97716e+02
-3.81247e+00 1.32850e+00 7.04253e+02
-3.87483e+00 1.37349e+00 7.10819e+02
-3.93733e+00 1.41932e+00 7.17412e+02
-3.99997e+00 1.46602e+00 7.24028e+02
-9.29006e-01 1.52079e-01 6.18117e+02
-9.94986e-01 1.62253e-01 6.02927e+02
-1.06065e+00 1.73365e-01 5.89891e+02
-1.12600e+00 1.85409e-01 5.78817e+02
-1.19106e+00 1.98381e-01 5.69520e+02
-1.25585e+00 2.12274e-01 5.61827e+02
-1.32036e+00 2.27086e-01 5.55574e+02
-1.38463e+00 2.42811e-01 5.50616e+02
-1.44865e+00 2.59447e-01 5.46816e+02
-1.51244e+00 2.76988e-01 5.44055e+02
-1.57602e+00 2.95433e-01 5.42223e+02
-1.63939e+00 3.14779e-01 5.41222e+02
-1.70256e+00 3.35022e-01 5.40966e+02
-1.76556e+00 3.56161e-01 5.41377e+02
-1.82838e+00 3.78195e-01 5.42385e+02
-1.89104e+00 4.01120e-01 5.43928e+02
-1.95355e+00 4.24937e-01 5.45953e+02
-2.01593e+00 4.49643e-01 5.48410e+02
-2.07818e+00 4.75239e-01 5.51257e+02
-2.14031e+00 5.01725e-01 5.54453e+02
-2.20233e+00 5.29099e-01 5.57966e+02
-2.26426e+00 5.57362e-01 5.61763e+02
-2.32611e+00 5.86515e-01 5.65819e+02
-2.38788e+00 6.16558e-01 5.70108e+02
-2.44958e+00 6.47492e-01 5.74608e+02
-2.51123e+00 6.79319e-01 5.79301e+02
-2.57284e+00 7.12041e-01 5.84167e+02
-2.63441e+00 7.45658e-01 5.89193e+02
-2.69595e+00 7.80174e-01 5.94363e+02
-2.75749e+00 8.15590e-01 5.99665e+02
-2.81901e+00 8.51910e-01 6.05088e+02
-2.88054e+00 8.89136e-01 6.10621e+02
-2.94209e+00 9.27272e-01 6.16255e+02
-3.00366e+00 9.66321e-01 6.21982e+02
-3.06527e+00 1.00629e+00 6.27793e+02
-3.12691e+00 1.04717e+00 6.33684e+02
-3.18862e+00 1.08899e+00 6.39646e+02
-3.25038e+00 1.13173e+00 6.45675e+02
-3.31222e+00 1.17540e+00 6.51766e+02
-3.37414e+00 1.22002e+00 6.57914e+02
-3.43615e+00 1.26558e+00 6.64114e+02
-3.49826e+00 1.31210e+00 6.70364e+02
-3.56048e+00 1.35957e+00 6.76660e+02
-3.62283e+00 1.40800e+00 6.82998e+02
-3.68530e+00 1.45741e+00 6.89376e+02
-3.74791e+00 1.50779e+00 6.95791e+02
-3.81068e+00 1.55916e+00 7.02242e+02
-3.87360e+00 1.61152e+00 7.08725e+02
-3.93670e+00 1.66488e+00 7.15239e+02
-3.99997e+00 1.71924e+00 7.21782e+02
-9.15280e-01 1.77994e-01 6.12669e+02
-9.81638e-01 1.89988e-01 5.98009e+02
-1.04764e+00 2.03033e-01 5.85588e+02
-1.11332e+00 2.17121e-01 5.75163e+02
-1.17867e+00 2.32245e-01 5.66513e+02
-1.24371e+00 2.48401e-01 5.59439e+02
-1.30847e+00 2.65581e-01 5.53765e+02
-1.37295e+00 2.83782e-01 5.49334e+02
-1.43717e+00 3.02998e-01 5.46006e+02
-1.50114e+00 3.23224e-01 5.43661e+02
-1.56488e+00 3.44458e-01 5.42188e+02
-1.62840e+00 3.66695e-01 5.41494e+02
-1.69172e+00 3.89932e-01 5.41493e+02
-1.75484e+00 4.14168e-01 5.42111e+02
-1.81778e+00 4.39399e-01 5.43283e+02
-1.88056e+00 4.65623e-01 5.44952e+02
-1.94318e+00 4.92840e-01 5.47065e+02
-2.00566e+00 5.21047e-01 5.49579e+02
-2.06802e+00 5.50245e-01 5.52452e+02
-2.13025e+00 5.80433e-01 5.55649e+02
-2.19238e+00 6.11611e-01 5.59139e+02
-2.25442e+00 6.43779e-01 5.62894e+02
-2.31637e+00 6.76938e-01 5.66889e+02
-2.37826e+00 7.11089e-01 5.71102e+02
-2.44009e+00 7.46233e-01 5.75512e+02
-2.50188e+00 7.82373e-01 5.80103e+02
-2.56363e+00 8.19511e-01 5.84858e+02
-2.62535e+00 8.57648e-01 5.89764e+02
-2.68707e+00 8.96788e-01 5.94807e+02
-2.74878e+00 9.36934e-01 5.99977e+02
-2.81050e+00 9.78090e-01 6.05263e+02
-2.87225e+00 1.02026e+00 6.10656e+02
-2.93403e+00 1.06345e+00 6.16148e+02
-2.99585e+00 1.10765e+00 6.21731e+02
-3.05773e+00 1.15289e+00 6.27398e+02
-3.11967e+00 1.19916e+00 6.33145e+02
-3.18169e+00 1.24647e+00 6.38964e+02
-3.24380e+00 1.29482e+00 6.44852e+02
-3.30601e+00 1.34422e+00 6.50804e+02
-3.36833e+00 1.39467e+00 6.56816e+02
-3.43076e+00 1.44620e+00 6.62884e+02
-3.49333e+00 1.49879e+00 6.69005e+02
-3.55605e+00 1.55246e+00 6.75176e+02
-3.61891e+00 1.60723e+00 6.81394e+02
-3.68194e+00 1.66308e+00 6.87658e+02
-3.74515e+00 1.72004e+00 6.93965e+02
-3.80855e+00 1.77812e+00 7.00312e+02
-3.87214e+00 1.83732e+00 7.06698e+02
-3.93594e+00 1.89766e+00 7.13122e+02
-3.99997e+00 1.95914e+00 7.19583e+02
-9.01024e-01 2.03976e-01 6.08152e+02
-9.67631e-01 2.17825e-01 5.94024e+02
-1.03386e+00 2.32824e-01 5.82214e+02
-1.09973e+00 2.48964e-01 5.72428e+02
-1.16527e+00 2.66236e-01 5.64411e+02
-1.23047e+00 2.84634e-01 5.57941e+02
-1.29537e+00 3.04151e-01 5.52828e+02
-1.35999e+00 3.24780e-01 5.48908e+02
-1.42432e+00 3.46517e-01 5.46037e+02
-1.48841e+00 3.69355e-01 5.44092e+02
-1.55224e+00 3.93290e-01 5.42965e+02
-1.61586e+00 4.18319e-01 5.42563e+02
-1.67926e+00 4.44437e-01 5.42804e+02
-1.74246e+00 4.71642e-01 5.43617e+02
-1.80549e+00 4.99931e-01 5.44941e+02
-1.86834e+00 5.29301e-01 5.46721e+02
-1.93104e+00 5.59752e-01 5.48910e+02
-1.99361e+00 5.91282e-01 5.51464e+02
-2.05605e+00 6.23890e-01 5.54349e+02
-2.11837e+00 6.57575e-01 5.57531e+02
-2.18060e+00 6.92339e-01 5.60982e+02
-2.24275e+00 7.28182e-01 5.64676e+02
-2.30482e+00 7.65104e-01 5.68591e+02
-2.36684e+00 8.03108e-01 5.72707e+02
-2.42881e+00 8.42195e-01 5.77007e+02
-2.49074e+00 8.82367e-01 5.81474e+02
-2.55266e+00 9.23628e-01 5.86095e+02
-2.61457e+00 9.65980e-01 5.90857e+02
-2.67649e+00 1.00943e+00 5.95750e+02
-2.73843e+00 1.05397e+00 6.00762e+02
-2.80039e+00 1.09962e+00 6.05886e+02
-2.86240e+00 1.14638e+00 6.11113e+02
-2.92447e+00 1.19425e+00 6.16437e+02
-2.98660e+00 1.24325e+00 6.21850e+02
-3.04881e+00 1.29336e+00 6.27348e+02
-3.11111e+00 1.34461e+00 6.32925e+02
-3.17352e+00 1.39700e+00 6.38576e+02
-3.23605e+00 1.45053e+00 6.44298e+02
-3.29870e+00 1.50522e+00 6.50087e+02
-3.36150e+00 1.56108e+00 6.55939e+02
-3.42445e+00 1.61810e+00 6.61852e+02
-3.48757e+00 1.67631e+00 6.67823e+02
-3.55086e+00 1.73570e+00 6.73849e+02
-3.61435e+00 1.79630e+00 6.79929e+02
-3.67804e+00 1.85810e+00 6.86060e+02
-3.74194e+00 1.92113e+00 6.92242e+02
-3.80607e+00 1.98539e+00 6.98472e+02
-3.87045e+00 2.05090e+00 7.04749e+02
-3.93507e+00 2.11767e+00 7.11072e+02
-3.99997e+00 2.18570e+00 7.17441e+02
-8.86246e-01 2.29984e-01 6.04616e+02
-9.52968e-01 2.45724e-01 5.91002e+02
-1.01930e+00 2.62698e-01 5.79781e+02
-1.08525e+00 2.80897e-01 5.70610e+02
-1.15085e+00 3.00310e-01 5.63199e+02
-1.21612e+00 3.20930e-01 5.57307e+02
-1.28107e+00 3.42749e-01 5.52732e+02
-1.34573e+00 3.65760e-01 5.49299e+02
-1.41010e+00 3.89955e-01 5.46863e+02
-1.47422e+00 4.15330e-01 5.45298e+02
-1.53809e+00 4.41880e-01 5.44498e+02
-1.60173e+00 4.69598e-01 5.44372e+02
-1.66517e+00 4.98483e-01 5.44839e+02
-1.72841e+00 5.28529e-01 5.45833e+02
-1.79147e+00 5.59735e-01 5.47294e+02
-1.85437e+00 5.92098e-01 5.49172e+02
-1.91712e+00 6.25616e-01 5.51421e+02
-1.97975e+00 6.60288e-01 5.54004e+02
-2.04226e+00 6.96114e-01 5.56886e+02
-2.10467e+00 7.33093e-01 5.60039e+02
-2.16699e+00 7.71226e-01 5.63435e+02
-2.22924e+00 8.10514e-01 5.67053e+02
-2.29144e+00 8.50957e-01 5.70872e+02
-2.35359e+00 8.92559e-01 5.74875e+02
-2.41572e+00 9.35322e-01 5.79046e+02
-2.47783e+00 9.79247e-01 5.83371e+02
-2.53994e+00 1.02434e+00 5.87838e+02
-2.60207e+00 1.07060e+00 5.92437e+02
-2.66423e+00 1.11804e+00 5.97157e+02
-2.72642e+00 1.16666e+00 6.01991e+02
-2.78867e+00 1.21647e+00 6.06931e+02
-2.85099e+00 1.26746e+00 6.11970e+02
-2.91340e+00 1.31966e+00 6.17103e+02
-2.97590e+00 1.37306e+00 6.22324e+02
-3.03851e+00 1.42767e+00 6.27629e+02
-3.10124e+00 1.48350e+00 6.33013e+02
-3.16410e+00 1.54056e+00 6.38474e+02
-3.22712e+00 1.59886e+00 6.44007e+02
-3.29030e+00 1.65841e+00 6.49610e+02
-3.35366e+00 1.71921e+00 6.55281e+02
-3.41721e+00 1.78128e+00 6.61018e+02
-3.48096e+00 1.84463e+00 6.66818e+02
-3.54493e+00 1.90927e+00 6.72680e+02
-3.60913e+00 1.97521e+00 6.78603e+02
-3.67358e+00 2.04246e+00 6.84586e+02
-3.73828e+00 2.11105e+00 6.90627e+02
-3.80326e+00 2.18097e+00 6.96726e+02
-3.86852e+00 2.25225e+00 7.02883e+02
-3.93409e+00 2.32491e+00 7.09096e+02
-3.99997e+00 2.39895e+00 7.15365e+02
-8.70957e-01 2.55977e-01 6.02116e+02
-9.37656e-01 2.73643e-01 5.88978e+02
-1.00395e+00 2.92613e-01 5.78306e+02
-1.06987e+00 3.12877e-01 5.69709e+02
-1.13543e+00 3.34424e-01 5.62867e+02
-1.20065e+00 3.57245e-01 5.57517e+02
-1.26555e+00 3.81330e-01 5.53444e+02
-1.33016e+00 4.06672e-01 5.50468e+02
-1.39449e+00 4.33265e-01 5.48438e+02
-1.45857e+00 4.61100e-01 5.47228e+02
-1.52240e+00 4.90174e-01 5.46732e+02
-1.58602e+00 5.20480e-01 5.46859e+02
-1.64943e+00 5.52015e-01 5.47534e+02
-1.71266e+00 5.84774e-01 5.48691e+02
-1.77572e+00 6.18755e-01 5.50274e+02
-1.83863e+00 6.53956e-01 5.52235e+02
-1.90141e+00 6.90375e-01 5.54532e+02
-1.96408e+00 7.28010e-01 5.57129e+02
-2.02664e+00 7.66861e-01 5.59996e+02
-2.08912e+00 8.06929e-01 5.63106e+02
-2.15153e+00 8.48214e-01 5.66436e+02
-2.21389e+00 8.90717e-01 5.69964e+02
-2.27622e+00 9.34440e-01 5.73673e+02
-2.33852e+00 9.79387e-01 5.77549e+02
-2.40082e+00 1.02556e+00 5.81576e+02
-2.46313e+00 1.07296e+00 5.85744e+02
-2.52546e+00 1.12160e+00 5.90042e+02
-2.58784e+00 1.17147e+00 5.94460e+02
-2.65027e+00 1.22259e+00 5.98992e+02
-2.71276e+00 1.27495e+00 6.03630e+02
-2.77535e+00 1.32858e+00 6.08367e+02
-2.83803e+00 1.38346e+00 6.13200e+02
-2.90082e+00 1.43962e+00 6.18122e+02
-2.96375e+00 1.49706e+00 6.23131e+02
-3.02682e+00 1.55578e+00 6.28223e+02
-3.09004e+00 1.61580e+00 6.33395e+02
-3.15344e+00 1.67713e+00 6.38644e+02
-3.21702e+00 1.73977e+00 6.43968e+02
-3.28080e+00 1.80374e+00 6.49366e+02
-3.34480e+00 1.86905e+00 6.54836e+02
-3.40904e+00 1.93572e+00 6.60377e+02
-3.47351e+00 2.00375e+00 6.65988e+02
-3.53825e+00 2.07315e+00 6.71669e+02
-3.60326e+00 2.14395e+00 6.77418e+02
-3.66856e+00 2.21616e+00 6.83237e+02
-3.73417e+00 2.28979e+00 6.89124e+02
-3.80010e+00 2.36486e+00 6.95080e+02
-3.86637e+00 2.44138e+00 7.01105e+02
-3.93298e+00 2.51937e+00 7.07200e+02
-3.99997e+00 2.59886e+00 7.13364e+02
-8.55169e-01 2.81913e-01 6.00722e+02
-9.21703e-01 3.01539e-01 5.87993e+02
-9.87835e-01 3.22526e-01 5.77810e+02
-1.05359e+00 3.44861e-01 5.69732e+02
-1.11899e+00 3.68532e-01 5.63406e+02
-1.18406e+00 3.93530e-01 5.58551e+02
-1.24882e+00 4.19846e-01 5.54936e+02
-1.31329e+00 4.47470e-01 5.52376e+02
-1.37749e+00 4.76394e-01 5.50716e+02
-1.44145e+00 5.06613e-01 5.49829e+02
-1.50518e+00 5.38121e-01 5.49608e+02
-1.56871e+00 5.70910e-01 5.49965e+02
-1.63205e+00 6.04979e-01 5.50825e+02
-1.69522e+00 6.40322e-01 5.52126e+02
-1.75824e+00 6.76936e-01 5.53813e+02
-1.82113e+00 7.14820e-01 5.55841e+02
-1.88390e+00 7.53971e-01 5.58171e+02
-1.94658e+00 7.94389e-01 5.60770e+02
-2.00918e+00 8.36074e-01 5.63610e+02
-2.07172e+00 8.79026e-01 5.66666e+02
-2.13422e+00 9.23246e-01 5.69916e+02
-2.19669e+00 9.68736e-01 5.73344e+02
-2.25915e+00 1.01550e+00 5.76933e+02
-2.32162e+00 1.06354e+00 5.80669e+02
-2.38411e+00 1.11285e+00 5.84542e+02
-2.44663e+00 1.16346e+00 5.88540e+02
-2.50922e+00 1.21534e+00 5.92656e+02
-2.57187e+00 1.26853e+00 5.96882e+02
-2.63461e+00 1.32301e+00 6.01211e+02
-2.69745e+00 1.37881e+00 6.05638e+02
-2.76041e+00 1.43591e+00 6.10159e+02
-2.82350e+00 1.49434e+00 6.14769e+02
-2.88674e+00 1.55410e+00 6.19466e+02
-2.95015e+00 1.61521e+00 6.24246e+02
-3.01374e+00 1.67766e+00 6.29108e+02
-3.07752e+00 1.74148e+00 6.34050e+02
-3.14152e+00 1.80666e+00 6.39070e+02
-3.20574e+00 1.87324e+00 6.44168e+02
-3.27021e+00 1.94121e+00 6.49343e+02
-3.33493e+00 2.01059e+00 6.54594e+02
-3.39993e+00 2.08140e+00 6.59923e+02
-3.46522e+00 2.15365e+00 6.65328e+02
-3.53082e+00 2.22735e+00 6.70811e+02
-3.59674e+00 2.30252e+00 6.76372e+02
-3.66300e+00 2.37919e+00 6.82012e+02
-3.72961e+00 2.45735e+00 6.87733e+02
-3.79660e+00 2.53704e+00 6.93535e+02
-3.86398e+00 2.61827e+00 6.99419e+02
-3.93176e+00 2.70107e+00 7.05389e+02
-3.99997e+00 2.78544e+00 7.11445e+02
-8.38897e-01 3.07748e-01 6.00509e+02
-9.05120e-01 3.29369e-01 5.88097e+02
-9.70953e-01 3.52391e-01 5.78321e+02
-1.03642e+00 3.76801e-01 5.70687e+02
-1.10154e+00 4.02588e-01 5.64811e+02
-1.16635e+00 4.29740e-01 5.60389e+02
-1.23087e+00 4.58248e-01 5.57179e+02
-1.29511e+00 4.88102e-01 5.54986e+02
-1.35910e+00 5.19294e-01 5.53653e+02
-1.42287e+00 5.51818e-01 5.53050e+02
-1.48643e+00 5.85667e-01 5.53071e+02
-1.54980e+00 6.20836e-01 5.53628e+02
-1.61301e+00 6.57321e-01 5.54648e+02
-1.67607e+00 6.95117e-01 5.56069e+02
-1.73901e+00 7.34221e-01 5.57841e+02
-1.80184e+00 7.74632e-01 5.59919e+02
-1.86458e+00 8.16349e-01 5.62267e+02
-1.92726e+00 8.59370e-01 5.64855e+02
-1.98989e+00 9.03696e-01 5.67656e+02
-2.05248e+00 9.49328e-01 5.70647e+02
-2.11506e+00 9.96268e-01 5.73809e+02
-2.17764e+00 1.04452e+00 5.77127e+02
-2.24024e+00 1.09408e+00 5.80586e+02
-2.30288e+00 1.14496e+00 5.84175e+02
-2.36558e+00 1.19716e+00 5.87884e+02
-2.42834e+00 1.25068e+00 5.91705e+02
-2.49120e+00 1.30554e+00 5.95629e+02
-2.55416e+00 1.36174e+00 5.99652e+02
-2.61725e+00 1.41928e+00 6.03769e+02
-2.68047e+00 1.47818e+00 6.07975e+02
-2.74385e+00 1.53843e+00 6.12268e+02
-2.80741e+00 1.60006e+00 6.16644e+02
-2.87115e+00 1.66307e+00 6.21102e+02
-2.93510e+00 1.72748e+00 6.25641e+02
-2.99927e+00 1.79328e+00 6.30259e+02
-3.06368e+00 1.86051e+00 6.34957e+02
-3.12835e+00 1.92916e+00 6.39734e+02
-3.19328e+00 1.99925e+00 6.44590e+02
-3.25851e+00 2.07079e+00 6.49527e+02
-3.32404e+00 2.14381e+00 6.54545e+02
-3.38989e+00 2.21832e+00 6.59645e+02
-3.45609e+00 2.29432e+00 6.64830e+02
-3.52264e+00 2.37185e+00 6.70101e+02
-3.58956e+00 2.45092e+00 6.75460e+02
-3.65688e+00 2.53154e+00 6.80910e+02
-3.72461e+00 2.61373e+00 6.86452e+02
-3.79276e+00 2.69753e+00 6.92090e+02
-3.86136e+00 2.78294e+00 6.97828e+02
-3.93042e+00 2.86999e+00 7.03667e+02
-3.99997e+00 2.95870e+00 7.09612e+02
-8.22157e-01 3.33436e-01 6.01567e+02
-8.87921e-01 3.57086e-01 5.89347e+02
-9.53315e-01 3.82162e-01 5.79870e+02
-1.01836e+00 4.08653e-01 5.72588e+02
-1.08309e+00 4.36544e-01 5.67078e+02
-1.14753e+00 4.65826e-01 5.63016e+02
-1.21170e+00 4.96487e-01 5.60145e+02
-1.27562e+00 5.28519e-01 5.58263e+02
-1.33931e+00 5.61913e-01 5.57206e+02
-1.40281e+00 5.96663e-01 5.56843e+02
-1.46613e+00 6.32762e-01 5.57067e+02
-1.52929e+00 6.70204e-01 5.57790e+02
-1.59231e+00 7.08987e-01 5.58940e+02
-1.65522e+00 7.49105e-01 5.60457e+02
-1.71804e+00 7.90557e-01 5.62291e+02
-1.78078e+00 8.33340e-01 5.64401e+02
-1.84346e+00 8.77454e-01 5.66752e+02
-1.90611e+00 9.22899e-01 5.69315e+02
-1.96874e+00 9.69675e-01 5.72064e+02
-2.03138e+00 1.01778e+00 5.74981e+02
-2.09403e+00 1.06723e+00 5.78046e+02
-2.15673e+00 1.11801e+00 5.81247e+02
-2.21948e+00 1.17013e+00 5.84569e+02
-2.28230e+00 1.22360e+00 5.88004e+02
-2.34522e+00 1.27842e+00 5.91544e+02
-2.40825e+00 1.33460e+00 5.95180e+02
-2.47141e+00 1.39214e+00 5.98907e+02
-2.53472e+00 1.45105e+00 6.02721e+02
-2.59819e+00 1.51135e+00 6.06618e+02
-2.66184e+00 1.57303e+00 6.10596e+02
-2.72569e+00 1.63611e+00 6.14653e+02
-2.78975e+00 1.70059e+00 6.18787e+02
-2.85405e+00 1.76650e+00 6.22998e+02
-2.91860e+00 1.83384e+00 6.27285e+02
-2.98341e+00 1.90262e+00 6.31649e+02
-3.04852e+00 1.97286e+00 6.36092e+02
-3.11392e+00 2.04458e+00 6.40614e+02
-3.17965e+00 2.11778e+00 6.45216e+02
-3.24571e+00 2.19248e+00 6.49902e+02
-3.31213e+00 2.26870e+00 6.54674e+02
-3.37893e+00 2.34645e+00 6.59534e+02
-3.44611e+00 2.42576e+00 6.64485e+02
-3.51371e+00 2.50665e+00 6.69531e+02
-3.58174e+00 2.58912e+00 6.74676e+02
-3.65021e+00 2.67321e+00 6.79923e+02
-3.71915e+00 2.75893e+00 6.85278e+02
-3.78858e+00 2.84631e+00 6.90745e+02
-3.85851e+00 2.93537e+00 6.96329e+02
-3.92897e+00 3.02614e+00 7.02035e+02
-3.99997e+00 3.11863e+00 7.07870e+02
-8.04968e-01 3.58933e-01 6.03991e+02
-8.70122e-01 3.84645e-01 5.91804e+02
-9.34935e-01 4.11794e-01 5.82494e+02
-9.99436e-01 4.40367e-01 5.75449e+02
-1.06365e+00 4.70352e-01 5.70207e+02
-1.12760e+00 5.01738e-01 5.66418e+02
-1.19132e+00 5.34513e-01 5.63811e+02
-1.25482e+00 5.68670e-01 5.62172e+02
-1.31813e+00 6.04199e-01 5.61334e+02
-1.38128e+00 6.41095e-01 5.61160e+02
-1.44429e+00 6.79350e-01 5.61543e+02
-1.50717e+00 7.18961e-01 5.62394e+02
-1.56996e+00 7.59923e-01 5.63642e+02
-1.63267e+00 8.02233e-01 5.65226e+02
-1.69532e+00 8.45889e-01 5.67100e+02
-1.75793e+00 8.90889e-01 5.69221e+02
-1.82053e+00 9.37233e-01 5.71558e+02
-1.88313e+00 9.84922e-01 5.74081e+02
-1.94575e+00 1.03396e+00 5.76769e+02
-2.00842e+00 1.08434e+00 5.79601e+02
-2.07115e+00 1.13607e+00 5.82561e+02
-2.13396e+00 1.18916e+00 5.85638e+02
-2.19686e+00 1.24361e+00 5.88819e+02
-2.25989e+00 1.29942e+00 5.92095e+02
-2.32305e+00 1.35660e+00 5.95461e+02
-2.38637e+00 1.41515e+00 5.98909e+02
-2.44986e+00 1.47510e+00 6.02436e+02
-2.51354e+00 1.53643e+00 6.06037e+02
-2.57743e+00 1.59917e+00 6.09712e+02
-2.64154e+00 1.66332e+00 6.13457e+02
-2.70591e+00 1.72889e+00 6.17273e+02
-2.77053e+00 1.79590e+00 6.21160e+02
-2.83544e+00 1.86435e+00 6.25117e+02
-2.90065e+00 1.93427e+00 6.29147e+02
-2.96617e+00 2.00565e+00 6.33250e+02
-3.03203e+00 2.07853e+00 6.37429e+02
-3.09825e+00 2.15291e+00 6.41687e+02
-3.16484e+00 2.22881e+00 6.46027e+02
-3.23182e+00 2.30624e+00 6.50452e+02
-3.29921e+00 2.38523e+00 6.54966e+02
-3.36703e+00 2.46580e+00 6.59574e+02
-3.43530e+00 2.54796e+00 6.64280e+02
-3.50404e+00 2.63173e+00 6.69091e+02
-3.57326e+00 2.71713e+00 6.74011e+02
-3.64299e+00 2.80420e+00 6.79047e+02
-3.71325e+00 2.89294e+00 6.84206e+02
-3.78405e+00 2.98340e+00 6.89495e+02
-3.85543e+00 3.07558e+00 6.94921e+02
-3.92739e+00 3.16952e+00 7.00494e+02
-3.99996e+00 3.26524e+00 7.06222e+02
-7.87350e-01 3.84192e-01 6.07890e+02
-8.51739e-01 4.11998e-01 5.95539e+02
-9.15829e-01 4.41238e-01 5.86234e+02
-9.79648e-01 4.71897e-01 5.79289e+02
-1.04322e+00 5.03964e-01 5.74199e+02
-1.10658e+00 5.37427e-01 5.70584e+02
-1.16974e+00 5.72276e-01 5.68154e+02
-1.23273e+00 6.08504e-01 5.66684e+02
-1.29557e+00 6.46101e-01 5.65998e+02
-1.35829e+00 6.85062e-01 5.65957e+02
-1.42092e+00 7.25381e-01 5.66450e+02
-1.48346e+00 7.67054e-01 5.67387e+02
-1.54596e+00 8.10077e-01 5.68696e+02
-1.60841e+00 8.54447e-01 5.70318e+02
-1.67086e+00 9.00164e-01 5.72205e+02
-1.73331e+00 9.47226e-01 5.74317e+02
-1.79579e+00 9.95633e-01 5.76621e+02
-1.85832e+00 1.04539e+00 5.79091e+02
-1.92092e+00 1.09649e+00 5.81704e+02
-1.98361e+00 1.14894e+00 5.84442e+02
-2.04641e+00 1.20275e+00 5.87291e+02
-2.10933e+00 1.25792e+00 5.90238e+02
-2.17240e+00 1.31446e+00 5.93273e+02
-2.23564e+00 1.37236e+00 5.96389e+02
-2.29906e+00 1.43164e+00 5.99579e+02
-2.36268e+00 1.49231e+00 6.02838e+02
-2.42653e+00 1.55437e+00 6.06163e+02
-2.49062e+00 1.61784e+00 6.09551e+02
-2.55496e+00 1.68272e+00 6.13002e+02
-2.61959e+00 1.74902e+00 6.16514e+02
-2.68451e+00 1.81676e+00 6.20088e+02
-2.74975e+00 1.88595e+00 6.23725e+02
-2.81532e+00 1.95660e+00 6.27426e+02
-2.88124e+00 2.02873e+00 6.31194e+02
-2.94754e+00 2.10235e+00 6.35032e+02
-3.01422e+00 2.17748e+00 6.38943e+02
-3.08132e+00 2.25413e+00 6.42931e+02
-3.14885e+00 2.33232e+00 6.47000e+02
-3.21682e+00 2.41207e+00 6.51156e+02
-3.28527e+00 2.49341e+00 6.55404e+02
-3.35420e+00 2.57634e+00 6.59751e+02
-3.42364e+00 2.66089e+00 6.64203e+02
-3.49361e+00 2.74709e+00 6.68768e+02
-3.56413e+00 2.83495e+00 6.73455e+02
-3.63522e+00 2.92450e+00 6.78271e+02
-3.70690e+00 3.01577e+00 6.83226e+02
-3.77919e+00 3.10877e+00 6.88332e+02
-3.85212e+00 3.20355e+00 6.93599e+02
-3.92570e+00 3.30012e+00 6.99041e+02
-3.99996e+00 3.39852e+00 7.04670e+02
-7.69325e-01 4.09166e-01 6.13383e+02
-8.32793e-01 4.39100e-01 6.00628e+02
-8.96015e-01 4.70446e-01 5.91134e+02
-9.59017e-01 5.03194e-01 5.84131e+02
-1.02183e+00 5.37329e-01 5.79059e+02
-1.08447e+00 5.72843e-01 5.75504e+02
-1.14697e+00 6.09726e-01 5.73153e+02
-1.20935e+00 6.47970e-01 5.71767e+02
-1.27164e+00 6.87567e-01 5.71162e+02
-1.33385e+00 7.28513e-01 5.71192e+02
-1.39602e+00 7.70802e-01 5.71741e+02
-1.45816e+00 8.14431e-01 5.72719e+02
-1.52030e+00 8.59396e-01 5.74051e+02
-1.58246e+00 9.05696e-01 5.75677e+02
-1.64466e+00 9.53331e-01 5.77550e+02
-1.70692e+00 1.00230e+00 5.79629e+02
-1.76925e+00 1.05260e+00 5.81882e+02
-1.83169e+00 1.10424e+00 5.84283e+02
-1.89425e+00 1.15723e+00 5.86810e+02
-1.95695e+00 1.21155e+00 5.89446e+02
-2.01981e+00 1.26722e+00 5.92177e+02
-2.08285e+00 1.32425e+00 5.94990e+02
-2.14609e+00 1.38264e+00 5.97876e+02
-2.20955e+00 1.44239e+00 6.00829e+02
-2.27325e+00 1.50351e+00 6.03843e+02
-2.33720e+00 1.56602e+00 6.06913e+02
-2.40143e+00 1.62993e+00 6.10037e+02
-2.46596e+00 1.69523e+00 6.13214e+02
-2.53080e+00 1.76195e+00 6.16443e+02
-2.59597e+00 1.83010e+00 6.19723e+02
-2.66150e+00 1.89968e+00 6.23056e+02
-2.72740e+00 1.97072e+00 6.26444e+02
-2.79369e+00 2.04322e+00 6.29890e+02
-2.86039e+00 2.11721e+00 6.33396e+02
-2.92751e+00 2.19269e+00 6.36966e+02
-2.99509e+00 2.26969e+00 6.40606e+02
-3.06314e+00 2.34822e+00 6.44320e+02
-3.13168e+00 2.42830e+00 6.48114e+02
-3.20073e+00 2.50996e+00 6.51996e+02
-3.27031e+00 2.59321e+00 6.55971e+02
-3.34044e+00 2.67807e+00 6.60049e+02
-3.41114e+00 2.76457e+00 6.64239e+02
-3.48243e+00 2.85272e+00 6.68550e+02
-3.55434e+00 2.94256e+00 6.72993e+02
-3.62689e+00 3.03411e+00 6.77582e+02
-3.70010e+00 3.12740e+00 6.82328e+02
-3.77398e+00 3.22245e+00 6.87247e+02
-3.84857e+00 3.31929e+00 6.92355e+02
-3.92389e+00 3.41795e+00 6.97671e+02
-3.99996e+00 3.51847e+00 7.03214e+02
-7.50919e-01 4.33809e-01 6.20599e+02
-8.13307e-01 4.65901e-01 6.07151e+02
-8.75513e-01 4.99372e-01 5.97243e+02
-9.37561e-01 5.34208e-01 5.89998e+02
-9.99479e-01 5.70399e-01 5.84792e+02
-1.06129e+00 6.07937e-01 5.81168e+02
-1.12302e+00 6.46812e-01 5.78789e+02
-1.18470e+00 6.87017e-01 5.77396e+02
-1.24634e+00 7.28547e-01 5.76792e+02
-1.30797e+00 7.71396e-01 5.76825e+02
-1.36961e+00 8.15561e-01 5.77374e+02
-1.43129e+00 8.61040e-01 5.78343e+02
-1.49302e+00 9.07829e-01 5.79656e+02
-1.55483e+00 9.55929e-01 5.81252e+02
-1.61673e+00 1.00534e+00 5.83081e+02
-1.67876e+00 1.05606e+00 5.85103e+02
-1.74092e+00 1.10809e+00 5.87286e+02
-1.80324e+00 1.16145e+00 5.89603e+02
-1.86575e+00 1.21612e+00 5.92032e+02
-1.92845e+00 1.27211e+00 5.94557e+02
-1.99137e+00 1.32944e+00 5.97162e+02
-2.05453e+00 1.38810e+00 5.99837e+02
-2.11794e+00 1.44810e+00 6.02573e+02
-2.18164e+00 1.50946e+00 6.05363e+02
-2.24563e+00 1.57217e+00 6.08202e+02
-2.30993e+00 1.63626e+00 6.11086e+02
-2.37457e+00 1.70172e+00 6.14013e+02
-2.43957e+00 1.76858e+00 6.16981e+02
-2.50494e+00 1.83684e+00 6.19991e+02
-2.57070e+00 1.90652e+00 6.23043e+02
-2.63688e+00 1.97762e+00 6.26139e+02
-2.70349e+00 2.05017e+00 6.29282e+02
-2.77055e+00 2.12419e+00 6.32474e+02
-2.83808e+00 2.19967e+00 6.35719e+02
-2.90611e+00 2.27665e+00 6.39024e+02
-2.97464e+00 2.35515e+00 6.42392e+02
-3.04372e+00 2.43517e+00 6.45831e+02
-3.11334e+00 2.51674e+00 6.49347e+02
-3.18354e+00 2.59989e+00 6.52949e+02
-3.25433e+00 2.68462e+00 6.56647e+02
-3.32575e+00 2.77098e+00 6.60449e+02
-3.39780e+00 2.85897e+00 6.64369e+02
-3.47051e+00 2.94862e+00 6.68418e+02
-3.54391e+00 3.03997e+00 6.72611e+02
-3.61801e+00 3.13303e+00 6.76965e+02
-3.69285e+00 3.22784e+00 6.81496e+02
-3.76843e+00 3.32441e+00 6.86226e+02
-3.84480e+00 3.42279e+00 6.91178e+02
-3.92197e+00 3.52301e+00 6.96377e+02
-3.99996e+00 3.62509e+00 7.01855e+02
-7.32156e-01 4.58075e-01 6.29675e+02
-7.93305e-01 4.92357e-01 6.15196e+02
-8.54346e-01 5.27965e-01 6.04611e+02
-9.15304e-01 5.64891e-01 5.96915e+02
-9.76203e-01 6.03124e-01 5.91404e+02
-1.03707e+00 6.42657e-01 5.87572e+02
-1.09792e+00 6.83482e-01 5.85045e+02
-1.15879e+00 7.25594e-01 5.83545e+02
-1.21970e+00 7.68988e-01 5.82858e+02
-1.28066e+00 8.13661e-01 5.82822e+02
-1.34170e+00 8.59609e-01 5.83309e+02
-1.40284e+00 9.06830e-01 5.84217e+02
-1.46411e+00 9.55326e-01 5.85468e+02
-1.52552e+00 1.00509e+00 5.86996e+02
-1.58709e+00 1.05614e+00 5.88751e+02
-1.64884e+00 1.10846e+00 5.90691e+02
-1.71080e+00 1.16206e+00 5.92783e+02
-1.77299e+00 1.21694e+00 5.94999e+02
-1.83542e+00 1.27312e+00 5.97318e+02
-1.89811e+00 1.33058e+00 5.99722e+02
-1.96108e+00 1.38935e+00 6.02197e+02
-2.02436e+00 1.44943e+00 6.04730e+02
-2.08796e+00 1.51082e+00 6.07315e+02
-2.15189e+00 1.57353e+00 6.09942e+02
-2.21619e+00 1.63758e+00 6.12608e+02
-2.28087e+00 1.70298e+00 6.15309e+02
-2.34595e+00 1.76973e+00 6.18043e+02
-2.41145e+00 1.83785e+00 6.20808e+02
-2.47738e+00 1.90736e+00 6.23605e+02
-2.54378e+00 1.97825e+00 6.26435e+02
-2.61065e+00 2.05056e+00 6.29300e+02
-2.67802e+00 2.12430e+00 6.32202e+02
-2.74590e+00 2.19947e+00 6.35145e+02
-2.81433e+00 2.27611e+00 6.38134e+02
-2.88331e+00 2.35422e+00 6.41175e+02
-2.95287e+00 2.43383e+00 6.44274e+02
-3.02304e+00 2.51496e+00 6.47437e+02
-3.09382e+00 2.59762e+00 6.50675e+02
-3.16525e+00 2.68184e+00 6.53995e+02
-3.23734e+00 2.76765e+00 6.57410e+02
-3.31013e+00 2.85506e+00 6.60932e+02
-3.38362e+00 2.94409e+00 6.64574e+02
-3.45784e+00 3.03479e+00 6.68353e+02
-3.53282e+00 3.12717e+00 6.72288e+02
-3.60858e+00 3.22125e+00 6.76398e+02
-3.68515e+00 3.31708e+00 6.80710e+02
-3.76254e+00 3.41467e+00 6.85249e+02
-3.84079e+00 3.51407e+00 6.90049e+02
-3.91992e+00 3.61529e+00 6.95148e+02
-3.99996e+00 3.71838e+00 7.00590e+02
-7.13064e-01 4.81919e-01 6.40761e+02
-7.72814e-01 5.18418e-01 6.24854e+02
-8.32540e-01 5.56180e-01 6.13291e+02
-8.92268e-01 5.95195e-01 6.04910e+02
-9.52020e-01 6.35455e-01 5.98905e+02
-1.01182e+00 6.76955e-01 5.94709e+02
-1.07169e+00 7.19689e-01 5.91906e+02
-1.13165e+00 7.63652e-01 5.90191e+02
-1.19173e+00 8.08842e-01 5.89331e+02
-1.25194e+00 8.55256e-01 5.89150e+02
-1.31231e+00 9.02893e-01 5.89509e+02
-1.37285e+00 9.51754e-01 5.90302e+02
-1.43359e+00 1.00184e+00 5.91443e+02
-1.49455e+00 1.05315e+00 5.92866e+02
-1.55574e+00 1.10568e+00 5.94514e+02
-1.61719e+00 1.15945e+00 5.96346e+02
-1.67892e+00 1.21445e+00 5.98326e+02
-1.74094e+00 1.27069e+00 6.00426e+02
-1.80327e+00 1.32818e+00 6.02622e+02
-1.86594e+00 1.38692e+00 6.04896e+02
-1.92896e+00 1.44692e+00 6.07234e+02
-1.99236e+00 1.50819e+00 6.09624e+02
-2.05614e+00 1.57074e+00 6.12055e+02
-2.12033e+00 1.63458e+00 6.14522e+02
-2.18496e+00 1.69971e+00 6.17018e+02
-2.25003e+00 1.76615e+00 6.19541e+02
-2.31557e+00 1.83392e+00 6.22087e+02
-2.38160e+00 1.90302e+00 6.24655e+02
-2.44814e+00 1.97347e+00 6.27247e+02
-2.51520e+00 2.04528e+00 6.29861e+02
-2.58281e+00 2.11847e+00 6.32502e+02
-2.65099e+00 2.19306e+00 6.35171e+02
-2.71976e+00 2.26906e+00 6.37872e+02
-2.78913e+00 2.34649e+00 6.40611e+02
-2.85913e+00 2.42538e+00 6.43393e+02
-2.92979e+00 2.50573e+00 6.46226e+02
-3.00111e+00 2.58757e+00 6.49116e+02
-3.07313e+00 2.67093e+00 6.52075e+02
-3.14587e+00 2.75582e+00 6.55112e+02
-3.21934e+00 2.84227e+00 6.58240e+02
-3.29357e+00 2.93030e+00 6.61474e+02
-3.36859e+00 3.01994e+00 6.64831e+02
-3.44442e+00 3.11121e+00 6.68331e+02
-3.52108e+00 3.20415e+00 6.71997e+02
-3.59860e+00 3.29877e+00 6.75855e+02
-3.67700e+00 3.39512e+00 6.79938e+02
-3.75631e+00 3.49322e+00 6.84285e+02
-3.83655e+00 3.59310e+00 6.88942e+02
-3.91776e+00 3.69480e+00 6.93963e+02
-3.99996e+00 3.79835e+00 6.99420e+02
-6.93674e-01 5.05294e-01 6.54011e+02
-7.51861e-01 5.44040e-01 6.36218e+02
-8.10123e-01 5.83968e-01 6.23339e+02
-8.68481e-01 6.25071e-01 6.14009e+02
-9.26957e-01 6.67343e-01 6.07303e+02
-9.85572e-01 7.10781e-01 6.02575e+02
-1.04435e+00 7.55381e-01 5.99359e+02
-1.10330e+00 8.01140e-01 5.97314e+02
-1.16246e+00 8.48058e-01 5.96185e+02
-1.22184e+00 8.96134e-01 5.95777e+02
-1.28145e+00 9.45367e-01 5.95942e+02
-1.34133e+00 9.95761e-01 5.96563e+02
-1.40149e+00 1.04732e+00 5.97547e+02
-1.46194e+00 1.10004e+00 5.98823e+02
-1.52271e+00 1.15392e+00 6.00333e+02
-1.58381e+00 1.20899e+00 6.02029e+02
-1.64527e+00 1.26523e+00 6.03876e+02
-1.70710e+00 1.32265e+00 6.05841e+02
-1.76933e+00 1.38127e+00 6.07902e+02
-1.83196e+00 1.44109e+00 6.10038e+02
-1.89502e+00 1.50212e+00 6.12233e+02
-1.95853e+00 1.56437e+00 6.14474e+02
-2.02251e+00 1.62784e+00 6.16753e+02
-2.08697e+00 1.69255e+00 6.19060e+02
-2.15193e+00 1.75852e+00 6.21391e+02
-2.21742e+00 1.82575e+00 6.23740e+02
-2.28345e+00 1.89425e+00 6.26105e+02
-2.35004e+00 1.96405e+00 6.28485e+02
-2.41721e+00 2.03515e+00 6.30879e+02
-2.48498e+00 2.10757e+00 6.33287e+02
-2.55338e+00 2.18133e+00 6.35713e+02
-2.62241e+00 2.25645e+00 6.38157e+02
-2.69211e+00 2.33294e+00 6.40625e+02
-2.76249e+00 2.41081e+00 6.43121e+02
-2.83357e+00 2.49010e+00 6.45651e+02
-2.90538e+00 2.57083e+00 6.48221e+02
-2.97794e+00 2.65300e+00 6.50842e+02
-3.05127e+00 2.73665e+00 6.53522e+02
-3.12539e+00 2.82180e+00 6.56273e+02
-3.20032e+00 2.90848e+00 6.59110e+02
-3.27609e+00 2.99670e+00 6.62050e+02
-3.35273e+00 3.08649e+00 6.65112e+02
-3.43025e+00 3.17789e+00 6.68320e+02
-3.50869e+00 3.27091e+00 6.71702e+02
-3.58806e+00 3.36560e+00 6.75294e+02
-3.66840e+00 3.46197e+00 6.79138e+02
-3.74974e+00 3.56006e+00 6.83287e+02
-3.83209e+00 3.65991e+00 6.87810e+02
-3.91548e+00 3.76154e+00 6.92790e+02
-3.99996e+00 3.86499e+00 6.98340e+02
-6.74014e-01 5.28158e-01 6.69586e+02
-7.30478e-01 5.69177e-01 6.49383e+02
-7.87124e-01 6.11283e-01 6.34806e+02
-8.43972e-01 6.54472e-01 6.24239e+02
-9.01042e-01 6.98741e-01 6.16607e+02
-9.58353e-01 7.44088e-01 6.11166e+02
-1.01592e+00 7.90511e-01 6.07390e+02
-1.07377e+00 8.38011e-01 6.04894e+02
-1.13191e+00 8.86589e-01 6.03396e+02
-1.19037e+00 9.36245e-01 6.02678e+02
-1.24916e+00 9.86983e-01 6.02578e+02
-1.30830e+00 1.03880e+00 6.02967e+02
-1.36781e+00 1.09172e+00 6.03745e+02
-1.42771e+00 1.14572e+00 6.04834e+02
-1.48801e+00 1.20082e+00 6.06170e+02
-1.54873e+00 1.25703e+00 6.07704e+02
-1.60989e+00 1.31435e+00 6.09394e+02
-1.67151e+00 1.37278e+00 6.11208e+02
-1.73360e+00 1.43235e+00 6.13120e+02
-1.79618e+00 1.49305e+00 6.15107e+02
-1.85927e+00 1.55490e+00 6.17154e+02
-1.92290e+00 1.61790e+00 6.19245e+02
-1.98707e+00 1.68208e+00 6.21370e+02
-2.05180e+00 1.74743e+00 6.23520e+02
-2.11712e+00 1.81398e+00 6.25689e+02
-2.18304e+00 1.88173e+00 6.27871e+02
-2.24958e+00 1.95071e+00 6.30062e+02
-2.31676e+00 2.02092e+00 6.32261e+02
-2.38460e+00 2.09238e+00 6.34467e+02
-2.45312e+00 2.16511e+00 6.36679e+02
-2.52234e+00 2.23912e+00 6.38900e+02
-2.59229e+00 2.31444e+00 6.41130e+02
-2.66297e+00 2.39108e+00 6.43374e+02
-2.73441e+00 2.46905e+00 6.45635e+02
-2.80663e+00 2.54839e+00 6.47920e+02
-2.87967e+00 2.62911e+00 6.50234e+02
-2.95352e+00 2.71124e+00 6.52588e+02
-3.02823e+00 2.79479e+00 6.54990e+02
-3.10381e+00 2.87979e+00 6.57453e+02
-3.18029e+00 2.96627e+00 6.59993e+02
-3.25768e+00 3.05425e+00 6.62627e+02
-3.33602e+00 3.14375e+00 6.65378e+02
-3.41534e+00 3.23481e+00 6.68274e+02
-3.49565e+00 3.32746e+00 6.71350e+02
-3.57698e+00 3.42171e+00 6.74651e+02
-3.65936e+00 3.51762e+00 6.78233e+02
-3.74282e+00 3.61519e+00 6.82172e+02
-3.82739e+00 3.71448e+00 6.86569e+02
-3.91309e+00 3.81550e+00 6.91563e+02
-3.99996e+00 3.91831e+00 6.97349e+02
-6.54118e-01 5.50467e-01 6.87652e+02
-7.08696e-01 5.93785e-01 6.64446e+02
-7.63576e-01 6.38080e-01 6.47747e+02
-8.18775e-01 6.83352e-01 6.35628e+02
-8.74308e-01 7.29601e-01 6.26825e+02
-9.30193e-01 7.76827e-01 6.20479e+02
-9.86446e-01 8.25031e-01 6.15987e+02
-1.04308e+00 8.74217e-01 6.12915e+02
-1.10012e+00 9.24387e-01 6.10942e+02
-1.15758e+00 9.75544e-01 6.09828e+02
-1.21546e+00 1.02769e+00 6.09389e+02
-1.27380e+00 1.08084e+00 6.09486e+02
-1.33260e+00 1.13499e+00 6.10008e+02
-1.39188e+00 1.19015e+00 6.10867e+02
-1.45167e+00 1.24633e+00 6.11995e+02
-1.51196e+00 1.30353e+00 6.13337e+02
-1.57279e+00 1.36177e+00 6.14848e+02
-1.63416e+00 1.42104e+00 6.16493e+02
-1.69610e+00 1.48137e+00 6.18242e+02
-1.75862e+00 1.54276e+00 6.20072e+02
-1.82173e+00 1.60523e+00 6.21963e+02
-1.88547e+00 1.66878e+00 6.23901e+02
-1.94983e+00 1.73343e+00 6.25872e+02
-2.01485e+00 1.79919e+00 6.27867e+02
-2.08053e+00 1.86607e+00 6.29878e+02
-2.14690e+00 1.93409e+00 6.31898e+02
-2.21398e+00 2.00326e+00 6.33924e+02
-2.28178e+00 2.07361e+00 6.35951e+02
-2.35032e+00 2.14514e+00 6.37979e+02
-2.41963e+00 2.21787e+00 6.40005e+02
-2.48972e+00 2.29182e+00 6.42032e+02
-2.56061e+00 2.36702e+00 6.44059e+02
-2.63233e+00 2.44347e+00 6.46089e+02
-2.70489e+00 2.52120e+00 6.48125e+02
-2.77832e+00 2.60023e+00 6.50173e+02
-2.85264e+00 2.68057e+00 6.52237e+02
-2.92786e+00 2.76227e+00 6.54327e+02
-3.00402e+00 2.84533e+00 6.56450e+02
-3.08114e+00 2.92977e+00 6.58620e+02
-3.15924e+00 3.01564e+00 6.60851e+02
-3.23834e+00 3.10294e+00 6.63162e+02
-3.31848e+00 3.19172e+00 6.65578e+02
-3.39967e+00 3.28199e+00 6.68129e+02
-3.48195e+00 3.37378e+00 6.70857e+02
-3.56534e+00 3.46713e+00 6.73818e+02
-3.64987e+00 3.56206e+00 6.77088e+02
-3.73556e+00 3.65861e+00 6.80777e+02
-3.82246e+00 3.75681e+00 6.85044e+02
-3.91058e+00 3.85669e+00 6.90134e+02
-3.99996e+00 3.95829e+00 6.96443e+02
-6.34018e-01 5.72180e-01 7.08373e+02
-6.86550e-01 6.17820e-01 6.81497e+02
-7.39514e-01 6.64315e-01 6.62211e+02
-7.92922e-01 7.11666e-01 6.48197e+02
-8.46788e-01 7.59878e-01 6.37964e+02
-9.01127e-01 8.08953e-01 6.30510e+02
-9.55951e-01 8.58896e-01 6.25141e+02
-1.01128e+00 9.09712e-01 6.21360e+02
-1.06711e+00 9.61406e-01 6.18804e+02
-1.12348e+00 1.01399e+00 6.17204e+02
-1.18038e+00 1.06746e+00 6.16353e+02
-1.23784e+00 1.12183e+00 6.16096e+02
-1.29587e+00 1.17710e+00 6.16309e+02
-1.35449e+00 1.23329e+00 6.16895e+02
-1.41370e+00 1.29041e+00 6.17780e+02
-1.47353e+00 1.34846e+00 6.18901e+02
-1.53399e+00 1.40745e+00 6.20210e+02
-1.59509e+00 1.46740e+00 6.21666e+02
-1.65685e+00 1.52831e+00 6.23238e+02
-1.71929e+00 1.59020e+00 6.24900e+02
-1.78242e+00 1.65308e+00 6.26630e+02
-1.84626e+00 1.71696e+00 6.28410e+02
-1.91082e+00 1.78186e+00 6.30227e+02
-1.97612e+00 1.84778e+00 6.32068e+02
-2.04218e+00 1.91476e+00 6.33925e+02
-2.10902e+00 1.98279e+00 6.35790e+02
-2.17666e+00 2.05190e+00 6.37657e+02
-2.24510e+00 2.12210e+00 6.39522e+02
-2.31438e+00 2.19341e+00 6.41381e+02
-2.38451e+00 2.26584e+00 6.43234e+02
-2.45551e+00 2.33942e+00 6.45077e+02
-2.52740e+00 2.41417e+00 6.46912e+02
-2.60021e+00 2.49010e+00 6.48740e+02
-2.67394e+00 2.56724e+00 6.50561e+02
-2.74863e+00 2.64560e+00 6.52380e+02
-2.82430e+00 2.72521e+00 6.54200e+02
-2.90096e+00 2.80608e+00 6.56027e+02
-2.97865e+00 2.88826e+00 6.57868e+02
-3.05738e+00 2.97175e+00 6.59734e+02
-3.13718e+00 3.05658e+00 6.61636e+02
-3.21808e+00 3.14279e+00 6.63593e+02
-3.30010e+00 3.23038e+00 6.65628e+02
-3.38326e+00 3.31941e+00 6.67771e+02
-3.46761e+00 3.40988e+00 6.70067e+02
-3.55315e+00 3.50184e+00 6.72583e+02
-3.63993e+00 3.59531e+00 6.75415e+02
-3.72796e+00 3.69032e+00 6.78722e+02
-3.81729e+00 3.78691e+00 6.82771e+02
-3.90795e+00 3.88511e+00 6.88059e+02
-3.99995e+00 3.98495e+00 6.95617e+02
-6.13747e-01 5.93259e-01 7.31912e+02
-6.64074e-01 6.41243e-01 7.00625e+02
-7.14971e-01 6.89945e-01 6.78243e+02
-7.66450e-01 7.39371e-01 6.61968e+02
-8.18520e-01 7.89527e-01 6.50030e+02
-8.71191e-01 8.40420e-01 6.41255e+02
-9.24475e-01 8.92059e-01 6.34840e+02
-9.78382e-01 9.44451e-01 6.30214e+02
-1.03292e+00 9.97603e-01 6.26965e+02
-1.08811e+00 1.05153e+00 6.24787e+02
-1.14395e+00 1.10623e+00 6.23448e+02
-1.20047e+00 1.16172e+00 6.22773e+02
-1.25766e+00 1.21801e+00 6.22624e+02
-1.31555e+00 1.27510e+00 6.22895e+02
-1.37415e+00 1.33302e+00 6.23499e+02
-1.43347e+00 1.39177e+00 6.24369e+02
-1.49352e+00 1.45136e+00 6.25451e+02
-1.55432e+00 1.51181e+00 6.26700e+02
-1.61588e+00 1.57313e+00 6.28081e+02
-1.67822e+00 1.63533e+00 6.29563e+02
-1.74135e+00 1.69842e+00 6.31124e+02
-1.80528e+00 1.76242e+00 6.32742e+02
-1.87004e+00 1.82734e+00 6.34403e+02
-1.93564e+00 1.89321e+00 6.36092e+02
-2.00209e+00 1.96003e+00 6.37798e+02
-2.06941e+00 2.02781e+00 6.39513e+02
-2.13762e+00 2.09659e+00 6.41229e+02
-2.20674e+00 2.16637e+00 6.42941e+02
-2.27679e+00 2.23717e+00 6.44643e+02
-2.34778e+00 2.30901e+00 6.46331e+02
-2.41973e+00 2.38191e+00 6.48004e+02
-2.49266e+00 2.45589e+00 6.49659e+02
-2.56660e+00 2.53096e+00 6.51294e+02
-2.64157e+00 2.60716e+00 6.52910e+02
-2.71758e+00 2.68450e+00 6.54507e+02
-2.79465e+00 2.76300e+00 6.56086e+02
-2.87282e+00 2.84268e+00 6.57648e+02
-2.95211e+00 2.92358e+00 6.59197e+02
-3.03253e+00 3.00571e+00 6.60737e+02
-3.11411e+00 3.08909e+00 6.62275e+02
-3.19689e+00 3.17377e+00 6.63819e+02
-3.28088e+00 3.25975e+00 6.65383e+02
-3.36611e+00 3.34707e+00 6.66986e+02
-3.45261e+00 3.43576e+00 6.68659e+02
-3.54041e+00 3.52584e+00 6.70451e+02
-3.62954e+00 3.61735e+00 6.72452e+02
-3.72002e+00 3.71032e+00 6.74835e+02
-3.81190e+00 3.80477e+00 6.77991e+02
-3.90520e+00 3.90075e+00 6.83032e+02
-3.99995e+00 3.99828e+00 6.94865e+02
-5.93269e-01 6.13737e-01 7.59941e+02
-6.41254e-01 6.64063e-01 7.24823e+02
-6.89957e-01 7.14959e-01 6.99483e+02
-7.39384e-01 7.66437e-01 6.80861e+02
-7.89541e-01 8.18506e-01 6.67018e+02
-8.40436e-01 8.71176e-01 6.56670e+02
-8.92075e-01 9.24459e-01 6.48935e+02
-9.44467e-01 9.78365e-01 6.43190e+02
-9.97621e-01 1.03291e+00 6.38981e+02
-1.05154e+00 1.08809e+00 6.35971e+02
-1.10625e+00 1.14394e+00 6.33907e+02
-1.16174e+00 1.20045e+00 6.32595e+02
-1.21803e+00 1.25765e+00 6.31883e+02
-1.27512e+00 1.31554e+00 6.31654e+02
-1.33304e+00 1.37413e+00 6.31812e+02
-1.39179e+00 1.43345e+00 6.32282e+02
-1.45139e+00 1.49350e+00 6.33004e+02
-1.51183e+00 1.55430e+00 6.33929e+02
-1.57315e+00 1.61586e+00 6.35016e+02
-1.63535e+00 1.67820e+00 6.36233e+02
-1.69844e+00 1.74133e+00 6.37552e+02
-1.76244e+00 1.80526e+00 6.38951e+02
-1.82737e+00 1.87002e+00 6.40411e+02
-1.89323e+00 1.93562e+00 6.41919e+02
-1.96005e+00 2.00207e+00 6.43460e+02
-2.02783e+00 2.06939e+00 6.45024e+02
-2.09661e+00 2.13760e+00 6.46603e+02
-2.16639e+00 2.20672e+00 6.48191e+02
-2.23719e+00 2.27677e+00 6.49781e+02
-2.30903e+00 2.34776e+00 6.51370e+02
-2.38193e+00 2.41971e+00 6.52953e+02
-2.45591e+00 2.49265e+00 6.54529e+02
-2.53098e+00 2.56659e+00 6.56097e+02
-2.60718e+00 2.64155e+00 6.57656e+02
-2.68451e+00 2.71756e+00 6.59206e+02
-2.76301e+00 2.79464e+00 6.60750e+02
-2.84270e+00 2.87281e+00 6.62289e+02
-2.92359e+00 2.95209e+00 6.63829e+02
-3.00572e+00 3.03252e+00 6.65375e+02
-3.08911e+00 3.11410e+00 6.66936e+02
-3.17378e+00 3.19688e+00 6.68526e+02
-3.25976e+00 3.28087e+00 6.70162e+02
-3.34708e+00 3.36610e+00 6.71873e+02
-3.43577e+00 3.45260e+00 6.73702e+02
-3.52585e+00 3.54040e+00 6.75722e+02
-3.61736e+00 3.62953e+00 6.78061e+02
-3.71032e+00 3.72002e+00 6.80969e+02
-3.80478e+00 3.81190e+00 6.85012e+02
-3.90075e+00 3.90520e+00 6.91801e+02
-3.99829e+00 3.99995e+00 7.08448e+02
-5.72191e-01 6.34008e-01 7.91364e+02
-6.17832e-01 6.86539e-01 7.53522e+02
-6.64328e-01 7.39502e-01 7.25678e+02
-7.11680e-01 7.92909e-01 7.04814e+02
-7.59892e-01 8.46775e-01 6.88984e+02
-8.08968e-01 9.01113e-01 6.76880e+02
-8.58912e-01 9.55936e-01 6.67594e+02
-9.09729e-01 1.01126e+00 6.60473e+02
-9.61424e-01 1.06710e+00 6.55042e+02
-1.01400e+00 1.12346e+00 6.50943e+02
-1.06748e+00 1.18036e+00 6.47906e+02
-1.12185e+00 1.23783e+00 6.45721e+02
-1.17712e+00 1.29586e+00 6.44225e+02
-1.23331e+00 1.35447e+00 6.43289e+02
-1.29043e+00 1.41368e+00 6.42810e+02
-1.34848e+00 1.47351e+00 6.42705e+02
-1.40747e+00 1.53397e+00 6.42907e+02
-1.46742e+00 1.59507e+00 6.43361e+02
-1.52833e+00 1.65683e+00 6.44023e+02
-1.59022e+00 1.71927e+00 6.44854e+02
-1.65310e+00 1.78240e+00 6.45825e+02
-1.71698e+00 1.84624e+00 6.46911e+02
-1.78188e+00 1.91080e+00 6.48090e+02
-1.84781e+00 1.97610e+00 6.49346e+02
-1.91478e+00 2.04216e+00 6.50663e+02
-1.98281e+00 2.10900e+00 6.52031e+02
-2.05192e+00 2.17664e+00 6.53439e+02
-2.12212e+00 2.24509e+00 6.54880e+02
-2.19343e+00 2.31436e+00 6.56347e+02
-2.26587e+00 2.38450e+00 6.57837e+02
-2.33945e+00 2.45550e+00 6.59346e+02
-2.41419e+00 2.52739e+00 6.60871e+02
-2.49012e+00 2.60019e+00 6.62413e+02
-2.56726e+00 2.67393e+00 6.63971e+02
-2.64562e+00 2.74862e+00 6.65547e+02
-2.72523e+00 2.82428e+00 6.67145e+02
-2.80610e+00 2.90095e+00 6.68770e+02
-2.88828e+00 2.97863e+00 6.70428e+02
-2.97177e+00 3.05737e+00 6.72130e+02
-3.05660e+00 3.13717e+00 6.73890e+02
-3.14280e+00 3.21807e+00 6.75724e+02
-3.23040e+00 3.30009e+00 6.77657e+02
-3.31942e+00 3.38326e+00 6.79724e+02
-3.40990e+00 3.46760e+00 6.81973e+02
-3.50185e+00 3.55314e+00 6.84475e+02
-3.59532e+00 3.63992e+00 6.87338e+02
-3.69033e+00 3.72796e+00 6.90736e+02
-3.78692e+00 3.81729e+00 6.94963e+02
-3.88512e+00 3.90794e+00 7.00565e+02
-3.98496e+00 3.99995e+00 7.08681e+02
-5.50478e-01 6.54108e-01 8.24011e+02
-5.93797e-01 7.08686e-01 7.83396e+02
-6.38093e-01 7.63565e-01 7.52969e+02
-6.83366e-01 8.18762e-01 7.29767e+02
-7.29616e-01 8.74295e-01 7.11847e+02
-7.76843e-01 9.30179e-01 6.97883e+02
-8.25048e-01 9.86431e-01 6.86942e+02
-8.74235e-01 1.04307e+00 6.78347e+02
-9.24405e-01 1.10010e+00 6.71600e+02
-9.75563e-01 1.15756e+00 6.66324e+02
-1.02771e+00 1.21545e+00 6.62230e+02
-1.08086e+00 1.27378e+00 6.59096e+02
-1.13501e+00 1.33258e+00 6.56743e+02
-1.19017e+00 1.39187e+00 6.55033e+02
-1.24635e+00 1.45165e+00 6.53854e+02
-1.30355e+00 1.51194e+00 6.53113e+02
-1.36179e+00 1.57277e+00 6.52738e+02
-1.42107e+00 1.63414e+00 6.52668e+02
-1.48140e+00 1.69608e+00 6.52852e+02
-1.54279e+00 1.75860e+00 6.53249e+02
-1.60525e+00 1.82171e+00 6.53825e+02
-1.66880e+00 1.88545e+00 6.54551e+02
-1.73345e+00 1.94981e+00 6.55403e+02
-1.79921e+00 2.01483e+00 6.56362e+02
-1.86609e+00 2.08051e+00 6.57411e+02
-1.93411e+00 2.14688e+00 6.58537e+02
-2.00329e+00 2.21396e+00 6.59727e+02
-2.07363e+00 2.28176e+00 6.60973e+02
-2.14516e+00 2.35031e+00 6.62268e+02
-2.21790e+00 2.41961e+00 6.63605e+02
-2.29185e+00 2.48970e+00 6.64981e+02
-2.36704e+00 2.56060e+00 6.66393e+02
-2.44349e+00 2.63232e+00 6.67840e+02
-2.52122e+00 2.70488e+00 6.69320e+02
-2.60025e+00 2.77831e+00 6.70836e+02
-2.68060e+00 2.85262e+00 6.72391e+02
-2.76229e+00 2.92785e+00 6.73988e+02
-2.84535e+00 3.00401e+00 6.75634e+02
-2.92980e+00 3.08113e+00 6.77337e+02
-3.01566e+00 3.15923e+00 6.79110e+02
-3.10297e+00 3.23833e+00 6.80966e+02
-3.19174e+00 3.31847e+00 6.82925e+02
-3.28201e+00 3.39967e+00 6.85014e+02
-3.37380e+00 3.48194e+00 6.87267e+02
-3.46715e+00 3.56533e+00 6.89731e+02
-3.56208e+00 3.64986e+00 6.92471e+02
-3.65863e+00 3.73556e+00 6.95582e+02
-3.75683e+00 3.82245e+00 6.99199e+02
-3.85671e+00 3.91057e+00 7.03535e+02
-3.95831e+00 3.99996e+00 7.08931e+02
-5.28169e-01 6.74005e-01 8.57601e+02
-5.69189e-01 7.30467e-01 8.14220e+02
-6.11296e-01 7.87113e-01 7.81175e+02
-6.54486e-01 8.43960e-01 7.55576e+02
-6.98756e-01 9.01029e-01 7.35493e+02
-7.44104e-01 9.58339e-01 7.19588e+02
-7.90528e-01 1.01591e+00 7.06908e+02
-8.38029e-01 1.07376e+00 6.96757e+02
-8.86607e-01 1.13190e+00 6.88613e+02
-9.36265e-01 1.19036e+00 6.82083e+02
-9.87003e-01 1.24915e+00 6.76860e+02
-1.03883e+00 1.30829e+00 6.72706e+02
-1.09174e+00 1.36780e+00 6.69432e+02
-1.14574e+00 1.42769e+00 6.66887e+02
-1.20084e+00 1.48799e+00 6.64949e+02
-1.25705e+00 1.54871e+00 6.63519e+02
-1.31437e+00 1.60987e+00 6.62516e+02
-1.37281e+00 1.67149e+00 6.61873e+02
-1.43237e+00 1.73358e+00 6.61534e+02
-1.49307e+00 1.79616e+00 6.61454e+02
-1.55492e+00 1.85926e+00 6.61593e+02
-1.61793e+00 1.92288e+00 6.61921e+02
-1.68210e+00 1.98705e+00 6.62408e+02
-1.74746e+00 2.05178e+00 6.63034e+02
-1.81401e+00 2.11710e+00 6.63778e+02
-1.88176e+00 2.18302e+00 6.64625e+02
-1.95074e+00 2.24956e+00 6.65562e+02
-2.02095e+00 2.31674e+00 6.66577e+02
-2.09241e+00 2.38459e+00 6.67662e+02
-2.16514e+00 2.45311e+00 6.68809e+02
-2.23915e+00 2.52233e+00 6.70013e+02
-2.31447e+00 2.59227e+00 6.71271e+02
-2.39110e+00 2.66295e+00 6.72578e+02
-2.46908e+00 2.73440e+00 6.73934e+02
-2.54842e+00 2.80662e+00 6.75338e+02
-2.62914e+00 2.87965e+00 6.76793e+02
-2.71126e+00 2.95351e+00 6.78301e+02
-2.79482e+00 3.02822e+00 6.79866e+02
-2.87982e+00 3.10380e+00 6.81494e+02
-2.96630e+00 3.18028e+00 6.83194e+02
-3.05427e+00 3.25767e+00 6.84976e+02
-3.14378e+00 3.33602e+00 6.86855e+02
-3.23484e+00 3.41533e+00 6.88848e+02
-3.32748e+00 3.49564e+00 6.90978e+02
-3.42174e+00 3.57697e+00 6.93275e+02
-3.51764e+00 3.65936e+00 6.95778e+02
-3.61522e+00 3.74282e+00 6.98538e+02
-3.71450e+00 3.82738e+00 7.01625e+02
-3.81553e+00 3.91309e+00 7.05135e+02
-3.91833e+00 3.99996e+00 7.09203e+02
-5.05305e-01 6.93664e-01 8.91887e+02
-5.44053e-01 7.51851e-01 8.45791e+02
-5.83981e-01 8.10111e-01 8.10132e+02
-6.25085e-01 8.68469e-01 7.82108e+02
-6.67359e-01 9.26944e-01 7.59813e+02
-7.10798e-01 9.85559e-01 7.41907e+02
-7.55398e-01 1.04433e+00 7.27423e+02
-8.01159e-01 1.10329e+00 7.15647e+02
-8.48077e-01 1.16245e+00 7.06039e+02
-8.96153e-01 1.22182e+00 6.98187e+02
-9.45388e-01 1.28144e+00 6.91770e+02
-9.95782e-01 1.34131e+00 6.86535e+02
-1.04734e+00 1.40147e+00 6.82281e+02
-1.10006e+00 1.46192e+00 6.78846e+02
-1.15395e+00 1.52269e+00 6.76099e+02
-1.20901e+00 1.58380e+00 6.73931e+02
-1.26525e+00 1.64526e+00 6.72255e+02
-1.32268e+00 1.70709e+00 6.70996e+02
-1.38130e+00 1.76931e+00 6.70095e+02
-1.44112e+00 1.83194e+00 6.69500e+02
-1.50215e+00 1.89500e+00 6.69167e+02
-1.56439e+00 1.95851e+00 6.69061e+02
-1.62787e+00 2.02249e+00 6.69152e+02
-1.69258e+00 2.08695e+00 6.69413e+02
-1.75855e+00 2.15191e+00 6.69823e+02
-1.82578e+00 2.21740e+00 6.70363e+02
-1.89428e+00 2.28343e+00 6.71018e+02
-1.96408e+00 2.35002e+00 6.71775e+02
-2.03518e+00 2.41719e+00 6.72623e+02
-2.10760e+00 2.48497e+00 6.73553e+02
-2.18136e+00 2.55336e+00 6.74559e+02
-2.25648e+00 2.62240e+00 6.75633e+02
-2.33297e+00 2.69210e+00 6.76773e+02
-2.41084e+00 2.76248e+00 6.77975e+02
-2.49014e+00 2.83356e+00 6.79237e+02
-2.57086e+00 2.90537e+00 6.80560e+02
-2.65303e+00 2.97793e+00 6.81945e+02
-2.73668e+00 3.05126e+00 6.83392e+02
-2.82183e+00 3.12537e+00 6.84908e+02
-2.90851e+00 3.20031e+00 6.86496e+02
-2.99673e+00 3.27608e+00 6.88164e+02
-3.08652e+00 3.35272e+00 6.89921e+02
-3.17792e+00 3.43025e+00 6.91779e+02
-3.27094e+00 3.50868e+00 6.93753e+02
-3.36563e+00 3.58806e+00 6.95861e+02
-3.46200e+00 3.66840e+00 6.98127e+02
-3.56009e+00 3.74973e+00 7.00580e+02
-3.65994e+00 3.83208e+00 7.03259e+02
-3.76157e+00 3.91548e+00 7.06211e+02
-3.86502e+00 3.99996e+00 7.09501e+02
-4.81930e-01 7.13055e-01 9.26654e+02
-5.18431e-01 7.72803e-01 8.77927e+02
-5.56194e-01 8.32529e-01 8.39689e+02
-5.95209e-01 8.92256e-01 8.09238e+02
-6.35471e-01 9.52008e-01 7.84706e+02
-6.76972e-01 1.01181e+00 7.64758e+02
-7.19706e-01 1.07168e+00 7.48420e+02
-7.63671e-01 1.13164e+00 7.34963e+02
-8.08861e-01 1.19172e+00 7.23833e+02
-8.55276e-01 1.25193e+00 7.14603e+02
-9.02914e-01 1.31229e+00 7.06936e+02
-9.51775e-01 1.37284e+00 7.00567e+02
-1.00186e+00 1.43358e+00 6.95281e+02
-1.05317e+00 1.49453e+00 6.90907e+02
-1.10571e+00 1.55573e+00 6.87304e+02
-1.15947e+00 1.61718e+00 6.84355e+02
-1.21448e+00 1.67890e+00 6.81964e+02
-1.27072e+00 1.74092e+00 6.80053e+02
-1.32821e+00 1.80326e+00 6.78553e+02
-1.38695e+00 1.86592e+00 6.77409e+02
-1.44695e+00 1.92895e+00 6.76573e+02
-1.50822e+00 1.99234e+00 6.76005e+02
-1.57077e+00 2.05612e+00 6.75671e+02
-1.63461e+00 2.12032e+00 6.75542e+02
-1.69974e+00 2.18494e+00 6.75593e+02
-1.76618e+00 2.25002e+00 6.75804e+02
-1.83395e+00 2.31556e+00 6.76156e+02
-1.90305e+00 2.38159e+00 6.76634e+02
-1.97350e+00 2.44812e+00 6.77225e+02
-2.04531e+00 2.51519e+00 6.77918e+02
-2.11850e+00 2.58280e+00 6.78706e+02
-2.19309e+00 2.65098e+00 6.79579e+02
-2.26909e+00 2.71974e+00 6.80533e+02
-2.34653e+00 2.78912e+00 6.81563e+02
-2.42541e+00 2.85912e+00 6.82666e+02
-2.50576e+00 2.92978e+00 6.83839e+02
-2.58761e+00 3.00110e+00 6.85082e+02
-2.67096e+00 3.07312e+00 6.86396e+02
-2.75585e+00 3.14586e+00 6.87781e+02
-2.84230e+00 3.21933e+00 6.89241e+02
-2.93033e+00 3.29357e+00 6.90780e+02
-3.01997e+00 3.36859e+00 6.92403e+02
-3.11125e+00 3.44441e+00 6.94118e+02
-3.20418e+00 3.52107e+00 6.95934e+02
-3.29881e+00 3.59859e+00 6.97863e+02
-3.39516e+00 3.67700e+00 6.99918e+02
-3.49326e+00 3.75631e+00 7.02118e+02
-3.59314e+00 3.83655e+00 7.04483e+02
-3.69484e+00 3.91776e+00 7.07041e+02
-3.79839e+00 3.99996e+00 7.09825e+02
-4.58087e-01 7.32147e-01 9.61717e+02
-4.92369e-01 7.93295e-01 9.10468e+02
-5.27979e-01 8.54335e-01 8.69709e+02
-5.64906e-01 9.15292e-01 8.36851e+02
-6.03140e-01 9.76191e-01 8.10075e+02
-6.42674e-01 1.03706e+00 7.88060e+02
-6.83500e-01 1.09791e+00 7.69831e+02
-7.25613e-01 1.15878e+00 7.54651e+02
-7.69008e-01 1.21968e+00 7.41953e+02
-8.13681e-01 1.28064e+00 7.31296e+02
-8.59630e-01 1.34169e+00 7.22331e+02
-9.06853e-01 1.40283e+00 7.14780e+02
-9.55349e-01 1.46409e+00 7.08417e+02
-1.00512e+00 1.52550e+00 7.03060e+02
-1.05616e+00 1.58707e+00 6.98559e+02
-1.10848e+00 1.64883e+00 6.94790e+02
-1.16209e+00 1.71079e+00 6.91649e+02
-1.21697e+00 1.77297e+00 6.89050e+02
-1.27314e+00 1.83540e+00 6.86921e+02
-1.33061e+00 1.89809e+00 6.85199e+02
-1.38938e+00 1.96107e+00 6.83832e+02
-1.44946e+00 2.02434e+00 6.82777e+02
-1.51085e+00 2.08794e+00 6.81996e+02
-1.57356e+00 2.15188e+00 6.81455e+02
-1.63762e+00 2.21618e+00 6.81128e+02
-1.70301e+00 2.28086e+00 6.80990e+02
-1.76976e+00 2.34594e+00 6.81022e+02
-1.83789e+00 2.41143e+00 6.81205e+02
-1.90739e+00 2.47737e+00 6.81524e+02
-1.97829e+00 2.54376e+00 6.81968e+02
-2.05060e+00 2.61063e+00 6.82524e+02
-2.12433e+00 2.67800e+00 6.83185e+02
-2.19951e+00 2.74589e+00 6.83942e+02
-2.27614e+00 2.81432e+00 6.84789e+02
-2.35426e+00 2.88330e+00 6.85721e+02
-2.43387e+00 2.95286e+00 6.86736e+02
-2.51499e+00 3.02303e+00 6.87830e+02
-2.59766e+00 3.09381e+00 6.89001e+02
-2.68188e+00 3.16524e+00 6.90250e+02
-2.76768e+00 3.23734e+00 6.91577e+02
-2.85509e+00 3.31012e+00 6.92984e+02
-2.94413e+00 3.38361e+00 6.94474e+02
-3.03483e+00 3.45783e+00 6.96050e+02
-3.12721e+00 3.53282e+00 6.97719e+02
-3.22129e+00 3.60858e+00 6.99486e+02
-3.31712e+00 3.68514e+00 7.01361e+02
-3.41471e+00 3.76254e+00 7.03354e+02
-3.51411e+00 3.84079e+00 7.05476e+02
-3.61533e+00 3.91992e+00 7.07745e+02
-3.71843e+00 3.99996e+00 7.10177e+02
-4.33821e-01 7.50910e-01 9.96919e+02
-4.65914e-01 8.13298e-01 9.43275e+02
-4.99386e-01 8.75502e-01 9.00070e+02
-5.34223e-01 9.37551e-01 8.64843e+02
-5.70415e-01 9.99468e-01 8.35830e+02
-6.07954e-01 1.06128e+00 8.11738e+02
-6.46830e-01 1.12301e+00 7.91594e+02
-6.87036e-01 1.18469e+00 7.74658e+02
-7.28567e-01 1.24633e+00 7.60354e+02
-7.71417e-01 1.30796e+00 7.48229e+02
-8.15583e-01 1.36960e+00 7.37924e+02
-8.61062e-01 1.43127e+00 7.29149e+02
-9.07853e-01 1.49300e+00 7.21669e+02
-9.55953e-01 1.55481e+00 7.15292e+02
-1.00536e+00 1.61672e+00 7.09857e+02
-1.05609e+00 1.67874e+00 7.05233e+02
-1.10812e+00 1.74091e+00 7.01309e+02
-1.16147e+00 1.80323e+00 6.97993e+02
-1.21615e+00 1.86573e+00 6.95206e+02
-1.27214e+00 1.92843e+00 6.92880e+02
-1.32947e+00 1.99135e+00 6.90960e+02
-1.38813e+00 2.05451e+00 6.89396e+02
-1.44813e+00 2.11793e+00 6.88147e+02
-1.50949e+00 2.18162e+00 6.87178e+02
-1.57221e+00 2.24561e+00 6.86456e+02
-1.63629e+00 2.30992e+00 6.85955e+02
-1.70176e+00 2.37456e+00 6.85653e+02
-1.76862e+00 2.43956e+00 6.85529e+02
-1.83688e+00 2.50493e+00 6.85567e+02
-1.90655e+00 2.57069e+00 6.85750e+02
-1.97766e+00 2.63687e+00 6.86068e+02
-2.05021e+00 2.70347e+00 6.86508e+02
-2.12422e+00 2.77054e+00 6.87061e+02
-2.19971e+00 2.83807e+00 6.87720e+02
-2.27669e+00 2.90610e+00 6.88478e+02
-2.35519e+00 2.97463e+00 6.89330e+02
-2.43521e+00 3.04371e+00 6.90272e+02
-2.51678e+00 3.11333e+00 6.91300e+02
-2.59993e+00 3.18353e+00 6.92412e+02
-2.68467e+00 3.25433e+00 6.93608e+02
-2.77102e+00 3.32574e+00 6.94886e+02
-2.85901e+00 3.39779e+00 6.96248e+02
-2.94867e+00 3.47051e+00 6.97695e+02
-3.04001e+00 3.54390e+00 6.99229e+02
-3.13308e+00 3.61801e+00 7.00855e+02
-3.22788e+00 3.69284e+00 7.02576e+02
-3.32446e+00 3.76843e+00 7.04399e+02
-3.42284e+00 3.84480e+00 7.06331e+02
-3.52306e+00 3.92196e+00 7.08380e+02
-3.62514e+00 3.99996e+00 7.10556e+02
-4.09178e-01 7.69316e-01 1.03213e+03
-4.39113e-01 8.32784e-01 9.76225e+02
-4.70461e-01 8.96005e-01 9.30663e+02
-5.03209e-01 9.59007e-01 8.93115e+02
-5.37346e-01 1.02182e+00 8.61888e+02
-5.72861e-01 1.08446e+00 8.35718e+02
-6.09744e-01 1.14696e+00 8.13645e+02
-6.47989e-01 1.20934e+00 7.94928e+02
-6.87588e-01 1.27162e+00 7.78988e+02
-7.28534e-01 1.33384e+00 7.65362e+02
-7.70824e-01 1.39601e+00 7.53682e+02
-8.14454e-01 1.45815e+00 7.43648e+02
-8.59420e-01 1.52029e+00 7.35015e+02
-9.05721e-01 1.58245e+00 7.27583e+02
-9.53357e-01 1.64465e+00 7.21182e+02
-1.00233e+00 1.70690e+00 7.15673e+02
-1.05263e+00 1.76924e+00 7.10938e+02
-1.10427e+00 1.83168e+00 7.06879e+02
-1.15726e+00 1.89424e+00 7.03409e+02
-1.21158e+00 1.95694e+00 7.00459e+02
-1.26725e+00 2.01980e+00 6.97965e+02
-1.32428e+00 2.08284e+00 6.95874e+02
-1.38267e+00 2.14608e+00 6.94142e+02
-1.44242e+00 2.20954e+00 6.92729e+02
-1.50355e+00 2.27324e+00 6.91599e+02
-1.56606e+00 2.33719e+00 6.90725e+02
-1.62996e+00 2.40142e+00 6.90079e+02
-1.69527e+00 2.46595e+00 6.89640e+02
-1.76199e+00 2.53079e+00 6.89388e+02
-1.83014e+00 2.59596e+00 6.89306e+02
-1.89972e+00 2.66149e+00 6.89379e+02
-1.97076e+00 2.72739e+00 6.89594e+02
-2.04326e+00 2.79367e+00 6.89941e+02
-2.11725e+00 2.86037e+00 6.90410e+02
-2.19273e+00 2.92750e+00 6.90992e+02
-2.26973e+00 2.99508e+00 6.91681e+02
-2.34827e+00 3.06313e+00 6.92471e+02
-2.42835e+00 3.13167e+00 6.93358e+02
-2.51001e+00 3.20072e+00 6.94336e+02
-2.59325e+00 3.27030e+00 6.95405e+02
-2.67812e+00 3.34043e+00 6.96561e+02
-2.76461e+00 3.41113e+00 6.97803e+02
-2.85277e+00 3.48243e+00 6.99132e+02
-2.94261e+00 3.55434e+00 7.00546e+02
-3.03416e+00 3.62689e+00 7.02048e+02
-3.12745e+00 3.70009e+00 7.03639e+02
-3.22250e+00 3.77398e+00 7.05322e+02
-3.31934e+00 3.84857e+00 7.07101e+02
-3.41801e+00 3.92389e+00 7.08980e+02
-3.51852e+00 3.99996e+00 7.10964e+02
-3.84204e-01 7.87341e-01 1.06723e+03
-4.12012e-01 8.51730e-01 1.00921e+03
-4.41252e-01 9.15820e-01 9.61390e+02
-4.71913e-01 9.79638e-01 9.21580e+02
-5.03980e-01 1.04321e+00 8.88168e+02
-5.37444e-01 1.10657e+00 8.59928e+02
-5.72295e-01 1.16973e+00 8.35920e+02
-6.08523e-01 1.23272e+00 8.15406e+02
-6.46121e-01 1.29556e+00 7.97805e+02
-6.85083e-01 1.35828e+00 7.82651e+02
-7.25404e-01 1.42091e+00 7.69566e+02
-7.67077e-01 1.48345e+00 7.58242e+02
-8.10101e-01 1.54594e+00 7.48427e+02
-8.54473e-01 1.60840e+00 7.39910e+02
-9.00190e-01 1.67085e+00 7.32515e+02
-9.47253e-01 1.73330e+00 7.26095e+02
-9.95661e-01 1.79578e+00 7.20525e+02
-1.04542e+00 1.85831e+00 7.15700e+02
-1.09652e+00 1.92091e+00 7.11529e+02
-1.14897e+00 1.98360e+00 7.07934e+02
-1.20279e+00 2.04640e+00 7.04850e+02
-1.25795e+00 2.10932e+00 7.02218e+02
-1.31449e+00 2.17239e+00 6.99990e+02
-1.37239e+00 2.23563e+00 6.98121e+02
-1.43168e+00 2.29905e+00 6.96575e+02
-1.49235e+00 2.36267e+00 6.95318e+02
-1.55441e+00 2.42652e+00 6.94322e+02
-1.61788e+00 2.49060e+00 6.93562e+02
-1.68276e+00 2.55495e+00 6.93016e+02
-1.74906e+00 2.61958e+00 6.92665e+02
-1.81680e+00 2.68450e+00 6.92491e+02
-1.88599e+00 2.74973e+00 6.92481e+02
-1.95665e+00 2.81531e+00 6.92621e+02
-2.02878e+00 2.88123e+00 6.92899e+02
-2.10240e+00 2.94753e+00 6.93307e+02
-2.17752e+00 3.01421e+00 6.93835e+02
-2.25418e+00 3.08131e+00 6.94477e+02
-2.33237e+00 3.14884e+00 6.95225e+02
-2.41212e+00 3.21682e+00 6.96075e+02
-2.49346e+00 3.28526e+00 6.97023e+02
-2.57639e+00 3.35419e+00 6.98064e+02
-2.66095e+00 3.42363e+00 6.99195e+02
-2.74714e+00 3.49360e+00 7.00416e+02
-2.83500e+00 3.56412e+00 7.01723e+02
-2.92456e+00 3.63521e+00 7.03117e+02
-3.01582e+00 3.70689e+00 7.04598e+02
-3.10883e+00 3.77919e+00 7.06165e+02
-3.20361e+00 3.85211e+00 7.07820e+02
-3.30018e+00 3.92570e+00 7.09564e+02
-3.39858e+00 3.99996e+00 7.11401e+02
-3.58945e-01 8.04959e-01 1.10215e+03
-3.84658e-01 8.70113e-01 1.04215e+03
-4.11808e-01 9.34926e-01 9.92165e+02
-4.40383e-01 9.99426e-01 9.50157e+02
-4.70369e-01 1.06364e+00 9.14594e+02
-5.01755e-01 1.12759e+00 8.84300e+02
-5.34532e-01 1.19131e+00 8.58354e+02
-5.68689e-01 1.25481e+00 8.36032e+02
-6.04220e-01 1.31812e+00 8.16753e+02
-6.41116e-01 1.38127e+00 8.00048e+02
-6.79373e-01 1.44428e+00 7.85533e+02
-7.18985e-01 1.50716e+00 7.72894e+02
-7.59948e-01 1.56995e+00 7.61871e+02
-8.02259e-01 1.63266e+00 7.52244e+02
-8.45915e-01 1.69531e+00 7.43831e+02
-8.90917e-01 1.75792e+00 7.36478e+02
-9.37262e-01 1.82052e+00 7.30053e+02
-9.84952e-01 1.88312e+00 7.24443e+02
-1.03399e+00 1.94574e+00 7.19553e+02
-1.08437e+00 2.00841e+00 7.15300e+02
-1.13610e+00 2.07114e+00 7.11612e+02
-1.18919e+00 2.13395e+00 7.08428e+02
-1.24364e+00 2.19685e+00 7.05694e+02
-1.29945e+00 2.25988e+00 7.03362e+02
-1.35663e+00 2.32304e+00 7.01392e+02
-1.41519e+00 2.38636e+00 6.99748e+02
-1.47514e+00 2.44985e+00 6.98398e+02
-1.53647e+00 2.51353e+00 6.97314e+02
-1.59921e+00 2.57742e+00 6.96472e+02
-1.66336e+00 2.64153e+00 6.95851e+02
-1.72894e+00 2.70589e+00 6.95431e+02
-1.79595e+00 2.77052e+00 6.95195e+02
-1.86440e+00 2.83543e+00 6.95129e+02
-1.93431e+00 2.90064e+00 6.95220e+02
-2.00570e+00 2.96616e+00 6.95457e+02
-2.07858e+00 3.03202e+00 6.95828e+02
-2.15296e+00 3.09824e+00 6.96325e+02
-2.22886e+00 3.16483e+00 6.96941e+02
-2.30630e+00 3.23181e+00 6.97668e+02
-2.38529e+00 3.29920e+00 6.98501e+02
-2.46585e+00 3.36702e+00 6.99435e+02
-2.54801e+00 3.43529e+00 7.00464e+02
-2.63179e+00 3.50403e+00 7.01587e+02
-2.71719e+00 3.57325e+00 7.02799e+02
-2.80426e+00 3.64299e+00 7.04099e+02
-2.89301e+00 3.71325e+00 7.05485e+02
-2.98346e+00 3.78405e+00 7.06955e+02
-3.07564e+00 3.85543e+00 7.08508e+02
-3.16958e+00 3.92739e+00 7.10145e+02
-3.26531e+00 3.99996e+00 7.11866e+02
-3.33449e-01 8.22149e-01 1.13679e+03
-3.57099e-01 8.87913e-01 1.07496e+03
-3.82177e-01 9.53306e-01 1.02291e+03
-4.08668e-01 1.01835e+00 9.78769e+02
-4.36561e-01 1.08308e+00 9.41095e+02
-4.65843e-01 1.14752e+00 9.08763e+02
-4.96505e-01 1.21169e+00 8.80884e+02
-5.28538e-01 1.27561e+00 8.56747e+02
-5.61934e-01 1.33930e+00 8.35776e+02
-5.96685e-01 1.40280e+00 8.17501e+02
-6.32784e-01 1.46612e+00 8.01536e+02
-6.70228e-01 1.52928e+00 7.87560e+02
-7.09012e-01 1.59230e+00 7.75307e+02
-7.49131e-01 1.65521e+00 7.64550e+02
-7.90584e-01 1.71803e+00 7.55100e+02
-8.33369e-01 1.78077e+00 7.46795e+02
-8.77484e-01 1.84345e+00 7.39497e+02
-9.22930e-01 1.90610e+00 7.33089e+02
-9.69707e-01 1.96873e+00 7.27467e+02
-1.01782e+00 2.03137e+00 7.22544e+02
-1.06726e+00 2.09402e+00 7.18244e+02
-1.11804e+00 2.15672e+00 7.14500e+02
-1.17017e+00 2.21947e+00 7.11253e+02
-1.22364e+00 2.28229e+00 7.08454e+02
-1.27846e+00 2.34521e+00 7.06057e+02
-1.33464e+00 2.40824e+00 7.04022e+02
-1.39218e+00 2.47140e+00 7.02317e+02
-1.45110e+00 2.53471e+00 7.00909e+02
-1.51139e+00 2.59818e+00 6.99772e+02
-1.57307e+00 2.66183e+00 6.98882e+02
-1.63615e+00 2.72568e+00 6.98217e+02
-1.70064e+00 2.78974e+00 6.97759e+02
-1.76655e+00 2.85404e+00 6.97491e+02
-1.83389e+00 2.91859e+00 6.97399e+02
-1.90268e+00 2.98341e+00 6.97468e+02
-1.97292e+00 3.04851e+00 6.97686e+02
-2.04463e+00 3.11391e+00 6.98045e+02
-2.11783e+00 3.17964e+00 6.98534e+02
-2.19254e+00 3.24571e+00 6.99144e+02
-2.26876e+00 3.31213e+00 6.99870e+02
-2.34651e+00 3.37892e+00 7.00704e+02
-2.42583e+00 3.44611e+00 7.01640e+02
-2.50671e+00 3.51371e+00 7.02674e+02
-2.58919e+00 3.58173e+00 7.03802e+02
-2.67328e+00 3.65021e+00 7.05019e+02
-2.75900e+00 3.71915e+00 7.06323e+02
-2.84638e+00 3.78858e+00 7.07712e+02
-2.93545e+00 3.85851e+00 7.09182e+02
-3.02621e+00 3.92896e+00 7.10732e+02
-3.11871e+00 3.99997e+00 7.12361e+02
-3.07761e-01 8.38889e-01 1.17112e+03
-3.29382e-01 9.05112e-01 1.10758e+03
-3.52405e-01 9.70944e-01 1.05356e+03
-3.76817e-01 1.03641e+00 1.00735e+03
-4.02605e-01 1.10154e+00 9.67600e+02
-4.29758e-01 1.16634e+00 9.33250e+02
-4.58266e-01 1.23086e+00 9.03443e+02
-4.88122e-01 1.29510e+00 8.77486e+02
-5.19315e-01 1.35909e+00 8.54811e+02
-5.51840e-01 1.42286e+00 8.34952e+02
-5.85691e-01 1.48642e+00 8.17520e+02
-6.20861e-01 1.54979e+00 8.02190e+02
-6.57346e-01 1.61300e+00 7.88689e+02
-6.95143e-01 1.67606e+00 7.76785e+02
-7.34249e-01 1.73900e+00 7.66282e+02
-7.74661e-01 1.80183e+00 7.57012e+02
-8.16379e-01 1.86458e+00 7.48830e+02
-8.59402e-01 1.92725e+00 7.41612e+02
-9.03729e-01 1.98988e+00 7.35250e+02
-9.49362e-01 2.05247e+00 7.29650e+02
-9.96303e-01 2.11505e+00 7.24732e+02
-1.04455e+00 2.17763e+00 7.20423e+02
-1.09412e+00 2.24023e+00 7.16662e+02
-1.14500e+00 2.30287e+00 7.13393e+02
-1.19720e+00 2.36557e+00 7.10568e+02
-1.25073e+00 2.42833e+00 7.08145e+02
-1.30558e+00 2.49119e+00 7.06085e+02
-1.36178e+00 2.55415e+00 7.04355e+02
-1.41933e+00 2.61724e+00 7.02926e+02
-1.47822e+00 2.68046e+00 7.01771e+02
-1.53848e+00 2.74385e+00 7.00866e+02
-1.60011e+00 2.80740e+00 7.00190e+02
-1.66313e+00 2.87114e+00 6.99725e+02
-1.72753e+00 2.93509e+00 6.99453e+02
-1.79334e+00 2.99926e+00 6.99360e+02
-1.86056e+00 3.06367e+00 6.99433e+02
-1.92921e+00 3.12834e+00 6.99659e+02
-1.99931e+00 3.19328e+00 7.00027e+02
-2.07086e+00 3.25850e+00 7.00527e+02
-2.14388e+00 3.32403e+00 7.01152e+02
-2.21838e+00 3.38989e+00 7.01894e+02
-2.29439e+00 3.45608e+00 7.02745e+02
-2.37192e+00 3.52264e+00 7.03699e+02
-2.45099e+00 3.58956e+00 7.04751e+02
-2.53161e+00 3.65688e+00 7.05896e+02
-2.61381e+00 3.72461e+00 7.07130e+02
-2.69760e+00 3.79276e+00 7.08449e+02
-2.78302e+00 3.86136e+00 7.09849e+02
-2.87007e+00 3.93042e+00 7.11328e+02
-2.95878e+00 3.99997e+00 7.12883e+02
-2.81926e-01 8.55161e-01 1.20508e+03
-3.01553e-01 9.21695e-01 1.13995e+03
-3.22541e-01 9.87827e-01 1.08405e+03
-3.44876e-01 1.05358e+00 1.03583e+03
-3.68549e-01 1.11898e+00 9.94042e+02
-3.93548e-01 1.18405e+00 9.57692e+02
-4.19864e-01 1.24881e+00 9.25962e+02
-4.47489e-01 1.31328e+00 8.98181e+02
-4.76416e-01 1.37749e+00 8.73795e+02
-5.06636e-01 1.44144e+00 8.52339e+02
-5.38144e-01 1.50518e+00 8.33426e+02
-5.70935e-01 1.56870e+00 8.16727e+02
-6.05005e-01 1.63204e+00 8.01964e+02
-6.40349e-01 1.69521e+00 7.88901e+02
-6.76964e-01 1.75823e+00 7.77334e+02
-7.14849e-01 1.82112e+00 7.67089e+02
-7.54002e-01 1.88389e+00 7.58015e+02
-7.94421e-01 1.94657e+00 7.49982e+02
-8.36107e-01 2.00917e+00 7.42875e+02
-8.79061e-01 2.07171e+00 7.36596e+02
-9.23282e-01 2.13421e+00 7.31058e+02
-9.68774e-01 2.19668e+00 7.26185e+02
-1.01554e+00 2.25914e+00 7.21909e+02
-1.06358e+00 2.32161e+00 7.18173e+02
-1.11290e+00 2.38410e+00 7.14924e+02
-1.16350e+00 2.44663e+00 7.12115e+02
-1.21539e+00 2.50921e+00 7.09705e+02
-1.26858e+00 2.57186e+00 7.07659e+02
-1.32306e+00 2.63460e+00 7.05942e+02
-1.37885e+00 2.69744e+00 7.04527e+02
-1.43596e+00 2.76040e+00 7.03388e+02
-1.49439e+00 2.82349e+00 7.02500e+02
-1.55416e+00 2.88674e+00 7.01844e+02
-1.61526e+00 2.95014e+00 7.01400e+02
-1.67772e+00 3.01373e+00 7.01152e+02
-1.74154e+00 3.07751e+00 7.01084e+02
-1.80673e+00 3.14151e+00 7.01183e+02
-1.87330e+00 3.20573e+00 7.01437e+02
-1.94128e+00 3.27020e+00 7.01835e+02
-2.01066e+00 3.33493e+00 7.02366e+02
-2.08147e+00 3.39993e+00 7.03022e+02
-2.15372e+00 3.46522e+00 7.03795e+02
-2.22742e+00 3.53081e+00 7.04677e+02
-2.30260e+00 3.59674e+00 7.05662e+02
-2.37926e+00 3.66300e+00 7.06743e+02
-2.45743e+00 3.72961e+00 7.07916e+02
-2.53712e+00 3.79660e+00 7.09176e+02
-2.61836e+00 3.86398e+00 7.10518e+02
-2.70115e+00 3.93176e+00 7.11938e+02
-2.78553e+00 3.99997e+00 7.13433e+02
-2.55990e-01 8.70949e-01 1.23864e+03
-2.73657e-01 9.37648e-01 1.17203e+03
-2.92628e-01 1.00394e+00 1.11433e+03
-3.12893e-01 1.06986e+00 1.06415e+03
-3.34441e-01 1.13542e+00 1.02035e+03
-3.57262e-01 1.20064e+00 9.82019e+02
-3.81349e-01 1.26555e+00 9.48369e+02
-4.06692e-01 1.33015e+00 9.18762e+02
-4.33286e-01 1.39449e+00 8.92655e+02
-4.61123e-01 1.45856e+00 8.69592e+02
-4.90197e-01 1.52240e+00 8.49186e+02
-5.20505e-01 1.58601e+00 8.31108e+02
-5.52041e-01 1.64942e+00 8.15074e+02
-5.84802e-01 1.71265e+00 8.00843e+02
-6.18784e-01 1.77571e+00 7.88206e+02
-6.53986e-01 1.83862e+00 7.76981e+02
-6.90406e-01 1.90140e+00 7.67012e+02
-7.28043e-01 1.96407e+00 7.58162e+02
-7.66896e-01 2.02663e+00 7.50310e+02
-8.06965e-01 2.08911e+00 7.43353e+02
-8.48251e-01 2.15152e+00 7.37198e+02
-8.90756e-01 2.21388e+00 7.31765e+02
-9.34481e-01 2.27621e+00 7.26981e+02
-9.79428e-01 2.33851e+00 7.22783e+02
-1.02560e+00 2.40081e+00 7.19115e+02
-1.07301e+00 2.46312e+00 7.15928e+02
-1.12164e+00 2.52546e+00 7.13175e+02
-1.17152e+00 2.58783e+00 7.10819e+02
-1.22264e+00 2.65026e+00 7.08824e+02
-1.27501e+00 2.71276e+00 7.07157e+02
-1.32863e+00 2.77534e+00 7.05790e+02
-1.38352e+00 2.83802e+00 7.04698e+02
-1.43968e+00 2.90082e+00 7.03858e+02
-1.49711e+00 2.96374e+00 7.03250e+02
-1.55584e+00 3.02681e+00 7.02853e+02
-1.61586e+00 3.09003e+00 7.02653e+02
-1.67719e+00 3.15343e+00 7.02633e+02
-1.73984e+00 3.21701e+00 7.02780e+02
-1.80381e+00 3.28080e+00 7.03081e+02
-1.86912e+00 3.34480e+00 7.03525e+02
-1.93579e+00 3.40903e+00 7.04103e+02
-2.00382e+00 3.47351e+00 7.04804e+02
-2.07323e+00 3.53825e+00 7.05621e+02
-2.14403e+00 3.60326e+00 7.06545e+02
-2.21624e+00 3.66856e+00 7.07570e+02
-2.28987e+00 3.73417e+00 7.08690e+02
-2.36494e+00 3.80010e+00 7.09899e+02
-2.44147e+00 3.86636e+00 7.11191e+02
-2.51947e+00 3.93298e+00 7.12563e+02
-2.59895e+00 3.99997e+00 7.14009e+02
-2.29997e-01 8.86239e-01 1.27178e+03
-2.45738e-01 9.52961e-01 1.20379e+03
-2.62713e-01 1.01929e+00 1.14435e+03
-2.80912e-01 1.08524e+00 1.09225e+03
-3.00327e-01 1.15085e+00 1.04647e+03
-3.20948e-01 1.21611e+00 1.00616e+03
-3.42768e-01 1.28106e+00 9.70591e+02
-3.65780e-01 1.34572e+00 9.39151e+02
-3.89977e-01 1.41009e+00 9.11315e+02
-4.15353e-01 1.47421e+00 8.86636e+02
-4.41903e-01 1.53808e+00 8.64729e+02
-4.69624e-01 1.60172e+00 8.45263e+02
-4.98509e-01 1.66516e+00 8.27952e+02
-5.28557e-01 1.72840e+00 8.12550e+02
-5.59764e-01 1.79146e+00 7.98840e+02
-5.92129e-01 1.85436e+00 7.86636e+02
-6.25648e-01 1.91712e+00 7.75773e+02
-6.60322e-01 1.97974e+00 7.66110e+02
-6.96149e-01 2.04225e+00 7.57519e+02
-7.33130e-01 2.10466e+00 7.49891e+02
-7.71264e-01 2.16698e+00 7.43127e+02
-8.10554e-01 2.22923e+00 7.37142e+02
-8.50999e-01 2.29143e+00 7.31858e+02
-8.92602e-01 2.35359e+00 7.27209e+02
-9.35366e-01 2.41571e+00 7.23133e+02
-9.79294e-01 2.47782e+00 7.19576e+02
-1.02439e+00 2.53994e+00 7.16492e+02
-1.07065e+00 2.60206e+00 7.13836e+02
-1.11809e+00 2.66422e+00 7.11571e+02
-1.16672e+00 2.72642e+00 7.09662e+02
-1.21652e+00 2.78867e+00 7.08078e+02
-1.26752e+00 2.85099e+00 7.06791e+02
-1.31972e+00 2.91339e+00 7.05777e+02
-1.37312e+00 2.97589e+00 7.05011e+02
-1.42773e+00 3.03850e+00 7.04475e+02
-1.48357e+00 3.10123e+00 7.04149e+02
-1.54063e+00 3.16410e+00 7.04017e+02
-1.59893e+00 3.22712e+00 7.04064e+02
-1.65848e+00 3.29030e+00 7.04276e+02
-1.71928e+00 3.35366e+00 7.04640e+02
-1.78136e+00 3.41720e+00 7.05145e+02
-1.84471e+00 3.48096e+00 7.05781e+02
-1.90935e+00 3.54493e+00 7.06539e+02
-1.97529e+00 3.60913e+00 7.07409e+02
-2.04255e+00 3.67357e+00 7.08384e+02
-2.11114e+00 3.73828e+00 7.09458e+02
-2.18107e+00 3.80326e+00 7.10622e+02
-2.25235e+00 3.86852e+00 7.11873e+02
-2.32500e+00 3.93409e+00 7.13204e+02
-2.39905e+00 3.99997e+00 7.14609e+02
-2.03988e-01 9.01017e-01 1.30448e+03
-2.17839e-01 9.67624e-01 1.23519e+03
-2.32839e-01 1.03385e+00 1.17406e+03
-2.48979e-01 1.09973e+00 1.12007e+03
-2.66253e-01 1.16526e+00 1.07232e+03
-2.84652e-01 1.23047e+00 1.03004e+03
-3.04170e-01 1.29537e+00 9.92547e+02
-3.24800e-01 1.35998e+00 9.59266e+02
-3.46538e-01 1.42432e+00 9.29693e+02
-3.69378e-01 1.48840e+00 9.03389e+02
-3.93314e-01 1.55224e+00 8.79973e+02
-4.18344e-01 1.61585e+00 8.59115e+02
-4.44464e-01 1.67925e+00 8.40526e+02
-4.71670e-01 1.74246e+00 8.23952e+02
-4.99960e-01 1.80548e+00 8.09173e+02
-5.29332e-01 1.86833e+00 7.95995e+02
-5.59785e-01 1.93104e+00 7.84248e+02
-5.91316e-01 1.99360e+00 7.73781e+02
-6.23925e-01 2.05604e+00 7.64462e+02
-6.57613e-01 2.11837e+00 7.56174e+02
-6.92378e-01 2.18060e+00 7.48814e+02
-7.28223e-01 2.24274e+00 7.42290e+02
-7.65147e-01 2.30482e+00 7.36521e+02
-8.03153e-01 2.36683e+00 7.31433e+02
-8.42241e-01 2.42880e+00 7.26963e+02
-8.82416e-01 2.49074e+00 7.23051e+02
-9.23678e-01 2.55266e+00 7.19648e+02
-9.66032e-01 2.61457e+00 7.16706e+02
-1.00948e+00 2.67649e+00 7.14184e+02
-1.05403e+00 2.73842e+00 7.12044e+02
-1.09968e+00 2.80039e+00 7.10254e+02
-1.14644e+00 2.86240e+00 7.08783e+02
-1.19432e+00 2.92446e+00 7.07603e+02
-1.24331e+00 2.98659e+00 7.06691e+02
-1.29343e+00 3.04881e+00 7.06024e+02
-1.34468e+00 3.11111e+00 7.05581e+02
-1.39707e+00 3.17352e+00 7.05345e+02
-1.45061e+00 3.23605e+00 7.05299e+02
-1.50530e+00 3.29870e+00 7.05427e+02
-1.56116e+00 3.36150e+00 7.05718e+02
-1.61818e+00 3.42445e+00 7.06157e+02
-1.67639e+00 3.48756e+00 7.06733e+02
-1.73579e+00 3.55086e+00 7.07437e+02
-1.79639e+00 3.61435e+00 7.08259e+02
-1.85820e+00 3.67803e+00 7.09190e+02
-1.92123e+00 3.74194e+00 7.10223e+02
-1.98549e+00 3.80607e+00 7.11349e+02
-2.05100e+00 3.87045e+00 7.12564e+02
-2.11777e+00 3.93507e+00 7.13860e+02
-2.18581e+00 3.99997e+00 7.15232e+02
-1.78007e-01 9.15273e-01 1.33675e+03
-1.90002e-01 9.81632e-01 1.26620e+03
-2.03047e-01 1.04764e+00 1.20343e+03
-2.17136e-01 1.11331e+00 1.14757e+03
-2.32262e-01 1.17866e+00 1.09785e+03
-2.48419e-01 1.24371e+00 1.05358e+03
-2.65600e-01 1.30846e+00 1.01415e+03
-2.83802e-01 1.37294e+00 9.79021e+02
-3.03019e-01 1.43716e+00 9.47699e+02
-3.23247e-01 1.50114e+00 9.19762e+02
-3.44482e-01 1.56488e+00 8.94834e+02
-3.66720e-01 1.62840e+00 8.72583e+02
-3.89959e-01 1.69171e+00 8.52717e+02
-4.14196e-01 1.75484e+00 8.34978e+02
-4.39428e-01 1.81778e+00 8.19139e+02
-4.65654e-01 1.88055e+00 8.04999e+02
-4.92873e-01 1.94318e+00 7.92380e+02
-5.21082e-01 2.00566e+00 7.81125e+02
-5.50281e-01 2.06801e+00 7.71095e+02
-5.80471e-01 2.13024e+00 7.62165e+02
-6.11651e-01 2.19238e+00 7.54227e+02
-6.43820e-01 2.25441e+00 7.47183e+02
-6.76981e-01 2.31637e+00 7.40946e+02
-7.11134e-01 2.37826e+00 7.35438e+02
-7.46281e-01 2.44009e+00 7.30591e+02
-7.82423e-01 2.50187e+00 7.26341e+02
-8.19562e-01 2.56362e+00 7.22635e+02
-8.57702e-01 2.62535e+00 7.19422e+02
-8.96844e-01 2.68706e+00 7.16658e+02
-9.36993e-01 2.74877e+00 7.14302e+02
-9.78150e-01 2.81050e+00 7.12319e+02
-1.02032e+00 2.87225e+00 7.10675e+02
-1.06351e+00 2.93402e+00 7.09342e+02
-1.10772e+00 2.99585e+00 7.08293e+02
-1.15296e+00 3.05773e+00 7.07504e+02
-1.19923e+00 3.11967e+00 7.06953e+02
-1.24654e+00 3.18169e+00 7.06620e+02
-1.29489e+00 3.24380e+00 7.06489e+02
-1.34430e+00 3.30601e+00 7.06542e+02
-1.39476e+00 3.36832e+00 7.06764e+02
-1.44628e+00 3.43076e+00 7.07143e+02
-1.49888e+00 3.49333e+00 7.07666e+02
-1.55256e+00 3.55604e+00 7.08321e+02
-1.60732e+00 3.61891e+00 7.09099e+02
-1.66318e+00 3.68194e+00 7.09991e+02
-1.72015e+00 3.74515e+00 7.10987e+02
-1.77823e+00 3.80855e+00 7.12081e+02
-1.83743e+00 3.87214e+00 7.13264e+02
-1.89777e+00 3.93594e+00 7.14531e+02
-1.95925e+00 3.99997e+00 7.15875e+02
-1.52092e-01 9.29000e-01 1.36857e+03
-1.62267e-01 9.94979e-01 1.29682e+03
-1.73380e-01 1.06064e+00 1.23241e+03
-1.85425e-01 1.12599e+00 1.17467e+03
-1.98397e-01 1.19106e+00 1.12297e+03
-2.12292e-01 1.25584e+00 1.07671e+03
-2.27105e-01 1.32036e+00 1.03533e+03
-2.42831e-01 1.38462e+00 9.98324e+02
-2.59468e-01 1.44864e+00 9.65240e+02
-2.77011e-01 1.51244e+00 9.35662e+02
-2.95457e-01 1.57601e+00 9.09219e+02
-3.14804e-01 1.63938e+00 8.85578e+02
-3.35049e-01 1.70256e+00 8.64443e+02
-3.56190e-01 1.76555e+00 8.45551e+02
-3.78225e-01 1.82837e+00 8.28667e+02
-4.01152e-01 1.89103e+00 8.13583e+02
-4.24970e-01 1.95355e+00 8.00112e+02
-4.49679e-01 2.01592e+00 7.88091e+02
-4.75277e-01 2.07817e+00 7.77372e+02
-5.01764e-01 2.14030e+00 7.67824e+02
-5.29140e-01 2.20233e+00 7.59332e+02
-5.57405e-01 2.26426e+00 7.51791e+02
-5.86559e-01 2.32610e+00 7.45110e+02
-6.16605e-01 2.38787e+00 7.39204e+02
-6.47541e-01 2.44958e+00 7.34001e+02
-6.79370e-01 2.51123e+00 7.29435e+02
-7.12094e-01 2.57283e+00 7.25445e+02
-7.45714e-01 2.63440e+00 7.21979e+02
-7.80232e-01 2.69595e+00 7.18989e+02
-8.15651e-01 2.75748e+00 7.16433e+02
-8.51973e-01 2.81901e+00 7.14271e+02
-8.89202e-01 2.88054e+00 7.12468e+02
-9.27340e-01 2.94209e+00 7.10994e+02
-9.66392e-01 3.00366e+00 7.09819e+02
-1.00636e+00 3.06526e+00 7.08918e+02
-1.04725e+00 3.12691e+00 7.08268e+02
-1.08906e+00 3.18861e+00 7.07848e+02
-1.13181e+00 3.25038e+00 7.07639e+02
-1.17549e+00 3.31221e+00 7.07622e+02
-1.22011e+00 3.37413e+00 7.07783e+02
-1.26567e+00 3.43614e+00 7.08107e+02
-1.31219e+00 3.49826e+00 7.08581e+02
-1.35967e+00 3.56048e+00 7.09193e+02
-1.40810e+00 3.62282e+00 7.09932e+02
-1.45751e+00 3.68530e+00 7.10788e+02
-1.50790e+00 3.74791e+00 7.11753e+02
-1.55927e+00 3.81068e+00 7.12817e+02
-1.61163e+00 3.87360e+00 7.13973e+02
-1.66499e+00 3.93670e+00 7.15214e+02
-1.71936e+00 3.99997e+00 7.16535e+02
-1.26282e-01 9.42190e-01 1.39995e+03
-1.34672e-01 1.00766e+00 1.32701e+03
-1.43874e-01 1.07286e+00 1.26096e+03
-1.53885e-01 1.13779e+00 1.20133e+03
-1.64699e-01 1.20246e+00 1.14762e+03
-1.76314e-01 1.26688e+00 1.09933e+03
-1.88727e-01 1.33107e+00 1.05597e+03
-2.01933e-01 1.39503e+00 1.01708e+03
-2.15931e-01 1.45877e+00 9.82216e+02
-2.30718e-01 1.52231e+00 9.50990e+02
-2.46291e-01 1.58566e+00 9.23032e+02
-2.62648e-01 1.64882e+00 8.98007e+02
-2.79787e-01 1.71180e+00 8.75617e+02
-2.97707e-01 1.77462e+00 8.55590e+02
-3.16405e-01 1.83728e+00 8.37683e+02
-3.35882e-01 1.89979e+00 8.21680e+02
-3.56136e-01 1.96216e+00 8.07385e+02
-3.77165e-01 2.02441e+00 7.94627e+02
-3.98970e-01 2.08654e+00 7.83248e+02
-4.21550e-01 2.14855e+00 7.73112e+02
-4.44905e-01 2.21046e+00 7.64095e+02
-4.69035e-01 2.27229e+00 7.56087e+02
-4.93941e-01 2.33402e+00 7.48988e+02
-5.19622e-01 2.39568e+00 7.42712e+02
-5.46079e-01 2.45728e+00 7.37179e+02
-5.73314e-01 2.51881e+00 7.32318e+02
-6.01328e-01 2.58030e+00 7.28068e+02
-6.30121e-01 2.64175e+00 7.24370e+02
-6.59696e-01 2.70316e+00 7.21174e+02
-6.90054e-01 2.76455e+00 7.18434e+02
-7.21197e-01 2.82592e+00 7.16109e+02
-7.53127e-01 2.88729e+00 7.14162e+02
-7.85846e-01 2.94865e+00 7.12559e+02
-8.19357e-01 3.01003e+00 7.11271e+02
-8.53664e-01 3.07142e+00 7.10269e+02
-8.88768e-01 3.13284e+00 7.09530e+02
-9.24673e-01 3.19429e+00 7.09030e+02
-9.61382e-01 3.25578e+00 7.08750e+02
-9.98899e-01 3.31733e+00 7.08672e+02
-1.03723e+00 3.37893e+00 7.08777e+02
-1.07637e+00 3.44060e+00 7.09052e+02
-1.11634e+00 3.50234e+00 7.09482e+02
-1.15713e+00 3.56417e+00 7.10054e+02
-1.19874e+00 3.62609e+00 7.10758e+02
-1.24120e+00 3.68810e+00 7.11583e+02
-1.28449e+00 3.75023e+00 7.12519e+02
-1.32862e+00 3.81247e+00 7.13557e+02
-1.37361e+00 3.87483e+00 7.14689e+02
-1.41945e+00 3.93733e+00 7.15909e+02
-1.46615e+00 3.99997e+00 7.17208e+02
-1.00613e-01 9.54839e-01 1.43090e+03
-1.07254e-01 1.01969e+00 1.35677e+03
-1.14568e-01 1.08430e+00 1.28905e+03
-1.22554e-01 1.14869e+00 1.22749e+03
-1.31207e-01 1.21287e+00 1.17172e+03
-1.40526e-01 1.27683e+00 1.12136e+03
-1.50509e-01 1.34060e+00 1.07598e+03
-1.61152e-01 1.40417e+00 1.03517e+03
-1.72455e-01 1.46756e+00 9.98522e+02
-1.84416e-01 1.53078e+00 9.65643e+02
-1.97032e-01 1.59383e+00 9.36173e+02
-2.10303e-01 1.65672e+00 9.09778e+02
-2.24226e-01 1.71946e+00 8.86151e+02
-2.38801e-01 1.78205e+00 8.65013e+02
-2.54027e-01 1.84451e+00 8.46114e+02
-2.69903e-01 1.90684e+00 8.29224e+02
-2.86428e-01 1.96904e+00 8.14141e+02
-3.03601e-01 2.03113e+00 8.00681e+02
-3.21422e-01 2.09312e+00 7.88680e+02
-3.39892e-01 2.15501e+00 7.77991e+02
-3.59008e-01 2.21680e+00 7.68484e+02
-3.78773e-01 2.27851e+00 7.60042e+02
-3.99185e-01 2.34014e+00 7.52559e+02
-4.20246e-01 2.40171e+00 7.45942e+02
-4.41955e-01 2.46320e+00 7.40108e+02
-4.64313e-01 2.52464e+00 7.34981e+02
-4.87321e-01 2.58603e+00 7.30494e+02
-5.10979e-01 2.64738e+00 7.26587e+02
-5.35289e-01 2.70870e+00 7.23205e+02
-5.60252e-01 2.76998e+00 7.20301e+02
-5.85869e-01 2.83124e+00 7.17831e+02
-6.12142e-01 2.89249e+00 7.15755e+02
-6.39071e-01 2.95372e+00 7.14039e+02
-6.66660e-01 3.01496e+00 7.12649e+02
-6.94908e-01 3.07620e+00 7.11558e+02
-7.23820e-01 3.13745e+00 7.10739e+02
-7.53396e-01 3.19872e+00 7.10168e+02
-7.83639e-01 3.26002e+00 7.09826e+02
-8.14552e-01 3.32135e+00 7.09691e+02
-8.46137e-01 3.38271e+00 7.09747e+02
-8.78396e-01 3.44412e+00 7.09977e+02
-9.11332e-01 3.50559e+00 7.10368e+02
-9.44950e-01 3.56711e+00 7.10905e+02
-9.79250e-01 3.62870e+00 7.11578e+02
-1.01424e+00 3.69036e+00 7.12374e+02
-1.04992e+00 3.75209e+00 7.13284e+02
-1.08629e+00 3.81392e+00 7.14299e+02
-1.12336e+00 3.87583e+00 7.15411e+02
-1.16113e+00 3.93785e+00 7.16611e+02
-1.19960e+00 3.99997e+00 7.17893e+02
-7.51198e-02 9.66944e-01 1.46144e+03
-8.00471e-02 1.03105e+00 1.38608e+03
-8.54971e-02 1.09497e+00 1.31664e+03
-9.14680e-02 1.15872e+00 1.25308e+03
-9.79582e-02 1.22230e+00 1.19520e+03
-1.04966e-01 1.28572e+00 1.14271e+03
-1.12491e-01 1.34897e+00 1.09527e+03
-1.20531e-01 1.41208e+00 1.05251e+03
-1.29084e-01 1.47504e+00 1.01405e+03
-1.38151e-01 1.53786e+00 9.79513e+02
-1.47729e-01 1.60055e+00 9.48540e+02
-1.57819e-01 1.66311e+00 9.20793e+02
-1.68418e-01 1.72555e+00 8.95956e+02
-1.79527e-01 1.78787e+00 8.73742e+02
-1.91145e-01 1.85009e+00 8.53887e+02
-2.03271e-01 1.91219e+00 8.36153e+02
-2.15905e-01 1.97420e+00 8.20323e+02
-2.29046e-01 2.03612e+00 8.06205e+02
-2.42694e-01 2.09794e+00 7.93624e+02
-2.56849e-01 2.15969e+00 7.82425e+02
-2.71511e-01 2.22135e+00 7.72470e+02
-2.86680e-01 2.28295e+00 7.63632e+02
-3.02355e-01 2.34448e+00 7.55802e+02
-3.18538e-01 2.40595e+00 7.48879e+02
-3.35228e-01 2.46736e+00 7.42776e+02
-3.52425e-01 2.52872e+00 7.37411e+02
-3.70130e-01 2.59004e+00 7.32715e+02
-3.88343e-01 2.65132e+00 7.28624e+02
-4.07066e-01 2.71257e+00 7.25080e+02
-4.26298e-01 2.77378e+00 7.22032e+02
-4.46041e-01 2.83497e+00 7.19435e+02
-4.66295e-01 2.89615e+00 7.17247e+02
-4.87060e-01 2.95731e+00 7.15431e+02
-5.08340e-01 3.01846e+00 7.13953e+02
-5.30133e-01 3.07961e+00 7.12783e+02
-5.52441e-01 3.14076e+00 7.11895e+02
-5.75267e-01 3.20191e+00 7.11263e+02
-5.98610e-01 3.26308e+00 7.10865e+02
-6.22473e-01 3.32427e+00 7.10681e+02
-6.46856e-01 3.38548e+00 7.10693e+02
-6.71762e-01 3.44672e+00 7.10884e+02
-6.97192e-01 3.50799e+00 7.11240e+02
-7.23148e-01 3.56930e+00 7.11746e+02
-7.49632e-01 3.63066e+00 7.12390e+02
-7.76646e-01 3.69206e+00 7.13161e+02
-8.04191e-01 3.75351e+00 7.14048e+02
-8.32270e-01 3.81503e+00 7.15042e+02
-8.60886e-01 3.87660e+00 7.16135e+02
-8.90040e-01 3.93825e+00 7.17318e+02
-9.19734e-01 3.99997e+00 7.18584e+02
-4.98352e-02 9.78505e-01 1.49156e+03
-5.30847e-02 1.04176e+00 1.41493e+03
-5.66938e-02 1.10488e+00 1.34369e+03
-6.06619e-02 1.16789e+00 1.27804e+03
-6.49881e-02 1.23077e+00 1.21796e+03
-6.96717e-02 1.29355e+00 1.16327e+03
-7.47121e-02 1.35621e+00 1.11371e+03
-8.01087e-02 1.41877e+00 1.06897e+03
-8.58609e-02 1.48122e+00 1.02869e+03
-9.19682e-02 1.54358e+00 9.92492e+02
-9.84300e-02 1.60584e+00 9.60031e+02
-1.05246e-01 1.66802e+00 9.30958e+02
-1.12416e-01 1.73010e+00 9.04947e+02
-1.19939e-01 1.79211e+00 8.81699e+02
-1.27815e-01 1.85403e+00 8.60935e+02
-1.36045e-01 1.91588e+00 8.42405e+02
-1.44626e-01 1.97766e+00 8.25880e+02
-1.53560e-01 2.03937e+00 8.11155e+02
-1.62847e-01 2.10102e+00 7.98044e+02
-1.72485e-01 2.16261e+00 7.86384e+02
-1.82476e-01 2.22414e+00 7.76025e+02
-1.92819e-01 2.28562e+00 7.66836e+02
-2.03514e-01 2.34704e+00 7.58699e+02
-2.14561e-01 2.40843e+00 7.51509e+02
-2.25960e-01 2.46977e+00 7.45171e+02
-2.37711e-01 2.53107e+00 7.39602e+02
-2.49816e-01 2.59234e+00 7.34726e+02
-2.62273e-01 2.65357e+00 7.30477e+02
-2.75083e-01 2.71478e+00 7.26794e+02
-2.88246e-01 2.77596e+00 7.23624e+02
-3.01763e-01 2.83712e+00 7.20919e+02
-3.15634e-01 2.89827e+00 7.18635e+02
-3.29860e-01 2.95940e+00 7.16735e+02
-3.44441e-01 3.02052e+00 7.15182e+02
-3.59377e-01 3.08164e+00 7.13946e+02
-3.74669e-01 3.14275e+00 7.12998e+02
-3.90317e-01 3.20387e+00 7.12312e+02
-4.06323e-01 3.26498e+00 7.11867e+02
-4.22687e-01 3.32611e+00 7.11641e+02
-4.39409e-01 3.38724e+00 7.11615e+02
-4.56491e-01 3.44839e+00 7.11771e+02
-4.73932e-01 3.50956e+00 7.12096e+02
-4.91735e-01 3.57075e+00 7.12574e+02
-5.09899e-01 3.63196e+00 7.13193e+02
-5.28426e-01 3.69321e+00 7.13941e+02
-5.47317e-01 3.75448e+00 7.14807e+02
-5.66572e-01 3.81579e+00 7.15783e+02
-5.86193e-01 3.87714e+00 7.16859e+02
-6.06181e-01 3.93853e+00 7.18026e+02
-6.26537e-01 3.99997e+00 7.19279e+02
-2.47897e-02 9.89521e-01 1.52130e+03
-2.63970e-02 1.05181e+00 1.44330e+03
-2.81897e-02 1.11403e+00 1.37015e+03
-3.01674e-02 1.17620e+00 1.30230e+03
-3.23301e-02 1.23830e+00 1.23991e+03
-3.46775e-02 1.30034e+00 1.18294e+03
-3.72095e-02 1.36232e+00 1.13121e+03
-3.99259e-02 1.42425e+00 1.08445e+03
-4.28266e-02 1.48613e+00 1.04232e+03
-4.59113e-02 1.54795e+00 1.00447e+03
-4.91801e-02 1.60973e+00 9.70546e+02
-5.26327e-02 1.67146e+00 9.40182e+02
-5.62691e-02 1.73314e+00 9.13043e+02
-6.00891e-02 1.79478e+00 8.88812e+02
-6.40927e-02 1.85637e+00 8.67196e+02
-6.82798e-02 1.91793e+00 8.47929e+02
-7.26504e-02 1.97945e+00 8.30767e+02
-7.72043e-02 2.04093e+00 8.15493e+02
-8.19416e-02 2.10238e+00 8.01909e+02
-8.68622e-02 2.16379e+00 7.89841e+02
-9.19661e-02 2.22517e+00 7.79131e+02
-9.72533e-02 2.28653e+00 7.69638e+02
-1.02724e-01 2.34785e+00 7.61239e+02
-1.08378e-01 2.40915e+00 7.53821e+02
-1.14215e-01 2.47043e+00 7.47286e+02
-1.20235e-01 2.53169e+00 7.41546e+02
-1.26439e-01 2.59292e+00 7.36521e+02
-1.32826e-01 2.65414e+00 7.32141e+02
-1.39397e-01 2.71534e+00 7.28345e+02
-1.46152e-01 2.77653e+00 7.25075e+02
-1.53090e-01 2.83770e+00 7.22281e+02
-1.60212e-01 2.89887e+00 7.19920e+02
-1.67518e-01 2.96002e+00 7.17950e+02
-1.75008e-01 3.02117e+00 7.16335e+02
-1.82682e-01 3.08231e+00 7.15044e+02
-1.90540e-01 3.14344e+00 7.14047e+02
-1.98583e-01 3.20458e+00 7.13317e+02
-2.06810e-01 3.26571e+00 7.12832e+02
-2.15222e-01 3.32685e+00 7.12570e+02
-2.23819e-01 3.38799e+00 7.12511e+02
-2.32602e-01 3.44914e+00 7.12638e+02
-2.41569e-01 3.51029e+00 7.12935e+02
-2.50723e-01 3.57145e+00 7.13388e+02
-2.60062e-01 3.63262e+00 7.13985e+02
-2.69587e-01 3.69380e+00 7.14712e+02
-2.79298e-01 3.75500e+00 7.15560e+02
-2.89196e-01 3.81622e+00 7.16519e+02
-2.99281e-01 3.87745e+00 7.17579e+02
-3.09553e-01 3.93870e+00 7.18733e+02
-3.20012e-01 3.99997e+00 7.19973e+02
-1.20711e-05 9.99995e-01 1.55067e+03
-1.28496e-05 1.06122e+00 1.47118e+03
-1.37214e-05 1.12244e+00 1.39598e+03
-1.46866e-05 1.18367e+00 1.32579e+03
-1.57451e-05 1.24489e+00 1.26097e+03
-1.68969e-05 1.30612e+00 1.20161e+03
-1.81422e-05 1.36734e+00 1.14764e+03
-1.94807e-05 1.42857e+00 1.09881e+03
-2.09127e-05 1.48979e+00 1.05484e+03
-2.24379e-05 1.55101e+00 1.01535e+03
-2.40565e-05 1.61224e+00 9.79989e+02
-2.57685e-05 1.67346e+00 9.48380e+02
-2.75738e-05 1.73469e+00 9.20169e+02
-2.94725e-05 1.79591e+00 8.95018e+02
-3.14645e-05 1.85713e+00 8.72616e+02
-3.35499e-05 1.91836e+00 8.52679e+02
-3.57286e-05 1.97958e+00 8.34948e+02
-3.80007e-05 2.04081e+00 8.19190e+02
-4.03661e-05 2.10203e+00 8.05196e+02
-4.28249e-05 2.16325e+00 7.92778e+02
-4.53770e-05 2.22448e+00 7.81771e+02
-4.80225e-05 2.28570e+00 7.72026e+02
-5.07613e-05 2.34693e+00 7.63411e+02
-5.35934e-05 2.40815e+00 7.55809e+02
-5.65190e-05 2.46937e+00 7.49116e+02
-5.95378e-05 2.53060e+00 7.43240e+02
-6.26501e-05 2.59182e+00 7.38098e+02
-6.58556e-05 2.65305e+00 7.33616e+02
-6.91545e-05 2.71427e+00 7.29731e+02
-7.25468e-05 2.77549e+00 7.26383e+02
-7.60324e-05 2.83672e+00 7.23521e+02
-7.96114e-05 2.89794e+00 7.21099e+02
-8.32837e-05 2.95916e+00 7.19075e+02
-8.70494e-05 3.02039e+00 7.17413e+02
-9.09084e-05 3.08161e+00 7.16078e+02
-9.48608e-05 3.14284e+00 7.15041e+02
-9.89065e-05 3.20406e+00 7.14276e+02
-1.03046e-04 3.26528e+00 7.13758e+02
-1.07278e-04 3.32651e+00 7.13466e+02
-1.11604e-04 3.38773e+00 7.13379e+02
-1.16023e-04 3.44896e+00 7.13481e+02
-1.20535e-04 3.51018e+00 7.13755e+02
-1.25141e-04 3.57140e+00 7.14187e+02
-1.29840e-04 3.63263e+00 7.14763e+02
-1.34633e-04 3.69385e+00 7.15472e+02
-1.39519e-04 3.75507e+00 7.16303e+02
-1.44498e-04 3.81630e+00 7.17246e+02
-1.49571e-04 3.87752e+00 7.18292e+02
-1.54737e-04 3.93875e+00 7.19433e+02
-1.59996e-04 3.99997e+00 7.20661e+02
