-1.00000e+00 0.00000e+00 -4.01354e+01
-1.06122e+00 0.00000e+00 -3.89003e+01
-1.12245e+00 0.00000e+00 -3.73787e+01
-1.18367e+00 0.00000e+00 -3.56596e+01
-1.24490e+00 0.00000e+00 -3.38183e+01
-1.30612e+00 0.00000e+00 -3.19154e+01
-1.36734e+00 0.00000e+00 -2.99988e+01
-1.42857e+00 0.00000e+00 -2.81045e+01
-1.48979e+00 0.00000e+00 -2.62589e+01
-1.55101e+00 0.00000e+00 -2.44804e+01
-1.61224e+00 0.00000e+00 -2.27814e+01
-1.67346e+00 0.00000e+00 -2.11689e+01
-1.73469e+00 0.00000e+00 -1.96467e+01
-1.79591e+00 0.00000e+00 -1.82157e+01
-1.85713e+00 0.00000e+00 -1.68747e+01
-1.91836e+00 0.00000e+00 -1.56213e+01
-1.97958e+00 0.00000e+00 -1.44521e+01
-2.04081e+00 0.00000e+00 -1.33631e+01
-2.10203e+00 0.00000e+00 -1.23500e+01
-2.16325e+00 0.00000e+00 -1.14082e+01
-2.22448e+00 0.00000e+00 -1.05332e+01
-2.28570e+00 0.00000e+00 -9.72068e+00
-2.34693e+00 0.00000e+00 -8.96622e+00
-2.40815e+00 0.00000e+00 -8.26570e+00
-2.46937e+00 0.00000e+00 -7.61519e+00
-2.53060e+00 0.00000e+00 -7.01098e+00
-2.59182e+00 0.00000e+00 -6.44957e+00
-2.65304e+00 0.00000e+00 -5.92768e+00
-2.71427e+00 0.00000e+00 -5.44225e+00
-2.77549e+00 0.00000e+00 -4.99042e+00
-2.83672e+00 0.00000e+00 -4.56953e+00
-2.89794e+00 0.00000e+00 -4.17711e+00
-2.95916e+00 0.00000e+00 -3.81085e+00
-3.02039e+00 0.00000e+00 -3.46864e+00
-3.08161e+00 0.00000e+00 -3.14847e+00
-3.14284e+00 0.00000e+00 -2.84851e+00
-3.20406e+00 0.00000e+00 -2.56706e+00
-3.26528e+00 0.00000e+00 -2.30251e+00
-3.32651e+00 0.00000e+00 -2.05341e+00
-3.38773e+00 0.00000e+00 -1.81837e+00
-3.44896e+00 0.00000e+00 -1.59612e+00
-3.51018e+00 0.00000e+00 -1.38548e+00
-3.57140e+00 0.00000e+00 -1.18533e+00
-3.63263e+00 0.00000e+00 -9.94663e-01
-3.69385e+00 0.00000e+00 -8.12504e-01
-3.75507e+00 0.00000e+00 -6.37962e-01
-3.81630e+00 0.00000e+00 -4.70203e-01
-3.87752e+00 0.00000e+00 -3.08447e-01
-3.93875e+00 0.00000e+00 -1.51964e-01
-3.99997e+00 0.00000e+00 -7.34079e-05
-9.89526e-01 2.47775e-02 -1.95272e+01
-1.05181e+00 2.63840e-02 -1.85298e+01
-1.11404e+00 2.81758e-02 -1.74305e+01
-1.17620e+00 3.01526e-02 -1.62739e+01
-1.23830e+00 3.23142e-02 -1.50959e+01
-1.30034e+00 3.46605e-02 -1.39242e+01
-1.36233e+00 3.71912e-02 -1.27796e+01
-1.42426e+00 3.99063e-02 -1.16770e+01
-1.48613e+00 4.28055e-02 -1.06263e+01
-1.54796e+00 4.58888e-02 -9.63379e+00
-1.60973e+00 4.91560e-02 -8.70284e+00
-1.67146e+00 5.26069e-02 -7.83457e+00
-1.73314e+00 5.62415e-02 -7.02851e+00
-1.79478e+00 6.00597e-02 -6.28307e+00
-1.85637e+00 6.40614e-02 -5.59587e+00
-1.91793e+00 6.82465e-02 -4.96404e+00
-1.97945e+00 7.26149e-02 -4.38440e+00
-2.04093e+00 7.71667e-02 -3.85365e+00
-2.10238e+00 8.19017e-02 -3.36842e+00
-2.16379e+00 8.68200e-02 -2.92542e+00
-2.22517e+00 9.19214e-02 -2.52143e+00
-2.28653e+00 9.72061e-02 -2.15337e+00
-2.34785e+00 1.02674e-01 -1.81830e+00
-2.40915e+00 1.08325e-01 -1.51348e+00
-2.47043e+00 1.14159e-01 -1.23629e+00
-2.53169e+00 1.20177e-01 -9.84316e-01
-2.59292e+00 1.26378e-01 -7.55289e-01
-2.65414e+00 1.32762e-01 -5.47104e-01
-2.71534e+00 1.39330e-01 -3.57807e-01
-2.77653e+00 1.46081e-01 -1.85585e-01
-2.83770e+00 1.53016e-01 -2.87599e-02
-2.89887e+00 1.60135e-01 1.14224e-01
-2.96002e+00 1.67437e-01 2.44805e-01
-3.02117e+00 1.74923e-01 3.64315e-01
-3.08231e+00 1.82594e-01 4.73984e-01
-3.14344e+00 1.90448e-01 5.74953e-01
-3.20458e+00 1.98487e-01 6.68278e-01
-3.26571e+00 2.06711e-01 7.54935e-01
-3.32685e+00 2.15119e-01 8.35830e-01
-3.38799e+00 2.23712e-01 9.11802e-01
-3.44914e+00 2.32490e-01 9.83628e-01
-3.51029e+00 2.41453e-01 1.05203e+00
-3.57145e+00 2.50602e-01 1.11768e+00
-3.63262e+00 2.59937e-01 1.18120e+00
-3.69380e+00 2.69457e-01 1.24317e+00
-3.75500e+00 2.79164e-01 1.30412e+00
-3.81622e+00 2.89057e-01 1.36457e+00
-3.87745e+00 2.99137e-01 1.42496e+00
-3.93870e+00 3.09404e-01 1.48575e+00
-3.99997e+00 3.19858e-01 1.54733e+00
-9.78510e-01 4.98228e-02 5.55131e-01
-1.04176e+00 5.30715e-02 1.20438e+00
-1.10489e+00 5.66798e-02 1.81549e+00
-1.16789e+00 6.06469e-02 2.37955e+00
-1.23078e+00 6.49720e-02 2.89134e+00
-1.29355e+00 6.96545e-02 3.34852e+00
-1.35621e+00 7.46937e-02 3.75094e+00
-1.41877e+00 8.00890e-02 4.09998e+00
-1.48122e+00 8.58398e-02 4.39814e+00
-1.54358e+00 9.19456e-02 4.64854e+00
-1.60585e+00 9.84059e-02 4.85472e+00
-1.66802e+00 1.05220e-01 5.02039e+00
-1.73011e+00 1.12388e-01 5.14926e+00
-1.79211e+00 1.19910e-01 5.24495e+00
-1.85403e+00 1.27784e-01 5.31093e+00
-1.91588e+00 1.36011e-01 5.35047e+00
-1.97766e+00 1.44591e-01 5.36662e+00
-2.03937e+00 1.53523e-01 5.36221e+00
-2.10102e+00 1.62807e-01 5.33982e+00
-2.16261e+00 1.72444e-01 5.30182e+00
-2.22414e+00 1.82432e-01 5.25038e+00
-2.28562e+00 1.92772e-01 5.18746e+00
-2.34704e+00 2.03465e-01 5.11486e+00
-2.40843e+00 2.14509e-01 5.03417e+00
-2.46977e+00 2.25906e-01 4.94688e+00
-2.53107e+00 2.37655e-01 4.85430e+00
-2.59234e+00 2.49756e-01 4.75763e+00
-2.65357e+00 2.62210e-01 4.65796e+00
-2.71478e+00 2.75017e-01 4.55627e+00
-2.77596e+00 2.88177e-01 4.45344e+00
-2.83713e+00 3.01691e-01 4.35028e+00
-2.89827e+00 3.15559e-01 4.24751e+00
-2.95940e+00 3.29782e-01 4.14580e+00
-3.02053e+00 3.44359e-01 4.04574e+00
-3.08164e+00 3.59292e-01 3.94787e+00
-3.14275e+00 3.74580e-01 3.85269e+00
-3.20387e+00 3.90225e-01 3.76064e+00
-3.26498e+00 4.06227e-01 3.67213e+00
-3.32611e+00 4.22587e-01 3.58752e+00
-3.38724e+00 4.39306e-01 3.50716e+00
-3.44839e+00 4.56383e-01 3.43134e+00
-3.50956e+00 4.73821e-01 3.36035e+00
-3.57075e+00 4.91619e-01 3.29444e+00
-3.63196e+00 5.09779e-01 3.23384e+00
-3.69321e+00 5.28302e-01 3.17876e+00
-3.75448e+00 5.47188e-01 3.12939e+00
-3.81579e+00 5.66439e-01 3.08591e+00
-3.87714e+00 5.86056e-01 3.04848e+00
-3.93853e+00 6.06039e-01 3.01724e+00
-3.99997e+00 6.26390e-01 2.99232e+00
-9.66950e-01 7.51073e-02 2.01411e+01
-1.03106e+00 8.00339e-02 2.03257e+01
-1.09498e+00 8.54829e-02 2.03733e+01
-1.15873e+00 9.14528e-02 2.03028e+01
-1.22231e+00 9.79420e-02 2.01324e+01
-1.28572e+00 1.04949e-01 1.98786e+01
-1.34898e+00 1.12472e-01 1.95563e+01
-1.41208e+00 1.20511e-01 1.91787e+01
-1.47504e+00 1.29063e-01 1.87571e+01
-1.53787e+00 1.38128e-01 1.83015e+01
-1.60055e+00 1.47705e-01 1.78202e+01
-1.66311e+00 1.57793e-01 1.73204e+01
-1.72555e+00 1.68391e-01 1.68080e+01
-1.78788e+00 1.79498e-01 1.62882e+01
-1.85009e+00 1.91114e-01 1.57649e+01
-1.91219e+00 2.03238e-01 1.52418e+01
-1.97420e+00 2.15870e-01 1.47217e+01
-2.03612e+00 2.29009e-01 1.42070e+01
-2.09794e+00 2.42655e-01 1.36995e+01
-2.15969e+00 2.56808e-01 1.32009e+01
-2.22136e+00 2.71468e-01 1.27123e+01
-2.28295e+00 2.86634e-01 1.22350e+01
-2.34448e+00 3.02307e-01 1.17695e+01
-2.40595e+00 3.18487e-01 1.13167e+01
-2.46736e+00 3.35175e-01 1.08769e+01
-2.52873e+00 3.52369e-01 1.04505e+01
-2.59004e+00 3.70072e-01 1.00379e+01
-2.65132e+00 3.88282e-01 9.63924e+00
-2.71257e+00 4.07002e-01 9.25459e+00
-2.77378e+00 4.26231e-01 8.88406e+00
-2.83497e+00 4.45971e-01 8.52767e+00
-2.89615e+00 4.66222e-01 8.18540e+00
-2.95731e+00 4.86985e-01 7.85723e+00
-3.01846e+00 5.08261e-01 7.54307e+00
-3.07961e+00 5.30051e-01 7.24286e+00
-3.14076e+00 5.52356e-01 6.95647e+00
-3.20192e+00 5.75178e-01 6.68381e+00
-3.26309e+00 5.98517e-01 6.42476e+00
-3.32427e+00 6.22377e-01 6.17917e+00
-3.38548e+00 6.46756e-01 5.94692e+00
-3.44672e+00 6.71659e-01 5.72787e+00
-3.50799e+00 6.97085e-01 5.52189e+00
-3.56930e+00 7.23037e-01 5.32882e+00
-3.63066e+00 7.49517e-01 5.14854e+00
-3.69206e+00 7.76527e-01 4.98089e+00
-3.75351e+00 8.04068e-01 4.82574e+00
-3.81503e+00 8.32143e-01 4.68296e+00
-3.87660e+00 8.60754e-01 4.55241e+00
-3.93825e+00 8.89904e-01 4.43394e+00
-3.99997e+00 9.19594e-01 4.32744e+00
-9.54845e-01 1.00600e-01 3.92527e+01
-1.01969e+00 1.07240e-01 3.88517e+01
-1.08431e+00 1.14554e-01 3.82532e+01
-1.14870e+00 1.22538e-01 3.74973e+01
-1.21287e+00 1.31191e-01 3.66186e+01
-1.27684e+00 1.40509e-01 3.56469e+01
-1.34060e+00 1.50490e-01 3.46073e+01
-1.40418e+00 1.61132e-01 3.35205e+01
-1.46757e+00 1.72434e-01 3.24039e+01
-1.53078e+00 1.84393e-01 3.12713e+01
-1.59383e+00 1.97008e-01 3.01343e+01
-1.65672e+00 2.10277e-01 2.90017e+01
-1.71946e+00 2.24199e-01 2.78810e+01
-1.78205e+00 2.38772e-01 2.67777e+01
-1.84451e+00 2.53996e-01 2.56963e+01
-1.90684e+00 2.69870e-01 2.46400e+01
-1.96904e+00 2.86393e-01 2.36114e+01
-2.03114e+00 3.03565e-01 2.26122e+01
-2.09312e+00 3.21384e-01 2.16437e+01
-2.15501e+00 3.39851e-01 2.07068e+01
-2.21680e+00 3.58966e-01 1.98017e+01
-2.27851e+00 3.78728e-01 1.89288e+01
-2.34015e+00 3.99138e-01 1.80880e+01
-2.40171e+00 4.20196e-01 1.72790e+01
-2.46321e+00 4.41903e-01 1.65014e+01
-2.52465e+00 4.64259e-01 1.57549e+01
-2.58604e+00 4.87264e-01 1.50388e+01
-2.64739e+00 5.10920e-01 1.43526e+01
-2.70870e+00 5.35227e-01 1.36956e+01
-2.76998e+00 5.60187e-01 1.30673e+01
-2.83124e+00 5.85802e-01 1.24669e+01
-2.89249e+00 6.12071e-01 1.18937e+01
-2.95373e+00 6.38998e-01 1.13472e+01
-3.01496e+00 6.66583e-01 1.08266e+01
-3.07620e+00 6.94829e-01 1.03313e+01
-3.13745e+00 7.23738e-01 9.86065e+00
-3.19873e+00 7.53311e-01 9.41403e+00
-3.26002e+00 7.83551e-01 8.99084e+00
-3.32135e+00 8.14460e-01 8.59049e+00
-3.38271e+00 8.46041e-01 8.21243e+00
-3.44413e+00 8.78297e-01 7.85610e+00
-3.50559e+00 9.11230e-01 7.52098e+00
-3.56711e+00 9.44843e-01 7.20656e+00
-3.62870e+00 9.79140e-01 6.91235e+00
-3.69036e+00 1.01412e+00 6.63789e+00
-3.75209e+00 1.04980e+00 6.38272e+00
-3.81392e+00 1.08617e+00 6.14641e+00
-3.87583e+00 1.12323e+00 5.92855e+00
-3.93785e+00 1.16100e+00 5.72874e+00
-3.99997e+00 1.19947e+00 5.54659e+00
-9.42196e-01 1.26269e-01 5.79048e+01
-1.00767e+00 1.34658e-01 5.67940e+01
-1.07287e+00 1.43860e-01 5.54622e+01
-1.13779e+00 1.53869e-01 5.39633e+01
-1.20246e+00 1.64683e-01 5.23430e+01
-1.26688e+00 1.76297e-01 5.06387e+01
-1.33107e+00 1.88708e-01 4.88813e+01
-1.39503e+00 2.01913e-01 4.70956e+01
-1.45878e+00 2.15910e-01 4.53017e+01
-1.52232e+00 2.30695e-01 4.35155e+01
-1.58566e+00 2.46267e-01 4.17493e+01
-1.64882e+00 2.62622e-01 4.00129e+01
-1.71180e+00 2.79760e-01 3.83136e+01
-1.77462e+00 2.97678e-01 3.66570e+01
-1.83728e+00 3.16375e-01 3.50469e+01
-1.89979e+00 3.35850e-01 3.34863e+01
-1.96217e+00 3.56102e-01 3.19769e+01
-2.02441e+00 3.77129e-01 3.05198e+01
-2.08654e+00 3.98932e-01 2.91154e+01
-2.14855e+00 4.21510e-01 2.77638e+01
-2.21047e+00 4.44863e-01 2.64645e+01
-2.27229e+00 4.68991e-01 2.52169e+01
-2.33403e+00 4.93895e-01 2.40202e+01
-2.39569e+00 5.19574e-01 2.28732e+01
-2.45728e+00 5.46029e-01 2.17748e+01
-2.51882e+00 5.73262e-01 2.07239e+01
-2.58030e+00 6.01273e-01 1.97191e+01
-2.64175e+00 6.30064e-01 1.87592e+01
-2.70316e+00 6.59636e-01 1.78429e+01
-2.76455e+00 6.89991e-01 1.69689e+01
-2.82592e+00 7.21131e-01 1.61358e+01
-2.88729e+00 7.53059e-01 1.53425e+01
-2.94866e+00 7.85775e-01 1.45877e+01
-3.01003e+00 8.19284e-01 1.38703e+01
-3.07142e+00 8.53587e-01 1.31890e+01
-3.13284e+00 8.88689e-01 1.25428e+01
-3.19429e+00 9.24591e-01 1.19305e+01
-3.25579e+00 9.61297e-01 1.13512e+01
-3.31733e+00 9.98811e-01 1.08039e+01
-3.37893e+00 1.03714e+00 1.02875e+01
-3.44060e+00 1.07628e+00 9.80126e+00
-3.50234e+00 1.11624e+00 9.34419e+00
-3.56417e+00 1.15702e+00 8.91547e+00
-3.62609e+00 1.19864e+00 8.51431e+00
-3.68810e+00 1.24109e+00 8.13993e+00
-3.75023e+00 1.28437e+00 7.79160e+00
-3.81247e+00 1.32850e+00 7.46862e+00
-3.87483e+00 1.37349e+00 7.17030e+00
-3.93733e+00 1.41932e+00 6.89602e+00
-3.99997e+00 1.46602e+00 6.64514e+00
-9.29006e-01 1.52079e-01 7.61050e+01
-9.94986e-01 1.62253e-01 7.41586e+01
-1.06065e+00 1.73365e-01 7.20030e+01
-1.12600e+00 1.85409e-01 6.96998e+01
-1.19106e+00 1.98381e-01 6.72995e+01
-1.25585e+00 2.12274e-01 6.48425e+01
-1.32036e+00 2.27086e-01 6.23613e+01
-1.38463e+00 2.42811e-01 5.98814e+01
-1.44865e+00 2.59447e-01 5.74230e+01
-1.51244e+00 2.76988e-01 5.50017e+01
-1.57602e+00 2.95433e-01 5.26292e+01
-1.63939e+00 3.14779e-01 5.03144e+01
-1.70256e+00 3.35022e-01 4.80637e+01
-1.76556e+00 3.56161e-01 4.58816e+01
-1.82838e+00 3.78195e-01 4.37712e+01
-1.89104e+00 4.01120e-01 4.17343e+01
-1.95355e+00 4.24937e-01 3.97715e+01
-2.01593e+00 4.49643e-01 3.78831e+01
-2.07818e+00 4.75239e-01 3.60685e+01
-2.14031e+00 5.01725e-01 3.43267e+01
-2.20233e+00 5.29099e-01 3.26565e+01
-2.26426e+00 5.57362e-01 3.10565e+01
-2.32611e+00 5.86515e-01 2.95248e+01
-2.38788e+00 6.16558e-01 2.80597e+01
-2.44958e+00 6.47492e-01 2.66593e+01
-2.51123e+00 6.79319e-01 2.53216e+01
-2.57284e+00 7.12041e-01 2.40448e+01
-2.63441e+00 7.45658e-01 2.28269e+01
-2.69595e+00 7.80174e-01 2.16660e+01
-2.75749e+00 8.15590e-01 2.05602e+01
-2.81901e+00 8.51910e-01 1.95077e+01
-2.88054e+00 8.89136e-01 1.85067e+01
-2.94209e+00 9.27272e-01 1.75555e+01
-3.00366e+00 9.66321e-01 1.66524e+01
-3.06527e+00 1.00629e+00 1.57958e+01
-3.12691e+00 1.04717e+00 1.49842e+01
-3.18862e+00 1.08899e+00 1.42161e+01
-3.25038e+00 1.13173e+00 1.34901e+01
-3.31222e+00 1.17540e+00 1.28048e+01
-3.37414e+00 1.22002e+00 1.21590e+01
-3.43615e+00 1.26558e+00 1.15513e+01
-3.49826e+00 1.31210e+00 1.09806e+01
-3.56048e+00 1.35957e+00 1.04457e+01
-3.62283e+00 1.40800e+00 9.94561e+00
-3.68530e+00 1.45741e+00 9.47923e+00
-3.74791e+00 1.50779e+00 9.04558e+00
-3.81068e+00 1.55916e+00 8.64371e+00
-3.87360e+00 1.61152e+00 8.27272e+00
-3.93670e+00 1.66488e+00 7.93175e+00
-3.99997e+00 1.71924e+00 7.61997e+00
-9.15280e-01 1.77994e-01 9.38536e+01
-9.81638e-01 1.89988e-01 9.09452e+01
-1.04764e+00 2.03033e-01 8.78745e+01
-1.11332e+00 2.17121e-01 8.47039e+01
-1.17867e+00 2.32245e-01 8.14827e+01
-1.24371e+00 2.48401e-01 7.82497e+01
-1.30847e+00 2.65581e-01 7.50352e+01
-1.37295e+00 2.83782e-01 7.18623e+01
-1.43717e+00 3.02998e-01 6.87487e+01
-1.50114e+00 3.23224e-01 6.57075e+01
-1.56488e+00 3.44458e-01 6.27484e+01
-1.62840e+00 3.66695e-01 5.98780e+01
-1.69172e+00 3.89932e-01 5.71008e+01
-1.75484e+00 4.14168e-01 5.44197e+01
-1.81778e+00 4.39399e-01 5.18359e+01
-1.88056e+00 4.65623e-01 4.93497e+01
-1.94318e+00 4.92840e-01 4.69605e+01
-2.00566e+00 5.21047e-01 4.46672e+01
-2.06802e+00 5.50245e-01 4.24681e+01
-2.13025e+00 5.80433e-01 4.03612e+01
-2.19238e+00 6.11611e-01 3.83442e+01
-2.25442e+00 6.43779e-01 3.64147e+01
-2.31637e+00 6.76938e-01 3.45701e+01
-2.37826e+00 7.11089e-01 3.28079e+01
-2.44009e+00 7.46233e-01 3.11254e+01
-2.50188e+00 7.82373e-01 2.95200e+01
-2.56363e+00 8.19511e-01 2.79892e+01
-2.62535e+00 8.57648e-01 2.65304e+01
-2.68707e+00 8.96788e-01 2.51410e+01
-2.74878e+00 9.36934e-01 2.38188e+01
-2.81050e+00 9.78090e-01 2.25614e+01
-2.87225e+00 1.02026e+00 2.13666e+01
-2.93403e+00 1.06345e+00 2.02320e+01
-2.99585e+00 1.10765e+00 1.91558e+01
-3.05773e+00 1.15289e+00 1.81359e+01
-3.11967e+00 1.19916e+00 1.71704e+01
-3.18169e+00 1.24647e+00 1.62574e+01
-3.24380e+00 1.29482e+00 1.53952e+01
-3.30601e+00 1.34422e+00 1.45821e+01
-3.36833e+00 1.39467e+00 1.38165e+01
-3.43076e+00 1.44620e+00 1.30969e+01
-3.49333e+00 1.49879e+00 1.24218e+01
-3.55605e+00 1.55246e+00 1.17898e+01
-3.61891e+00 1.60723e+00 1.11997e+01
-3.68194e+00 1.66308e+00 1.06501e+01
-3.74515e+00 1.72004e+00 1.01397e+01
-3.80855e+00 1.77812e+00 9.66760e+00
-3.87214e+00 1.83732e+00 9.23253e+00
-3.93594e+00 1.89766e+00 8.83347e+00
-3.99997e+00 1.95914e+00 8.46943e+00
-9.01024e-01 2.03976e-01 1.11144e+02
-9.67631e-01 2.17825e-01 1.07148e+02
-1.03386e+00 2.32824e-01 1.03071e+02
-1.09973e+00 2.48964e-01 9.89702e+01
-1.16527e+00 2.66236e-01 9.48868e+01
-1.23047e+00 2.84634e-01 9.08537e+01
-1.29537e+00 3.04151e-01 8.68949e+01
-1.35999e+00 3.24780e-01 8.30284e+01
-1.42432e+00 3.46517e-01 7.92668e+01
-1.48841e+00 3.69355e-01 7.56192e+01
-1.55224e+00 3.93290e-01 7.20912e+01
-1.61586e+00 4.18319e-01 6.86863e+01
-1.67926e+00 4.44437e-01 6.54061e+01
-1.74246e+00 4.71642e-01 6.22507e+01
-1.80549e+00 4.99931e-01 5.92193e+01
-1.86834e+00 5.29301e-01 5.63102e+01
-1.93104e+00 5.59752e-01 5.35210e+01
-1.99361e+00 5.91282e-01 5.08489e+01
-2.05605e+00 6.23890e-01 4.82910e+01
-2.11837e+00 6.57575e-01 4.58440e+01
-2.18060e+00 6.92339e-01 4.35045e+01
-2.24275e+00 7.28182e-01 4.12691e+01
-2.30482e+00 7.65104e-01 3.91342e+01
-2.36684e+00 8.03108e-01 3.70966e+01
-2.42881e+00 8.42195e-01 3.51528e+01
-2.49074e+00 8.82367e-01 3.32996e+01
-2.55266e+00 9.23628e-01 3.15336e+01
-2.61457e+00 9.65980e-01 2.98519e+01
-2.67649e+00 1.00943e+00 2.82513e+01
-2.73843e+00 1.05397e+00 2.67291e+01
-2.80039e+00 1.09962e+00 2.52823e+01
-2.86240e+00 1.14638e+00 2.39083e+01
-2.92447e+00 1.19425e+00 2.26046e+01
-2.98660e+00 1.24325e+00 2.13687e+01
-3.04881e+00 1.29336e+00 2.01983e+01
-3.11111e+00 1.34461e+00 1.90910e+01
-3.17352e+00 1.39700e+00 1.80449e+01
-3.23605e+00 1.45053e+00 1.70578e+01
-3.29870e+00 1.50522e+00 1.61278e+01
-3.36150e+00 1.56108e+00 1.52530e+01
-3.42445e+00 1.61810e+00 1.44317e+01
-3.48757e+00 1.67631e+00 1.36622e+01
-3.55086e+00 1.73570e+00 1.29428e+01
-3.61435e+00 1.79630e+00 1.22722e+01
-3.67804e+00 1.85810e+00 1.16487e+01
-3.74194e+00 1.92113e+00 1.10711e+01
-3.80607e+00 1.98539e+00 1.05379e+01
-3.87045e+00 2.05090e+00 1.00481e+01
-3.93507e+00 2.11767e+00 9.60024e+00
-3.99997e+00 2.18570e+00 9.19333e+00
-8.86246e-01 2.29984e-01 1.27960e+02
-9.52968e-01 2.45724e-01 1.22754e+02
-1.01930e+00 2.62698e-01 1.17584e+02
-1.08525e+00 2.80897e-01 1.12491e+02
-1.15085e+00 3.00310e-01 1.07506e+02
-1.21612e+00 3.20930e-01 1.02649e+02
-1.28107e+00 3.42749e-01 9.79357e+01
-1.34573e+00 3.65760e-01 9.33747e+01
-1.41010e+00 3.89955e-01 8.89721e+01
-1.47422e+00 4.15330e-01 8.47305e+01
-1.53809e+00 4.41880e-01 8.06506e+01
-1.60173e+00 4.69598e-01 7.67314e+01
-1.66517e+00 4.98483e-01 7.29706e+01
-1.72841e+00 5.28529e-01 6.93651e+01
-1.79147e+00 5.59735e-01 6.59111e+01
-1.85437e+00 5.92098e-01 6.26047e+01
-1.91712e+00 6.25616e-01 5.94412e+01
-1.97975e+00 6.60288e-01 5.64162e+01
-2.04226e+00 6.96114e-01 5.35249e+01
-2.10467e+00 7.33093e-01 5.07627e+01
-2.16699e+00 7.71226e-01 4.81250e+01
-2.22924e+00 8.10514e-01 4.56072e+01
-2.29144e+00 8.50957e-01 4.32050e+01
-2.35359e+00 8.92559e-01 4.09139e+01
-2.41572e+00 9.35322e-01 3.87300e+01
-2.47783e+00 9.79247e-01 3.66491e+01
-2.53994e+00 1.02434e+00 3.46674e+01
-2.60207e+00 1.07060e+00 3.27813e+01
-2.66423e+00 1.11804e+00 3.09871e+01
-2.72642e+00 1.16666e+00 2.92817e+01
-2.78867e+00 1.21647e+00 2.76616e+01
-2.85099e+00 1.26746e+00 2.61239e+01
-2.91340e+00 1.31966e+00 2.46656e+01
-2.97590e+00 1.37306e+00 2.32840e+01
-3.03851e+00 1.42767e+00 2.19764e+01
-3.10124e+00 1.48350e+00 2.07403e+01
-3.16410e+00 1.54056e+00 1.95733e+01
-3.22712e+00 1.59886e+00 1.84730e+01
-3.29030e+00 1.65841e+00 1.74375e+01
-3.35366e+00 1.71921e+00 1.64645e+01
-3.41721e+00 1.78128e+00 1.55521e+01
-3.48096e+00 1.84463e+00 1.46986e+01
-3.54493e+00 1.90927e+00 1.39020e+01
-3.60913e+00 1.97521e+00 1.31609e+01
-3.67358e+00 2.04246e+00 1.24735e+01
-3.73828e+00 2.11105e+00 1.18383e+01
-3.80326e+00 2.18097e+00 1.12540e+01
-3.86852e+00 2.25225e+00 1.07192e+01
-3.93409e+00 2.32491e+00 1.02325e+01
-3.99997e+00 2.39895e+00 9.79285e+00
-8.70957e-01 2.55977e-01 1.44281e+02
-9.37656e-01 2.73643e-01 1.37745e+02
-1.00395e+00 2.92613e-01 1.31397e+02
-1.06987e+00 3.12877e-01 1.25256e+02
-1.13543e+00 3.34424e-01 1.19333e+02
-1.20065e+00 3.57245e-01 1.13632e+02
-1.26555e+00 3.81330e-01 1.08155e+02
-1.33016e+00 4.06672e-01 1.02901e+02
-1.39449e+00 4.33265e-01 9.78645e+01
-1.45857e+00 4.61100e-01 9.30421e+01
-1.52240e+00 4.90174e-01 8.84274e+01
-1.58602e+00 5.20480e-01 8.40138e+01
-1.64943e+00 5.52015e-01 7.97946e+01
-1.71266e+00 5.84774e-01 7.57626e+01
-1.77572e+00 6.18755e-01 7.19107e+01
-1.83863e+00 6.53956e-01 6.82321e+01
-1.90141e+00 6.90375e-01 6.47198e+01
-1.96408e+00 7.28010e-01 6.13670e+01
-2.02664e+00 7.66861e-01 5.81674e+01
-2.08912e+00 8.06929e-01 5.51147e+01
-2.15153e+00 8.48214e-01 5.22028e+01
-2.21389e+00 8.90717e-01 4.94261e+01
-2.27622e+00 9.34440e-01 4.67791e+01
-2.33852e+00 9.79387e-01 4.42566e+01
-2.40082e+00 1.02556e+00 4.18536e+01
-2.46313e+00 1.07296e+00 3.95653e+01
-2.52546e+00 1.12160e+00 3.73874e+01
-2.58784e+00 1.17147e+00 3.53155e+01
-2.65027e+00 1.22259e+00 3.33456e+01
-2.71276e+00 1.27495e+00 3.14740e+01
-2.77535e+00 1.32858e+00 2.96969e+01
-2.83803e+00 1.38346e+00 2.80109e+01
-2.90082e+00 1.43962e+00 2.64129e+01
-2.96375e+00 1.49706e+00 2.48997e+01
-3.02682e+00 1.55578e+00 2.34685e+01
-3.09004e+00 1.61580e+00 2.21164e+01
-3.15344e+00 1.67713e+00 2.08409e+01
-3.21702e+00 1.73977e+00 1.96395e+01
-3.28080e+00 1.80374e+00 1.85098e+01
-3.34480e+00 1.86905e+00 1.74498e+01
-3.40904e+00 1.93572e+00 1.64573e+01
-3.47351e+00 2.00375e+00 1.55302e+01
-3.53825e+00 2.07315e+00 1.46669e+01
-3.60326e+00 2.14395e+00 1.38655e+01
-3.66856e+00 2.21616e+00 1.31243e+01
-3.73417e+00 2.28979e+00 1.24418e+01
-3.80010e+00 2.36486e+00 1.18165e+01
-3.86637e+00 2.44138e+00 1.12471e+01
-3.93298e+00 2.51937e+00 1.07321e+01
-3.99997e+00 2.59886e+00 1.02704e+01
-8.55169e-01 2.81913e-01 1.60075e+02
-9.21703e-01 3.01539e-01 1.52094e+02
-9.87835e-01 3.22526e-01 1.44491e+02
-1.05359e+00 3.44861e-01 1.37251e+02
-1.11899e+00 3.68532e-01 1.30359e+02
-1.18406e+00 3.93530e-01 1.23798e+02
-1.24882e+00 4.19846e-01 1.17553e+02
-1.31329e+00 4.47470e-01 1.11608e+02
-1.37749e+00 4.76394e-01 1.05949e+02
-1.44145e+00 5.06613e-01 1.00560e+02
-1.50518e+00 5.38121e-01 9.54285e+01
-1.56871e+00 5.70910e-01 9.05413e+01
-1.63205e+00 6.04979e-01 8.58861e+01
-1.69522e+00 6.40322e-01 8.14514e+01
-1.75824e+00 6.76936e-01 7.72262e+01
-1.82113e+00 7.14820e-01 7.32003e+01
-1.88390e+00 7.53971e-01 6.93642e+01
-1.94658e+00 7.94389e-01 6.57087e+01
-2.00918e+00 8.36074e-01 6.22254e+01
-2.07172e+00 8.79026e-01 5.89063e+01
-2.13422e+00 9.23246e-01 5.57440e+01
-2.19669e+00 9.68736e-01 5.27314e+01
-2.25915e+00 1.01550e+00 4.98620e+01
-2.32162e+00 1.06354e+00 4.71295e+01
-2.38411e+00 1.11285e+00 4.45282e+01
-2.44663e+00 1.16346e+00 4.20526e+01
-2.50922e+00 1.21534e+00 3.96975e+01
-2.57187e+00 1.26853e+00 3.74582e+01
-2.63461e+00 1.32301e+00 3.53302e+01
-2.69745e+00 1.37881e+00 3.33091e+01
-2.76041e+00 1.43591e+00 3.13911e+01
-2.82350e+00 1.49434e+00 2.95722e+01
-2.88674e+00 1.55410e+00 2.78490e+01
-2.95015e+00 1.61521e+00 2.62182e+01
-3.01374e+00 1.67766e+00 2.46767e+01
-3.07752e+00 1.74148e+00 2.32214e+01
-3.14152e+00 1.80666e+00 2.18497e+01
-3.20574e+00 1.87324e+00 2.05589e+01
-3.27021e+00 1.94121e+00 1.93466e+01
-3.33493e+00 2.01059e+00 1.82105e+01
-3.39993e+00 2.08140e+00 1.71485e+01
-3.46522e+00 2.15365e+00 1.61585e+01
-3.53082e+00 2.22735e+00 1.52387e+01
-3.59674e+00 2.30252e+00 1.43873e+01
-3.66300e+00 2.37919e+00 1.36026e+01
-3.72961e+00 2.45735e+00 1.28831e+01
-3.79660e+00 2.53704e+00 1.22274e+01
-3.86398e+00 2.61827e+00 1.16340e+01
-3.93176e+00 2.70107e+00 1.11018e+01
-3.99997e+00 2.78544e+00 1.06296e+01
-8.38897e-01 3.07748e-01 1.75303e+02
-9.05120e-01 3.29369e-01 1.65771e+02
-9.70953e-01 3.52391e-01 1.56842e+02
-1.03642e+00 3.76801e-01 1.48460e+02
-1.10154e+00 4.02588e-01 1.40574e+02
-1.16635e+00 4.29740e-01 1.33143e+02
-1.23087e+00 4.58248e-01 1.26130e+02
-1.29511e+00 4.88102e-01 1.19503e+02
-1.35910e+00 5.19294e-01 1.13233e+02
-1.42287e+00 5.51818e-01 1.07295e+02
-1.48643e+00 5.85667e-01 1.01666e+02
-1.54980e+00 6.20836e-01 9.63276e+01
-1.61301e+00 6.57321e-01 9.12599e+01
-1.67607e+00 6.95117e-01 8.64467e+01
-1.73901e+00 7.34221e-01 8.18729e+01
-1.80184e+00 7.74632e-01 7.75247e+01
-1.86458e+00 8.16349e-01 7.33896e+01
-1.92726e+00 8.59370e-01 6.94561e+01
-1.98989e+00 9.03696e-01 6.57133e+01
-2.05248e+00 9.49328e-01 6.21517e+01
-2.11506e+00 9.96268e-01 5.87620e+01
-2.17764e+00 1.04452e+00 5.55360e+01
-2.24024e+00 1.09408e+00 5.24659e+01
-2.30288e+00 1.14496e+00 4.95445e+01
-2.36558e+00 1.19716e+00 4.67651e+01
-2.42834e+00 1.25068e+00 4.41215e+01
-2.49120e+00 1.30554e+00 4.16080e+01
-2.55416e+00 1.36174e+00 3.92192e+01
-2.61725e+00 1.41928e+00 3.69500e+01
-2.68047e+00 1.47818e+00 3.47958e+01
-2.74385e+00 1.53843e+00 3.27522e+01
-2.80741e+00 1.60006e+00 3.08152e+01
-2.87115e+00 1.66307e+00 2.89810e+01
-2.93510e+00 1.72748e+00 2.72461e+01
-2.99927e+00 1.79328e+00 2.56070e+01
-3.06368e+00 1.86051e+00 2.40609e+01
-3.12835e+00 1.92916e+00 2.26047e+01
-3.19328e+00 1.99925e+00 2.12359e+01
-3.25851e+00 2.07079e+00 1.99519e+01
-3.32404e+00 2.14381e+00 1.87504e+01
-3.38989e+00 2.21832e+00 1.76293e+01
-3.45609e+00 2.29432e+00 1.65866e+01
-3.52264e+00 2.37185e+00 1.56205e+01
-3.58956e+00 2.45092e+00 1.47292e+01
-3.65688e+00 2.53154e+00 1.39112e+01
-3.72461e+00 2.61373e+00 1.31650e+01
-3.79276e+00 2.69753e+00 1.24894e+01
-3.86136e+00 2.78294e+00 1.18833e+01
-3.93042e+00 2.86999e+00 1.13454e+01
-3.99997e+00 2.95870e+00 1.08749e+01
-8.22157e-01 3.33436e-01 1.89914e+02
-8.87921e-01 3.57086e-01 1.78733e+02
-9.53315e-01 3.82162e-01 1.68420e+02
-1.01836e+00 4.08653e-01 1.58862e+02
-1.08309e+00 4.36544e-01 1.49968e+02
-1.14753e+00 4.65826e-01 1.41663e+02
-1.21170e+00 4.96487e-01 1.33888e+02
-1.27562e+00 5.28519e-01 1.26591e+02
-1.33931e+00 5.61913e-01 1.19727e+02
-1.40281e+00 5.96663e-01 1.13260e+02
-1.46613e+00 6.32762e-01 1.07158e+02
-1.52929e+00 6.70204e-01 1.01391e+02
-1.59231e+00 7.08987e-01 9.59356e+01
-1.65522e+00 7.49105e-01 9.07691e+01
-1.71804e+00 7.90557e-01 8.58719e+01
-1.78078e+00 8.33340e-01 8.12267e+01
-1.84346e+00 8.77454e-01 7.68176e+01
-1.90611e+00 9.22899e-01 7.26304e+01
-1.96874e+00 9.69675e-01 6.86522e+01
-2.03138e+00 1.01778e+00 6.48712e+01
-2.09403e+00 1.06723e+00 6.12768e+01
-2.15673e+00 1.11801e+00 5.78593e+01
-2.21948e+00 1.17013e+00 5.46095e+01
-2.28230e+00 1.22360e+00 5.15195e+01
-2.34522e+00 1.27842e+00 4.85814e+01
-2.40825e+00 1.33460e+00 4.57886e+01
-2.47141e+00 1.39214e+00 4.31344e+01
-2.53472e+00 1.45105e+00 4.06130e+01
-2.59819e+00 1.51135e+00 3.82189e+01
-2.66184e+00 1.57303e+00 3.59470e+01
-2.72569e+00 1.63611e+00 3.37927e+01
-2.78975e+00 1.70059e+00 3.17515e+01
-2.85405e+00 1.76650e+00 2.98196e+01
-2.91860e+00 1.83384e+00 2.79932e+01
-2.98341e+00 1.90262e+00 2.62688e+01
-3.04852e+00 1.97286e+00 2.46433e+01
-3.11392e+00 2.04458e+00 2.31137e+01
-3.17965e+00 2.11778e+00 2.16775e+01
-3.24571e+00 2.19248e+00 2.03320e+01
-3.31213e+00 2.26870e+00 1.90751e+01
-3.37893e+00 2.34645e+00 1.79047e+01
-3.44611e+00 2.42576e+00 1.68189e+01
-3.51371e+00 2.50665e+00 1.58160e+01
-3.58174e+00 2.58912e+00 1.48946e+01
-3.65021e+00 2.67321e+00 1.40532e+01
-3.71915e+00 2.75893e+00 1.32907e+01
-3.78858e+00 2.84631e+00 1.26061e+01
-3.85851e+00 2.93537e+00 1.19985e+01
-3.92897e+00 3.02614e+00 1.14672e+01
-3.99997e+00 3.11863e+00 1.10117e+01
-8.04968e-01 3.58933e-01 2.03849e+02
-8.70122e-01 3.84645e-01 1.90935e+02
-9.34935e-01 4.11794e-01 1.79190e+02
-9.99436e-01 4.40367e-01 1.68433e+02
-1.06365e+00 4.70352e-01 1.58525e+02
-1.12760e+00 5.01738e-01 1.49353e+02
-1.19132e+00 5.34513e-01 1.40829e+02
-1.25482e+00 5.68670e-01 1.32880e+02
-1.31813e+00 6.04199e-01 1.25445e+02
-1.38128e+00 6.41095e-01 1.18474e+02
-1.44429e+00 6.79350e-01 1.11922e+02
-1.50717e+00 7.18961e-01 1.05754e+02
-1.56996e+00 7.59923e-01 9.99371e+01
-1.63267e+00 8.02233e-01 9.44436e+01
-1.69532e+00 8.45889e-01 8.92493e+01
-1.75793e+00 8.90889e-01 8.43326e+01
-1.82053e+00 9.37233e-01 7.96745e+01
-1.88313e+00 9.84922e-01 7.52580e+01
-1.94575e+00 1.03396e+00 7.10679e+01
-2.00842e+00 1.08434e+00 6.70905e+01
-2.07115e+00 1.13607e+00 6.33133e+01
-2.13396e+00 1.18916e+00 5.97253e+01
-2.19686e+00 1.24361e+00 5.63163e+01
-2.25989e+00 1.29942e+00 5.30769e+01
-2.32305e+00 1.35660e+00 4.99989e+01
-2.38637e+00 1.41515e+00 4.70744e+01
-2.44986e+00 1.47510e+00 4.42965e+01
-2.51354e+00 1.53643e+00 4.16585e+01
-2.57743e+00 1.59917e+00 3.91548e+01
-2.64154e+00 1.66332e+00 3.67797e+01
-2.70591e+00 1.72889e+00 3.45283e+01
-2.77053e+00 1.79590e+00 3.23960e+01
-2.83544e+00 1.86435e+00 3.03786e+01
-2.90065e+00 1.93427e+00 2.84724e+01
-2.96617e+00 2.00565e+00 2.66737e+01
-3.03203e+00 2.07853e+00 2.49793e+01
-3.09825e+00 2.15291e+00 2.33864e+01
-3.16484e+00 2.22881e+00 2.18924e+01
-3.23182e+00 2.30624e+00 2.04947e+01
-3.29921e+00 2.38523e+00 1.91915e+01
-3.36703e+00 2.46580e+00 1.79806e+01
-3.43530e+00 2.54796e+00 1.68606e+01
-3.50404e+00 2.63173e+00 1.58299e+01
-3.57326e+00 2.71713e+00 1.48875e+01
-3.64299e+00 2.80420e+00 1.40322e+01
-3.71325e+00 2.89294e+00 1.32635e+01
-3.78405e+00 2.98340e+00 1.25807e+01
-3.85543e+00 3.07558e+00 1.19835e+01
-3.92739e+00 3.16952e+00 1.14718e+01
-3.99996e+00 3.26524e+00 1.10459e+01
-7.87350e-01 3.84192e-01 2.17038e+02
-8.51739e-01 4.11998e-01 2.02320e+02
-9.15829e-01 4.41238e-01 1.89111e+02
-9.79648e-01 4.71897e-01 1.77146e+02
-1.04322e+00 5.03964e-01 1.66229e+02
-1.10658e+00 5.37427e-01 1.56206e+02
-1.16974e+00 5.72276e-01 1.46955e+02
-1.23273e+00 6.08504e-01 1.38380e+02
-1.29557e+00 6.46101e-01 1.30401e+02
-1.35829e+00 6.85062e-01 1.22953e+02
-1.42092e+00 7.25381e-01 1.15982e+02
-1.48346e+00 7.67054e-01 1.09441e+02
-1.54596e+00 8.10077e-01 1.03291e+02
-1.60841e+00 8.54447e-01 9.74985e+01
-1.67086e+00 9.00164e-01 9.20340e+01
-1.73331e+00 9.47226e-01 8.68721e+01
-1.79579e+00 9.95633e-01 8.19903e+01
-1.85832e+00 1.04539e+00 7.73688e+01
-1.92092e+00 1.09649e+00 7.29902e+01
-1.98361e+00 1.14894e+00 6.88386e+01
-2.04641e+00 1.20275e+00 6.49001e+01
-2.10933e+00 1.25792e+00 6.11621e+01
-2.17240e+00 1.31446e+00 5.76132e+01
-2.23564e+00 1.37236e+00 5.42432e+01
-2.29906e+00 1.43164e+00 5.10427e+01
-2.36268e+00 1.49231e+00 4.80033e+01
-2.42653e+00 1.55437e+00 4.51174e+01
-2.49062e+00 1.61784e+00 4.23779e+01
-2.55496e+00 1.68272e+00 3.97786e+01
-2.61959e+00 1.74902e+00 3.73136e+01
-2.68451e+00 1.81676e+00 3.49776e+01
-2.74975e+00 1.88595e+00 3.27660e+01
-2.81532e+00 1.95660e+00 3.06743e+01
-2.88124e+00 2.02873e+00 2.86986e+01
-2.94754e+00 2.10235e+00 2.68354e+01
-3.01422e+00 2.17748e+00 2.50815e+01
-3.08132e+00 2.25413e+00 2.34340e+01
-3.14885e+00 2.33232e+00 2.18906e+01
-3.21682e+00 2.41207e+00 2.04488e+01
-3.28527e+00 2.49341e+00 1.91070e+01
-3.35420e+00 2.57634e+00 1.78635e+01
-3.42364e+00 2.66089e+00 1.67170e+01
-3.49361e+00 2.74709e+00 1.56666e+01
-3.56413e+00 2.83495e+00 1.47116e+01
-3.63522e+00 2.92450e+00 1.38515e+01
-3.70690e+00 3.01577e+00 1.30862e+01
-3.77919e+00 3.10877e+00 1.24161e+01
-3.85212e+00 3.20355e+00 1.18417e+01
-3.92570e+00 3.30012e+00 1.13639e+01
-3.99996e+00 3.39852e+00 1.09839e+01
-7.69325e-01 4.09166e-01 2.29398e+02
-8.32793e-01 4.39100e-01 2.12825e+02
-8.96015e-01 4.70446e-01 1.98136e+02
-9.59017e-01 5.03194e-01 1.84970e+02
-1.02183e+00 5.37329e-01 1.73064e+02
-1.08447e+00 5.72843e-01 1.62215e+02
-1.14697e+00 6.09726e-01 1.52268e+02
-1.20935e+00 6.47970e-01 1.43099e+02
-1.27164e+00 6.87567e-01 1.34610e+02
-1.33385e+00 7.28513e-01 1.26719e+02
-1.39602e+00 7.70802e-01 1.19360e+02
-1.45816e+00 8.14431e-01 1.12478e+02
-1.52030e+00 8.59396e-01 1.06026e+02
-1.58246e+00 9.05696e-01 9.99639e+01
-1.64466e+00 9.53331e-01 9.42574e+01
-1.70692e+00 1.00230e+00 8.88771e+01
-1.76925e+00 1.05260e+00 8.37973e+01
-1.83169e+00 1.10424e+00 7.89953e+01
-1.89425e+00 1.15723e+00 7.44512e+01
-1.95695e+00 1.21155e+00 7.01476e+01
-2.01981e+00 1.26722e+00 6.60686e+01
-2.08285e+00 1.32425e+00 6.22003e+01
-2.14609e+00 1.38264e+00 5.85302e+01
-2.20955e+00 1.44239e+00 5.50471e+01
-2.27325e+00 1.50351e+00 5.17407e+01
-2.33720e+00 1.56602e+00 4.86021e+01
-2.40143e+00 1.62993e+00 4.56228e+01
-2.46596e+00 1.69523e+00 4.27956e+01
-2.53080e+00 1.76195e+00 4.01135e+01
-2.59597e+00 1.83010e+00 3.75706e+01
-2.66150e+00 1.89968e+00 3.51613e+01
-2.72740e+00 1.97072e+00 3.28808e+01
-2.79369e+00 2.04322e+00 3.07244e+01
-2.86039e+00 2.11721e+00 2.86883e+01
-2.92751e+00 2.19269e+00 2.67690e+01
-2.99509e+00 2.26969e+00 2.49633e+01
-3.06314e+00 2.34822e+00 2.32686e+01
-3.13168e+00 2.42830e+00 2.16826e+01
-3.20073e+00 2.50996e+00 2.02034e+01
-3.27031e+00 2.59321e+00 1.88294e+01
-3.34044e+00 2.67807e+00 1.75596e+01
-3.41114e+00 2.76457e+00 1.63931e+01
-3.48243e+00 2.85272e+00 1.53297e+01
-3.55434e+00 2.94256e+00 1.43693e+01
-3.62689e+00 3.03411e+00 1.35126e+01
-3.70010e+00 3.12740e+00 1.27603e+01
-3.77398e+00 3.22245e+00 1.21139e+01
-3.84857e+00 3.31929e+00 1.15754e+01
-3.92389e+00 3.41795e+00 1.11473e+01
-3.99996e+00 3.51847e+00 1.08327e+01
-7.50919e-01 4.33809e-01 2.40835e+02
-8.13307e-01 4.65901e-01 2.22378e+02
-8.75513e-01 4.99372e-01 2.06213e+02
-9.37561e-01 5.34208e-01 1.91869e+02
-9.99479e-01 5.70399e-01 1.79007e+02
-1.06129e+00 6.07937e-01 1.67372e+02
-1.12302e+00 6.46812e-01 1.56769e+02
-1.18470e+00 6.87017e-01 1.47047e+02
-1.24634e+00 7.28547e-01 1.38087e+02
-1.30797e+00 7.71396e-01 1.29791e+02
-1.36961e+00 8.15561e-01 1.22082e+02
-1.43129e+00 8.61040e-01 1.14894e+02
-1.49302e+00 9.07829e-01 1.08172e+02
-1.55483e+00 9.55929e-01 1.01871e+02
-1.61673e+00 1.00534e+00 9.59521e+01
-1.67876e+00 1.05606e+00 9.03811e+01
-1.74092e+00 1.10809e+00 8.51292e+01
-1.80324e+00 1.16145e+00 8.01711e+01
-1.86575e+00 1.21612e+00 7.54848e+01
-1.92845e+00 1.27211e+00 7.10506e+01
-1.99137e+00 1.32944e+00 6.68514e+01
-2.05453e+00 1.38810e+00 6.28719e+01
-2.11794e+00 1.44810e+00 5.90985e+01
-2.18164e+00 1.50946e+00 5.55189e+01
-2.24563e+00 1.57217e+00 5.21223e+01
-2.30993e+00 1.63626e+00 4.88989e+01
-2.37457e+00 1.70172e+00 4.58399e+01
-2.43957e+00 1.76858e+00 4.29374e+01
-2.50494e+00 1.83684e+00 4.01842e+01
-2.57070e+00 1.90652e+00 3.75741e+01
-2.63688e+00 1.97762e+00 3.51013e+01
-2.70349e+00 2.05017e+00 3.27607e+01
-2.77055e+00 2.12419e+00 3.05479e+01
-2.83808e+00 2.19967e+00 2.84589e+01
-2.90611e+00 2.27665e+00 2.64901e+01
-2.97464e+00 2.35515e+00 2.46388e+01
-3.04372e+00 2.43517e+00 2.29024e+01
-3.11334e+00 2.51674e+00 2.12790e+01
-3.18354e+00 2.59989e+00 1.97670e+01
-3.25433e+00 2.68462e+00 1.83654e+01
-3.32575e+00 2.77098e+00 1.70738e+01
-3.39780e+00 2.85897e+00 1.58921e+01
-3.47051e+00 2.94862e+00 1.48208e+01
-3.54391e+00 3.03997e+00 1.38611e+01
-3.61801e+00 3.13303e+00 1.30148e+01
-3.69285e+00 3.22784e+00 1.22843e+01
-3.76843e+00 3.32441e+00 1.16728e+01
-3.84480e+00 3.42279e+00 1.11846e+01
-3.92197e+00 3.52301e+00 1.08246e+01
-3.99996e+00 3.62509e+00 1.05991e+01
-7.32156e-01 4.58075e-01 2.51243e+02
-7.93305e-01 4.92357e-01 2.30898e+02
-8.54346e-01 5.27965e-01 2.13285e+02
-9.15304e-01 5.64891e-01 1.97806e+02
-9.76203e-01 6.03124e-01 1.84037e+02
-1.03707e+00 6.42657e-01 1.71666e+02
-1.09792e+00 6.83482e-01 1.60457e+02
-1.15879e+00 7.25594e-01 1.50231e+02
-1.21970e+00 7.68988e-01 1.40846e+02
-1.28066e+00 8.13661e-01 1.32190e+02
-1.34170e+00 8.59609e-01 1.24170e+02
-1.40284e+00 9.06830e-01 1.16714e+02
-1.46411e+00 9.55326e-01 1.09758e+02
-1.52552e+00 1.00509e+00 1.03252e+02
-1.58709e+00 1.05614e+00 9.71510e+01
-1.64884e+00 1.10846e+00 9.14178e+01
-1.71080e+00 1.16206e+00 8.60204e+01
-1.77299e+00 1.21694e+00 8.09309e+01
-1.83542e+00 1.27312e+00 7.61251e+01
-1.89811e+00 1.33058e+00 7.15817e+01
-1.96108e+00 1.38935e+00 6.72822e+01
-2.02436e+00 1.44943e+00 6.32099e+01
-2.08796e+00 1.51082e+00 5.93501e+01
-2.15189e+00 1.57353e+00 5.56900e+01
-2.21619e+00 1.63758e+00 5.22177e+01
-2.28087e+00 1.70298e+00 4.89230e+01
-2.34595e+00 1.76973e+00 4.57965e+01
-2.41145e+00 1.83785e+00 4.28300e+01
-2.47738e+00 1.90736e+00 4.00160e+01
-2.54378e+00 1.97825e+00 3.73480e+01
-2.61065e+00 2.05056e+00 3.48200e+01
-2.67802e+00 2.12430e+00 3.24268e+01
-2.74590e+00 2.19947e+00 3.01641e+01
-2.81433e+00 2.27611e+00 2.80278e+01
-2.88331e+00 2.35422e+00 2.60146e+01
-2.95287e+00 2.43383e+00 2.41218e+01
-3.02304e+00 2.51496e+00 2.23472e+01
-3.09382e+00 2.59762e+00 2.06893e+01
-3.16525e+00 2.68184e+00 1.91471e+01
-3.23734e+00 2.76765e+00 1.77202e+01
-3.31013e+00 2.85506e+00 1.64089e+01
-3.38362e+00 2.94409e+00 1.52143e+01
-3.45784e+00 3.03479e+00 1.41382e+01
-3.53282e+00 3.12717e+00 1.31832e+01
-3.60858e+00 3.22125e+00 1.23529e+01
-3.68515e+00 3.31708e+00 1.16521e+01
-3.76254e+00 3.41467e+00 1.10869e+01
-3.84079e+00 3.51407e+00 1.06649e+01
-3.91992e+00 3.61529e+00 1.03955e+01
-3.99996e+00 3.71838e+00 1.02903e+01
-7.13064e-01 4.81919e-01 2.60499e+02
-7.72814e-01 5.18418e-01 2.38295e+02
-8.32540e-01 5.56180e-01 2.19288e+02
-8.92268e-01 5.95195e-01 2.02738e+02
-9.52020e-01 6.35455e-01 1.88128e+02
-1.01182e+00 6.76955e-01 1.75086e+02
-1.07169e+00 7.19689e-01 1.63333e+02
-1.13165e+00 7.63652e-01 1.52660e+02
-1.19173e+00 8.08842e-01 1.42903e+02
-1.25194e+00 8.55256e-01 1.33934e+02
-1.31231e+00 9.02893e-01 1.25650e+02
-1.37285e+00 9.51754e-01 1.17967e+02
-1.43359e+00 1.00184e+00 1.10815e+02
-1.49455e+00 1.05315e+00 1.04138e+02
-1.55574e+00 1.10568e+00 9.78867e+01
-1.61719e+00 1.15945e+00 9.20206e+01
-1.67892e+00 1.21445e+00 8.65047e+01
-1.74094e+00 1.27069e+00 8.13086e+01
-1.80327e+00 1.32818e+00 7.64063e+01
-1.86594e+00 1.38692e+00 7.17749e+01
-1.92896e+00 1.44692e+00 6.73943e+01
-1.99236e+00 1.50819e+00 6.32470e+01
-2.05614e+00 1.57074e+00 5.93173e+01
-2.12033e+00 1.63458e+00 5.55915e+01
-2.18496e+00 1.69971e+00 5.20573e+01
-2.25003e+00 1.76615e+00 4.87037e+01
-2.31557e+00 1.83392e+00 4.55210e+01
-2.38160e+00 1.90302e+00 4.25005e+01
-2.44814e+00 1.97347e+00 3.96347e+01
-2.51520e+00 2.04528e+00 3.69165e+01
-2.58281e+00 2.11847e+00 3.43401e+01
-2.65099e+00 2.19306e+00 3.19001e+01
-2.71976e+00 2.26906e+00 2.95922e+01
-2.78913e+00 2.34649e+00 2.74123e+01
-2.85913e+00 2.42538e+00 2.53575e+01
-2.92979e+00 2.50573e+00 2.34251e+01
-3.00111e+00 2.58757e+00 2.16134e+01
-3.07313e+00 2.67093e+00 1.99214e+01
-3.14587e+00 2.75582e+00 1.83487e+01
-3.21934e+00 2.84227e+00 1.68958e+01
-3.29357e+00 2.93030e+00 1.55640e+01
-3.36859e+00 3.01994e+00 1.43558e+01
-3.44442e+00 3.11121e+00 1.32745e+01
-3.52108e+00 3.20415e+00 1.23252e+01
-3.59860e+00 3.29877e+00 1.15141e+01
-3.67700e+00 3.39512e+00 1.08495e+01
-3.75631e+00 3.49322e+00 1.03419e+01
-3.83655e+00 3.59310e+00 1.00046e+01
-3.91776e+00 3.69480e+00 9.85461e+00
-3.99996e+00 3.79835e+00 9.91316e+00
-6.93674e-01 5.05294e-01 2.68471e+02
-7.51861e-01 5.44040e-01 2.44473e+02
-8.10123e-01 5.83968e-01 2.24155e+02
-8.68481e-01 6.25071e-01 2.06621e+02
-9.26957e-01 6.67343e-01 1.91254e+02
-9.85572e-01 7.10781e-01 1.77619e+02
-1.04435e+00 7.55381e-01 1.65395e+02
-1.10330e+00 8.01140e-01 1.54340e+02
-1.16246e+00 8.48058e-01 1.44272e+02
-1.22184e+00 8.96134e-01 1.35045e+02
-1.28145e+00 9.45367e-01 1.26544e+02
-1.34133e+00 9.95761e-01 1.18678e+02
-1.40149e+00 1.04732e+00 1.11371e+02
-1.46194e+00 1.10004e+00 1.04559e+02
-1.52271e+00 1.15392e+00 9.81910e+01
-1.58381e+00 1.20899e+00 9.22222e+01
-1.64527e+00 1.26523e+00 8.66153e+01
-1.70710e+00 1.32265e+00 8.13378e+01
-1.76933e+00 1.38127e+00 7.63618e+01
-1.83196e+00 1.44109e+00 7.16632e+01
-1.89502e+00 1.50212e+00 6.72206e+01
-1.95853e+00 1.56437e+00 6.30156e+01
-2.02251e+00 1.62784e+00 5.90317e+01
-2.08697e+00 1.69255e+00 5.52545e+01
-2.15193e+00 1.75852e+00 5.16710e+01
-2.21742e+00 1.82575e+00 4.82700e+01
-2.28345e+00 1.89425e+00 4.50412e+01
-2.35004e+00 1.96405e+00 4.19756e+01
-2.41721e+00 2.03515e+00 3.90654e+01
-2.48498e+00 2.10757e+00 3.63036e+01
-2.55338e+00 2.18133e+00 3.36839e+01
-2.62241e+00 2.25645e+00 3.12012e+01
-2.69211e+00 2.33294e+00 2.88508e+01
-2.76249e+00 2.41081e+00 2.66290e+01
-2.83357e+00 2.49010e+00 2.45329e+01
-2.90538e+00 2.57083e+00 2.25602e+01
-2.97794e+00 2.65300e+00 2.07095e+01
-3.05127e+00 2.73665e+00 1.89804e+01
-3.12539e+00 2.82180e+00 1.73732e+01
-3.20032e+00 2.90848e+00 1.58895e+01
-3.27609e+00 2.99670e+00 1.45318e+01
-3.35273e+00 3.08649e+00 1.33044e+01
-3.43025e+00 3.17789e+00 1.22130e+01
-3.50869e+00 3.27091e+00 1.12655e+01
-3.58806e+00 3.36560e+00 1.04723e+01
-3.66840e+00 3.46197e+00 9.84705e+00
-3.74974e+00 3.56006e+00 9.40747e+00
-3.83209e+00 3.65991e+00 9.17685e+00
-3.91548e+00 3.76154e+00 9.18572e+00
-3.99996e+00 3.86499e+00 9.47464e+00
-6.74014e-01 5.28158e-01 2.75010e+02
-7.30478e-01 5.69177e-01 2.49327e+02
-7.87124e-01 6.11283e-01 2.27814e+02
-8.43972e-01 6.54472e-01 2.09406e+02
-9.01042e-01 6.98741e-01 1.93387e+02
-9.58353e-01 7.44088e-01 1.79252e+02
-1.01592e+00 7.90511e-01 1.66640e+02
-1.07377e+00 8.38011e-01 1.55279e+02
-1.13191e+00 8.86589e-01 1.44965e+02
-1.19037e+00 9.36245e-01 1.35538e+02
-1.24916e+00 9.86983e-01 1.26875e+02
-1.30830e+00 1.03880e+00 1.18874e+02
-1.36781e+00 1.09172e+00 1.11453e+02
-1.42771e+00 1.14572e+00 1.04545e+02
-1.48801e+00 1.20082e+00 9.80942e+01
-1.54873e+00 1.25703e+00 9.20539e+01
-1.60989e+00 1.31435e+00 8.63839e+01
-1.67151e+00 1.37278e+00 8.10503e+01
-1.73360e+00 1.43235e+00 7.60237e+01
-1.79618e+00 1.49305e+00 7.12786e+01
-1.85927e+00 1.55490e+00 6.67928e+01
-1.92290e+00 1.61790e+00 6.25470e+01
-1.98707e+00 1.68208e+00 5.85241e+01
-2.05180e+00 1.74743e+00 5.47089e+01
-2.11712e+00 1.81398e+00 5.10882e+01
-2.18304e+00 1.88173e+00 4.76502e+01
-2.24958e+00 1.95071e+00 4.43844e+01
-2.31676e+00 2.02092e+00 4.12815e+01
-2.38460e+00 2.09238e+00 3.83333e+01
-2.45312e+00 2.16511e+00 3.55327e+01
-2.52234e+00 2.23912e+00 3.28733e+01
-2.59229e+00 2.31444e+00 3.03497e+01
-2.66297e+00 2.39108e+00 2.79575e+01
-2.73441e+00 2.46905e+00 2.56929e+01
-2.80663e+00 2.54839e+00 2.35530e+01
-2.87967e+00 2.62911e+00 2.15359e+01
-2.95352e+00 2.71124e+00 1.96405e+01
-3.02823e+00 2.79479e+00 1.78668e+01
-3.10381e+00 2.87979e+00 1.62161e+01
-3.18029e+00 2.96627e+00 1.46909e+01
-3.25768e+00 3.05425e+00 1.32953e+01
-3.33602e+00 3.14375e+00 1.20357e+01
-3.41534e+00 3.23481e+00 1.09207e+01
-3.49565e+00 3.32746e+00 9.96250e+00
-3.57698e+00 3.42171e+00 9.17725e+00
-3.65936e+00 3.51762e+00 8.58704e+00
-3.74282e+00 3.61519e+00 8.22190e+00
-3.82739e+00 3.71448e+00 8.12316e+00
-3.91309e+00 3.81550e+00 8.34869e+00
-3.99996e+00 3.91831e+00 8.98137e+00
-6.54118e-01 5.50467e-01 2.79954e+02
-7.08696e-01 5.93785e-01 2.52743e+02
-7.63576e-01 6.38080e-01 2.30187e+02
-8.18775e-01 6.83352e-01 2.11046e+02
-8.74308e-01 7.29601e-01 1.94496e+02
-9.30193e-01 7.76827e-01 1.79971e+02
-9.86446e-01 8.25031e-01 1.67064e+02
-1.04308e+00 8.74217e-01 1.55480e+02
-1.10012e+00 9.24387e-01 1.44993e+02
-1.15758e+00 9.75544e-01 1.35432e+02
-1.21546e+00 1.02769e+00 1.26663e+02
-1.27380e+00 1.08084e+00 1.18576e+02
-1.33260e+00 1.13499e+00 1.11086e+02
-1.39188e+00 1.19015e+00 1.04122e+02
-1.45167e+00 1.24633e+00 9.76250e+01
-1.51196e+00 1.30353e+00 9.15450e+01
-1.57279e+00 1.36177e+00 8.58408e+01
-1.63416e+00 1.42104e+00 8.04768e+01
-1.69610e+00 1.48137e+00 7.54225e+01
-1.75862e+00 1.54276e+00 7.06517e+01
-1.82173e+00 1.60523e+00 6.61412e+01
-1.88547e+00 1.66878e+00 6.18711e+01
-1.94983e+00 1.73343e+00 5.78238e+01
-2.01485e+00 1.79919e+00 5.39838e+01
-2.08053e+00 1.86607e+00 5.03372e+01
-2.14690e+00 1.93409e+00 4.68719e+01
-2.21398e+00 2.00326e+00 4.35772e+01
-2.28178e+00 2.07361e+00 4.04435e+01
-2.35032e+00 2.14514e+00 3.74623e+01
-2.41963e+00 2.21787e+00 3.46263e+01
-2.48972e+00 2.29182e+00 3.19289e+01
-2.56061e+00 2.36702e+00 2.93646e+01
-2.63233e+00 2.44347e+00 2.69287e+01
-2.70489e+00 2.52120e+00 2.46174e+01
-2.77832e+00 2.60023e+00 2.24277e+01
-2.85264e+00 2.68057e+00 2.03577e+01
-2.92786e+00 2.76227e+00 1.84066e+01
-3.00402e+00 2.84533e+00 1.65747e+01
-3.08114e+00 2.92977e+00 1.48637e+01
-3.15924e+00 3.01564e+00 1.32771e+01
-3.23834e+00 3.10294e+00 1.18206e+01
-3.31848e+00 3.19172e+00 1.05025e+01
-3.39967e+00 3.28199e+00 9.33523e+00
-3.48195e+00 3.37378e+00 8.33596e+00
-3.56534e+00 3.46713e+00 7.52933e+00
-3.64987e+00 3.56206e+00 6.95054e+00
-3.73556e+00 3.65861e+00 6.65092e+00
-3.82246e+00 3.75681e+00 6.70728e+00
-3.91058e+00 3.85669e+00 7.23881e+00
-3.99996e+00 3.95829e+00 8.43965e+00
-6.34018e-01 5.72180e-01 2.83131e+02
-6.86550e-01 6.17820e-01 2.54603e+02
-7.39514e-01 6.64315e-01 2.31196e+02
-7.92922e-01 7.11666e-01 2.11488e+02
-8.46788e-01 7.59878e-01 1.94552e+02
-9.01127e-01 8.08953e-01 1.79758e+02
-9.55951e-01 8.58896e-01 1.66665e+02
-1.01128e+00 9.09712e-01 1.54948e+02
-1.06711e+00 9.61406e-01 1.44368e+02
-1.12348e+00 1.01399e+00 1.34742e+02
-1.18038e+00 1.06746e+00 1.25926e+02
-1.23784e+00 1.12183e+00 1.17808e+02
-1.29587e+00 1.17710e+00 1.10297e+02
-1.35449e+00 1.23329e+00 1.03318e+02
-1.41370e+00 1.29041e+00 9.68102e+01
-1.47353e+00 1.34846e+00 9.07233e+01
-1.53399e+00 1.40745e+00 8.50140e+01
-1.59509e+00 1.46740e+00 7.96457e+01
-1.65685e+00 1.52831e+00 7.45871e+01
-1.71929e+00 1.59020e+00 6.98112e+01
-1.78242e+00 1.65308e+00 6.52945e+01
-1.84626e+00 1.71696e+00 6.10166e+01
-1.91082e+00 1.78186e+00 5.69593e+01
-1.97612e+00 1.84778e+00 5.31068e+01
-2.04218e+00 1.91476e+00 4.94451e+01
-2.10902e+00 1.98279e+00 4.59616e+01
-2.17666e+00 2.05190e+00 4.26453e+01
-2.24510e+00 2.12210e+00 3.94864e+01
-2.31438e+00 2.19341e+00 3.64760e+01
-2.38451e+00 2.26584e+00 3.36064e+01
-2.45551e+00 2.33942e+00 3.08708e+01
-2.52740e+00 2.41417e+00 2.82633e+01
-2.60021e+00 2.49010e+00 2.57788e+01
-2.67394e+00 2.56724e+00 2.34131e+01
-2.74863e+00 2.64560e+00 2.11629e+01
-2.82430e+00 2.72521e+00 1.90258e+01
-2.90096e+00 2.80608e+00 1.70006e+01
-2.97865e+00 2.88826e+00 1.50872e+01
-3.05738e+00 2.97175e+00 1.32872e+01
-3.13718e+00 3.05658e+00 1.16040e+01
-3.21808e+00 3.14279e+00 1.00438e+01
-3.30010e+00 3.23038e+00 8.61603e+00
-3.38326e+00 3.31941e+00 7.33560e+00
-3.46761e+00 3.40988e+00 6.22479e+00
-3.55315e+00 3.50184e+00 5.31780e+00
-3.63993e+00 3.59531e+00 4.66821e+00
-3.72796e+00 3.69032e+00 4.36342e+00
-3.81729e+00 3.78691e+00 4.55413e+00
-3.90795e+00 3.88511e+00 5.52176e+00
-3.99995e+00 3.98495e+00 7.85525e+00
-6.13747e-01 5.93259e-01 2.84355e+02
-6.64074e-01 6.41243e-01 2.54784e+02
-7.14971e-01 6.89945e-01 2.30761e+02
-7.66450e-01 7.39371e-01 2.10681e+02
-8.18520e-01 7.89527e-01 1.93523e+02
-8.71191e-01 8.40420e-01 1.78600e+02
-9.24475e-01 8.92059e-01 1.65436e+02
-9.78382e-01 9.44451e-01 1.53687e+02
-1.03292e+00 9.97603e-01 1.43099e+02
-1.08811e+00 1.05153e+00 1.33481e+02
-1.14395e+00 1.10623e+00 1.24683e+02
-1.20047e+00 1.16172e+00 1.16589e+02
-1.25766e+00 1.21801e+00 1.09105e+02
-1.31555e+00 1.27510e+00 1.02154e+02
-1.37415e+00 1.33302e+00 9.56744e+01
-1.43347e+00 1.39177e+00 8.96143e+01
-1.49352e+00 1.45136e+00 8.39297e+01
-1.55432e+00 1.51181e+00 7.85836e+01
-1.61588e+00 1.57313e+00 7.35442e+01
-1.67822e+00 1.63533e+00 6.87843e+01
-1.74135e+00 1.69842e+00 6.42799e+01
-1.80528e+00 1.76242e+00 6.00103e+01
-1.87004e+00 1.82734e+00 5.59573e+01
-1.93564e+00 1.89321e+00 5.21047e+01
-2.00209e+00 1.96003e+00 4.84382e+01
-2.06941e+00 2.02781e+00 4.49449e+01
-2.13762e+00 2.09659e+00 4.16136e+01
-2.20674e+00 2.16637e+00 3.84340e+01
-2.27679e+00 2.23717e+00 3.53968e+01
-2.34778e+00 2.30901e+00 3.24938e+01
-2.41973e+00 2.38191e+00 2.97177e+01
-2.49266e+00 2.45589e+00 2.70617e+01
-2.56660e+00 2.53096e+00 2.45201e+01
-2.64157e+00 2.60716e+00 2.20876e+01
-2.71758e+00 2.68450e+00 1.97596e+01
-2.79465e+00 2.76300e+00 1.75326e+01
-2.87282e+00 2.84268e+00 1.54034e+01
-2.95211e+00 2.92358e+00 1.33700e+01
-3.03253e+00 3.00571e+00 1.14315e+01
-3.11411e+00 3.08909e+00 9.58821e+00
-3.19689e+00 3.17377e+00 7.84266e+00
-3.28088e+00 3.25975e+00 6.20010e+00
-3.36611e+00 3.34707e+00 4.67026e+00
-3.45261e+00 3.43576e+00 3.27028e+00
-3.54041e+00 3.52584e+00 2.03051e+00
-3.62954e+00 3.61735e+00 1.00709e+00
-3.72002e+00 3.71032e+00 3.12679e-01
-3.81190e+00 3.80477e+00 2.05277e-01
-3.90520e+00 3.90075e+00 1.42271e+00
-3.99995e+00 3.99828e+00 7.23101e+00
-5.93269e-01 6.13737e-01 2.84355e+02
-6.41254e-01 6.64063e-01 2.54784e+02
-6.89957e-01 7.14959e-01 2.30760e+02
-7.39384e-01 7.66437e-01 2.10681e+02
-7.89541e-01 8.18506e-01 1.93522e+02
-8.40436e-01 8.71176e-01 1.78599e+02
-8.92075e-01 9.24459e-01 1.65435e+02
-9.44467e-01 9.78365e-01 1.53686e+02
-9.97621e-01 1.03291e+00 1.43099e+02
-1.05154e+00 1.08809e+00 1.33480e+02
-1.10625e+00 1.14394e+00 1.24683e+02
-1.16174e+00 1.20045e+00 1.16588e+02
-1.21803e+00 1.25765e+00 1.09104e+02
-1.27512e+00 1.31554e+00 1.02153e+02
-1.33304e+00 1.37413e+00 9.56738e+01
-1.39179e+00 1.43345e+00 8.96137e+01
-1.45139e+00 1.49350e+00 8.39291e+01
-1.51183e+00 1.55430e+00 7.85830e+01
-1.57315e+00 1.61586e+00 7.35437e+01
-1.63535e+00 1.67820e+00 6.87837e+01
-1.69844e+00 1.74133e+00 6.42793e+01
-1.76244e+00 1.80526e+00 6.00098e+01
-1.82737e+00 1.87002e+00 5.59568e+01
-1.89323e+00 1.93562e+00 5.21042e+01
-1.96005e+00 2.00207e+00 4.84377e+01
-2.02783e+00 2.06939e+00 4.49444e+01
-2.09661e+00 2.13760e+00 4.16131e+01
-2.16639e+00 2.20672e+00 3.84334e+01
-2.23719e+00 2.27677e+00 3.53962e+01
-2.30903e+00 2.34776e+00 3.24932e+01
-2.38193e+00 2.41971e+00 2.97171e+01
-2.45591e+00 2.49265e+00 2.70611e+01
-2.53098e+00 2.56659e+00 2.45194e+01
-2.60718e+00 2.64155e+00 2.20869e+01
-2.68451e+00 2.71756e+00 1.97589e+01
-2.76301e+00 2.79464e+00 1.75318e+01
-2.84270e+00 2.87281e+00 1.54026e+01
-2.92359e+00 2.95209e+00 1.33691e+01
-3.00572e+00 3.03252e+00 1.14305e+01
-3.08911e+00 3.11410e+00 9.58712e+00
-3.17378e+00 3.19688e+00 7.84145e+00
-3.25976e+00 3.28087e+00 6.19873e+00
-3.34708e+00 3.36610e+00 4.66872e+00
-3.43577e+00 3.45260e+00 3.26852e+00
-3.52585e+00 3.54040e+00 2.02847e+00
-3.61736e+00 3.62953e+00 1.00469e+00
-3.71032e+00 3.72002e+00 3.09818e-01
-3.80478e+00 3.81190e+00 2.01860e-01
-3.90075e+00 3.90520e+00 1.41891e+00
-3.99829e+00 3.99995e+00 7.23069e+00
-5.72191e-01 6.34008e-01 2.83132e+02
-6.17832e-01 6.86539e-01 2.54603e+02
-6.64328e-01 7.39502e-01 2.31197e+02
-7.11680e-01 7.92909e-01 2.11488e+02
-7.59892e-01 8.46775e-01 1.94551e+02
-8.08968e-01 9.01113e-01 1.79758e+02
-8.58912e-01 9.55936e-01 1.66664e+02
-9.09729e-01 1.01126e+00 1.54948e+02
-9.61424e-01 1.06710e+00 1.44368e+02
-1.01400e+00 1.12346e+00 1.34742e+02
-1.06748e+00 1.18036e+00 1.25926e+02
-1.12185e+00 1.23783e+00 1.17808e+02
-1.17712e+00 1.29586e+00 1.10296e+02
-1.23331e+00 1.35447e+00 1.03317e+02
-1.29043e+00 1.41368e+00 9.68097e+01
-1.34848e+00 1.47351e+00 9.07229e+01
-1.40747e+00 1.53397e+00 8.50135e+01
-1.46742e+00 1.59507e+00 7.96452e+01
-1.52833e+00 1.65683e+00 7.45866e+01
-1.59022e+00 1.71927e+00 6.98108e+01
-1.65310e+00 1.78240e+00 6.52941e+01
-1.71698e+00 1.84624e+00 6.10161e+01
-1.78188e+00 1.91080e+00 5.69589e+01
-1.84781e+00 1.97610e+00 5.31064e+01
-1.91478e+00 2.04216e+00 4.94446e+01
-1.98281e+00 2.10900e+00 4.59612e+01
-2.05192e+00 2.17664e+00 4.26449e+01
-2.12212e+00 2.24509e+00 3.94859e+01
-2.19343e+00 2.31436e+00 3.64754e+01
-2.26587e+00 2.38450e+00 3.36058e+01
-2.33945e+00 2.45550e+00 3.08702e+01
-2.41419e+00 2.52739e+00 2.82627e+01
-2.49012e+00 2.60019e+00 2.57782e+01
-2.56726e+00 2.67393e+00 2.34125e+01
-2.64562e+00 2.74862e+00 2.11622e+01
-2.72523e+00 2.82428e+00 1.90251e+01
-2.80610e+00 2.90095e+00 1.69999e+01
-2.88828e+00 2.97863e+00 1.50864e+01
-2.97177e+00 3.05737e+00 1.32864e+01
-3.05660e+00 3.13717e+00 1.16031e+01
-3.14280e+00 3.21807e+00 1.00428e+01
-3.23040e+00 3.30009e+00 8.61500e+00
-3.31942e+00 3.38326e+00 7.33449e+00
-3.40990e+00 3.46760e+00 6.22360e+00
-3.50185e+00 3.55314e+00 5.31651e+00
-3.59532e+00 3.63992e+00 4.66685e+00
-3.69033e+00 3.72796e+00 4.36201e+00
-3.78692e+00 3.81729e+00 4.55276e+00
-3.88512e+00 3.90794e+00 5.52063e+00
-3.98496e+00 3.99995e+00 7.85495e+00
-5.50478e-01 6.54108e-01 2.79956e+02
-5.93797e-01 7.08686e-01 2.52744e+02
-6.38093e-01 7.63565e-01 2.30188e+02
-6.83366e-01 8.18762e-01 2.11046e+02
-7.29616e-01 8.74295e-01 1.94496e+02
-7.76843e-01 9.30179e-01 1.79971e+02
-8.25048e-01 9.86431e-01 1.67064e+02
-8.74235e-01 1.04307e+00 1.55480e+02
-9.24405e-01 1.10010e+00 1.44993e+02
-9.75563e-01 1.15756e+00 1.35432e+02
-1.02771e+00 1.21545e+00 1.26662e+02
-1.08086e+00 1.27378e+00 1.18576e+02
-1.13501e+00 1.33258e+00 1.11086e+02
-1.19017e+00 1.39187e+00 1.04122e+02
-1.24635e+00 1.45165e+00 9.76247e+01
-1.30355e+00 1.51194e+00 9.15447e+01
-1.36179e+00 1.57277e+00 8.58405e+01
-1.42107e+00 1.63414e+00 8.04764e+01
-1.48140e+00 1.69608e+00 7.54222e+01
-1.54279e+00 1.75860e+00 7.06513e+01
-1.60525e+00 1.82171e+00 6.61408e+01
-1.66880e+00 1.88545e+00 6.18708e+01
-1.73345e+00 1.94981e+00 5.78235e+01
-1.79921e+00 2.01483e+00 5.39834e+01
-1.86609e+00 2.08051e+00 5.03368e+01
-1.93411e+00 2.14688e+00 4.68715e+01
-2.00329e+00 2.21396e+00 4.35768e+01
-2.07363e+00 2.28176e+00 4.04431e+01
-2.14516e+00 2.35031e+00 3.74619e+01
-2.21790e+00 2.41961e+00 3.46258e+01
-2.29185e+00 2.48970e+00 3.19284e+01
-2.36704e+00 2.56060e+00 2.93641e+01
-2.44349e+00 2.63232e+00 2.69282e+01
-2.52122e+00 2.70488e+00 2.46168e+01
-2.60025e+00 2.77831e+00 2.24271e+01
-2.68060e+00 2.85262e+00 2.03571e+01
-2.76229e+00 2.92785e+00 1.84060e+01
-2.84535e+00 3.00401e+00 1.65740e+01
-2.92980e+00 3.08113e+00 1.48630e+01
-3.01566e+00 3.15923e+00 1.32764e+01
-3.10297e+00 3.23833e+00 1.18198e+01
-3.19174e+00 3.31847e+00 1.05017e+01
-3.28201e+00 3.39967e+00 9.33437e+00
-3.37380e+00 3.48194e+00 8.33507e+00
-3.46715e+00 3.56533e+00 7.52841e+00
-3.56208e+00 3.64986e+00 6.94961e+00
-3.65863e+00 3.73556e+00 6.65001e+00
-3.75683e+00 3.82245e+00 6.70645e+00
-3.85671e+00 3.91057e+00 7.23817e+00
-3.95831e+00 3.99996e+00 8.43937e+00
-5.28169e-01 6.74005e-01 2.75012e+02
-5.69189e-01 7.30467e-01 2.49329e+02
-6.11296e-01 7.87113e-01 2.27815e+02
-6.54486e-01 8.43960e-01 2.09408e+02
-6.98756e-01 9.01029e-01 1.93388e+02
-7.44104e-01 9.58339e-01 1.79253e+02
-7.90528e-01 1.01591e+00 1.66640e+02
-8.38029e-01 1.07376e+00 1.55279e+02
-8.86607e-01 1.13190e+00 1.44965e+02
-9.36265e-01 1.19036e+00 1.35539e+02
-9.87003e-01 1.24915e+00 1.26875e+02
-1.03883e+00 1.30829e+00 1.18874e+02
-1.09174e+00 1.36780e+00 1.11452e+02
-1.14574e+00 1.42769e+00 1.04545e+02
-1.20084e+00 1.48799e+00 9.80940e+01
-1.25705e+00 1.54871e+00 9.20537e+01
-1.31437e+00 1.60987e+00 8.63838e+01
-1.37281e+00 1.67149e+00 8.10501e+01
-1.43237e+00 1.73358e+00 7.60235e+01
-1.49307e+00 1.79616e+00 7.12783e+01
-1.55492e+00 1.85926e+00 6.67926e+01
-1.61793e+00 1.92288e+00 6.25467e+01
-1.68210e+00 1.98705e+00 5.85238e+01
-1.74746e+00 2.05178e+00 5.47086e+01
-1.81401e+00 2.11710e+00 5.10879e+01
-1.88176e+00 2.18302e+00 4.76499e+01
-1.95074e+00 2.24956e+00 4.43840e+01
-2.02095e+00 2.31674e+00 4.12811e+01
-2.09241e+00 2.38459e+00 3.83329e+01
-2.16514e+00 2.45311e+00 3.55322e+01
-2.23915e+00 2.52233e+00 3.28728e+01
-2.31447e+00 2.59227e+00 3.03493e+01
-2.39110e+00 2.66295e+00 2.79571e+01
-2.46908e+00 2.73440e+00 2.56924e+01
-2.54842e+00 2.80662e+00 2.35525e+01
-2.62914e+00 2.87965e+00 2.15354e+01
-2.71126e+00 2.95351e+00 1.96399e+01
-2.79482e+00 3.02822e+00 1.78663e+01
-2.87982e+00 3.10380e+00 1.62155e+01
-2.96630e+00 3.18028e+00 1.46902e+01
-3.05427e+00 3.25767e+00 1.32946e+01
-3.14378e+00 3.33602e+00 1.20350e+01
-3.23484e+00 3.41533e+00 1.09200e+01
-3.32748e+00 3.49564e+00 9.96179e+00
-3.42174e+00 3.57697e+00 9.17654e+00
-3.51764e+00 3.65936e+00 8.58634e+00
-3.61522e+00 3.74282e+00 8.22124e+00
-3.71450e+00 3.82738e+00 8.12258e+00
-3.81553e+00 3.91309e+00 8.34823e+00
-3.91833e+00 3.99996e+00 8.98112e+00
-5.05305e-01 6.93664e-01 2.68474e+02
-5.44053e-01 7.51851e-01 2.44476e+02
-5.83981e-01 8.10111e-01 2.24157e+02
-6.25085e-01 8.68469e-01 2.06622e+02
-6.67359e-01 9.26944e-01 1.91256e+02
-7.10798e-01 9.85559e-01 1.77620e+02
-7.55398e-01 1.04433e+00 1.65395e+02
-8.01159e-01 1.10329e+00 1.54341e+02
-8.48077e-01 1.16245e+00 1.44272e+02
-8.96153e-01 1.22182e+00 1.35045e+02
-9.45388e-01 1.28144e+00 1.26545e+02
-9.95782e-01 1.34131e+00 1.18678e+02
-1.04734e+00 1.40147e+00 1.11371e+02
-1.10006e+00 1.46192e+00 1.04559e+02
-1.15395e+00 1.52269e+00 9.81910e+01
-1.20901e+00 1.58380e+00 9.22223e+01
-1.26525e+00 1.64526e+00 8.66153e+01
-1.32268e+00 1.70709e+00 8.13377e+01
-1.38130e+00 1.76931e+00 7.63617e+01
-1.44112e+00 1.83194e+00 7.16630e+01
-1.50215e+00 1.89500e+00 6.72205e+01
-1.56439e+00 1.95851e+00 6.30154e+01
-1.62787e+00 2.02249e+00 5.90315e+01
-1.69258e+00 2.08695e+00 5.52543e+01
-1.75855e+00 2.15191e+00 5.16708e+01
-1.82578e+00 2.21740e+00 4.82697e+01
-1.89428e+00 2.28343e+00 4.50409e+01
-1.96408e+00 2.35002e+00 4.19753e+01
-2.03518e+00 2.41719e+00 3.90651e+01
-2.10760e+00 2.48497e+00 3.63032e+01
-2.18136e+00 2.55336e+00 3.36836e+01
-2.25648e+00 2.62240e+00 3.12008e+01
-2.33297e+00 2.69210e+00 2.88504e+01
-2.41084e+00 2.76248e+00 2.66286e+01
-2.49014e+00 2.83356e+00 2.45324e+01
-2.57086e+00 2.90537e+00 2.25597e+01
-2.65303e+00 2.97793e+00 2.07090e+01
-2.73668e+00 3.05126e+00 1.89799e+01
-2.82183e+00 3.12537e+00 1.73727e+01
-2.90851e+00 3.20031e+00 1.58889e+01
-2.99673e+00 3.27608e+00 1.45313e+01
-3.08652e+00 3.35272e+00 1.33039e+01
-3.17792e+00 3.43025e+00 1.22125e+01
-3.27094e+00 3.50868e+00 1.12650e+01
-3.36563e+00 3.58806e+00 1.04718e+01
-3.46200e+00 3.66840e+00 9.84650e+00
-3.56009e+00 3.74973e+00 9.40696e+00
-3.65994e+00 3.83208e+00 9.17639e+00
-3.76157e+00 3.91548e+00 9.18536e+00
-3.86502e+00 3.99996e+00 9.47442e+00
-4.81930e-01 7.13055e-01 2.60503e+02
-5.18431e-01 7.72803e-01 2.38299e+02
-5.56194e-01 8.32529e-01 2.19291e+02
-5.95209e-01 8.92256e-01 2.02740e+02
-6.35471e-01 9.52008e-01 1.88130e+02
-6.76972e-01 1.01181e+00 1.75087e+02
-7.19706e-01 1.07168e+00 1.63334e+02
-7.63671e-01 1.13164e+00 1.52661e+02
-8.08861e-01 1.19172e+00 1.42904e+02
-8.55276e-01 1.25193e+00 1.33935e+02
-9.02914e-01 1.31229e+00 1.25651e+02
-9.51775e-01 1.37284e+00 1.17967e+02
-1.00186e+00 1.43358e+00 1.10816e+02
-1.05317e+00 1.49453e+00 1.04138e+02
-1.10571e+00 1.55573e+00 9.78869e+01
-1.15947e+00 1.61718e+00 9.20208e+01
-1.21448e+00 1.67890e+00 8.65048e+01
-1.27072e+00 1.74092e+00 8.13087e+01
-1.32821e+00 1.80326e+00 7.64064e+01
-1.38695e+00 1.86592e+00 7.17749e+01
-1.44695e+00 1.92895e+00 6.73943e+01
-1.50822e+00 1.99234e+00 6.32470e+01
-1.57077e+00 2.05612e+00 5.93173e+01
-1.63461e+00 2.12032e+00 5.55914e+01
-1.69974e+00 2.18494e+00 5.20572e+01
-1.76618e+00 2.25002e+00 4.87035e+01
-1.83395e+00 2.31556e+00 4.55208e+01
-1.90305e+00 2.38159e+00 4.25003e+01
-1.97350e+00 2.44812e+00 3.96344e+01
-2.04531e+00 2.51519e+00 3.69162e+01
-2.11850e+00 2.58280e+00 3.43398e+01
-2.19309e+00 2.65098e+00 3.18998e+01
-2.26909e+00 2.71974e+00 2.95918e+01
-2.34653e+00 2.78912e+00 2.74120e+01
-2.42541e+00 2.85912e+00 2.53571e+01
-2.50576e+00 2.92978e+00 2.34247e+01
-2.58761e+00 3.00110e+00 2.16130e+01
-2.67096e+00 3.07312e+00 1.99210e+01
-2.75585e+00 3.14586e+00 1.83483e+01
-2.84230e+00 3.21933e+00 1.68953e+01
-2.93033e+00 3.29357e+00 1.55635e+01
-3.01997e+00 3.36859e+00 1.43553e+01
-3.11125e+00 3.44441e+00 1.32741e+01
-3.20418e+00 3.52107e+00 1.23247e+01
-3.29881e+00 3.59859e+00 1.15136e+01
-3.39516e+00 3.67700e+00 1.08490e+01
-3.49326e+00 3.75631e+00 1.03415e+01
-3.59314e+00 3.83655e+00 1.00043e+01
-3.69484e+00 3.91776e+00 9.85431e+00
-3.79839e+00 3.99996e+00 9.91296e+00
-4.58087e-01 7.32147e-01 2.51247e+02
-4.92369e-01 7.93295e-01 2.30902e+02
-5.27979e-01 8.54335e-01 2.13288e+02
-5.64906e-01 9.15292e-01 1.97809e+02
-6.03140e-01 9.76191e-01 1.84039e+02
-6.42674e-01 1.03706e+00 1.71668e+02
-6.83500e-01 1.09791e+00 1.60459e+02
-7.25613e-01 1.15878e+00 1.50233e+02
-7.69008e-01 1.21968e+00 1.40847e+02
-8.13681e-01 1.28064e+00 1.32191e+02
-8.59630e-01 1.34169e+00 1.24171e+02
-9.06853e-01 1.40283e+00 1.16715e+02
-9.55349e-01 1.46409e+00 1.09759e+02
-1.00512e+00 1.52550e+00 1.03253e+02
-1.05616e+00 1.58707e+00 9.71514e+01
-1.10848e+00 1.64883e+00 9.14182e+01
-1.16209e+00 1.71079e+00 8.60207e+01
-1.21697e+00 1.77297e+00 8.09312e+01
-1.27314e+00 1.83540e+00 7.61253e+01
-1.33061e+00 1.89809e+00 7.15819e+01
-1.38938e+00 1.96107e+00 6.72823e+01
-1.44946e+00 2.02434e+00 6.32100e+01
-1.51085e+00 2.08794e+00 5.93502e+01
-1.57356e+00 2.15188e+00 5.56900e+01
-1.63762e+00 2.21618e+00 5.22177e+01
-1.70301e+00 2.28086e+00 4.89230e+01
-1.76976e+00 2.34594e+00 4.57965e+01
-1.83789e+00 2.41143e+00 4.28299e+01
-1.90739e+00 2.47737e+00 4.00159e+01
-1.97829e+00 2.54376e+00 3.73478e+01
-2.05060e+00 2.61063e+00 3.48198e+01
-2.12433e+00 2.67800e+00 3.24266e+01
-2.19951e+00 2.74589e+00 3.01638e+01
-2.27614e+00 2.81432e+00 2.80275e+01
-2.35426e+00 2.88330e+00 2.60143e+01
-2.43387e+00 2.95286e+00 2.41215e+01
-2.51499e+00 3.02303e+00 2.23469e+01
-2.59766e+00 3.09381e+00 2.06890e+01
-2.68188e+00 3.16524e+00 1.91467e+01
-2.76768e+00 3.23734e+00 1.77198e+01
-2.85509e+00 3.31012e+00 1.64086e+01
-2.94413e+00 3.38361e+00 1.52140e+01
-3.03483e+00 3.45783e+00 1.41378e+01
-3.12721e+00 3.53282e+00 1.31828e+01
-3.22129e+00 3.60858e+00 1.23525e+01
-3.31712e+00 3.68514e+00 1.16518e+01
-3.41471e+00 3.76254e+00 1.10866e+01
-3.51411e+00 3.84079e+00 1.06647e+01
-3.61533e+00 3.91992e+00 1.03953e+01
-3.71843e+00 3.99996e+00 1.02901e+01
-4.33821e-01 7.50910e-01 2.40841e+02
-4.65914e-01 8.13298e-01 2.22383e+02
-4.99386e-01 8.75502e-01 2.06216e+02
-5.34223e-01 9.37551e-01 1.91873e+02
-5.70415e-01 9.99468e-01 1.79010e+02
-6.07954e-01 1.06128e+00 1.67374e+02
-6.46830e-01 1.12301e+00 1.56771e+02
-6.87036e-01 1.18469e+00 1.47049e+02
-7.28567e-01 1.24633e+00 1.38088e+02
-7.71417e-01 1.30796e+00 1.29792e+02
-8.15583e-01 1.36960e+00 1.22083e+02
-8.61062e-01 1.43127e+00 1.14895e+02
-9.07853e-01 1.49300e+00 1.08173e+02
-9.55953e-01 1.55481e+00 1.01872e+02
-1.00536e+00 1.61672e+00 9.59528e+01
-1.05609e+00 1.67874e+00 9.03817e+01
-1.10812e+00 1.74091e+00 8.51298e+01
-1.16147e+00 1.80323e+00 8.01716e+01
-1.21615e+00 1.86573e+00 7.54852e+01
-1.27214e+00 1.92843e+00 7.10509e+01
-1.32947e+00 1.99135e+00 6.68517e+01
-1.38813e+00 2.05451e+00 6.28722e+01
-1.44813e+00 2.11793e+00 5.90987e+01
-1.50949e+00 2.18162e+00 5.55191e+01
-1.57221e+00 2.24561e+00 5.21224e+01
-1.63629e+00 2.30992e+00 4.88990e+01
-1.70176e+00 2.37456e+00 4.58399e+01
-1.76862e+00 2.43956e+00 4.29374e+01
-1.83688e+00 2.50493e+00 4.01842e+01
-1.90655e+00 2.57069e+00 3.75740e+01
-1.97766e+00 2.63687e+00 3.51012e+01
-2.05021e+00 2.70347e+00 3.27606e+01
-2.12422e+00 2.77054e+00 3.05478e+01
-2.19971e+00 2.83807e+00 2.84587e+01
-2.27669e+00 2.90610e+00 2.64900e+01
-2.35519e+00 2.97463e+00 2.46386e+01
-2.43521e+00 3.04371e+00 2.29022e+01
-2.51678e+00 3.11333e+00 2.12787e+01
-2.59993e+00 3.18353e+00 1.97667e+01
-2.68467e+00 3.25433e+00 1.83652e+01
-2.77102e+00 3.32574e+00 1.70735e+01
-2.85901e+00 3.39779e+00 1.58918e+01
-2.94867e+00 3.47051e+00 1.48205e+01
-3.04001e+00 3.54390e+00 1.38608e+01
-3.13308e+00 3.61801e+00 1.30145e+01
-3.22788e+00 3.69284e+00 1.22840e+01
-3.32446e+00 3.76843e+00 1.16726e+01
-3.42284e+00 3.84480e+00 1.11844e+01
-3.52306e+00 3.92196e+00 1.08244e+01
-3.62514e+00 3.99996e+00 1.05990e+01
-4.09178e-01 7.69316e-01 2.29404e+02
-4.39113e-01 8.32784e-01 2.12830e+02
-4.70461e-01 8.96005e-01 1.98140e+02
-5.03209e-01 9.59007e-01 1.84974e+02
-5.37346e-01 1.02182e+00 1.73067e+02
-5.72861e-01 1.08446e+00 1.62218e+02
-6.09744e-01 1.14696e+00 1.52271e+02
-6.47989e-01 1.20934e+00 1.43102e+02
-6.87588e-01 1.27162e+00 1.34612e+02
-7.28534e-01 1.33384e+00 1.26721e+02
-7.70824e-01 1.39601e+00 1.19362e+02
-8.14454e-01 1.45815e+00 1.12480e+02
-8.59420e-01 1.52029e+00 1.06027e+02
-9.05721e-01 1.58245e+00 9.99649e+01
-9.53357e-01 1.64465e+00 9.42584e+01
-1.00233e+00 1.70690e+00 8.88780e+01
-1.05263e+00 1.76924e+00 8.37980e+01
-1.10427e+00 1.83168e+00 7.89959e+01
-1.15726e+00 1.89424e+00 7.44518e+01
-1.21158e+00 1.95694e+00 7.01481e+01
-1.26725e+00 2.01980e+00 6.60690e+01
-1.32428e+00 2.08284e+00 6.22007e+01
-1.38267e+00 2.14608e+00 5.85306e+01
-1.44242e+00 2.20954e+00 5.50474e+01
-1.50355e+00 2.27324e+00 5.17410e+01
-1.56606e+00 2.33719e+00 4.86023e+01
-1.62996e+00 2.40142e+00 4.56230e+01
-1.69527e+00 2.46595e+00 4.27957e+01
-1.76199e+00 2.53079e+00 4.01136e+01
-1.83014e+00 2.59596e+00 3.75707e+01
-1.89972e+00 2.66149e+00 3.51614e+01
-1.97076e+00 2.72739e+00 3.28807e+01
-2.04326e+00 2.79367e+00 3.07244e+01
-2.11725e+00 2.86037e+00 2.86883e+01
-2.19273e+00 2.92750e+00 2.67689e+01
-2.26973e+00 2.99508e+00 2.49632e+01
-2.34827e+00 3.06313e+00 2.32685e+01
-2.42835e+00 3.13167e+00 2.16825e+01
-2.51001e+00 3.20072e+00 2.02032e+01
-2.59325e+00 3.27030e+00 1.88292e+01
-2.67812e+00 3.34043e+00 1.75594e+01
-2.76461e+00 3.41113e+00 1.63929e+01
-2.85277e+00 3.48243e+00 1.53295e+01
-2.94261e+00 3.55434e+00 1.43691e+01
-3.03416e+00 3.62689e+00 1.35124e+01
-3.12745e+00 3.70009e+00 1.27601e+01
-3.22250e+00 3.77398e+00 1.21137e+01
-3.31934e+00 3.84857e+00 1.15753e+01
-3.41801e+00 3.92389e+00 1.11472e+01
-3.51852e+00 3.99996e+00 1.08326e+01
-3.84204e-01 7.87341e-01 2.17044e+02
-4.12012e-01 8.51730e-01 2.02326e+02
-4.41252e-01 9.15820e-01 1.89115e+02
-4.71913e-01 9.79638e-01 1.77151e+02
-5.03980e-01 1.04321e+00 1.66233e+02
-5.37444e-01 1.10657e+00 1.56209e+02
-5.72295e-01 1.16973e+00 1.46958e+02
-6.08523e-01 1.23272e+00 1.38383e+02
-6.46121e-01 1.29556e+00 1.30404e+02
-6.85083e-01 1.35828e+00 1.22955e+02
-7.25404e-01 1.42091e+00 1.15984e+02
-7.67077e-01 1.48345e+00 1.09443e+02
-8.10101e-01 1.54594e+00 1.03293e+02
-8.54473e-01 1.60840e+00 9.74998e+01
-9.00190e-01 1.67085e+00 9.20352e+01
-9.47253e-01 1.73330e+00 8.68732e+01
-9.95661e-01 1.79578e+00 8.19913e+01
-1.04542e+00 1.85831e+00 7.73698e+01
-1.09652e+00 1.92091e+00 7.29910e+01
-1.14897e+00 1.98360e+00 6.88394e+01
-1.20279e+00 2.04640e+00 6.49008e+01
-1.25795e+00 2.10932e+00 6.11627e+01
-1.31449e+00 2.17239e+00 5.76138e+01
-1.37239e+00 2.23563e+00 5.42437e+01
-1.43168e+00 2.29905e+00 5.10431e+01
-1.49235e+00 2.36267e+00 4.80037e+01
-1.55441e+00 2.42652e+00 4.51177e+01
-1.61788e+00 2.49060e+00 4.23782e+01
-1.68276e+00 2.55495e+00 3.97788e+01
-1.74906e+00 2.61958e+00 3.73138e+01
-1.81680e+00 2.68450e+00 3.49778e+01
-1.88599e+00 2.74973e+00 3.27661e+01
-1.95665e+00 2.81531e+00 3.06744e+01
-2.02878e+00 2.88123e+00 2.86986e+01
-2.10240e+00 2.94753e+00 2.68354e+01
-2.17752e+00 3.01421e+00 2.50815e+01
-2.25418e+00 3.08131e+00 2.34340e+01
-2.33237e+00 3.14884e+00 2.18905e+01
-2.41212e+00 3.21682e+00 2.04488e+01
-2.49346e+00 3.28526e+00 1.91069e+01
-2.57639e+00 3.35419e+00 1.78634e+01
-2.66095e+00 3.42363e+00 1.67169e+01
-2.74714e+00 3.49360e+00 1.56665e+01
-2.83500e+00 3.56412e+00 1.47114e+01
-2.92456e+00 3.63521e+00 1.38513e+01
-3.01582e+00 3.70689e+00 1.30861e+01
-3.10883e+00 3.77919e+00 1.24160e+01
-3.20361e+00 3.85211e+00 1.18416e+01
-3.30018e+00 3.92570e+00 1.13638e+01
-3.39858e+00 3.99996e+00 1.09839e+01
-3.58945e-01 8.04959e-01 2.03856e+02
-3.84658e-01 8.70113e-01 1.90941e+02
-4.11808e-01 9.34926e-01 1.79195e+02
-4.40383e-01 9.99426e-01 1.68438e+02
-4.70369e-01 1.06364e+00 1.58529e+02
-5.01755e-01 1.12759e+00 1.49357e+02
-5.34532e-01 1.19131e+00 1.40833e+02
-5.68689e-01 1.25481e+00 1.32883e+02
-6.04220e-01 1.31812e+00 1.25448e+02
-6.41116e-01 1.38127e+00 1.18476e+02
-6.79373e-01 1.44428e+00 1.11924e+02
-7.18985e-01 1.50716e+00 1.05756e+02
-7.59948e-01 1.56995e+00 9.99389e+01
-8.02259e-01 1.63266e+00 9.44453e+01
-8.45915e-01 1.69531e+00 8.92508e+01
-8.90917e-01 1.75792e+00 8.43340e+01
-9.37262e-01 1.82052e+00 7.96758e+01
-9.84952e-01 1.88312e+00 7.52592e+01
-1.03399e+00 1.94574e+00 7.10690e+01
-1.08437e+00 2.00841e+00 6.70914e+01
-1.13610e+00 2.07114e+00 6.33142e+01
-1.18919e+00 2.13395e+00 5.97261e+01
-1.24364e+00 2.19685e+00 5.63170e+01
-1.29945e+00 2.25988e+00 5.30776e+01
-1.35663e+00 2.32304e+00 4.99995e+01
-1.41519e+00 2.38636e+00 4.70750e+01
-1.47514e+00 2.44985e+00 4.42969e+01
-1.53647e+00 2.51353e+00 4.16590e+01
-1.59921e+00 2.57742e+00 3.91551e+01
-1.66336e+00 2.64153e+00 3.67800e+01
-1.72894e+00 2.70589e+00 3.45286e+01
-1.79595e+00 2.77052e+00 3.23962e+01
-1.86440e+00 2.83543e+00 3.03788e+01
-1.93431e+00 2.90064e+00 2.84725e+01
-2.00570e+00 2.96616e+00 2.66738e+01
-2.07858e+00 3.03202e+00 2.49794e+01
-2.15296e+00 3.09824e+00 2.33865e+01
-2.22886e+00 3.16483e+00 2.18924e+01
-2.30630e+00 3.23181e+00 2.04948e+01
-2.38529e+00 3.29920e+00 1.91915e+01
-2.46585e+00 3.36702e+00 1.79806e+01
-2.54801e+00 3.43529e+00 1.68605e+01
-2.63179e+00 3.50403e+00 1.58299e+01
-2.71719e+00 3.57325e+00 1.48874e+01
-2.80426e+00 3.64299e+00 1.40322e+01
-2.89301e+00 3.71325e+00 1.32634e+01
-2.98346e+00 3.78405e+00 1.25806e+01
-3.07564e+00 3.85543e+00 1.19834e+01
-3.16958e+00 3.92739e+00 1.14718e+01
-3.26531e+00 3.99996e+00 1.10459e+01
-3.33449e-01 8.22149e-01 1.89921e+02
-3.57099e-01 8.87913e-01 1.78740e+02
-3.82177e-01 9.53306e-01 1.68426e+02
-4.08668e-01 1.01835e+00 1.58867e+02
-4.36561e-01 1.08308e+00 1.49972e+02
-4.65843e-01 1.14752e+00 1.41667e+02
-4.96505e-01 1.21169e+00 1.33892e+02
-5.28538e-01 1.27561e+00 1.26594e+02
-5.61934e-01 1.33930e+00 1.19730e+02
-5.96685e-01 1.40280e+00 1.13263e+02
-6.32784e-01 1.46612e+00 1.07160e+02
-6.70228e-01 1.52928e+00 1.01393e+02
-7.09012e-01 1.59230e+00 9.59377e+01
-7.49131e-01 1.65521e+00 9.07710e+01
-7.90584e-01 1.71803e+00 8.58738e+01
-8.33369e-01 1.78077e+00 8.12284e+01
-8.77484e-01 1.84345e+00 7.68192e+01
-9.22930e-01 1.90610e+00 7.26318e+01
-9.69707e-01 1.96873e+00 6.86535e+01
-1.01782e+00 2.03137e+00 6.48724e+01
-1.06726e+00 2.09402e+00 6.12780e+01
-1.11804e+00 2.15672e+00 5.78603e+01
-1.17017e+00 2.21947e+00 5.46105e+01
-1.22364e+00 2.28229e+00 5.15203e+01
-1.27846e+00 2.34521e+00 4.85822e+01
-1.33464e+00 2.40824e+00 4.57893e+01
-1.39218e+00 2.47140e+00 4.31350e+01
-1.45110e+00 2.53471e+00 4.06136e+01
-1.51139e+00 2.59818e+00 3.82194e+01
-1.57307e+00 2.66183e+00 3.59475e+01
-1.63615e+00 2.72568e+00 3.37931e+01
-1.70064e+00 2.78974e+00 3.17519e+01
-1.76655e+00 2.85404e+00 2.98200e+01
-1.83389e+00 2.91859e+00 2.79935e+01
-1.90268e+00 2.98341e+00 2.62690e+01
-1.97292e+00 3.04851e+00 2.46435e+01
-2.04463e+00 3.11391e+00 2.31139e+01
-2.11783e+00 3.17964e+00 2.16776e+01
-2.19254e+00 3.24571e+00 2.03321e+01
-2.26876e+00 3.31213e+00 1.90752e+01
-2.34651e+00 3.37892e+00 1.79048e+01
-2.42583e+00 3.44611e+00 1.68190e+01
-2.50671e+00 3.51371e+00 1.58161e+01
-2.58919e+00 3.58173e+00 1.48946e+01
-2.67328e+00 3.65021e+00 1.40532e+01
-2.75900e+00 3.71915e+00 1.32907e+01
-2.84638e+00 3.78858e+00 1.26061e+01
-2.93545e+00 3.85851e+00 1.19985e+01
-3.02621e+00 3.92896e+00 1.14672e+01
-3.11871e+00 3.99997e+00 1.10117e+01
-3.07761e-01 8.38889e-01 1.75310e+02
-3.29382e-01 9.05112e-01 1.65777e+02
-3.52405e-01 9.70944e-01 1.56848e+02
-3.76817e-01 1.03641e+00 1.48465e+02
-4.02605e-01 1.10154e+00 1.40579e+02
-4.29758e-01 1.16634e+00 1.33148e+02
-4.58266e-01 1.23086e+00 1.26134e+02
-4.88122e-01 1.29510e+00 1.19506e+02
-5.19315e-01 1.35909e+00 1.13236e+02
-5.51840e-01 1.42286e+00 1.07298e+02
-5.85691e-01 1.48642e+00 1.01669e+02
-6.20861e-01 1.54979e+00 9.63303e+01
-6.57346e-01 1.61300e+00 9.12624e+01
-6.95143e-01 1.67606e+00 8.64489e+01
-7.34249e-01 1.73900e+00 8.18750e+01
-7.74661e-01 1.80183e+00 7.75267e+01
-8.16379e-01 1.86458e+00 7.33915e+01
-8.59402e-01 1.92725e+00 6.94577e+01
-9.03729e-01 1.98988e+00 6.57149e+01
-9.49362e-01 2.05247e+00 6.21531e+01
-9.96303e-01 2.11505e+00 5.87634e+01
-1.04455e+00 2.17763e+00 5.55373e+01
-1.09412e+00 2.24023e+00 5.24671e+01
-1.14500e+00 2.30287e+00 4.95456e+01
-1.19720e+00 2.36557e+00 4.67661e+01
-1.25073e+00 2.42833e+00 4.41225e+01
-1.30558e+00 2.49119e+00 4.16089e+01
-1.36178e+00 2.55415e+00 3.92199e+01
-1.41933e+00 2.61724e+00 3.69507e+01
-1.47822e+00 2.68046e+00 3.47964e+01
-1.53848e+00 2.74385e+00 3.27528e+01
-1.60011e+00 2.80740e+00 3.08158e+01
-1.66313e+00 2.87114e+00 2.89815e+01
-1.72753e+00 2.93509e+00 2.72465e+01
-1.79334e+00 2.99926e+00 2.56074e+01
-1.86056e+00 3.06367e+00 2.40612e+01
-1.92921e+00 3.12834e+00 2.26050e+01
-1.99931e+00 3.19328e+00 2.12362e+01
-2.07086e+00 3.25850e+00 1.99521e+01
-2.14388e+00 3.32403e+00 1.87506e+01
-2.21838e+00 3.38989e+00 1.76295e+01
-2.29439e+00 3.45608e+00 1.65868e+01
-2.37192e+00 3.52264e+00 1.56206e+01
-2.45099e+00 3.58956e+00 1.47293e+01
-2.53161e+00 3.65688e+00 1.39113e+01
-2.61381e+00 3.72461e+00 1.31651e+01
-2.69760e+00 3.79276e+00 1.24895e+01
-2.78302e+00 3.86136e+00 1.18833e+01
-2.87007e+00 3.93042e+00 1.13455e+01
-2.95878e+00 3.99997e+00 1.08750e+01
-2.81926e-01 8.55161e-01 1.60083e+02
-3.01553e-01 9.21695e-01 1.52101e+02
-3.22541e-01 9.87827e-01 1.44497e+02
-3.44876e-01 1.05358e+00 1.37257e+02
-3.68549e-01 1.11898e+00 1.30364e+02
-3.93548e-01 1.18405e+00 1.23803e+02
-4.19864e-01 1.24881e+00 1.17557e+02
-4.47489e-01 1.31328e+00 1.11612e+02
-4.76416e-01 1.37749e+00 1.05952e+02
-5.06636e-01 1.44144e+00 1.00563e+02
-5.38144e-01 1.50518e+00 9.54318e+01
-5.70935e-01 1.56870e+00 9.05444e+01
-6.05005e-01 1.63204e+00 8.58890e+01
-6.40349e-01 1.69521e+00 8.14540e+01
-6.76964e-01 1.75823e+00 7.72286e+01
-7.14849e-01 1.82112e+00 7.32026e+01
-7.54002e-01 1.88389e+00 6.93663e+01
-7.94421e-01 1.94657e+00 6.57107e+01
-8.36107e-01 2.00917e+00 6.22272e+01
-8.79061e-01 2.07171e+00 5.89080e+01
-9.23282e-01 2.13421e+00 5.57456e+01
-9.68774e-01 2.19668e+00 5.27329e+01
-1.01554e+00 2.25914e+00 4.98634e+01
-1.06358e+00 2.32161e+00 4.71308e+01
-1.11290e+00 2.38410e+00 4.45294e+01
-1.16350e+00 2.44663e+00 4.20537e+01
-1.21539e+00 2.50921e+00 3.96986e+01
-1.26858e+00 2.57186e+00 3.74592e+01
-1.32306e+00 2.63460e+00 3.53311e+01
-1.37885e+00 2.69744e+00 3.33100e+01
-1.43596e+00 2.76040e+00 3.13918e+01
-1.49439e+00 2.82349e+00 2.95729e+01
-1.55416e+00 2.88674e+00 2.78497e+01
-1.61526e+00 2.95014e+00 2.62188e+01
-1.67772e+00 3.01373e+00 2.46772e+01
-1.74154e+00 3.07751e+00 2.32219e+01
-1.80673e+00 3.14151e+00 2.18501e+01
-1.87330e+00 3.20573e+00 2.05593e+01
-1.94128e+00 3.27020e+00 1.93469e+01
-2.01066e+00 3.33493e+00 1.82108e+01
-2.08147e+00 3.39993e+00 1.71488e+01
-2.15372e+00 3.46522e+00 1.61588e+01
-2.22742e+00 3.53081e+00 1.52390e+01
-2.30260e+00 3.59674e+00 1.43875e+01
-2.37926e+00 3.66300e+00 1.36028e+01
-2.45743e+00 3.72961e+00 1.28833e+01
-2.53712e+00 3.79660e+00 1.22275e+01
-2.61836e+00 3.86398e+00 1.16342e+01
-2.70115e+00 3.93176e+00 1.11020e+01
-2.78553e+00 3.99997e+00 1.06298e+01
-2.55990e-01 8.70949e-01 1.44289e+02
-2.73657e-01 9.37648e-01 1.37752e+02
-2.92628e-01 1.00394e+00 1.31403e+02
-3.12893e-01 1.06986e+00 1.25262e+02
-3.34441e-01 1.13542e+00 1.19338e+02
-3.57262e-01 1.20064e+00 1.13637e+02
-3.81349e-01 1.26555e+00 1.08160e+02
-4.06692e-01 1.33015e+00 1.02905e+02
-4.33286e-01 1.39449e+00 9.78687e+01
-4.61123e-01 1.45856e+00 9.30460e+01
-4.90197e-01 1.52240e+00 8.84310e+01
-5.20505e-01 1.58601e+00 8.40172e+01
-5.52041e-01 1.64942e+00 7.97977e+01
-5.84802e-01 1.71265e+00 7.57655e+01
-6.18784e-01 1.77571e+00 7.19135e+01
-6.53986e-01 1.83862e+00 6.82347e+01
-6.90406e-01 1.90140e+00 6.47222e+01
-7.28043e-01 1.96407e+00 6.13693e+01
-7.66896e-01 2.02663e+00 5.81695e+01
-8.06965e-01 2.08911e+00 5.51167e+01
-8.48251e-01 2.15152e+00 5.22047e+01
-8.90756e-01 2.21388e+00 4.94279e+01
-9.34481e-01 2.27621e+00 4.67808e+01
-9.79428e-01 2.33851e+00 4.42581e+01
-1.02560e+00 2.40081e+00 4.18550e+01
-1.07301e+00 2.46312e+00 3.95666e+01
-1.12164e+00 2.52546e+00 3.73886e+01
-1.17152e+00 2.58783e+00 3.53166e+01
-1.22264e+00 2.65026e+00 3.33467e+01
-1.27501e+00 2.71276e+00 3.14749e+01
-1.32863e+00 2.77534e+00 2.96978e+01
-1.38352e+00 2.83802e+00 2.80118e+01
-1.43968e+00 2.90082e+00 2.64137e+01
-1.49711e+00 2.96374e+00 2.49004e+01
-1.55584e+00 3.02681e+00 2.34691e+01
-1.61586e+00 3.09003e+00 2.21170e+01
-1.67719e+00 3.15343e+00 2.08414e+01
-1.73984e+00 3.21701e+00 1.96400e+01
-1.80381e+00 3.28080e+00 1.85103e+01
-1.86912e+00 3.34480e+00 1.74502e+01
-1.93579e+00 3.40903e+00 1.64576e+01
-2.00382e+00 3.47351e+00 1.55306e+01
-2.07323e+00 3.53825e+00 1.46672e+01
-2.14403e+00 3.60326e+00 1.38658e+01
-2.21624e+00 3.66856e+00 1.31246e+01
-2.28987e+00 3.73417e+00 1.24420e+01
-2.36494e+00 3.80010e+00 1.18167e+01
-2.44147e+00 3.86636e+00 1.12473e+01
-2.51947e+00 3.93298e+00 1.07323e+01
-2.59895e+00 3.99997e+00 1.02706e+01
-2.29997e-01 8.86239e-01 1.27969e+02
-2.45738e-01 9.52961e-01 1.22761e+02
-2.62713e-01 1.01929e+00 1.17591e+02
-2.80912e-01 1.08524e+00 1.12497e+02
-3.00327e-01 1.15085e+00 1.07512e+02
-3.20948e-01 1.21611e+00 1.02655e+02
-3.42768e-01 1.28106e+00 9.79409e+01
-3.65780e-01 1.34572e+00 9.33796e+01
-3.89977e-01 1.41009e+00 8.89767e+01
-4.15353e-01 1.47421e+00 8.47348e+01
-4.41903e-01 1.53808e+00 8.06546e+01
-4.69624e-01 1.60172e+00 7.67351e+01
-4.98509e-01 1.66516e+00 7.29741e+01
-5.28557e-01 1.72840e+00 6.93684e+01
-5.59764e-01 1.79146e+00 6.59142e+01
-5.92129e-01 1.85436e+00 6.26076e+01
-6.25648e-01 1.91712e+00 5.94439e+01
-6.60322e-01 1.97974e+00 5.64187e+01
-6.96149e-01 2.04225e+00 5.35273e+01
-7.33130e-01 2.10466e+00 5.07650e+01
-7.71264e-01 2.16698e+00 4.81271e+01
-8.10554e-01 2.22923e+00 4.56092e+01
-8.50999e-01 2.29143e+00 4.32068e+01
-8.92602e-01 2.35359e+00 4.09157e+01
-9.35366e-01 2.41571e+00 3.87316e+01
-9.79294e-01 2.47782e+00 3.66506e+01
-1.02439e+00 2.53994e+00 3.46688e+01
-1.07065e+00 2.60206e+00 3.27826e+01
-1.11809e+00 2.66422e+00 3.09884e+01
-1.16672e+00 2.72642e+00 2.92828e+01
-1.21652e+00 2.78867e+00 2.76627e+01
-1.26752e+00 2.85099e+00 2.61249e+01
-1.31972e+00 2.91339e+00 2.46666e+01
-1.37312e+00 2.97589e+00 2.32849e+01
-1.42773e+00 3.03850e+00 2.19772e+01
-1.48357e+00 3.10123e+00 2.07410e+01
-1.54063e+00 3.16410e+00 1.95739e+01
-1.59893e+00 3.22712e+00 1.84737e+01
-1.65848e+00 3.29030e+00 1.74380e+01
-1.71928e+00 3.35366e+00 1.64650e+01
-1.78136e+00 3.41720e+00 1.55526e+01
-1.84471e+00 3.48096e+00 1.46990e+01
-1.90935e+00 3.54493e+00 1.39025e+01
-1.97529e+00 3.60913e+00 1.31613e+01
-2.04255e+00 3.67357e+00 1.24738e+01
-2.11114e+00 3.73828e+00 1.18387e+01
-2.18107e+00 3.80326e+00 1.12543e+01
-2.25235e+00 3.86852e+00 1.07195e+01
-2.32500e+00 3.93409e+00 1.02328e+01
-2.39905e+00 3.99997e+00 9.79312e+00
-2.03988e-01 9.01017e-01 1.11152e+02
-2.17839e-01 9.67624e-01 1.07156e+02
-2.32839e-01 1.03385e+00 1.03079e+02
-2.48979e-01 1.09973e+00 9.89770e+01
-2.66253e-01 1.16526e+00 9.48932e+01
-2.84652e-01 1.23047e+00 9.08596e+01
-3.04170e-01 1.29537e+00 8.69005e+01
-3.24800e-01 1.35998e+00 8.30336e+01
-3.46538e-01 1.42432e+00 7.92718e+01
-3.69378e-01 1.48840e+00 7.56238e+01
-3.93314e-01 1.55224e+00 7.20956e+01
-4.18344e-01 1.61585e+00 6.86904e+01
-4.44464e-01 1.67925e+00 6.54100e+01
-4.71670e-01 1.74246e+00 6.22544e+01
-4.99960e-01 1.80548e+00 5.92228e+01
-5.29332e-01 1.86833e+00 5.63134e+01
-5.59785e-01 1.93104e+00 5.35240e+01
-5.91316e-01 1.99360e+00 5.08518e+01
-6.23925e-01 2.05604e+00 4.82937e+01
-6.57613e-01 2.11837e+00 4.58466e+01
-6.92378e-01 2.18060e+00 4.35069e+01
-7.28223e-01 2.24274e+00 4.12713e+01
-7.65147e-01 2.30482e+00 3.91364e+01
-8.03153e-01 2.36683e+00 3.70986e+01
-8.42241e-01 2.42880e+00 3.51547e+01
-8.82416e-01 2.49074e+00 3.33013e+01
-9.23678e-01 2.55266e+00 3.15353e+01
-9.66032e-01 2.61457e+00 2.98534e+01
-1.00948e+00 2.67649e+00 2.82528e+01
-1.05403e+00 2.73842e+00 2.67304e+01
-1.09968e+00 2.80039e+00 2.52835e+01
-1.14644e+00 2.86240e+00 2.39095e+01
-1.19432e+00 2.92446e+00 2.26057e+01
-1.24331e+00 2.98659e+00 2.13697e+01
-1.29343e+00 3.04881e+00 2.01992e+01
-1.34468e+00 3.11111e+00 1.90919e+01
-1.39707e+00 3.17352e+00 1.80457e+01
-1.45061e+00 3.23605e+00 1.70585e+01
-1.50530e+00 3.29870e+00 1.61285e+01
-1.56116e+00 3.36150e+00 1.52536e+01
-1.61818e+00 3.42445e+00 1.44323e+01
-1.67639e+00 3.48756e+00 1.36627e+01
-1.73579e+00 3.55086e+00 1.29434e+01
-1.79639e+00 3.61435e+00 1.22727e+01
-1.85820e+00 3.67803e+00 1.16492e+01
-1.92123e+00 3.74194e+00 1.10715e+01
-1.98549e+00 3.80607e+00 1.05383e+01
-2.05100e+00 3.87045e+00 1.00484e+01
-2.11777e+00 3.93507e+00 9.60058e+00
-2.18581e+00 3.99997e+00 9.19366e+00
-1.78007e-01 9.15273e-01 9.38622e+01
-1.90002e-01 9.81632e-01 9.09533e+01
-2.03047e-01 1.04764e+00 8.78821e+01
-2.17136e-01 1.11331e+00 8.47110e+01
-2.32262e-01 1.17866e+00 8.14894e+01
-2.48419e-01 1.24371e+00 7.82561e+01
-2.65600e-01 1.30846e+00 7.50412e+01
-2.83802e-01 1.37294e+00 7.18680e+01
-3.03019e-01 1.43716e+00 6.87540e+01
-3.23247e-01 1.50114e+00 6.57126e+01
-3.44482e-01 1.56488e+00 6.27531e+01
-3.66720e-01 1.62840e+00 5.98825e+01
-3.89959e-01 1.69171e+00 5.71051e+01
-4.14196e-01 1.75484e+00 5.44237e+01
-4.39428e-01 1.81778e+00 5.18397e+01
-4.65654e-01 1.88055e+00 4.93532e+01
-4.92873e-01 1.94318e+00 4.69639e+01
-5.21082e-01 2.00566e+00 4.46704e+01
-5.50281e-01 2.06801e+00 4.24711e+01
-5.80471e-01 2.13024e+00 4.03640e+01
-6.11651e-01 2.19238e+00 3.83468e+01
-6.43820e-01 2.25441e+00 3.64172e+01
-6.76981e-01 2.31637e+00 3.45725e+01
-7.11134e-01 2.37826e+00 3.28101e+01
-7.46281e-01 2.44009e+00 3.11275e+01
-7.82423e-01 2.50187e+00 2.95220e+01
-8.19562e-01 2.56362e+00 2.79910e+01
-8.57702e-01 2.62535e+00 2.65321e+01
-8.96844e-01 2.68706e+00 2.51427e+01
-9.36993e-01 2.74877e+00 2.38204e+01
-9.78150e-01 2.81050e+00 2.25628e+01
-1.02032e+00 2.87225e+00 2.13679e+01
-1.06351e+00 2.93402e+00 2.02333e+01
-1.10772e+00 2.99585e+00 1.91570e+01
-1.15296e+00 3.05773e+00 1.81370e+01
-1.19923e+00 3.11967e+00 1.71714e+01
-1.24654e+00 3.18169e+00 1.62583e+01
-1.29489e+00 3.24380e+00 1.53960e+01
-1.34430e+00 3.30601e+00 1.45829e+01
-1.39476e+00 3.36832e+00 1.38173e+01
-1.44628e+00 3.43076e+00 1.30976e+01
-1.49888e+00 3.49333e+00 1.24225e+01
-1.55256e+00 3.55604e+00 1.17905e+01
-1.60732e+00 3.61891e+00 1.12003e+01
-1.66318e+00 3.68194e+00 1.06506e+01
-1.72015e+00 3.74515e+00 1.01402e+01
-1.77823e+00 3.80855e+00 9.66807e+00
-1.83743e+00 3.87214e+00 9.23296e+00
-1.89777e+00 3.93594e+00 8.83388e+00
-1.95925e+00 3.99997e+00 8.46981e+00
-1.52092e-01 9.29000e-01 7.61138e+01
-1.62267e-01 9.94979e-01 7.41670e+01
-1.73380e-01 1.06064e+00 7.20109e+01
-1.85425e-01 1.12599e+00 6.97074e+01
-1.98397e-01 1.19106e+00 6.73066e+01
-2.12292e-01 1.25584e+00 6.48493e+01
-2.27105e-01 1.32036e+00 6.23677e+01
-2.42831e-01 1.38462e+00 5.98875e+01
-2.59468e-01 1.44864e+00 5.74288e+01
-2.77011e-01 1.51244e+00 5.50071e+01
-2.95457e-01 1.57601e+00 5.26343e+01
-3.14804e-01 1.63938e+00 5.03192e+01
-3.35049e-01 1.70256e+00 4.80683e+01
-3.56190e-01 1.76555e+00 4.58860e+01
-3.78225e-01 1.82837e+00 4.37754e+01
-4.01152e-01 1.89103e+00 4.17382e+01
-4.24970e-01 1.95355e+00 3.97752e+01
-4.49679e-01 2.01592e+00 3.78865e+01
-4.75277e-01 2.07817e+00 3.60717e+01
-5.01764e-01 2.14030e+00 3.43298e+01
-5.29140e-01 2.20233e+00 3.26594e+01
-5.57405e-01 2.26426e+00 3.10592e+01
-5.86559e-01 2.32610e+00 2.95274e+01
-6.16605e-01 2.38787e+00 2.80621e+01
-6.47541e-01 2.44958e+00 2.66616e+01
-6.79370e-01 2.51123e+00 2.53238e+01
-7.12094e-01 2.57283e+00 2.40468e+01
-7.45714e-01 2.63440e+00 2.28288e+01
-7.80232e-01 2.69595e+00 2.16678e+01
-8.15651e-01 2.75748e+00 2.05619e+01
-8.51973e-01 2.81901e+00 1.95093e+01
-8.89202e-01 2.88054e+00 1.85082e+01
-9.27340e-01 2.94209e+00 1.75568e+01
-9.66392e-01 3.00366e+00 1.66537e+01
-1.00636e+00 3.06526e+00 1.57970e+01
-1.04725e+00 3.12691e+00 1.49853e+01
-1.08906e+00 3.18861e+00 1.42172e+01
-1.13181e+00 3.25038e+00 1.34911e+01
-1.17549e+00 3.31221e+00 1.28058e+01
-1.22011e+00 3.37413e+00 1.21598e+01
-1.26567e+00 3.43614e+00 1.15521e+01
-1.31219e+00 3.49826e+00 1.09813e+01
-1.35967e+00 3.56048e+00 1.04464e+01
-1.40810e+00 3.62282e+00 9.94627e+00
-1.45751e+00 3.68530e+00 9.47984e+00
-1.50790e+00 3.74791e+00 9.04615e+00
-1.55927e+00 3.81068e+00 8.64425e+00
-1.61163e+00 3.87360e+00 8.27323e+00
-1.66499e+00 3.93670e+00 7.93222e+00
-1.71936e+00 3.99997e+00 7.62042e+00
-1.26282e-01 9.42190e-01 5.79139e+01
-1.34672e-01 1.00766e+00 5.68027e+01
-1.43874e-01 1.07286e+00 5.54704e+01
-1.53885e-01 1.13779e+00 5.39712e+01
-1.64699e-01 1.20246e+00 5.23505e+01
-1.76314e-01 1.26688e+00 5.06459e+01
-1.88727e-01 1.33107e+00 4.88881e+01
-2.01933e-01 1.39503e+00 4.71021e+01
-2.15931e-01 1.45877e+00 4.53078e+01
-2.30718e-01 1.52231e+00 4.35213e+01
-2.46291e-01 1.58566e+00 4.17548e+01
-2.62648e-01 1.64882e+00 4.00181e+01
-2.79787e-01 1.71180e+00 3.83186e+01
-2.97707e-01 1.77462e+00 3.66617e+01
-3.16405e-01 1.83728e+00 3.50514e+01
-3.35882e-01 1.89979e+00 3.34905e+01
-3.56136e-01 1.96216e+00 3.19809e+01
-3.77165e-01 2.02441e+00 3.05235e+01
-3.98970e-01 2.08654e+00 2.91190e+01
-4.21550e-01 2.14855e+00 2.77671e+01
-4.44905e-01 2.21046e+00 2.64677e+01
-4.69035e-01 2.27229e+00 2.52199e+01
-4.93941e-01 2.33402e+00 2.40230e+01
-5.19622e-01 2.39568e+00 2.28758e+01
-5.46079e-01 2.45728e+00 2.17773e+01
-5.73314e-01 2.51881e+00 2.07262e+01
-6.01328e-01 2.58030e+00 1.97213e+01
-6.30121e-01 2.64175e+00 1.87613e+01
-6.59696e-01 2.70316e+00 1.78449e+01
-6.90054e-01 2.76455e+00 1.69707e+01
-7.21197e-01 2.82592e+00 1.61376e+01
-7.53127e-01 2.88729e+00 1.53442e+01
-7.85846e-01 2.94865e+00 1.45893e+01
-8.19357e-01 3.01003e+00 1.38717e+01
-8.53664e-01 3.07142e+00 1.31904e+01
-8.88768e-01 3.13284e+00 1.25440e+01
-9.24673e-01 3.19429e+00 1.19317e+01
-9.61382e-01 3.25578e+00 1.13523e+01
-9.98899e-01 3.31733e+00 1.08049e+01
-1.03723e+00 3.37893e+00 1.02885e+01
-1.07637e+00 3.44060e+00 9.80217e+00
-1.11634e+00 3.50234e+00 9.34504e+00
-1.15713e+00 3.56417e+00 8.91627e+00
-1.19874e+00 3.62609e+00 8.51505e+00
-1.24120e+00 3.68810e+00 8.14063e+00
-1.28449e+00 3.75023e+00 7.79225e+00
-1.32862e+00 3.81247e+00 7.46923e+00
-1.37361e+00 3.87483e+00 7.17088e+00
-1.41945e+00 3.93733e+00 6.89656e+00
-1.46615e+00 3.99997e+00 6.64565e+00
-1.00613e-01 9.54839e-01 3.92620e+01
-1.07254e-01 1.01969e+00 3.88606e+01
-1.14568e-01 1.08430e+00 3.82618e+01
-1.22554e-01 1.14869e+00 3.75055e+01
-1.31207e-01 1.21287e+00 3.66265e+01
-1.40526e-01 1.27683e+00 3.56545e+01
-1.50509e-01 1.34060e+00 3.46145e+01
-1.61152e-01 1.40417e+00 3.35274e+01
-1.72455e-01 1.46756e+00 3.24104e+01
-1.84416e-01 1.53078e+00 3.12775e+01
-1.97032e-01 1.59383e+00 3.01401e+01
-2.10303e-01 1.65672e+00 2.90073e+01
-2.24226e-01 1.71946e+00 2.78863e+01
-2.38801e-01 1.78205e+00 2.67827e+01
-2.54027e-01 1.84451e+00 2.57010e+01
-2.69903e-01 1.90684e+00 2.46445e+01
-2.86428e-01 1.96904e+00 2.36156e+01
-3.03601e-01 2.03113e+00 2.26162e+01
-3.21422e-01 2.09312e+00 2.16475e+01
-3.39892e-01 2.15501e+00 2.07103e+01
-3.59008e-01 2.21680e+00 1.98051e+01
-3.78773e-01 2.27851e+00 1.89320e+01
-3.99185e-01 2.34014e+00 1.80910e+01
-4.20246e-01 2.40171e+00 1.72818e+01
-4.41955e-01 2.46320e+00 1.65041e+01
-4.64313e-01 2.52464e+00 1.57574e+01
-4.87321e-01 2.58603e+00 1.50412e+01
-5.10979e-01 2.64738e+00 1.43548e+01
-5.35289e-01 2.70870e+00 1.36977e+01
-5.60252e-01 2.76998e+00 1.30693e+01
-5.85869e-01 2.83124e+00 1.24688e+01
-6.12142e-01 2.89249e+00 1.18955e+01
-6.39071e-01 2.95372e+00 1.13489e+01
-6.66660e-01 3.01496e+00 1.08282e+01
-6.94908e-01 3.07620e+00 1.03328e+01
-7.23820e-01 3.13745e+00 9.86202e+00
-7.53396e-01 3.19872e+00 9.41532e+00
-7.83639e-01 3.26002e+00 8.99205e+00
-8.14552e-01 3.32135e+00 8.59163e+00
-8.46137e-01 3.38271e+00 8.21349e+00
-8.78396e-01 3.44412e+00 7.85710e+00
-9.11332e-01 3.50559e+00 7.52191e+00
-9.44950e-01 3.56711e+00 7.20743e+00
-9.79250e-01 3.62870e+00 6.91317e+00
-1.01424e+00 3.69036e+00 6.63866e+00
-1.04992e+00 3.75209e+00 6.38344e+00
-1.08629e+00 3.81392e+00 6.14709e+00
-1.12336e+00 3.87583e+00 5.92919e+00
-1.16113e+00 3.93785e+00 5.72934e+00
-1.19960e+00 3.99997e+00 5.54716e+00
-7.51198e-02 9.66944e-01 2.01505e+01
-8.00471e-02 1.03105e+00 2.03349e+01
-8.54971e-02 1.09497e+00 2.03822e+01
-9.14680e-02 1.15872e+00 2.03114e+01
-9.79582e-02 1.22230e+00 2.01407e+01
-1.04966e-01 1.28572e+00 1.98865e+01
-1.12491e-01 1.34897e+00 1.95639e+01
-1.20531e-01 1.41208e+00 1.91859e+01
-1.29084e-01 1.47504e+00 1.87640e+01
-1.38151e-01 1.53786e+00 1.83080e+01
-1.47729e-01 1.60055e+00 1.78264e+01
-1.57819e-01 1.66311e+00 1.73263e+01
-1.68418e-01 1.72555e+00 1.68136e+01
-1.79527e-01 1.78787e+00 1.62934e+01
-1.91145e-01 1.85009e+00 1.57699e+01
-2.03271e-01 1.91219e+00 1.52466e+01
-2.15905e-01 1.97420e+00 1.47262e+01
-2.29046e-01 2.03612e+00 1.42112e+01
-2.42694e-01 2.09794e+00 1.37035e+01
-2.56849e-01 2.15969e+00 1.32046e+01
-2.71511e-01 2.22135e+00 1.27159e+01
-2.86680e-01 2.28295e+00 1.22383e+01
-3.02355e-01 2.34448e+00 1.17727e+01
-3.18538e-01 2.40595e+00 1.13197e+01
-3.35228e-01 2.46736e+00 1.08797e+01
-3.52425e-01 2.52872e+00 1.04532e+01
-3.70130e-01 2.59004e+00 1.00405e+01
-3.88343e-01 2.65132e+00 9.64162e+00
-4.07066e-01 2.71257e+00 9.25683e+00
-4.26298e-01 2.77378e+00 8.88617e+00
-4.46041e-01 2.83497e+00 8.52966e+00
-4.66295e-01 2.89615e+00 8.18728e+00
-4.87060e-01 2.95731e+00 7.85899e+00
-5.08340e-01 3.01846e+00 7.54474e+00
-5.30133e-01 3.07961e+00 7.24442e+00
-5.52441e-01 3.14076e+00 6.95795e+00
-5.75267e-01 3.20191e+00 6.68520e+00
-5.98610e-01 3.26308e+00 6.42606e+00
-6.22473e-01 3.32427e+00 6.18040e+00
-6.46856e-01 3.38548e+00 5.94807e+00
-6.71762e-01 3.44672e+00 5.72896e+00
-6.97192e-01 3.50799e+00 5.52291e+00
-7.23148e-01 3.56930e+00 5.32978e+00
-7.49632e-01 3.63066e+00 5.14944e+00
-7.76646e-01 3.69206e+00 4.98174e+00
-8.04191e-01 3.75351e+00 4.82654e+00
-8.32270e-01 3.81503e+00 4.68371e+00
-8.60886e-01 3.87660e+00 4.55311e+00
-8.90040e-01 3.93825e+00 4.43461e+00
-9.19734e-01 3.99997e+00 4.32807e+00
-4.98352e-02 9.78505e-01 5.64848e-01
-5.30847e-02 1.04176e+00 1.21389e+00
-5.66938e-02 1.10488e+00 1.82475e+00
-6.06619e-02 1.16789e+00 2.38851e+00
-6.49881e-02 1.23077e+00 2.89998e+00
-6.96717e-02 1.29355e+00 3.35681e+00
-7.47121e-02 1.35621e+00 3.75886e+00
-8.01087e-02 1.41877e+00 4.10755e+00
-8.58609e-02 1.48122e+00 4.40534e+00
-9.19682e-02 1.54358e+00 4.65539e+00
-9.84300e-02 1.60584e+00 4.86123e+00
-1.05246e-01 1.66802e+00 5.02656e+00
-1.12416e-01 1.73010e+00 5.15510e+00
-1.19939e-01 1.79211e+00 5.25048e+00
-1.27815e-01 1.85403e+00 5.31617e+00
-1.36045e-01 1.91588e+00 5.35543e+00
-1.44626e-01 1.97766e+00 5.37131e+00
-1.53560e-01 2.03937e+00 5.36664e+00
-1.62847e-01 2.10102e+00 5.34400e+00
-1.72485e-01 2.16261e+00 5.30578e+00
-1.82476e-01 2.22414e+00 5.25412e+00
-1.92819e-01 2.28562e+00 5.19099e+00
-2.03514e-01 2.34704e+00 5.11819e+00
-2.14561e-01 2.40843e+00 5.03732e+00
-2.25960e-01 2.46977e+00 4.94985e+00
-2.37711e-01 2.53107e+00 4.85710e+00
-2.49816e-01 2.59234e+00 4.76028e+00
-2.62273e-01 2.65357e+00 4.66046e+00
-2.75083e-01 2.71478e+00 4.55863e+00
-2.88246e-01 2.77596e+00 4.45566e+00
-3.01763e-01 2.83712e+00 4.35238e+00
-3.15634e-01 2.89827e+00 4.24949e+00
-3.29860e-01 2.95940e+00 4.14767e+00
-3.44441e-01 3.02052e+00 4.04750e+00
-3.59377e-01 3.08164e+00 3.94953e+00
-3.74669e-01 3.14275e+00 3.85425e+00
-3.90317e-01 3.20387e+00 3.76211e+00
-4.06323e-01 3.26498e+00 3.67352e+00
-4.22687e-01 3.32611e+00 3.58883e+00
-4.39409e-01 3.38724e+00 3.50839e+00
-4.56491e-01 3.44839e+00 3.43250e+00
-4.73932e-01 3.50956e+00 3.36145e+00
-4.91735e-01 3.57075e+00 3.29547e+00
-5.09899e-01 3.63196e+00 3.23481e+00
-5.28426e-01 3.69321e+00 3.17967e+00
-5.47317e-01 3.75448e+00 3.13025e+00
-5.66572e-01 3.81579e+00 3.08672e+00
-5.86193e-01 3.87714e+00 3.04924e+00
-6.06181e-01 3.93853e+00 3.01796e+00
-6.26537e-01 3.99997e+00 2.99301e+00
-2.47897e-02 9.89521e-01 -1.95172e+01
-2.63970e-02 1.05181e+00 -1.85200e+01
-2.81897e-02 1.11403e+00 -1.74209e+01
-3.01674e-02 1.17620e+00 -1.62646e+01
-3.23301e-02 1.23830e+00 -1.50869e+01
-3.46775e-02 1.30034e+00 -1.39156e+01
-3.72095e-02 1.36232e+00 -1.27713e+01
-3.99259e-02 1.42425e+00 -1.16691e+01
-4.28266e-02 1.48613e+00 -1.06188e+01
-4.59113e-02 1.54795e+00 -9.62665e+00
-4.91801e-02 1.60973e+00 -8.69607e+00
-5.26327e-02 1.67146e+00 -7.82815e+00
-5.62691e-02 1.73314e+00 -7.02243e+00
-6.00891e-02 1.79478e+00 -6.27732e+00
-6.40927e-02 1.85637e+00 -5.59043e+00
-6.82798e-02 1.91793e+00 -4.95889e+00
-7.26504e-02 1.97945e+00 -4.37954e+00
-7.72043e-02 2.04093e+00 -3.84905e+00
-8.19416e-02 2.10238e+00 -3.36408e+00
-8.68622e-02 2.16379e+00 -2.92132e+00
-9.19661e-02 2.22517e+00 -2.51756e+00
-9.72533e-02 2.28653e+00 -2.14971e+00
-1.02724e-01 2.34785e+00 -1.81485e+00
-1.08378e-01 2.40915e+00 -1.51021e+00
-1.14215e-01 2.47043e+00 -1.23321e+00
-1.20235e-01 2.53169e+00 -9.81404e-01
-1.26439e-01 2.59292e+00 -7.52539e-01
-1.32826e-01 2.65414e+00 -5.44507e-01
-1.39397e-01 2.71534e+00 -3.55354e-01
-1.46152e-01 2.77653e+00 -1.83268e-01
-1.53090e-01 2.83770e+00 -2.65712e-02
-1.60212e-01 2.89887e+00 1.16291e-01
-1.67518e-01 2.96002e+00 2.46758e-01
-1.75008e-01 3.02117e+00 3.66158e-01
-1.82682e-01 3.08231e+00 4.75725e-01
-1.90540e-01 3.14344e+00 5.76597e-01
-1.98583e-01 3.20458e+00 6.69831e-01
-2.06810e-01 3.26571e+00 7.56401e-01
-2.15222e-01 3.32685e+00 8.37214e-01
-2.23819e-01 3.38799e+00 9.13108e-01
-2.32602e-01 3.44914e+00 9.84862e-01
-2.41569e-01 3.51029e+00 1.05320e+00
-2.50723e-01 3.57145e+00 1.11878e+00
-2.60062e-01 3.63262e+00 1.18224e+00
-2.69587e-01 3.69380e+00 1.24415e+00
-2.79298e-01 3.75500e+00 1.30505e+00
-2.89196e-01 3.81622e+00 1.36544e+00
-2.99281e-01 3.87745e+00 1.42579e+00
-3.09553e-01 3.93870e+00 1.48653e+00
-3.20012e-01 3.99997e+00 1.54807e+00
-1.20711e-05 9.99995e-01 -4.01251e+01
-1.28496e-05 1.06122e+00 -3.88901e+01
-1.37214e-05 1.12244e+00 -3.73687e+01
-1.46866e-05 1.18367e+00 -3.56500e+01
-1.57451e-05 1.24489e+00 -3.38089e+01
-1.68969e-05 1.30612e+00 -3.19064e+01
-1.81422e-05 1.36734e+00 -2.99902e+01
-1.94807e-05 1.42857e+00 -2.80963e+01
-2.09127e-05 1.48979e+00 -2.62511e+01
-2.24379e-05 1.55101e+00 -2.44730e+01
-2.40565e-05 1.61224e+00 -2.27743e+01
-2.57685e-05 1.67346e+00 -2.11623e+01
-2.75738e-05 1.73469e+00 -1.96404e+01
-2.94725e-05 1.79591e+00 -1.82097e+01
-3.14645e-05 1.85713e+00 -1.68691e+01
-3.35499e-05 1.91836e+00 -1.56160e+01
-3.57286e-05 1.97958e+00 -1.44471e+01
-3.80007e-05 2.04081e+00 -1.33584e+01
-4.03661e-05 2.10203e+00 -1.23455e+01
-4.28249e-05 2.16325e+00 -1.14040e+01
-4.53770e-05 2.22448e+00 -1.05293e+01
-4.80225e-05 2.28570e+00 -9.71693e+00
-5.07613e-05 2.34693e+00 -8.96267e+00
-5.35934e-05 2.40815e+00 -8.26235e+00
-5.65190e-05 2.46937e+00 -7.61203e+00
-5.95378e-05 2.53060e+00 -7.00799e+00
-6.26501e-05 2.59182e+00 -6.44675e+00
-6.58556e-05 2.65305e+00 -5.92501e+00
-6.91545e-05 2.71427e+00 -5.43972e+00
-7.25468e-05 2.77549e+00 -4.98803e+00
-7.60324e-05 2.83672e+00 -4.56727e+00
-7.96114e-05 2.89794e+00 -4.17497e+00
-8.32837e-05 2.95916e+00 -3.80884e+00
-8.70494e-05 3.02039e+00 -3.46673e+00
-9.09084e-05 3.08161e+00 -3.14666e+00
-9.48608e-05 3.14284e+00 -2.84680e+00
-9.89065e-05 3.20406e+00 -2.56544e+00
-1.03046e-04 3.26528e+00 -2.30099e+00
-1.07278e-04 3.32651e+00 -2.05196e+00
-1.11604e-04 3.38773e+00 -1.81700e+00
-1.16023e-04 3.44896e+00 -1.59483e+00
-1.20535e-04 3.51018e+00 -1.38425e+00
-1.25141e-04 3.57140e+00 -1.18418e+00
-1.29840e-04 3.63263e+00 -9.93569e-01
-1.34633e-04 3.69385e+00 -8.11470e-01
-1.39519e-04 3.75507e+00 -6.36984e-01
-1.44498e-04 3.81630e+00 -4.69278e-01
-1.49571e-04 3.87752e+00 -3.07572e-01
-1.54737e-04 3.93875e+00 -1.51137e-01
-1.59996e-04 3.99997e+00 7.08532e-04
