-1.00000e+00 0.00000e+00 -9.08688e+00
-1.06122e+00 0.00000e+00 -1.00395e+01
-1.12245e+00 0.00000e+00 -1.06619e+01
-1.18367e+00 0.00000e+00 -1.10096e+01
-1.24490e+00 0.00000e+00 -1.11353e+01
-1.30612e+00 0.00000e+00 -1.10865e+01
-1.36734e+00 0.00000e+00 -1.09049e+01
-1.42857e+00 0.00000e+00 -1.06257e+01
-1.48979e+00 0.00000e+00 -1.02779e+01
-1.55101e+00 0.00000e+00 -9.88491e+00
-1.61224e+00 0.00000e+00 -9.46528e+00
-1.67346e+00 0.00000e+00 -9.03327e+00
-1.73469e+00 0.00000e+00 -8.59962e+00
-1.79591e+00 0.00000e+00 -8.17220e+00
-1.85713e+00 0.00000e+00 -7.75656e+00
-1.91836e+00 0.00000e+00 -7.35639e+00
-1.97958e+00 0.00000e+00 -6.97395e+00
-2.04081e+00 0.00000e+00 -6.61039e+00
-2.10203e+00 0.00000e+00 -6.26601e+00
-2.16325e+00 0.00000e+00 -5.94045e+00
-2.22448e+00 0.00000e+00 -5.63293e+00
-2.28570e+00 0.00000e+00 -5.34231e+00
-2.34693e+00 0.00000e+00 -5.06721e+00
-2.40815e+00 0.00000e+00 -4.80612e+00
-2.46937e+00 0.00000e+00 -4.55744e+00
-2.53060e+00 0.00000e+00 -3.65883e+00
-2.59182e+00 0.00000e+00 -3.73074e+00
-2.65304e+00 0.00000e+00 -3.75594e+00
-2.71427e+00 0.00000e+00 -3.74118e+00
-2.77549e+00 0.00000e+00 -3.69225e+00
-2.83672e+00 0.00000e+00 -3.61414e+00
-2.89794e+00 0.00000e+00 -3.51117e+00
-2.95916e+00 0.00000e+00 -3.38708e+00
-3.02039e+00 0.00000e+00 -3.24507e+00
-3.08161e+00 0.00000e+00 -3.08795e+00
-3.14284e+00 0.00000e+00 -2.91813e+00
-3.20406e+00 0.00000e+00 -2.73769e+00
-3.26528e+00 0.00000e+00 -2.54845e+00
-3.32651e+00 0.00000e+00 -2.35200e+00
-3.38773e+00 0.00000e+00 -2.14968e+00
-3.44896e+00 0.00000e+00 -1.94269e+00
-3.51018e+00 0.00000e+00 -1.73204e+00
-3.57140e+00 0.00000e+00 -1.51862e+00
-3.63263e+00 0.00000e+00 -1.30321e+00
-3.69385e+00 0.00000e+00 -1.08646e+00
-3.75507e+00 0.00000e+00 -8.68947e-01
-3.81630e+00 0.00000e+00 -6.51161e-01
-3.87752e+00 0.00000e+00 -4.33526e-01
-3.93875e+00 0.00000e+00 -2.16405e-01
-3.99997e+00 0.00000e+00 -1.05742e-04
-9.88670e-01 2.68222e-02 2.17657e+01
-1.05062e+00 2.82927e-02 1.89866e+01
-1.11253e+00 2.99488e-02 1.64419e+01
-1.17438e+00 3.17903e-02 1.41247e+01
-1.23619e+00 3.38170e-02 1.20228e+01
-1.29796e+00 3.60288e-02 1.01216e+01
-1.35968e+00 3.84254e-02 8.40455e+00
-1.42137e+00 4.10068e-02 6.85486e+00
-1.48301e+00 4.37726e-02 5.45609e+00
-1.54462e+00 4.67228e-02 4.19269e+00
-1.60620e+00 4.98573e-02 3.05030e+00
-1.66774e+00 5.31759e-02 2.01592e+00
-1.72925e+00 5.66786e-02 1.07791e+00
-1.79073e+00 6.03651e-02 2.26007e-01
-1.85219e+00 6.42355e-02 -5.48806e-01
-1.91362e+00 6.82896e-02 -1.25437e+00
-1.97503e+00 7.25275e-02 -1.89748e+00
-2.03641e+00 7.69489e-02 -2.48400e+00
-2.09778e+00 8.15540e-02 -3.01898e+00
-2.15912e+00 8.63426e-02 -3.50672e+00
-2.22045e+00 9.13147e-02 -3.95095e+00
-2.28177e+00 9.64703e-02 -4.35482e+00
-2.34307e+00 1.01809e-01 -4.72103e+00
-2.40437e+00 1.07332e-01 -5.05189e+00
-2.46565e+00 1.13038e-01 -5.34936e+00
-2.52711e+00 1.19040e-01 2.47787e-02
-2.58872e+00 1.25334e-01 -1.73569e-01
-2.65030e+00 1.31807e-01 -3.31146e-01
-2.71184e+00 1.38460e-01 -4.53166e-01
-2.77335e+00 1.45292e-01 -5.44160e-01
-2.83484e+00 1.52304e-01 -6.08073e-01
-2.89629e+00 1.59496e-01 -6.48346e-01
-2.95773e+00 1.66867e-01 -6.67981e-01
-3.01914e+00 1.74419e-01 -6.69602e-01
-3.08052e+00 1.82150e-01 -6.55506e-01
-3.14189e+00 1.90062e-01 -6.27705e-01
-3.20324e+00 1.98154e-01 -5.87961e-01
-3.26457e+00 2.06427e-01 -5.37823e-01
-3.32589e+00 2.14880e-01 -4.78650e-01
-3.38720e+00 2.23515e-01 -4.11635e-01
-3.44849e+00 2.32330e-01 -3.37829e-01
-3.50978e+00 2.41327e-01 -2.58155e-01
-3.57106e+00 2.50506e-01 -1.73426e-01
-3.63234e+00 2.59866e-01 -8.43567e-02
-3.69361e+00 2.69408e-01 8.42344e-03
-3.75488e+00 2.79133e-01 1.04361e-01
-3.81614e+00 2.89040e-01 2.02968e-01
-3.87742e+00 2.99129e-01 3.03817e-01
-3.93869e+00 3.09402e-01 4.06532e-01
-3.99997e+00 3.19858e-01 5.10782e-01
-9.76839e-01 5.37697e-02 5.06065e+01
-1.03943e+00 5.67435e-02 4.60184e+01
-1.10192e+00 6.00782e-02 4.16309e+01
-1.16433e+00 6.37728e-02 3.74692e+01
-1.22664e+00 6.78267e-02 3.35474e+01
-1.28887e+00 7.22390e-02 2.98709e+01
-1.35103e+00 7.70092e-02 2.64386e+01
-1.41310e+00 8.21365e-02 2.32443e+01
-1.47511e+00 8.76205e-02 2.02787e+01
-1.53704e+00 9.34605e-02 1.75301e+01
-1.59891e+00 9.96562e-02 1.49860e+01
-1.66072e+00 1.06207e-01 1.26331e+01
-1.72248e+00 1.13112e-01 1.04584e+01
-1.78418e+00 1.20372e-01 8.44907e+00
-1.84583e+00 1.27986e-01 6.59308e+00
-1.90743e+00 1.35953e-01 4.87903e+00
-1.96899e+00 1.44274e-01 3.29635e+00
-2.03052e+00 1.52948e-01 1.83530e+00
-2.09201e+00 1.61976e-01 4.86975e-01
-2.15346e+00 1.71356e-01 -7.56747e-01
-2.21489e+00 1.81089e-01 -1.90324e+00
-2.27630e+00 1.91175e-01 -2.95919e+00
-2.33768e+00 2.01614e-01 -3.93063e+00
-2.39905e+00 2.12406e-01 -4.82302e+00
-2.46040e+00 2.23551e-01 -5.64128e+00
-2.52210e+00 2.35275e-01 3.50052e+00
-2.58410e+00 2.47571e-01 3.20631e+00
-2.64604e+00 2.60212e-01 2.94378e+00
-2.70792e+00 2.73197e-01 2.70943e+00
-2.76974e+00 2.86528e-01 2.50014e+00
-2.83151e+00 3.00203e-01 2.31321e+00
-2.89324e+00 3.14224e-01 2.14623e+00
-2.95491e+00 3.28591e-01 1.99708e+00
-3.01655e+00 3.43305e-01 1.86390e+00
-3.07815e+00 3.58365e-01 1.74504e+00
-3.13971e+00 3.73773e-01 1.63903e+00
-3.20124e+00 3.89530e-01 1.54457e+00
-3.26275e+00 4.05635e-01 1.46050e+00
-3.32423e+00 4.22089e-01 1.38579e+00
-3.38569e+00 4.38894e-01 1.31954e+00
-3.44714e+00 4.56050e-01 1.26094e+00
-3.50857e+00 4.73558e-01 1.20924e+00
-3.56999e+00 4.91418e-01 1.16380e+00
-3.63141e+00 5.09631e-01 1.12405e+00
-3.69282e+00 5.28199e-01 1.08946e+00
-3.75423e+00 5.47123e-01 1.05958e+00
-3.81565e+00 5.66402e-01 1.03398e+00
-3.87708e+00 5.86039e-01 1.01229e+00
-3.93852e+00 6.06035e-01 9.94175e-01
-3.99997e+00 6.26390e-01 9.79342e-01
-9.64506e-01 8.08060e-02 7.74652e+01
-1.02764e+00 8.53166e-02 7.10807e+01
-1.09063e+00 9.03521e-02 6.49209e+01
-1.15349e+00 9.59109e-02 5.90281e+01
-1.21623e+00 1.01991e-01 5.34294e+01
-1.27885e+00 1.08592e-01 4.81395e+01
-1.34136e+00 1.15711e-01 4.31634e+01
-1.40375e+00 1.23347e-01 3.84989e+01
-1.46605e+00 1.31500e-01 3.41383e+01
-1.52825e+00 1.40167e-01 3.00706e+01
-1.59037e+00 1.49348e-01 2.62820e+01
-1.65240e+00 1.59042e-01 2.27578e+01
-1.71435e+00 1.69248e-01 1.94824e+01
-1.77622e+00 1.79966e-01 1.64403e+01
-1.83803e+00 1.91194e-01 1.36163e+01
-1.89978e+00 2.02932e-01 1.09959e+01
-1.96147e+00 2.15180e-01 8.56517e+00
-2.02311e+00 2.27937e-01 6.31110e+00
-2.08470e+00 2.41202e-01 4.22158e+00
-2.14626e+00 2.54976e-01 2.28537e+00
-2.20777e+00 2.69259e-01 4.92114e-01
-2.26926e+00 2.84050e-01 -1.16773e+00
-2.33073e+00 2.99349e-01 -2.70290e+00
-2.39217e+00 3.15157e-01 -4.12141e+00
-2.45360e+00 3.31473e-01 -5.43057e+00
-2.51555e+00 3.48641e-01 6.75085e+00
-2.57795e+00 3.66650e-01 6.39000e+00
-2.64026e+00 3.85154e-01 6.04902e+00
-2.70250e+00 4.04153e-01 5.72616e+00
-2.76465e+00 4.23649e-01 5.41988e+00
-2.82674e+00 4.43641e-01 5.12878e+00
-2.88876e+00 4.64132e-01 4.85162e+00
-2.95072e+00 4.85122e-01 4.58730e+00
-3.01263e+00 5.06611e-01 4.33481e+00
-3.07449e+00 5.28601e-01 4.09326e+00
-3.13630e+00 5.51094e-01 3.86184e+00
-3.19807e+00 5.74090e-01 3.63982e+00
-3.25981e+00 5.97591e-01 3.42655e+00
-3.32152e+00 6.21598e-01 3.22144e+00
-3.38321e+00 6.46113e-01 3.02393e+00
-3.44488e+00 6.71138e-01 2.83355e+00
-3.50654e+00 6.96674e-01 2.64986e+00
-3.56819e+00 7.22722e-01 2.47243e+00
-3.62984e+00 7.49286e-01 2.30092e+00
-3.69149e+00 7.76366e-01 2.13497e+00
-3.75315e+00 8.03965e-01 1.97429e+00
-3.81482e+00 8.32085e-01 1.81859e+00
-3.87651e+00 8.60729e-01 1.66762e+00
-3.93823e+00 8.89897e-01 1.52114e+00
-3.99997e+00 9.19594e-01 1.37892e+00
-9.51675e-01 1.07893e-01 1.02355e+02
-1.01524e+00 1.13974e-01 9.41862e+01
-1.07864e+00 1.20733e-01 8.63202e+01
-1.14187e+00 1.28166e-01 7.88025e+01
-1.20495e+00 1.36271e-01 7.16610e+01
-1.26787e+00 1.45046e-01 6.49097e+01
-1.33066e+00 1.54488e-01 5.85521e+01
-1.39331e+00 1.64595e-01 5.25834e+01
-1.45583e+00 1.75364e-01 4.69931e+01
-1.51824e+00 1.86794e-01 4.17669e+01
-1.58054e+00 1.98883e-01 3.68878e+01
-1.64274e+00 2.11630e-01 3.23376e+01
-1.70484e+00 2.25033e-01 2.80974e+01
-1.76685e+00 2.39091e-01 2.41483e+01
-1.82878e+00 2.53803e-01 2.04719e+01
-1.89064e+00 2.69167e-01 1.70505e+01
-1.95243e+00 2.85184e-01 1.38672e+01
-2.01417e+00 3.01852e-01 1.09061e+01
-2.07585e+00 3.19170e-01 8.15227e+00
-2.13749e+00 3.37139e-01 5.59198e+00
-2.19909e+00 3.55759e-01 3.21237e+00
-2.26066e+00 3.75029e-01 1.00161e+00
-2.32220e+00 3.94949e-01 -1.05121e+00
-2.38373e+00 4.15519e-01 -2.95613e+00
-2.44525e+00 4.36741e-01 -4.72238e+00
-2.50745e+00 4.59075e-01 9.76239e+00
-2.57026e+00 4.82508e-01 9.36229e+00
-2.63296e+00 5.06572e-01 8.96792e+00
-2.69557e+00 5.31269e-01 8.57933e+00
-2.75808e+00 5.56600e-01 8.19654e+00
-2.82051e+00 5.82566e-01 7.81956e+00
-2.88286e+00 6.09169e-01 7.44838e+00
-2.94515e+00 6.36411e-01 7.08294e+00
-3.00737e+00 6.64293e-01 6.72321e+00
-3.06953e+00 6.92817e-01 6.36913e+00
-3.13165e+00 7.21986e-01 6.02062e+00
-3.19372e+00 7.51801e-01 5.67761e+00
-3.25576e+00 7.82265e-01 5.34002e+00
-3.31777e+00 8.13380e-01 5.00777e+00
-3.37976e+00 8.45149e-01 4.68076e+00
-3.44173e+00 8.77574e-01 4.35890e+00
-3.50370e+00 9.10659e-01 4.04212e+00
-3.56566e+00 9.44407e-01 3.73031e+00
-3.62763e+00 9.78819e-01 3.42338e+00
-3.68962e+00 1.01390e+00 3.12125e+00
-3.75162e+00 1.04966e+00 2.82381e+00
-3.81365e+00 1.08609e+00 2.53100e+00
-3.87572e+00 1.12320e+00 2.24271e+00
-3.93782e+00 1.16099e+00 1.95886e+00
-3.99997e+00 1.19947e+00 1.67936e+00
-9.38348e-01 1.34990e-01 1.25271e+02
-1.00225e+00 1.42675e-01 1.15335e+02
-1.06595e+00 1.51180e-01 1.05829e+02
-1.12946e+00 1.60498e-01 9.67899e+01
-1.19278e+00 1.70626e-01 8.82346e+01
-1.25593e+00 1.81560e-01 8.01678e+01
-1.31892e+00 1.93297e-01 7.25841e+01
-1.38175e+00 2.05834e-01 6.54706e+01
-1.44444e+00 2.19167e-01 5.88098e+01
-1.50699e+00 2.33294e-01 5.25810e+01
-1.56942e+00 2.48212e-01 4.67616e+01
-1.63173e+00 2.63919e-01 4.13284e+01
-1.69394e+00 2.80412e-01 3.62580e+01
-1.75604e+00 2.97692e-01 3.15277e+01
-1.81806e+00 3.15754e-01 2.71154e+01
-1.88000e+00 3.34599e-01 2.30001e+01
-1.94187e+00 3.54225e-01 1.91621e+01
-2.00368e+00 3.74632e-01 1.55829e+01
-2.06544e+00 3.95818e-01 1.22451e+01
-2.12715e+00 4.17782e-01 9.13270e+00
-2.18882e+00 4.40526e-01 6.23089e+00
-2.25047e+00 4.64049e-01 3.52593e+00
-2.31210e+00 4.88350e-01 1.00519e+00
-2.37372e+00 5.13431e-01 -1.34297e+00
-2.43534e+00 5.39292e-01 -3.52925e+00
-2.49781e+00 5.66517e-01 1.25261e+01
-2.56103e+00 5.95085e-01 1.21119e+01
-2.62413e+00 6.24408e-01 1.16873e+01
-2.68712e+00 6.54488e-01 1.12542e+01
-2.75002e+00 6.85326e-01 1.08142e+01
-2.81282e+00 7.16925e-01 1.03687e+01
-2.87554e+00 7.49286e-01 9.91886e+00
-2.93818e+00 7.82413e-01 9.46577e+00
-3.00076e+00 8.16308e-01 9.01036e+00
-3.06328e+00 8.50973e-01 8.55346e+00
-3.12575e+00 8.86413e-01 8.09578e+00
-3.18818e+00 9.22630e-01 7.63794e+00
-3.25058e+00 9.59627e-01 7.18048e+00
-3.31296e+00 9.97408e-01 6.72389e+00
-3.37532e+00 1.03598e+00 6.26859e+00
-3.43768e+00 1.07534e+00 5.81493e+00
-3.50004e+00 1.11550e+00 5.36323e+00
-3.56240e+00 1.15646e+00 4.91377e+00
-3.62479e+00 1.19822e+00 4.46679e+00
-3.68720e+00 1.24080e+00 4.02248e+00
-3.74965e+00 1.28419e+00 3.58103e+00
-3.81215e+00 1.32840e+00 3.14258e+00
-3.87469e+00 1.37344e+00 2.70726e+00
-3.93730e+00 1.41931e+00 2.27519e+00
-3.99997e+00 1.46602e+00 1.84644e+00
-9.24531e-01 1.62054e-01 1.46195e+02
-9.88663e-01 1.71380e-01 1.34515e+02
-1.05256e+00 1.81652e-01 1.23441e+02
-1.11625e+00 1.92864e-01 1.12984e+02
-1.17973e+00 2.05012e-01 1.03143e+02
-1.24302e+00 2.18090e-01 9.39031e+01
-1.30613e+00 2.32093e-01 8.52443e+01
-1.36907e+00 2.47018e-01 7.71406e+01
-1.43185e+00 2.62860e-01 6.95638e+01
-1.49448e+00 2.79615e-01 6.24838e+01
-1.55698e+00 2.97281e-01 5.58706e+01
-1.61936e+00 3.15854e-01 4.96944e+01
-1.68163e+00 3.35331e-01 4.39265e+01
-1.74379e+00 3.55711e-01 3.85394e+01
-1.80586e+00 3.76991e-01 3.35072e+01
-1.86785e+00 3.99169e-01 2.88056e+01
-1.92977e+00 4.22244e-01 2.44119e+01
-1.99163e+00 4.46216e-01 2.03050e+01
-2.05345e+00 4.71082e-01 1.64655e+01
-2.11522e+00 4.96843e-01 1.28753e+01
-2.17696e+00 5.23498e-01 9.51798e+00
-2.23869e+00 5.51048e-01 6.37818e+00
-2.30041e+00 5.79492e-01 3.44190e+00
-2.36212e+00 6.08831e-01 6.96293e-01
-2.42385e+00 6.39067e-01 -1.87048e+00
-2.48659e+00 6.70906e-01 1.50371e+01
-2.55024e+00 7.04323e-01 1.46314e+01
-2.61376e+00 7.38606e-01 1.41976e+01
-2.67716e+00 7.73756e-01 1.37395e+01
-2.74046e+00 8.09775e-01 1.32599e+01
-2.80366e+00 8.46667e-01 1.27618e+01
-2.86678e+00 8.84435e-01 1.22476e+01
-2.92982e+00 9.23083e-01 1.17193e+01
-2.99280e+00 9.62613e-01 1.11789e+01
-3.05573e+00 1.00303e+00 1.06281e+01
-3.11861e+00 1.04434e+00 1.00685e+01
-3.18146e+00 1.08654e+00 9.50123e+00
-3.24429e+00 1.12965e+00 8.92764e+00
-3.30710e+00 1.17366e+00 8.34875e+00
-3.36991e+00 1.21858e+00 7.76551e+00
-3.43273e+00 1.26442e+00 7.17877e+00
-3.49556e+00 1.31118e+00 6.58927e+00
-3.55842e+00 1.35886e+00 5.99769e+00
-3.62131e+00 1.40748e+00 5.40462e+00
-3.68425e+00 1.45705e+00 4.81060e+00
-3.74724e+00 1.50756e+00 4.21610e+00
-3.81030e+00 1.55903e+00 3.62155e+00
-3.87343e+00 1.61146e+00 3.02731e+00
-3.93665e+00 1.66486e+00 2.43373e+00
-3.99997e+00 1.71924e+00 1.84109e+00
-9.10232e-01 1.89044e-01 1.65089e+02
-9.74477e-01 2.00044e-01 1.51704e+02
-1.03848e+00 2.12106e-01 1.39141e+02
-1.10224e+00 2.25221e-01 1.27377e+02
-1.16579e+00 2.39385e-01 1.16378e+02
-1.22913e+00 2.54590e-01 1.06108e+02
-1.29228e+00 2.70829e-01 9.65225e+01
-1.35525e+00 2.88099e-01 8.75801e+01
-1.41805e+00 3.06393e-01 7.92379e+01
-1.48071e+00 3.25708e-01 7.14544e+01
-1.54323e+00 3.46038e-01 6.41903e+01
-1.60562e+00 3.67381e-01 5.74079e+01
-1.66790e+00 3.89734e-01 5.10723e+01
-1.73007e+00 4.13092e-01 4.51509e+01
-1.79216e+00 4.37454e-01 3.96134e+01
-1.85417e+00 4.62817e-01 3.44322e+01
-1.91612e+00 4.89181e-01 2.95814e+01
-1.97802e+00 5.16543e-01 2.50376e+01
-2.03987e+00 5.44902e-01 2.07793e+01
-2.10170e+00 5.74259e-01 1.67867e+01
-2.16350e+00 6.04613e-01 1.30418e+01
-2.22531e+00 6.35964e-01 9.52806e+00
-2.28711e+00 6.68312e-01 6.23030e+00
-2.34893e+00 7.01659e-01 3.13474e+00
-2.41078e+00 7.36005e-01 2.28692e-01
-2.47381e+00 7.72185e-01 1.72949e+01
-2.53789e+00 8.10167e-01 1.69173e+01
-2.60184e+00 8.49111e-01 1.64929e+01
-2.66567e+00 8.89019e-01 1.60269e+01
-2.72940e+00 9.29896e-01 1.55237e+01
-2.79303e+00 9.71746e-01 1.49873e+01
-2.85658e+00 1.01457e+00 1.44213e+01
-2.92007e+00 1.05838e+00 1.38290e+01
-2.98350e+00 1.10317e+00 1.32132e+01
-3.04688e+00 1.14895e+00 1.25763e+01
-3.11023e+00 1.19573e+00 1.19208e+01
-3.17356e+00 1.24351e+00 1.12486e+01
-3.23688e+00 1.29230e+00 1.05615e+01
-3.30019e+00 1.34211e+00 9.86121e+00
-3.36352e+00 1.39293e+00 9.14918e+00
-3.42688e+00 1.44479e+00 8.42673e+00
-3.49026e+00 1.49768e+00 7.69507e+00
-3.55370e+00 1.55161e+00 6.95525e+00
-3.61719e+00 1.60660e+00 6.20824e+00
-3.68075e+00 1.66265e+00 5.45491e+00
-3.74439e+00 1.71977e+00 4.69604e+00
-3.80812e+00 1.77796e+00 3.93234e+00
-3.87195e+00 1.83725e+00 3.16443e+00
-3.93590e+00 1.89764e+00 2.39290e+00
-3.99997e+00 1.95914e+00 1.61825e+00
-8.95458e-01 2.15913e-01 1.81900e+02
-9.59703e-01 2.28623e-01 1.66864e+02
-1.02369e+00 2.42496e-01 1.52906e+02
-1.08743e+00 2.57525e-01 1.39953e+02
-1.15095e+00 2.73699e-01 1.27933e+02
-1.21425e+00 2.91013e-01 1.16775e+02
-1.27736e+00 3.09458e-01 1.06413e+02
-1.34029e+00 3.29028e-01 9.67814e+01
-1.40305e+00 3.49717e-01 8.78219e+01
-1.46566e+00 3.71520e-01 7.94794e+01
-1.52814e+00 3.94432e-01 7.17036e+01
-1.59049e+00 4.18448e-01 6.44485e+01
-1.65273e+00 4.43564e-01 5.76719e+01
-1.71488e+00 4.69778e-01 5.13358e+01
-1.77696e+00 4.97086e-01 4.54055e+01
-1.83896e+00 5.25485e-01 3.98493e+01
-1.90091e+00 5.54975e-01 3.46388e+01
-1.96282e+00 5.85553e-01 2.97480e+01
-2.02470e+00 6.17218e-01 2.51534e+01
-2.08657e+00 6.49971e-01 2.08336e+01
-2.14843e+00 6.83810e-01 1.67694e+01
-2.21031e+00 7.18737e-01 1.29430e+01
-2.27221e+00 7.54751e-01 9.33852e+00
-2.33415e+00 7.91855e-01 5.94131e+00
-2.39613e+00 8.30049e-01 2.73810e+00
-2.45946e+00 8.70297e-01 1.93026e+01
-2.52397e+00 9.12560e-01 1.89700e+01
-2.58837e+00 9.55869e-01 1.85708e+01
-2.65265e+00 1.00023e+00 1.81116e+01
-2.71683e+00 1.04564e+00 1.75983e+01
-2.78093e+00 1.09211e+00 1.70360e+01
-2.84495e+00 1.13965e+00 1.64294e+01
-2.90892e+00 1.18826e+00 1.57826e+01
-2.97284e+00 1.23794e+00 1.50993e+01
-3.03673e+00 1.28870e+00 1.43827e+01
-3.10060e+00 1.34056e+00 1.36360e+01
-3.16447e+00 1.39351e+00 1.28618e+01
-3.22834e+00 1.44756e+00 1.20624e+01
-3.29223e+00 1.50273e+00 1.12401e+01
-3.35616e+00 1.55901e+00 1.03968e+01
-3.42012e+00 1.61643e+00 9.53422e+00
-3.48415e+00 1.67499e+00 8.65406e+00
-3.54825e+00 1.73469e+00 7.75771e+00
-3.61243e+00 1.79556e+00 6.84647e+00
-3.67670e+00 1.85759e+00 5.92153e+00
-3.74109e+00 1.92080e+00 4.98395e+00
-3.80559e+00 1.98521e+00 4.03469e+00
-3.87023e+00 2.05082e+00 3.07463e+00
-3.93502e+00 2.11765e+00 2.10455e+00
-3.99997e+00 2.18570e+00 1.12517e+00
-8.80221e-01 2.42615e-01 1.96559e+02
-9.44345e-01 2.57070e-01 1.79950e+02
-1.00821e+00 2.72778e-01 1.64706e+02
-1.07182e+00 2.89727e-01 1.50695e+02
-1.13521e+00 3.07908e-01 1.37797e+02
-1.19839e+00 3.27312e-01 1.25902e+02
-1.26137e+00 3.47930e-01 1.14913e+02
-1.32418e+00 3.69755e-01 1.04742e+02
-1.38682e+00 3.92780e-01 9.53119e+01
-1.44933e+00 4.17000e-01 8.65522e+01
-1.51170e+00 4.42407e-01 7.84010e+01
-1.57397e+00 4.68998e-01 7.08030e+01
-1.63613e+00 4.96768e-01 6.37088e+01
-1.69822e+00 5.25712e-01 5.70743e+01
-1.76023e+00 5.55829e-01 5.08602e+01
-1.82220e+00 5.87115e-01 4.50313e+01
-1.88413e+00 6.19568e-01 3.95560e+01
-1.94603e+00 6.53187e-01 3.44060e+01
-2.00793e+00 6.87971e-01 2.95561e+01
-2.06983e+00 7.23918e-01 2.49834e+01
-2.13175e+00 7.61031e-01 2.06672e+01
-2.19370e+00 7.99308e-01 1.65892e+01
-2.25570e+00 8.38751e-01 1.27324e+01
-2.31776e+00 8.79363e-01 9.08185e+00
-2.37989e+00 9.21144e-01 5.62372e+00
-2.44352e+00 9.65187e-01 2.10670e+01
-2.50849e+00 1.01145e+00 2.07930e+01
-2.57334e+00 1.05883e+00 2.04321e+01
-2.63809e+00 1.10733e+00 1.99920e+01
-2.70275e+00 1.15696e+00 1.94799e+01
-2.76734e+00 1.20772e+00 1.89018e+01
-2.83188e+00 1.25963e+00 1.82634e+01
-2.89637e+00 1.31268e+00 1.75697e+01
-2.96083e+00 1.36688e+00 1.68250e+01
-3.02528e+00 1.42225e+00 1.60334e+01
-3.08973e+00 1.47878e+00 1.51984e+01
-3.15419e+00 1.53650e+00 1.43233e+01
-3.21868e+00 1.59540e+00 1.34110e+01
-3.28322e+00 1.65550e+00 1.24640e+01
-3.34781e+00 1.71681e+00 1.14848e+01
-3.41247e+00 1.77934e+00 1.04755e+01
-3.47722e+00 1.84309e+00 9.43791e+00
-3.54207e+00 1.90809e+00 8.37389e+00
-3.60703e+00 1.97435e+00 7.28498e+00
-3.67212e+00 2.04187e+00 6.17258e+00
-3.73735e+00 2.11066e+00 5.03797e+00
-3.80273e+00 2.18076e+00 3.88232e+00
-3.86829e+00 2.25216e+00 2.70667e+00
-3.93403e+00 2.32488e+00 1.51194e+00
-3.99997e+00 2.39895e+00 2.98992e-01
-8.64533e-01 2.69102e-01 2.08978e+02
-9.28415e-01 2.85340e-01 1.90901e+02
-9.92037e-01 3.02903e-01 1.74505e+02
-1.05542e+00 3.21781e-01 1.59584e+02
-1.11858e+00 3.41963e-01 1.45961e+02
-1.18154e+00 3.63437e-01 1.33485e+02
-1.24431e+00 3.86195e-01 1.22024e+02
-1.30692e+00 4.10229e-01 1.11465e+02
-1.36938e+00 4.35531e-01 1.01709e+02
-1.43171e+00 4.62093e-01 9.26722e+01
-1.49393e+00 4.89910e-01 8.42790e+01
-1.55605e+00 5.18977e-01 7.64646e+01
-1.61809e+00 5.49287e-01 6.91723e+01
-1.68006e+00 5.80838e-01 6.23521e+01
-1.74199e+00 6.13626e-01 5.59599e+01
-1.80389e+00 6.47648e-01 4.99569e+01
-1.86577e+00 6.82902e-01 4.43087e+01
-1.92765e+00 7.19386e-01 3.89848e+01
-1.98955e+00 7.57101e-01 3.39582e+01
-2.05147e+00 7.96044e-01 2.92046e+01
-2.11344e+00 8.36217e-01 2.47023e+01
-2.17547e+00 8.77621e-01 2.04321e+01
-2.23757e+00 9.20257e-01 1.63766e+01
-2.29976e+00 9.64127e-01 1.25202e+01
-2.36206e+00 1.00923e+00 8.84872e+00
-2.42601e+00 1.05680e+00 2.25980e+01
-2.49144e+00 1.10679e+00 2.23932e+01
-2.55676e+00 1.15794e+00 2.20806e+01
-2.62200e+00 1.21028e+00 2.16692e+01
-2.68717e+00 1.26381e+00 2.11669e+01
-2.75228e+00 1.31854e+00 2.05808e+01
-2.81736e+00 1.37447e+00 1.99174e+01
-2.88241e+00 1.43161e+00 1.91821e+01
-2.94746e+00 1.48997e+00 1.83801e+01
-3.01252e+00 1.54956e+00 1.75158e+01
-3.07760e+00 1.61038e+00 1.65933e+01
-3.14272e+00 1.67246e+00 1.56163e+01
-3.20790e+00 1.73580e+00 1.45880e+01
-3.27315e+00 1.80041e+00 1.35113e+01
-3.33848e+00 1.86630e+00 1.23889e+01
-3.40392e+00 1.93349e+00 1.12230e+01
-3.46947e+00 2.00199e+00 1.00159e+01
-3.53516e+00 2.07181e+00 8.76939e+00
-3.60099e+00 2.14296e+00 7.48521e+00
-3.66699e+00 2.21547e+00 6.16487e+00
-3.73316e+00 2.28935e+00 4.80972e+00
-3.79953e+00 2.36461e+00 3.42098e+00
-3.86611e+00 2.44127e+00 1.99970e+00
-3.93292e+00 2.51935e+00 5.46848e-01
-3.99997e+00 2.59886e+00 -9.36761e-01
-8.48410e-01 2.95326e-01 2.19052e+02
-9.11923e-01 3.13382e-01 1.99649e+02
-9.75188e-01 3.32824e-01 1.82259e+02
-1.03823e+00 3.53639e-01 1.66594e+02
-1.10106e+00 3.75814e-01 1.52415e+02
-1.16370e+00 3.99339e-01 1.39523e+02
-1.22618e+00 4.24204e-01 1.27750e+02
-1.28851e+00 4.50399e-01 1.16955e+02
-1.35071e+00 4.77916e-01 1.07021e+02
-1.41280e+00 5.06748e-01 9.78444e+01
-1.47480e+00 5.36887e-01 8.93397e+01
-1.53673e+00 5.68329e-01 8.14322e+01
-1.59859e+00 6.01068e-01 7.40576e+01
-1.66042e+00 6.35100e-01 6.71602e+01
-1.72223e+00 6.70421e-01 6.06915e+01
-1.78403e+00 7.07028e-01 5.46093e+01
-1.84584e+00 7.44920e-01 4.88765e+01
-1.90767e+00 7.84094e-01 4.34605e+01
-1.96955e+00 8.24551e-01 3.83327e+01
-2.03149e+00 8.66290e-01 3.34676e+01
-2.09351e+00 9.09313e-01 2.88427e+01
-2.15561e+00 9.53619e-01 2.44379e+01
-2.21782e+00 9.99212e-01 2.02354e+01
-2.28016e+00 1.04609e+00 1.62190e+01
-2.34263e+00 1.09427e+00 1.23746e+01
-2.40691e+00 1.14510e+00 2.39082e+01
-2.47281e+00 1.19852e+00 2.37801e+01
-2.53862e+00 1.25316e+00 2.35231e+01
-2.60437e+00 1.30904e+00 2.31469e+01
-2.67007e+00 1.36615e+00 2.26606e+01
-2.73574e+00 1.42451e+00 2.20717e+01
-2.80140e+00 1.48413e+00 2.13872e+01
-2.86706e+00 1.54501e+00 2.06134e+01
-2.93274e+00 1.60716e+00 1.97555e+01
-2.99845e+00 1.67060e+00 1.88186e+01
-3.06422e+00 1.73533e+00 1.78069e+01
-3.13006e+00 1.80137e+00 1.67242e+01
-3.19599e+00 1.86873e+00 1.55740e+01
-3.26202e+00 1.93743e+00 1.43594e+01
-3.32817e+00 2.00747e+00 1.30829e+01
-3.39446e+00 2.07887e+00 1.17471e+01
-3.46090e+00 2.15165e+00 1.03540e+01
-3.52751e+00 2.22582e+00 8.90539e+00
-3.59431e+00 2.30140e+00 7.40296e+00
-3.66131e+00 2.37841e+00 5.84808e+00
-3.72854e+00 2.45685e+00 4.24194e+00
-3.79600e+00 2.53676e+00 2.58555e+00
-3.86371e+00 2.61815e+00 8.79768e-01
-3.93169e+00 2.70104e+00 -8.74736e-01
-3.99997e+00 2.78544e+00 -2.67742e+00
-8.31866e-01 3.21239e-01 2.26661e+02
-8.94883e-01 3.41150e-01 2.06110e+02
-9.57672e-01 3.62491e-01 1.87917e+02
-1.02025e+00 3.85250e-01 1.71699e+02
-1.08265e+00 4.09413e-01 1.57148e+02
-1.14489e+00 4.34968e-01 1.44015e+02
-1.20698e+00 4.61904e-01 1.32096e+02
-1.26896e+00 4.90212e-01 1.21223e+02
-1.33082e+00 5.19883e-01 1.11256e+02
-1.39261e+00 5.50910e-01 1.02078e+02
-1.45433e+00 5.83284e-01 9.35902e+01
-1.51600e+00 6.17001e-01 8.57096e+01
-1.57765e+00 6.52055e-01 7.83647e+01
-1.63929e+00 6.88441e-01 7.14946e+01
-1.70093e+00 7.26156e-01 6.50468e+01
-1.76261e+00 7.65198e-01 5.89760e+01
-1.82432e+00 8.05564e-01 5.32427e+01
-1.88610e+00 8.47254e-01 4.78126e+01
-1.94795e+00 8.90267e-01 4.26556e+01
-2.00989e+00 9.34603e-01 3.77452e+01
-2.07195e+00 9.80263e-01 3.30580e+01
-2.13413e+00 1.02725e+00 2.85735e+01
-2.19646e+00 1.07557e+00 2.42733e+01
-2.25894e+00 1.12521e+00 2.01411e+01
-2.32160e+00 1.17620e+00 1.61622e+01
-2.38622e+00 1.23002e+00 2.50124e+01
-2.45260e+00 1.28660e+00 2.49656e+01
-2.51892e+00 1.34444e+00 2.47683e+01
-2.58520e+00 1.40355e+00 2.44314e+01
-2.65146e+00 1.46394e+00 2.39642e+01
-2.71772e+00 1.52561e+00 2.33749e+01
-2.78399e+00 1.58857e+00 2.26710e+01
-2.85029e+00 1.65284e+00 2.18587e+01
-2.91665e+00 1.71843e+00 2.09439e+01
-2.98308e+00 1.78534e+00 1.99314e+01
-3.04959e+00 1.85359e+00 1.88256e+01
-3.11621e+00 1.92320e+00 1.76303e+01
-3.18296e+00 1.99418e+00 1.63488e+01
-3.24984e+00 2.06654e+00 1.49842e+01
-3.31688e+00 2.14030e+00 1.35387e+01
-3.38410e+00 2.21548e+00 1.20145e+01
-3.45152e+00 2.29208e+00 1.04135e+01
-3.51914e+00 2.37013e+00 8.73700e+00
-3.58700e+00 2.44966e+00 6.98622e+00
-3.65510e+00 2.53066e+00 5.16207e+00
-3.72347e+00 2.61317e+00 3.26519e+00
-3.79212e+00 2.69721e+00 1.29598e+00
-3.86107e+00 2.78280e+00 -7.45386e-01
-3.93035e+00 2.86996e+00 -2.85894e+00
-3.99997e+00 2.95870e+00 -5.04493e+00
-8.15880e-01 3.45372e-01 2.47307e+02
-8.78249e-01 3.67189e-01 2.24306e+02
-9.40419e-01 3.90468e-01 2.04146e+02
-1.00241e+00 4.15193e-01 1.86321e+02
-1.06426e+00 4.41351e-01 1.70437e+02
-1.12596e+00 4.68930e-01 1.56184e+02
-1.18756e+00 4.97918e-01 1.43317e+02
-1.24907e+00 5.28306e-01 1.31636e+02
-1.31051e+00 5.60085e-01 1.20980e+02
-1.37190e+00 5.93246e-01 1.11214e+02
-1.43325e+00 6.27782e-01 1.02227e+02
-1.49460e+00 6.63688e-01 9.39269e+01
-1.55595e+00 7.00959e-01 8.62346e+01
-1.61733e+00 7.39589e-01 7.90832e+01
-1.67875e+00 7.79576e-01 7.24155e+01
-1.74024e+00 8.20918e-01 6.61823e+01
-1.80180e+00 8.63612e-01 6.03409e+01
-1.86347e+00 9.07658e-01 5.48542e+01
-1.92525e+00 9.53056e-01 4.96899e+01
-1.98716e+00 9.99806e-01 4.48196e+01
-2.04922e+00 1.04791e+00 4.02180e+01
-2.11145e+00 1.09737e+00 3.58632e+01
-2.17386e+00 1.14819e+00 3.17354e+01
-2.23647e+00 1.20038e+00 2.78170e+01
-2.29931e+00 1.25394e+00 2.40924e+01
-2.36424e+00 1.31053e+00 3.10262e+01
-2.43109e+00 1.37008e+00 3.00123e+01
-2.49790e+00 1.43092e+00 2.89241e+01
-2.56471e+00 1.49304e+00 2.77692e+01
-2.63154e+00 1.55645e+00 2.65542e+01
-2.69839e+00 1.62118e+00 2.52847e+01
-2.76530e+00 1.68722e+00 2.39654e+01
-2.83227e+00 1.75459e+00 2.26005e+01
-2.89934e+00 1.82331e+00 2.11934e+01
-2.96651e+00 1.89338e+00 1.97471e+01
-3.03381e+00 1.96482e+00 1.82642e+01
-3.10126e+00 2.03765e+00 1.67467e+01
-3.16887e+00 2.11188e+00 1.51963e+01
-3.23667e+00 2.18753e+00 1.36144e+01
-3.30467e+00 2.26461e+00 1.20020e+01
-3.37288e+00 2.34315e+00 1.03600e+01
-3.44134e+00 2.42315e+00 8.68877e+00
-3.51006e+00 2.50465e+00 6.98871e+00
-3.57906e+00 2.58766e+00 5.25986e+00
-3.64835e+00 2.67219e+00 3.50208e+00
-3.71796e+00 2.75828e+00 1.71502e+00
-3.78791e+00 2.84595e+00 -1.01848e-01
-3.85821e+00 2.93521e+00 -1.94923e+00
-3.92889e+00 3.02610e+00 -3.82803e+00
-3.99997e+00 3.11863e+00 -5.73932e+00
-7.99703e-01 3.68944e-01 2.57674e+02
-8.61293e-01 3.92703e-01 2.33955e+02
-9.22723e-01 4.17939e-01 2.13217e+02
-9.84015e-01 4.44636e-01 1.94905e+02
-1.04519e+00 4.72782e-01 1.78598e+02
-1.10627e+00 5.02364e-01 1.63969e+02
-1.16729e+00 5.33371e-01 1.50760e+02
-1.22825e+00 5.65791e-01 1.38765e+02
-1.28917e+00 5.99617e-01 1.27817e+02
-1.35009e+00 6.34840e-01 1.17779e+02
-1.41102e+00 6.71454e-01 1.08538e+02
-1.47198e+00 7.09452e-01 1.00000e+02
-1.53299e+00 7.48830e-01 9.20850e+01
-1.59406e+00 7.89584e-01 8.47258e+01
-1.65522e+00 8.31710e-01 7.78647e+01
-1.71649e+00 8.75207e-01 7.14522e+01
-1.77787e+00 9.20073e-01 6.54455e+01
-1.83940e+00 9.66309e-01 5.98072e+01
-1.90109e+00 1.01391e+00 5.45048e+01
-1.96295e+00 1.06289e+00 4.95098e+01
-2.02500e+00 1.11324e+00 4.47968e+01
-2.08727e+00 1.16496e+00 4.03435e+01
-2.14976e+00 1.21807e+00 3.61301e+01
-2.21251e+00 1.27256e+00 3.21389e+01
-2.27551e+00 1.32844e+00 2.83541e+01
-2.34077e+00 1.38755e+00 3.41006e+01
-2.40808e+00 1.44981e+00 3.28361e+01
-2.47541e+00 1.51335e+00 3.15278e+01
-2.54276e+00 1.57818e+00 3.01802e+01
-2.61016e+00 1.64432e+00 2.87974e+01
-2.67764e+00 1.71178e+00 2.73826e+01
-2.74521e+00 1.78057e+00 2.59385e+01
-2.81289e+00 1.85071e+00 2.44674e+01
-2.88071e+00 1.92220e+00 2.29710e+01
-2.94867e+00 1.99506e+00 2.14508e+01
-3.01681e+00 2.06932e+00 1.99079e+01
-3.08514e+00 2.14498e+00 1.83430e+01
-3.15368e+00 2.22206e+00 1.67566e+01
-3.22246e+00 2.30058e+00 1.51490e+01
-3.29148e+00 2.38056e+00 1.35201e+01
-3.36078e+00 2.46201e+00 1.18697e+01
-3.43036e+00 2.54497e+00 1.01973e+01
-3.50026e+00 2.62944e+00 8.50233e+00
-3.57049e+00 2.71546e+00 6.78382e+00
-3.64107e+00 2.80303e+00 5.04072e+00
-3.71202e+00 2.89220e+00 3.27177e+00
-3.78336e+00 2.98298e+00 1.47550e+00
-3.85512e+00 3.07539e+00 -3.49761e-01
-3.92731e+00 3.16947e+00 -2.20589e+00
-3.99996e+00 3.26524e+00 -4.09499e+00
-7.83016e-01 3.92432e-01 2.67460e+02
-8.43702e-01 4.18161e-01 2.42927e+02
-9.04274e-01 4.45368e-01 2.21546e+02
-9.64754e-01 4.74038e-01 2.02709e+02
-1.02517e+00 5.04159e-01 1.85959e+02
-1.08553e+00 5.35716e-01 1.70946e+02
-1.14587e+00 5.68699e-01 1.57396e+02
-1.20621e+00 6.03099e-01 1.45095e+02
-1.26656e+00 6.38906e-01 1.33869e+02
-1.32695e+00 6.76113e-01 1.23575e+02
-1.38740e+00 7.14713e-01 1.14099e+02
-1.44792e+00 7.54701e-01 1.05344e+02
-1.50853e+00 7.96072e-01 9.72274e+01
-1.56927e+00 8.38822e-01 8.96821e+01
-1.63013e+00 8.82949e-01 8.26492e+01
-1.69115e+00 9.28453e-01 7.60786e+01
-1.75233e+00 9.75331e-01 6.99268e+01
-1.81371e+00 1.02358e+00 6.41563e+01
-1.87529e+00 1.07321e+00 5.87341e+01
-1.93710e+00 1.12422e+00 5.36315e+01
-1.99914e+00 1.17661e+00 4.88228e+01
-2.06145e+00 1.23038e+00 4.42857e+01
-2.12404e+00 1.28555e+00 4.00001e+01
-2.18692e+00 1.34211e+00 3.59482e+01
-2.25011e+00 1.40007e+00 3.21140e+01
-2.31571e+00 1.46142e+00 3.67519e+01
-2.38350e+00 1.52608e+00 3.52458e+01
-2.45134e+00 1.59201e+00 3.37247e+01
-2.51926e+00 1.65924e+00 3.21909e+01
-2.58727e+00 1.72777e+00 3.06457e+01
-2.65540e+00 1.79762e+00 2.90904e+01
-2.72368e+00 1.86881e+00 2.75259e+01
-2.79211e+00 1.94134e+00 2.59526e+01
-2.86072e+00 2.01523e+00 2.43710e+01
-2.92953e+00 2.09051e+00 2.27809e+01
-2.99856e+00 2.16718e+00 2.11822e+01
-3.06783e+00 2.24526e+00 1.95745e+01
-3.13737e+00 2.32477e+00 1.79570e+01
-3.20719e+00 2.40574e+00 1.63291e+01
-3.27731e+00 2.48818e+00 1.46897e+01
-3.34776e+00 2.57211e+00 1.30375e+01
-3.41856e+00 2.65755e+00 1.13712e+01
-3.48972e+00 2.74453e+00 9.68924e+00
-3.56127e+00 2.83307e+00 7.98974e+00
-3.63324e+00 2.92320e+00 6.27074e+00
-3.70563e+00 3.01493e+00 4.53002e+00
-3.77848e+00 3.10831e+00 2.76513e+00
-3.85180e+00 3.20334e+00 9.73361e-01
-3.92562e+00 3.30007e+00 -8.48262e-01
-3.99996e+00 3.39852e+00 -2.70302e+00
-7.65838e-01 4.15796e-01 2.76598e+02
-8.25492e-01 4.43522e-01 2.51172e+02
-8.85088e-01 4.72714e-01 2.29104e+02
-9.44649e-01 5.03356e-01 2.09718e+02
-1.00420e+00 5.35435e-01 1.92515e+02
-1.06375e+00 5.68940e-01 1.77119e+02
-1.12334e+00 6.03859e-01 1.63238e+02
-1.18297e+00 6.40184e-01 1.50645e+02
-1.24268e+00 6.77905e-01 1.39157e+02
-1.30247e+00 7.17016e-01 1.28629e+02
-1.36238e+00 7.57512e-01 1.18939e+02
-1.42241e+00 7.99385e-01 1.09988e+02
-1.48260e+00 8.42634e-01 1.01693e+02
-1.54295e+00 8.87255e-01 9.39841e+01
-1.60349e+00 9.33246e-01 8.68010e+01
-1.66423e+00 9.80606e-01 8.00930e+01
-1.72520e+00 1.02934e+00 7.38160e+01
-1.78640e+00 1.07944e+00 6.79318e+01
-1.84787e+00 1.13091e+00 6.24073e+01
-1.90961e+00 1.18375e+00 5.72131e+01
-1.97165e+00 1.23798e+00 5.23236e+01
-2.03400e+00 1.29359e+00 4.77161e+01
-2.09669e+00 1.35059e+00 4.33704e+01
-2.15972e+00 1.40898e+00 3.92686e+01
-2.22312e+00 1.46877e+00 3.53946e+01
-2.28907e+00 1.53210e+00 3.90025e+01
-2.35734e+00 1.59885e+00 3.72634e+01
-2.42572e+00 1.66687e+00 3.55369e+01
-2.49422e+00 1.73617e+00 3.38227e+01
-2.56287e+00 1.80677e+00 3.21201e+01
-2.63168e+00 1.87867e+00 3.04287e+01
-2.70069e+00 1.95190e+00 2.87474e+01
-2.76991e+00 2.02647e+00 2.70754e+01
-2.83936e+00 2.10239e+00 2.54116e+01
-2.90907e+00 2.17969e+00 2.37547e+01
-2.97905e+00 2.25838e+00 2.21034e+01
-3.04933e+00 2.33849e+00 2.04562e+01
-3.11993e+00 2.42002e+00 1.88115e+01
-3.19087e+00 2.50301e+00 1.71676e+01
-3.26217e+00 2.58747e+00 1.55225e+01
-3.33385e+00 2.67343e+00 1.38741e+01
-3.40594e+00 2.76090e+00 1.22202e+01
-3.47846e+00 2.84992e+00 1.05585e+01
-3.55142e+00 2.94050e+00 8.88607e+00
-3.62486e+00 3.03268e+00 7.20022e+00
-3.69880e+00 3.12648e+00 5.49774e+00
-3.77325e+00 3.22193e+00 3.77518e+00
-3.84825e+00 3.31906e+00 2.02876e+00
-3.92381e+00 3.41789e+00 2.54299e-01
-3.99996e+00 3.51847e+00 -1.55282e+00
-7.48192e-01 4.38994e-01 2.85013e+02
-8.06685e-01 4.68744e-01 2.58640e+02
-8.65187e-01 4.99932e-01 2.35858e+02
-9.23717e-01 5.32544e-01 2.15914e+02
-9.82297e-01 5.66567e-01 1.98262e+02
-1.04095e+00 6.01990e-01 1.82494e+02
-1.09969e+00 6.38803e-01 1.68298e+02
-1.15855e+00 6.76998e-01 1.55433e+02
-1.21754e+00 7.16567e-01 1.43708e+02
-1.27668e+00 7.57503e-01 1.32968e+02
-1.33598e+00 7.99802e-01 1.23088e+02
-1.39548e+00 8.43459e-01 1.13966e+02
-1.45519e+00 8.88471e-01 1.05516e+02
-1.51512e+00 9.34836e-01 9.76656e+01
-1.57530e+00 9.82553e-01 9.03541e+01
-1.63574e+00 1.03162e+00 8.35294e+01
-1.69646e+00 1.08204e+00 7.71465e+01
-1.75749e+00 1.13382e+00 7.11669e+01
-1.81883e+00 1.18695e+00 6.55566e+01
-1.88050e+00 1.24145e+00 6.02861e+01
-1.94253e+00 1.29731e+00 5.53296e+01
-2.00493e+00 1.35454e+00 5.06641e+01
-2.06772e+00 1.41314e+00 4.62692e+01
-2.13091e+00 1.47314e+00 4.21271e+01
-2.19453e+00 1.53452e+00 3.82217e+01
-2.26084e+00 1.59955e+00 4.08761e+01
-2.32960e+00 1.66810e+00 3.89128e+01
-2.39853e+00 1.73790e+00 3.69879e+01
-2.46764e+00 1.80895e+00 3.50989e+01
-2.53695e+00 1.88128e+00 3.32436e+01
-2.60648e+00 1.95489e+00 3.14196e+01
-2.67626e+00 2.02982e+00 2.96245e+01
-2.74631e+00 2.10606e+00 2.78562e+01
-2.81665e+00 2.18365e+00 2.61123e+01
-2.88730e+00 2.26259e+00 2.43906e+01
-2.95829e+00 2.34292e+00 2.26887e+01
-3.02964e+00 2.42464e+00 2.10043e+01
-3.10136e+00 2.50779e+00 1.93348e+01
-3.17349e+00 2.59237e+00 1.76778e+01
-3.24604e+00 2.67842e+00 1.60305e+01
-3.31903e+00 2.76596e+00 1.43903e+01
-3.39250e+00 2.85501e+00 1.27541e+01
-3.46646e+00 2.94559e+00 1.11187e+01
-3.54093e+00 3.03774e+00 9.48081e+00
-3.61595e+00 3.13149e+00 7.83671e+00
-3.69152e+00 3.22685e+00 6.18240e+00
-3.76769e+00 3.32386e+00 4.51347e+00
-3.84447e+00 3.42255e+00 2.82506e+00
-3.92188e+00 3.52295e+00 1.11174e+00
-3.99996e+00 3.62509e+00 -6.32572e-01
-7.30099e-01 4.61985e-01 2.92625e+02
-7.87304e-01 4.93785e-01 2.65273e+02
-8.44590e-01 5.26981e-01 2.41770e+02
-9.01979e-01 5.61559e-01 2.21277e+02
-9.59490e-01 5.97510e-01 2.03193e+02
-1.01714e+00 6.34822e-01 1.87075e+02
-1.07496e+00 6.73486e-01 1.72590e+02
-1.13296e+00 7.13496e-01 1.59480e+02
-1.19116e+00 7.54844e-01 1.47543e+02
-1.24957e+00 7.97526e-01 1.36619e+02
-1.30823e+00 8.41537e-01 1.26577e+02
-1.36714e+00 8.86874e-01 1.17309e+02
-1.42632e+00 9.33534e-01 1.08729e+02
-1.48580e+00 9.81518e-01 1.00761e+02
-1.54558e+00 1.03082e+00 9.33437e+01
-1.60570e+00 1.08145e+00 8.64231e+01
-1.66615e+00 1.13341e+00 7.99538e+01
-1.72697e+00 1.18669e+00 7.38963e+01
-1.78817e+00 1.24131e+00 6.82164e+01
-1.84977e+00 1.29726e+00 6.28843e+01
-1.91179e+00 1.35455e+00 5.78737e+01
-1.97424e+00 1.41319e+00 5.31617e+01
-2.03713e+00 1.47318e+00 4.87277e+01
-2.10050e+00 1.53454e+00 4.45538e+01
-2.16436e+00 1.59727e+00 4.06241e+01
-2.23103e+00 1.66373e+00 4.23975e+01
-2.30030e+00 1.73379e+00 4.02185e+01
-2.36979e+00 1.80505e+00 3.81020e+01
-2.43952e+00 1.87754e+00 3.60437e+01
-2.50952e+00 1.95128e+00 3.40397e+01
-2.57980e+00 2.02627e+00 3.20861e+01
-2.65039e+00 2.10254e+00 3.01795e+01
-2.72131e+00 2.18011e+00 2.83164e+01
-2.79258e+00 2.25899e+00 2.64935e+01
-2.86423e+00 2.33920e+00 2.47077e+01
-2.93628e+00 2.42077e+00 2.29558e+01
-3.00875e+00 2.50371e+00 2.12347e+01
-3.08167e+00 2.58805e+00 1.95413e+01
-3.15505e+00 2.67381e+00 1.78725e+01
-3.22893e+00 2.76102e+00 1.62251e+01
-3.30331e+00 2.84969e+00 1.45957e+01
-3.37824e+00 2.93986e+00 1.29809e+01
-3.45373e+00 3.03155e+00 1.13770e+01
-3.52980e+00 3.12479e+00 9.78000e+00
-3.60649e+00 3.21960e+00 8.18571e+00
-3.68381e+00 3.31602e+00 6.58942e+00
-3.76179e+00 3.41408e+00 4.98598e+00
-3.84046e+00 3.51380e+00 3.36956e+00
-3.91984e+00 3.61523e+00 1.73358e+00
-3.99996e+00 3.71838e+00 7.04709e-02
-7.11587e-01 4.84728e-01 2.99342e+02
-7.67372e-01 5.18601e-01 2.71007e+02
-8.23322e-01 5.53815e-01 2.46800e+02
-8.79458e-01 5.90357e-01 2.25783e+02
-9.35798e-01 6.28218e-01 2.07298e+02
-9.92359e-01 6.67389e-01 1.90864e+02
-1.04916e+00 7.07862e-01 1.76123e+02
-1.10622e+00 7.49631e-01 1.62802e+02
-1.16356e+00 7.92691e-01 1.50687e+02
-1.22119e+00 8.37039e-01 1.39610e+02
-1.27913e+00 8.82671e-01 1.29435e+02
-1.33740e+00 9.29584e-01 1.20051e+02
-1.39602e+00 9.77780e-01 1.11366e+02
-1.45499e+00 1.02726e+00 1.03306e+02
-1.51435e+00 1.07801e+00 9.58053e+01
-1.57411e+00 1.13006e+00 8.88100e+01
-1.63428e+00 1.18339e+00 8.22735e+01
-1.69488e+00 1.23801e+00 7.61558e+01
-1.75593e+00 1.29393e+00 7.04222e+01
-1.81744e+00 1.35114e+00 6.50425e+01
-1.87944e+00 1.40967e+00 5.99902e+01
-1.94193e+00 1.46951e+00 5.52423e+01
-2.00495e+00 1.53067e+00 5.07784e+01
-2.06850e+00 1.59317e+00 4.65803e+01
-2.13260e+00 1.65700e+00 4.26324e+01
-2.19966e+00 1.72462e+00 4.35916e+01
-2.26944e+00 1.79588e+00 4.12055e+01
-2.33950e+00 1.86831e+00 3.89041e+01
-2.40988e+00 1.94193e+00 3.66816e+01
-2.48058e+00 2.01674e+00 3.45325e+01
-2.55164e+00 2.09277e+00 3.24517e+01
-2.62308e+00 2.17005e+00 3.04348e+01
-2.69491e+00 2.24858e+00 2.84773e+01
-2.76716e+00 2.32838e+00 2.65751e+01
-2.83986e+00 2.40949e+00 2.47244e+01
-2.91303e+00 2.49191e+00 2.29214e+01
-2.98668e+00 2.57568e+00 2.11625e+01
-3.06085e+00 2.66081e+00 1.94442e+01
-3.13556e+00 2.74732e+00 1.77629e+01
-3.21084e+00 2.83526e+00 1.61152e+01
-3.28669e+00 2.92463e+00 1.44974e+01
-3.36316e+00 3.01546e+00 1.29058e+01
-3.44027e+00 3.10779e+00 1.13365e+01
-3.51803e+00 3.20163e+00 9.78548e+00
-3.59648e+00 3.29703e+00 8.24819e+00
-3.67565e+00 3.39401e+00 6.71969e+00
-3.75555e+00 3.49259e+00 5.19445e+00
-3.83622e+00 3.59282e+00 3.66616e+00
-3.91768e+00 3.69473e+00 2.12747e+00
-3.99996e+00 3.79835e+00 5.69675e-01
-6.92682e-01 5.07180e-01 3.05069e+02
-7.46917e-01 5.43151e-01 2.75777e+02
-8.01411e-01 5.80392e-01 2.50904e+02
-8.56182e-01 6.18893e-01 2.29409e+02
-9.11245e-01 6.58646e-01 2.10568e+02
-9.66619e-01 6.99645e-01 1.93862e+02
-1.02232e+00 7.41884e-01 1.78909e+02
-1.07836e+00 7.85357e-01 1.65416e+02
-1.13476e+00 8.30062e-01 1.53161e+02
-1.19154e+00 8.75996e-01 1.41966e+02
-1.24871e+00 9.23157e-01 1.31691e+02
-1.30629e+00 9.71546e-01 1.22221e+02
-1.36429e+00 1.02116e+00 1.13461e+02
-1.42273e+00 1.07201e+00 1.05334e+02
-1.48162e+00 1.12408e+00 9.77742e+01
-1.54099e+00 1.17739e+00 9.07258e+01
-1.60085e+00 1.23194e+00 8.41418e+01
-1.66121e+00 1.28773e+00 7.79814e+01
-1.72209e+00 1.34477e+00 7.22096e+01
-1.78351e+00 1.40307e+00 6.67960e+01
-1.84549e+00 1.46263e+00 6.17140e+01
-1.90803e+00 1.52346e+00 5.69404e+01
-1.97117e+00 1.58557e+00 5.24548e+01
-2.03491e+00 1.64897e+00 4.82394e+01
-2.09927e+00 1.71367e+00 4.42785e+01
-2.16672e+00 1.78219e+00 4.44833e+01
-2.23702e+00 1.85436e+00 4.18986e+01
-2.30767e+00 1.92765e+00 3.94189e+01
-2.37871e+00 2.00207e+00 3.70368e+01
-2.45015e+00 2.07764e+00 3.47456e+01
-2.52201e+00 2.15439e+00 3.25393e+01
-2.59433e+00 2.23232e+00 3.04123e+01
-2.66711e+00 2.31146e+00 2.83596e+01
-2.74039e+00 2.39183e+00 2.63764e+01
-2.81418e+00 2.47345e+00 2.44582e+01
-2.88852e+00 2.55634e+00 2.26010e+01
-2.96342e+00 2.64053e+00 2.08009e+01
-3.03892e+00 2.72604e+00 1.90540e+01
-3.11502e+00 2.81290e+00 1.73567e+01
-3.19177e+00 2.90113e+00 1.57056e+01
-3.26917e+00 2.99075e+00 1.40970e+01
-3.34727e+00 3.08180e+00 1.25276e+01
-3.42607e+00 3.17430e+00 1.09936e+01
-3.50562e+00 3.26828e+00 9.49123e+00
-3.58593e+00 3.36377e+00 8.01655e+00
-3.66704e+00 3.46080e+00 6.56509e+00
-3.74897e+00 3.55940e+00 5.13190e+00
-3.83175e+00 3.65961e+00 3.71125e+00
-3.91540e+00 3.76147e+00 2.29633e+00
-3.99996e+00 3.86499e+00 8.78769e-01
-6.73413e-01 5.29301e-01 3.09702e+02
-7.25968e-01 5.67392e-01 2.79512e+02
-7.78885e-01 6.06668e-01 2.54038e+02
-8.32178e-01 6.47123e-01 2.32127e+02
-8.85862e-01 6.88751e-01 2.12991e+02
-9.39952e-01 7.31546e-01 1.96069e+02
-9.94462e-01 7.75507e-01 1.80954e+02
-1.04941e+00 8.20629e-01 1.67338e+02
-1.10480e+00 8.66910e-01 1.54986e+02
-1.16066e+00 9.14351e-01 1.43713e+02
-1.21699e+00 9.62952e-01 1.33374e+02
-1.27382e+00 1.01271e+00 1.23851e+02
-1.33116e+00 1.06364e+00 1.15046e+02
-1.38902e+00 1.11573e+00 1.06879e+02
-1.44742e+00 1.16898e+00 9.92846e+01
-1.50637e+00 1.22342e+00 9.22054e+01
-1.56589e+00 1.27903e+00 8.55937e+01
-1.62599e+00 1.33582e+00 7.94084e+01
-1.68669e+00 1.39381e+00 7.36141e+01
-1.74801e+00 1.45300e+00 6.81801e+01
-1.80996e+00 1.51339e+00 6.30800e+01
-1.87255e+00 1.57501e+00 5.82905e+01
-1.93581e+00 1.63785e+00 5.37912e+01
-1.99975e+00 1.70193e+00 4.95645e+01
-2.06439e+00 1.76726e+00 4.55950e+01
-2.13223e+00 1.83640e+00 4.50966e+01
-2.20305e+00 1.90920e+00 4.23220e+01
-2.27431e+00 1.98304e+00 3.96703e+01
-2.34602e+00 2.05796e+00 3.71329e+01
-2.41822e+00 2.13397e+00 3.47022e+01
-2.49092e+00 2.21108e+00 3.23710e+01
-2.56414e+00 2.28933e+00 3.01331e+01
-2.63792e+00 2.36873e+00 2.79827e+01
-2.71227e+00 2.44930e+00 2.59148e+01
-2.78721e+00 2.53106e+00 2.39244e+01
-2.86277e+00 2.61404e+00 2.20072e+01
-2.93898e+00 2.69826e+00 2.01592e+01
-3.01586e+00 2.78375e+00 1.83766e+01
-3.09343e+00 2.87053e+00 1.66560e+01
-3.17172e+00 2.95862e+00 1.49941e+01
-3.25075e+00 3.04806e+00 1.33880e+01
-3.33055e+00 3.13887e+00 1.18348e+01
-3.41115e+00 3.23108e+00 1.03319e+01
-3.49257e+00 3.32472e+00 8.87668e+00
-3.57484e+00 3.41981e+00 7.46670e+00
-3.65800e+00 3.51640e+00 6.09959e+00
-3.74205e+00 3.61451e+00 4.77299e+00
-3.82705e+00 3.71417e+00 3.48450e+00
-3.91300e+00 3.81543e+00 2.23162e+00
-3.99996e+00 3.91831e+00 1.01161e+00
-6.53811e-01 5.51051e-01 3.13130e+02
-7.04556e-01 5.91282e-01 2.82136e+02
-7.55775e-01 6.32601e-01 2.56152e+02
-8.07478e-01 6.75003e-01 2.33909e+02
-8.59679e-01 7.18486e-01 2.14552e+02
-9.12389e-01 7.63048e-01 1.97483e+02
-9.65620e-01 8.08686e-01 1.82266e+02
-1.01938e+00 8.55401e-01 1.68580e+02
-1.07370e+00 9.03193e-01 1.56180e+02
-1.12857e+00 9.52062e-01 1.44873e+02
-1.18401e+00 1.00201e+00 1.34510e+02
-1.24004e+00 1.05304e+00 1.24968e+02
-1.29666e+00 1.10516e+00 1.16150e+02
-1.35390e+00 1.15837e+00 1.07973e+02
-1.41176e+00 1.21268e+00 1.00369e+02
-1.47026e+00 1.26809e+00 9.32825e+01
-1.52942e+00 1.32461e+00 8.66636e+01
-1.58924e+00 1.38224e+00 8.04714e+01
-1.64974e+00 1.44100e+00 7.46703e+01
-1.71094e+00 1.50090e+00 6.92297e+01
-1.77286e+00 1.56193e+00 6.41230e+01
-1.83550e+00 1.62412e+00 5.93269e+01
-1.89888e+00 1.68748e+00 5.48215e+01
-1.96303e+00 1.75201e+00 5.05891e+01
-2.02795e+00 1.81773e+00 4.66147e+01
-2.09620e+00 1.88724e+00 4.54549e+01
-2.16755e+00 1.96036e+00 4.24989e+01
-2.23942e+00 2.03447e+00 3.96814e+01
-2.31183e+00 2.10957e+00 3.69927e+01
-2.38480e+00 2.18569e+00 3.44240e+01
-2.45836e+00 2.26285e+00 3.19676e+01
-2.53253e+00 2.34107e+00 2.96164e+01
-2.60734e+00 2.42038e+00 2.73642e+01
-2.68280e+00 2.50078e+00 2.52054e+01
-2.75894e+00 2.58232e+00 2.31349e+01
-2.83578e+00 2.66500e+00 2.11483e+01
-2.91335e+00 2.74886e+00 1.92415e+01
-2.99168e+00 2.83392e+00 1.74109e+01
-3.07078e+00 2.92020e+00 1.56536e+01
-3.15069e+00 3.00774e+00 1.39668e+01
-3.23143e+00 3.09655e+00 1.23486e+01
-3.31302e+00 3.18667e+00 1.07973e+01
-3.39550e+00 3.27813e+00 9.31216e+00
-3.47889e+00 3.37095e+00 7.89303e+00
-3.56321e+00 3.46516e+00 6.54095e+00
-3.64851e+00 3.56080e+00 5.25841e+00
-3.73480e+00 3.65790e+00 4.05007e+00
-3.82212e+00 3.75650e+00 2.92394e+00
-3.91049e+00 3.85661e+00 1.89353e+00
-3.99996e+00 3.95829e+00 9.81950e-01
-6.33907e-01 5.72391e-01 3.15238e+02
-6.82714e-01 6.14781e-01 2.83573e+02
-7.32114e-01 6.58148e-01 2.57197e+02
-7.82116e-01 7.02491e-01 2.34725e+02
-8.32729e-01 7.47810e-01 2.15239e+02
-8.83962e-01 7.94106e-01 1.98099e+02
-9.35825e-01 8.41379e-01 1.82851e+02
-9.88328e-01 8.89631e-01 1.69156e+02
-1.04148e+00 9.38865e-01 1.56760e+02
-1.09530e+00 9.89085e-01 1.45468e+02
-1.14978e+00 1.04029e+00 1.35122e+02
-1.20495e+00 1.09250e+00 1.25601e+02
-1.26081e+00 1.14570e+00 1.16803e+02
-1.31738e+00 1.19991e+00 1.08645e+02
-1.37467e+00 1.25513e+00 1.01060e+02
-1.43269e+00 1.31138e+00 9.39892e+01
-1.49145e+00 1.36865e+00 8.73843e+01
-1.55097e+00 1.42696e+00 8.12038e+01
-1.61126e+00 1.48632e+00 7.54121e+01
-1.67234e+00 1.54673e+00 6.99786e+01
-1.73421e+00 1.60821e+00 6.48768e+01
-1.79689e+00 1.67078e+00 6.00837e+01
-1.86041e+00 1.73443e+00 5.55794e+01
-1.92476e+00 1.79919e+00 5.13467e+01
-1.98998e+00 1.86507e+00 4.73707e+01
-2.05863e+00 1.93468e+00 4.55800e+01
-2.13052e+00 2.00784e+00 4.24514e+01
-2.20301e+00 2.08190e+00 3.94741e+01
-2.27613e+00 2.15688e+00 3.66374e+01
-2.34990e+00 2.23280e+00 3.39317e+01
-2.42435e+00 2.30967e+00 3.13483e+01
-2.49950e+00 2.38753e+00 2.88795e+01
-2.57537e+00 2.46639e+00 2.65187e+01
-2.65199e+00 2.54628e+00 2.42597e+01
-2.72937e+00 2.62721e+00 2.20971e+01
-2.80755e+00 2.70922e+00 2.00263e+01
-2.88655e+00 2.79232e+00 1.80432e+01
-2.96638e+00 2.87655e+00 1.61443e+01
-3.04709e+00 2.96192e+00 1.43270e+01
-3.12869e+00 3.04847e+00 1.25893e+01
-3.21121e+00 3.13622e+00 1.09301e+01
-3.29467e+00 3.22521e+00 9.34935e+00
-3.37911e+00 3.31545e+00 7.84865e+00
-3.46456e+00 3.40697e+00 6.43161e+00
-3.55104e+00 3.49982e+00 5.10507e+00
-3.63857e+00 3.59401e+00 3.88100e+00
-3.72720e+00 3.68959e+00 2.78015e+00
-3.81696e+00 3.78659e+00 1.83971e+00
-3.90786e+00 3.88503e+00 1.13061e+00
-3.99995e+00 3.98495e+00 8.03220e-01
-6.13735e-01 5.93282e-01 3.15906e+02
-6.60476e-01 6.37848e-01 2.83742e+02
-7.07938e-01 6.83268e-01 2.57121e+02
-7.56127e-01 7.29545e-01 2.34545e+02
-8.05048e-01 7.76680e-01 2.15033e+02
-8.54708e-01 8.24677e-01 1.97914e+02
-9.05114e-01 8.73541e-01 1.82711e+02
-9.56273e-01 9.23275e-01 1.69074e+02
-1.00819e+00 9.73886e-01 1.56743e+02
-1.06088e+00 1.02538e+00 1.45515e+02
-1.11435e+00 1.07776e+00 1.35234e+02
-1.16860e+00 1.13103e+00 1.25773e+02
-1.22365e+00 1.18521e+00 1.17031e+02
-1.27951e+00 1.24030e+00 1.08925e+02
-1.33618e+00 1.29631e+00 1.01386e+02
-1.39369e+00 1.35324e+00 9.43560e+01
-1.45203e+00 1.41112e+00 8.77871e+01
-1.51122e+00 1.46994e+00 8.16376e+01
-1.57127e+00 1.52972e+00 7.58719e+01
-1.63221e+00 1.59048e+00 7.04597e+01
-1.69403e+00 1.65221e+00 6.53747e+01
-1.75675e+00 1.71495e+00 6.05941e+01
-1.82039e+00 1.77869e+00 5.60983e+01
-1.88496e+00 1.84345e+00 5.18703e+01
-1.95048e+00 1.90925e+00 4.78957e+01
-2.01955e+00 1.97870e+00 4.54926e+01
-2.09197e+00 2.05162e+00 4.22000e+01
-2.16509e+00 2.12534e+00 3.90688e+01
-2.23894e+00 2.19988e+00 3.60869e+01
-2.31353e+00 2.27528e+00 3.32438e+01
-2.38890e+00 2.35154e+00 3.05300e+01
-2.46506e+00 2.42869e+00 2.79369e+01
-2.54203e+00 2.50676e+00 2.54572e+01
-2.61984e+00 2.58577e+00 2.30839e+01
-2.69852e+00 2.66573e+00 2.08110e+01
-2.77808e+00 2.74668e+00 1.86332e+01
-2.85856e+00 2.82864e+00 1.65459e+01
-2.93997e+00 2.91163e+00 1.45449e+01
-3.02235e+00 2.99568e+00 1.26271e+01
-3.10571e+00 3.08082e+00 1.07897e+01
-3.19009e+00 3.16707e+00 9.03138e+00
-3.27551e+00 3.25446e+00 7.35171e+00
-3.36200e+00 3.34303e+00 5.75230e+00
-3.44960e+00 3.43279e+00 4.23770e+00
-3.53832e+00 3.52378e+00 2.81760e+00
-3.62820e+00 3.61603e+00 1.51157e+00
-3.71927e+00 3.70957e+00 3.60729e-01
-3.81157e+00 3.80444e+00 -5.38683e-01
-3.90512e+00 3.90067e+00 -9.08565e-01
-3.99995e+00 3.99828e+00 4.87345e-01
-5.93293e-01 6.13725e-01 3.15906e+02
-6.37860e-01 6.60465e-01 2.83741e+02
-6.83281e-01 7.07926e-01 2.57120e+02
-7.29558e-01 7.56114e-01 2.34544e+02
-7.76694e-01 8.05034e-01 2.15033e+02
-8.24692e-01 8.54693e-01 1.97914e+02
-8.73557e-01 9.05098e-01 1.82710e+02
-9.23292e-01 9.56257e-01 1.69074e+02
-9.73903e-01 1.00818e+00 1.56743e+02
-1.02540e+00 1.06086e+00 1.45515e+02
-1.07778e+00 1.11433e+00 1.35234e+02
-1.13105e+00 1.16858e+00 1.25773e+02
-1.18523e+00 1.22363e+00 1.17031e+02
-1.24032e+00 1.27949e+00 1.08925e+02
-1.29633e+00 1.33616e+00 1.01386e+02
-1.35326e+00 1.39367e+00 9.43561e+01
-1.41114e+00 1.45201e+00 8.77873e+01
-1.46996e+00 1.51120e+00 8.16377e+01
-1.52975e+00 1.57125e+00 7.58721e+01
-1.59050e+00 1.63219e+00 7.04599e+01
-1.65223e+00 1.69401e+00 6.53748e+01
-1.71497e+00 1.75673e+00 6.05943e+01
-1.77871e+00 1.82037e+00 5.60985e+01
-1.84347e+00 1.88494e+00 5.18705e+01
-1.90927e+00 1.95046e+00 4.78959e+01
-1.97872e+00 2.01953e+00 4.54925e+01
-2.05164e+00 2.09195e+00 4.21999e+01
-2.12536e+00 2.16507e+00 3.90685e+01
-2.19990e+00 2.23892e+00 3.60866e+01
-2.27530e+00 2.31351e+00 3.32434e+01
-2.35156e+00 2.38888e+00 3.05295e+01
-2.42871e+00 2.46504e+00 2.79364e+01
-2.50678e+00 2.54201e+00 2.54566e+01
-2.58578e+00 2.61983e+00 2.30832e+01
-2.66575e+00 2.69851e+00 2.08103e+01
-2.74669e+00 2.77807e+00 1.86325e+01
-2.82865e+00 2.85855e+00 1.65451e+01
-2.91164e+00 2.93996e+00 1.45441e+01
-2.99569e+00 3.02233e+00 1.26261e+01
-3.08083e+00 3.10570e+00 1.07887e+01
-3.16708e+00 3.19008e+00 9.03031e+00
-3.25447e+00 3.27550e+00 7.35055e+00
-3.34304e+00 3.36199e+00 5.75106e+00
-3.43280e+00 3.44959e+00 4.23637e+00
-3.52379e+00 3.53831e+00 2.81615e+00
-3.61604e+00 3.62819e+00 1.51000e+00
-3.70958e+00 3.71927e+00 3.59003e-01
-3.80445e+00 3.81156e+00 -5.40565e-01
-3.90067e+00 3.90511e+00 -9.10465e-01
-3.99829e+00 3.99995e+00 4.87157e-01
-5.72401e-01 6.33897e-01 3.15239e+02
-6.14792e-01 6.82703e-01 2.83573e+02
-6.58160e-01 7.32102e-01 2.57197e+02
-7.02504e-01 7.82103e-01 2.34726e+02
-7.47825e-01 8.32715e-01 2.15239e+02
-7.94121e-01 8.83948e-01 1.98099e+02
-8.41395e-01 9.35810e-01 1.82851e+02
-8.89648e-01 9.88313e-01 1.69156e+02
-9.38882e-01 1.04147e+00 1.56761e+02
-9.89103e-01 1.09528e+00 1.45468e+02
-1.04031e+00 1.14977e+00 1.35122e+02
-1.09252e+00 1.20493e+00 1.25601e+02
-1.14572e+00 1.26080e+00 1.16803e+02
-1.19993e+00 1.31737e+00 1.08646e+02
-1.25515e+00 1.37465e+00 1.01060e+02
-1.31140e+00 1.43267e+00 9.39895e+01
-1.36867e+00 1.49143e+00 8.73846e+01
-1.42698e+00 1.55095e+00 8.12041e+01
-1.48634e+00 1.61124e+00 7.54124e+01
-1.54675e+00 1.67232e+00 6.99789e+01
-1.60824e+00 1.73419e+00 6.48771e+01
-1.67080e+00 1.79687e+00 6.00840e+01
-1.73445e+00 1.86039e+00 5.55797e+01
-1.79921e+00 1.92474e+00 5.13470e+01
-1.86509e+00 1.98996e+00 4.73710e+01
-1.93470e+00 2.05861e+00 4.55800e+01
-2.00787e+00 2.13050e+00 4.24513e+01
-2.08193e+00 2.20299e+00 3.94740e+01
-2.15691e+00 2.27611e+00 3.66372e+01
-2.23282e+00 2.34989e+00 3.39314e+01
-2.30970e+00 2.42434e+00 3.13479e+01
-2.38755e+00 2.49949e+00 2.88791e+01
-2.46641e+00 2.57536e+00 2.65182e+01
-2.54630e+00 2.65197e+00 2.42591e+01
-2.62723e+00 2.72936e+00 2.20965e+01
-2.70924e+00 2.80754e+00 2.00257e+01
-2.79234e+00 2.88653e+00 1.80425e+01
-2.87657e+00 2.96637e+00 1.61436e+01
-2.96194e+00 3.04708e+00 1.43263e+01
-3.04849e+00 3.12868e+00 1.25886e+01
-3.13624e+00 3.21120e+00 1.09293e+01
-3.22522e+00 3.29466e+00 9.34852e+00
-3.31546e+00 3.37911e+00 7.84780e+00
-3.40699e+00 3.46455e+00 6.43074e+00
-3.49983e+00 3.55103e+00 5.10420e+00
-3.59403e+00 3.63857e+00 3.88014e+00
-3.68961e+00 3.72720e+00 2.77933e+00
-3.78660e+00 3.81695e+00 1.83897e+00
-3.88504e+00 3.90786e+00 1.13007e+00
-3.98496e+00 3.99995e+00 8.03098e-01
-5.51062e-01 6.53801e-01 3.13131e+02
-5.91293e-01 7.04546e-01 2.82137e+02
-6.32613e-01 7.55763e-01 2.56153e+02
-6.75017e-01 8.07466e-01 2.33910e+02
-7.18501e-01 8.59666e-01 2.14553e+02
-7.63063e-01 9.12375e-01 1.97483e+02
-8.08702e-01 9.65605e-01 1.82267e+02
-8.55418e-01 1.01937e+00 1.68581e+02
-9.03210e-01 1.07368e+00 1.56180e+02
-9.52080e-01 1.12855e+00 1.44874e+02
-1.00203e+00 1.18399e+00 1.34510e+02
-1.05306e+00 1.24002e+00 1.24969e+02
-1.10518e+00 1.29664e+00 1.16150e+02
-1.15839e+00 1.35388e+00 1.07973e+02
-1.21270e+00 1.41174e+00 1.00370e+02
-1.26811e+00 1.47024e+00 9.32829e+01
-1.32463e+00 1.52940e+00 8.66640e+01
-1.38226e+00 1.58922e+00 8.04718e+01
-1.44102e+00 1.64972e+00 7.46708e+01
-1.50092e+00 1.71092e+00 6.92302e+01
-1.56195e+00 1.77284e+00 6.41234e+01
-1.62415e+00 1.83548e+00 5.93273e+01
-1.68750e+00 1.89887e+00 5.48219e+01
-1.75203e+00 1.96301e+00 5.05896e+01
-1.81775e+00 2.02793e+00 4.66151e+01
-1.88726e+00 2.09618e+00 4.54550e+01
-1.96039e+00 2.16753e+00 4.24989e+01
-2.03449e+00 2.23940e+00 3.96814e+01
-2.10959e+00 2.31181e+00 3.69926e+01
-2.18572e+00 2.38478e+00 3.44238e+01
-2.26288e+00 2.45835e+00 3.19673e+01
-2.34110e+00 2.53252e+00 2.96161e+01
-2.42040e+00 2.60732e+00 2.73638e+01
-2.50081e+00 2.68278e+00 2.52050e+01
-2.58234e+00 2.75892e+00 2.31345e+01
-2.66503e+00 2.83577e+00 2.11478e+01
-2.74888e+00 2.91334e+00 1.92409e+01
-2.83394e+00 2.99167e+00 1.74104e+01
-2.92023e+00 3.07077e+00 1.56530e+01
-3.00776e+00 3.15068e+00 1.39662e+01
-3.09658e+00 3.23142e+00 1.23480e+01
-3.18669e+00 3.31301e+00 1.07967e+01
-3.27815e+00 3.39549e+00 9.31156e+00
-3.37097e+00 3.47888e+00 7.89244e+00
-3.46518e+00 3.56321e+00 6.54039e+00
-3.56082e+00 3.64850e+00 5.25788e+00
-3.65792e+00 3.73479e+00 4.04961e+00
-3.75651e+00 3.82211e+00 2.92357e+00
-3.85663e+00 3.91049e+00 1.89328e+00
-3.95831e+00 3.99996e+00 9.81898e-01
-5.29312e-01 6.73403e-01 3.09704e+02
-5.67403e-01 7.25958e-01 2.79514e+02
-6.06681e-01 7.78873e-01 2.54039e+02
-6.47137e-01 8.32166e-01 2.32128e+02
-6.88765e-01 8.85850e-01 2.12992e+02
-7.31562e-01 9.39939e-01 1.96070e+02
-7.75523e-01 9.94448e-01 1.80955e+02
-8.20646e-01 1.04939e+00 1.67339e+02
-8.66928e-01 1.10479e+00 1.54986e+02
-9.14370e-01 1.16064e+00 1.43714e+02
-9.62971e-01 1.21698e+00 1.33375e+02
-1.01273e+00 1.27381e+00 1.23851e+02
-1.06366e+00 1.33114e+00 1.15046e+02
-1.11575e+00 1.38900e+00 1.06880e+02
-1.16901e+00 1.44740e+00 9.92852e+01
-1.22344e+00 1.50635e+00 9.22060e+01
-1.27905e+00 1.56587e+00 8.55943e+01
-1.33584e+00 1.62597e+00 7.94090e+01
-1.39383e+00 1.68667e+00 7.36147e+01
-1.45302e+00 1.74799e+00 6.81807e+01
-1.51342e+00 1.80994e+00 6.30806e+01
-1.57503e+00 1.87253e+00 5.82910e+01
-1.63787e+00 1.93579e+00 5.37918e+01
-1.70195e+00 1.99973e+00 4.95651e+01
-1.76728e+00 2.06437e+00 4.55955e+01
-1.83643e+00 2.13221e+00 4.50969e+01
-1.90922e+00 2.20303e+00 4.23221e+01
-1.98307e+00 2.27429e+00 3.96704e+01
-2.05799e+00 2.34601e+00 3.71329e+01
-2.13399e+00 2.41820e+00 3.47021e+01
-2.21111e+00 2.49090e+00 3.23708e+01
-2.28936e+00 2.56413e+00 3.01329e+01
-2.36875e+00 2.63790e+00 2.79825e+01
-2.44932e+00 2.71225e+00 2.59145e+01
-2.53109e+00 2.78720e+00 2.39241e+01
-2.61407e+00 2.86276e+00 2.20068e+01
-2.69829e+00 2.93897e+00 2.01588e+01
-2.78378e+00 3.01585e+00 1.83762e+01
-2.87055e+00 3.09342e+00 1.66556e+01
-2.95865e+00 3.17171e+00 1.49937e+01
-3.04809e+00 3.25074e+00 1.33876e+01
-3.13890e+00 3.33054e+00 1.18344e+01
-3.23110e+00 3.41114e+00 1.03315e+01
-3.32474e+00 3.49257e+00 8.87630e+00
-3.41984e+00 3.57484e+00 7.46635e+00
-3.51642e+00 3.65799e+00 6.09928e+00
-3.61453e+00 3.74205e+00 4.77273e+00
-3.71420e+00 3.82704e+00 3.48431e+00
-3.81545e+00 3.91300e+00 2.23153e+00
-3.91833e+00 3.99996e+00 1.01163e+00
-5.07191e-01 6.92673e-01 3.05072e+02
-5.43163e-01 7.46907e-01 2.75780e+02
-5.80405e-01 8.01400e-01 2.50906e+02
-6.18907e-01 8.56170e-01 2.29410e+02
-6.58661e-01 9.11233e-01 2.10569e+02
-6.99661e-01 9.66606e-01 1.93864e+02
-7.41900e-01 1.02231e+00 1.78910e+02
-7.85374e-01 1.07835e+00 1.65417e+02
-8.30080e-01 1.13475e+00 1.53162e+02
-8.76015e-01 1.19153e+00 1.41967e+02
-9.23177e-01 1.24870e+00 1.31692e+02
-9.71566e-01 1.30627e+00 1.22222e+02
-1.02118e+00 1.36427e+00 1.13462e+02
-1.07203e+00 1.42271e+00 1.05335e+02
-1.12410e+00 1.48161e+00 9.77751e+01
-1.17741e+00 1.54098e+00 9.07267e+01
-1.23196e+00 1.60083e+00 8.41426e+01
-1.28776e+00 1.66119e+00 7.79822e+01
-1.34480e+00 1.72208e+00 7.22104e+01
-1.40309e+00 1.78350e+00 6.67968e+01
-1.46265e+00 1.84547e+00 6.17147e+01
-1.52348e+00 1.90802e+00 5.69411e+01
-1.58560e+00 1.97115e+00 5.24556e+01
-1.64900e+00 2.03489e+00 4.82402e+01
-1.71370e+00 2.09926e+00 4.42792e+01
-1.78222e+00 2.16670e+00 4.44836e+01
-1.85439e+00 2.23700e+00 4.18989e+01
-1.92768e+00 2.30766e+00 3.94191e+01
-2.00210e+00 2.37869e+00 3.70369e+01
-2.07767e+00 2.45013e+00 3.47456e+01
-2.15441e+00 2.52200e+00 3.25393e+01
-2.23235e+00 2.59431e+00 3.04123e+01
-2.31149e+00 2.66710e+00 2.83595e+01
-2.39185e+00 2.74037e+00 2.63762e+01
-2.47348e+00 2.81417e+00 2.44580e+01
-2.55637e+00 2.88851e+00 2.26008e+01
-2.64056e+00 2.96341e+00 2.08006e+01
-2.72607e+00 3.03891e+00 1.90537e+01
-2.81293e+00 3.11501e+00 1.73564e+01
-2.90116e+00 3.19176e+00 1.57053e+01
-2.99078e+00 3.26916e+00 1.40968e+01
-3.08183e+00 3.34726e+00 1.25273e+01
-3.17433e+00 3.42607e+00 1.09933e+01
-3.26831e+00 3.50561e+00 9.49101e+00
-3.36380e+00 3.58593e+00 8.01636e+00
-3.46083e+00 3.66704e+00 6.56494e+00
-3.55943e+00 3.74897e+00 5.13180e+00
-3.65964e+00 3.83174e+00 3.71121e+00
-3.76150e+00 3.91540e+00 2.29635e+00
-3.86502e+00 3.99996e+00 8.78876e-01
-4.84739e-01 7.11578e-01 2.99345e+02
-5.18614e-01 7.67362e-01 2.71010e+02
-5.53828e-01 8.23312e-01 2.46802e+02
-5.90371e-01 8.79447e-01 2.25785e+02
-6.28233e-01 9.35786e-01 2.07300e+02
-6.67404e-01 9.92347e-01 1.90866e+02
-7.07878e-01 1.04915e+00 1.76125e+02
-7.49649e-01 1.10621e+00 1.62803e+02
-7.92710e-01 1.16355e+00 1.50689e+02
-8.37058e-01 1.22118e+00 1.39611e+02
-8.82691e-01 1.27912e+00 1.29436e+02
-9.29605e-01 1.33739e+00 1.20052e+02
-9.77801e-01 1.39600e+00 1.11368e+02
-1.02728e+00 1.45498e+00 1.03307e+02
-1.07804e+00 1.51434e+00 9.58064e+01
-1.13008e+00 1.57409e+00 8.88111e+01
-1.18341e+00 1.63426e+00 8.22746e+01
-1.23803e+00 1.69486e+00 7.61568e+01
-1.29395e+00 1.75591e+00 7.04232e+01
-1.35117e+00 1.81742e+00 6.50434e+01
-1.40969e+00 1.87942e+00 5.99912e+01
-1.46954e+00 1.94192e+00 5.52432e+01
-1.53070e+00 2.00493e+00 5.07793e+01
-1.59319e+00 2.06848e+00 4.65812e+01
-1.65703e+00 2.13259e+00 4.26333e+01
-1.72465e+00 2.19964e+00 4.35921e+01
-1.79591e+00 2.26942e+00 4.12059e+01
-1.86834e+00 2.33949e+00 3.89045e+01
-1.94196e+00 2.40986e+00 3.66818e+01
-2.01677e+00 2.48057e+00 3.45326e+01
-2.09281e+00 2.55163e+00 3.24518e+01
-2.17008e+00 2.62306e+00 3.04348e+01
-2.24861e+00 2.69489e+00 2.84773e+01
-2.32842e+00 2.76715e+00 2.65751e+01
-2.40952e+00 2.83985e+00 2.47243e+01
-2.49195e+00 2.91301e+00 2.29213e+01
-2.57571e+00 2.98667e+00 2.11624e+01
-2.66084e+00 3.06084e+00 1.94441e+01
-2.74736e+00 3.13555e+00 1.77628e+01
-2.83529e+00 3.21083e+00 1.61150e+01
-2.92466e+00 3.28668e+00 1.44972e+01
-3.01549e+00 3.36315e+00 1.29056e+01
-3.10782e+00 3.44026e+00 1.13364e+01
-3.20167e+00 3.51802e+00 9.78541e+00
-3.29706e+00 3.59648e+00 8.24815e+00
-3.39404e+00 3.67564e+00 6.71968e+00
-3.49263e+00 3.75554e+00 5.19449e+00
-3.59286e+00 3.83621e+00 3.66625e+00
-3.69477e+00 3.91768e+00 2.12761e+00
-3.79839e+00 3.99996e+00 5.69871e-01
-4.61997e-01 7.30090e-01 2.92628e+02
-4.93797e-01 7.87294e-01 2.65276e+02
-5.26994e-01 8.44579e-01 2.41772e+02
-5.61574e-01 9.01968e-01 2.21279e+02
-5.97525e-01 9.59479e-01 2.03195e+02
-6.34838e-01 1.01713e+00 1.87077e+02
-6.73503e-01 1.07495e+00 1.72592e+02
-7.13514e-01 1.13295e+00 1.59482e+02
-7.54863e-01 1.19114e+00 1.47545e+02
-7.97546e-01 1.24956e+00 1.36621e+02
-8.41557e-01 1.30821e+00 1.26578e+02
-8.86895e-01 1.36712e+00 1.17311e+02
-9.33556e-01 1.42631e+00 1.08730e+02
-9.81540e-01 1.48578e+00 1.00763e+02
-1.03085e+00 1.54557e+00 9.33450e+01
-1.08148e+00 1.60568e+00 8.64244e+01
-1.13343e+00 1.66614e+00 7.99550e+01
-1.18672e+00 1.72696e+00 7.38975e+01
-1.24133e+00 1.78816e+00 6.82176e+01
-1.29728e+00 1.84976e+00 6.28855e+01
-1.35458e+00 1.91177e+00 5.78749e+01
-1.41322e+00 1.97422e+00 5.31628e+01
-1.47321e+00 2.03712e+00 4.87288e+01
-1.53457e+00 2.10049e+00 4.45549e+01
-1.59730e+00 2.16434e+00 4.06252e+01
-1.66376e+00 2.23102e+00 4.23982e+01
-1.73382e+00 2.30029e+00 4.02190e+01
-1.80508e+00 2.36978e+00 3.81025e+01
-1.87758e+00 2.43951e+00 3.60441e+01
-1.95131e+00 2.50950e+00 3.40400e+01
-2.02630e+00 2.57979e+00 3.20864e+01
-2.10258e+00 2.65038e+00 3.01797e+01
-2.18014e+00 2.72130e+00 2.83165e+01
-2.25902e+00 2.79257e+00 2.64936e+01
-2.33924e+00 2.86422e+00 2.47077e+01
-2.42080e+00 2.93627e+00 2.29558e+01
-2.50375e+00 3.00874e+00 2.12347e+01
-2.58809e+00 3.08166e+00 1.95413e+01
-2.67385e+00 3.15504e+00 1.78726e+01
-2.76106e+00 3.22892e+00 1.62251e+01
-2.84973e+00 3.30331e+00 1.45958e+01
-2.93990e+00 3.37823e+00 1.29810e+01
-3.03159e+00 3.45372e+00 1.13770e+01
-3.12483e+00 3.52980e+00 9.78008e+00
-3.21964e+00 3.60648e+00 8.18581e+00
-3.31606e+00 3.68380e+00 6.58956e+00
-3.41412e+00 3.76179e+00 4.98614e+00
-3.51384e+00 3.84045e+00 3.36977e+00
-3.61527e+00 3.91984e+00 1.73383e+00
-3.71843e+00 3.99996e+00 7.07643e-02
-4.39006e-01 7.48183e-01 2.85017e+02
-4.68757e-01 8.06676e-01 2.58644e+02
-4.99946e-01 8.65177e-01 2.35861e+02
-5.32558e-01 9.23706e-01 2.15917e+02
-5.66582e-01 9.82286e-01 1.98265e+02
-6.02006e-01 1.04094e+00 1.82496e+02
-6.38821e-01 1.09968e+00 1.68301e+02
-6.77016e-01 1.15854e+00 1.55436e+02
-7.16586e-01 1.21752e+00 1.43710e+02
-7.57523e-01 1.27666e+00 1.32970e+02
-7.99822e-01 1.33597e+00 1.23090e+02
-8.43480e-01 1.39547e+00 1.13968e+02
-8.88493e-01 1.45518e+00 1.05518e+02
-9.34859e-01 1.51511e+00 9.76672e+01
-9.82577e-01 1.57529e+00 9.03557e+01
-1.03165e+00 1.63573e+00 8.35309e+01
-1.08207e+00 1.69645e+00 7.71480e+01
-1.13385e+00 1.75747e+00 7.11683e+01
-1.18698e+00 1.81881e+00 6.55580e+01
-1.24147e+00 1.88049e+00 6.02875e+01
-1.29734e+00 1.94251e+00 5.53310e+01
-1.35457e+00 2.00491e+00 5.06654e+01
-1.41317e+00 2.06770e+00 4.62706e+01
-1.47317e+00 2.13090e+00 4.21284e+01
-1.53455e+00 2.19452e+00 3.82230e+01
-1.59958e+00 2.26082e+00 4.08770e+01
-1.66813e+00 2.32959e+00 3.89135e+01
-1.73793e+00 2.39852e+00 3.69885e+01
-1.80898e+00 2.46762e+00 3.50995e+01
-1.88131e+00 2.53693e+00 3.32441e+01
-1.95493e+00 2.60647e+00 3.14200e+01
-2.02985e+00 2.67625e+00 2.96249e+01
-2.10610e+00 2.74630e+00 2.78565e+01
-2.18369e+00 2.81664e+00 2.61126e+01
-2.26263e+00 2.88729e+00 2.43909e+01
-2.34296e+00 2.95828e+00 2.26889e+01
-2.42468e+00 3.02963e+00 2.10045e+01
-2.50783e+00 3.10135e+00 1.93350e+01
-2.59241e+00 3.17348e+00 1.76780e+01
-2.67846e+00 3.24603e+00 1.60307e+01
-2.76600e+00 3.31903e+00 1.43905e+01
-2.85505e+00 3.39249e+00 1.27543e+01
-2.94564e+00 3.46645e+00 1.11189e+01
-3.03779e+00 3.54093e+00 9.48103e+00
-3.13153e+00 3.61594e+00 7.83696e+00
-3.22689e+00 3.69152e+00 6.18267e+00
-3.32390e+00 3.76769e+00 4.51377e+00
-3.42259e+00 3.84447e+00 2.82538e+00
-3.52299e+00 3.92188e+00 1.11210e+00
-3.62514e+00 3.99996e+00 -6.32175e-01
-4.15807e-01 7.65830e-01 2.76602e+02
-4.43535e-01 8.25483e-01 2.51176e+02
-4.72727e-01 8.85079e-01 2.29108e+02
-5.03370e-01 9.44639e-01 2.09722e+02
-5.35450e-01 1.00419e+00 1.92518e+02
-5.68956e-01 1.06374e+00 1.77122e+02
-6.03876e-01 1.12333e+00 1.63241e+02
-6.40202e-01 1.18296e+00 1.50647e+02
-6.77924e-01 1.24266e+00 1.39160e+02
-7.17036e-01 1.30246e+00 1.28631e+02
-7.57532e-01 1.36237e+00 1.18941e+02
-7.99407e-01 1.42240e+00 1.09990e+02
-8.42657e-01 1.48258e+00 1.01695e+02
-8.87279e-01 1.54294e+00 9.39861e+01
-9.33270e-01 1.60347e+00 8.68029e+01
-9.80632e-01 1.66422e+00 8.00948e+01
-1.02936e+00 1.72518e+00 7.38177e+01
-1.07946e+00 1.78639e+00 6.79335e+01
-1.13094e+00 1.84785e+00 6.24089e+01
-1.18378e+00 1.90960e+00 5.72147e+01
-1.23801e+00 1.97164e+00 5.23252e+01
-1.29362e+00 2.03399e+00 4.77176e+01
-1.35062e+00 2.09667e+00 4.33719e+01
-1.40901e+00 2.15971e+00 3.92701e+01
-1.46881e+00 2.22311e+00 3.53961e+01
-1.53214e+00 2.28905e+00 3.90035e+01
-1.59889e+00 2.35733e+00 3.72643e+01
-1.66691e+00 2.42570e+00 3.55377e+01
-1.73621e+00 2.49420e+00 3.38234e+01
-1.80680e+00 2.56285e+00 3.21208e+01
-1.87871e+00 2.63167e+00 3.04292e+01
-1.95194e+00 2.70068e+00 2.87479e+01
-2.02651e+00 2.76990e+00 2.70759e+01
-2.10243e+00 2.83935e+00 2.54120e+01
-2.17973e+00 2.90906e+00 2.37551e+01
-2.25843e+00 2.97904e+00 2.21038e+01
-2.33853e+00 3.04932e+00 2.04566e+01
-2.42007e+00 3.11992e+00 1.88119e+01
-2.50305e+00 3.19086e+00 1.71679e+01
-2.58752e+00 3.26216e+00 1.55228e+01
-2.67347e+00 3.33384e+00 1.38744e+01
-2.76095e+00 3.40593e+00 1.22206e+01
-2.84997e+00 3.47845e+00 1.05588e+01
-2.94055e+00 3.55142e+00 8.88643e+00
-3.03273e+00 3.62486e+00 7.20060e+00
-3.12654e+00 3.69879e+00 5.49814e+00
-3.22199e+00 3.77325e+00 3.77561e+00
-3.31911e+00 3.84825e+00 2.02921e+00
-3.41795e+00 3.92381e+00 2.54779e-01
-3.51852e+00 3.99996e+00 -1.55232e+00
-3.92444e-01 7.83007e-01 2.67464e+02
-4.18173e-01 8.43693e-01 2.42931e+02
-4.45381e-01 9.04264e-01 2.21550e+02
-4.74053e-01 9.64745e-01 2.02713e+02
-5.04174e-01 1.02516e+00 1.85962e+02
-5.35732e-01 1.08552e+00 1.70949e+02
-5.68717e-01 1.14586e+00 1.57399e+02
-6.03117e-01 1.20620e+00 1.45098e+02
-6.38925e-01 1.26655e+00 1.33871e+02
-6.76133e-01 1.32694e+00 1.23578e+02
-7.14734e-01 1.38738e+00 1.14102e+02
-7.54723e-01 1.44791e+00 1.05346e+02
-7.96094e-01 1.50852e+00 9.72298e+01
-8.38846e-01 1.56925e+00 8.96844e+01
-8.82974e-01 1.63012e+00 8.26514e+01
-9.28478e-01 1.69113e+00 7.60807e+01
-9.75357e-01 1.75232e+00 6.99289e+01
-1.02361e+00 1.81370e+00 6.41583e+01
-1.07324e+00 1.87528e+00 5.87361e+01
-1.12425e+00 1.93708e+00 5.36333e+01
-1.17664e+00 1.99913e+00 4.88247e+01
-1.23042e+00 2.06144e+00 4.42875e+01
-1.28558e+00 2.12403e+00 4.00019e+01
-1.34214e+00 2.18691e+00 3.59500e+01
-1.40010e+00 2.25010e+00 3.21158e+01
-1.46146e+00 2.31570e+00 3.67531e+01
-1.52611e+00 2.38349e+00 3.52469e+01
-1.59205e+00 2.45133e+00 3.37257e+01
-1.65928e+00 2.51925e+00 3.21917e+01
-1.72781e+00 2.58726e+00 3.06465e+01
-1.79766e+00 2.65539e+00 2.90911e+01
-1.86885e+00 2.72366e+00 2.75266e+01
-1.94138e+00 2.79209e+00 2.59533e+01
-2.01528e+00 2.86071e+00 2.43716e+01
-2.09055e+00 2.92952e+00 2.27815e+01
-2.16722e+00 2.99855e+00 2.11827e+01
-2.24531e+00 3.06782e+00 1.95750e+01
-2.32482e+00 3.13736e+00 1.79575e+01
-2.40579e+00 3.20718e+00 1.63296e+01
-2.48823e+00 3.27731e+00 1.46902e+01
-2.57216e+00 3.34776e+00 1.30380e+01
-2.65760e+00 3.41855e+00 1.13717e+01
-2.74459e+00 3.48972e+00 9.68974e+00
-2.83313e+00 3.56127e+00 7.99025e+00
-2.92325e+00 3.63323e+00 6.27127e+00
-3.01499e+00 3.70563e+00 4.53056e+00
-3.10836e+00 3.77847e+00 2.76569e+00
-3.20340e+00 3.85180e+00 9.73943e-01
-3.30013e+00 3.92562e+00 -8.47660e-01
-3.39858e+00 3.99996e+00 -2.70240e+00
-3.68955e-01 7.99695e-01 2.57679e+02
-3.92715e-01 8.61285e-01 2.33960e+02
-4.17952e-01 9.22714e-01 2.13221e+02
-4.44651e-01 9.84005e-01 1.94909e+02
-4.72798e-01 1.04518e+00 1.78602e+02
-5.02381e-01 1.10626e+00 1.63973e+02
-5.33388e-01 1.16727e+00 1.50764e+02
-5.65810e-01 1.22823e+00 1.38769e+02
-5.99636e-01 1.28916e+00 1.27820e+02
-6.34861e-01 1.35008e+00 1.17782e+02
-6.71475e-01 1.41101e+00 1.08541e+02
-7.09475e-01 1.47197e+00 1.00003e+02
-7.48854e-01 1.53298e+00 9.20877e+01
-7.89608e-01 1.59405e+00 8.47284e+01
-8.31736e-01 1.65521e+00 7.78672e+01
-8.75233e-01 1.71647e+00 7.14547e+01
-9.20101e-01 1.77786e+00 6.54478e+01
-9.66337e-01 1.83939e+00 5.98095e+01
-1.01394e+00 1.90107e+00 5.45071e+01
-1.06292e+00 1.96293e+00 4.95119e+01
-1.11327e+00 2.02499e+00 4.47989e+01
-1.16500e+00 2.08726e+00 4.03456e+01
-1.21810e+00 2.14975e+00 3.61321e+01
-1.27260e+00 2.21249e+00 3.21409e+01
-1.32848e+00 2.27550e+00 2.83560e+01
-1.38759e+00 2.34076e+00 3.41020e+01
-1.44985e+00 2.40807e+00 3.28374e+01
-1.51339e+00 2.47539e+00 3.15289e+01
-1.57822e+00 2.54275e+00 3.01813e+01
-1.64437e+00 2.61015e+00 2.87984e+01
-1.71183e+00 2.67763e+00 2.73835e+01
-1.78062e+00 2.74520e+00 2.59394e+01
-1.85075e+00 2.81288e+00 2.44682e+01
-1.92225e+00 2.88070e+00 2.29718e+01
-1.99511e+00 2.94867e+00 2.14515e+01
-2.06937e+00 3.01680e+00 1.99086e+01
-2.14503e+00 3.08513e+00 1.83437e+01
-2.22211e+00 3.15368e+00 1.67573e+01
-2.30063e+00 3.22245e+00 1.51497e+01
-2.38061e+00 3.29147e+00 1.35208e+01
-2.46207e+00 3.36077e+00 1.18704e+01
-2.54502e+00 3.43036e+00 1.01980e+01
-2.62950e+00 3.50025e+00 8.50299e+00
-2.71552e+00 3.57048e+00 6.78448e+00
-2.80310e+00 3.64106e+00 5.04139e+00
-2.89226e+00 3.71201e+00 3.27245e+00
-2.98304e+00 3.78336e+00 1.47620e+00
-3.07546e+00 3.85512e+00 -3.49045e-01
-3.16954e+00 3.92731e+00 -2.20516e+00
-3.26531e+00 3.99996e+00 -4.09425e+00
-3.45383e-01 8.15872e-01 2.47313e+02
-3.67202e-01 8.78241e-01 2.24311e+02
-3.90481e-01 9.40411e-01 2.04151e+02
-4.15207e-01 1.00241e+00 1.86326e+02
-4.41366e-01 1.06425e+00 1.70441e+02
-4.68946e-01 1.12595e+00 1.56188e+02
-4.97936e-01 1.18755e+00 1.43321e+02
-5.28325e-01 1.24906e+00 1.31640e+02
-5.60104e-01 1.31050e+00 1.20983e+02
-5.93266e-01 1.37188e+00 1.11217e+02
-6.27804e-01 1.43324e+00 1.02230e+02
-6.63711e-01 1.49459e+00 9.39301e+01
-7.00982e-01 1.55594e+00 8.62376e+01
-7.39614e-01 1.61732e+00 7.90861e+01
-7.79602e-01 1.67874e+00 7.24183e+01
-8.20945e-01 1.74023e+00 6.61850e+01
-8.63640e-01 1.80179e+00 6.03435e+01
-9.07687e-01 1.86346e+00 5.48568e+01
-9.53086e-01 1.92524e+00 4.96924e+01
-9.99838e-01 1.98715e+00 4.48220e+01
-1.04794e+00 2.04921e+00 4.02204e+01
-1.09741e+00 2.11144e+00 3.58655e+01
-1.14823e+00 2.17385e+00 3.17377e+01
-1.20042e+00 2.23646e+00 2.78193e+01
-1.25397e+00 2.29929e+00 2.40946e+01
-1.31057e+00 2.36423e+00 3.10278e+01
-1.37012e+00 2.43108e+00 3.00137e+01
-1.43096e+00 2.49789e+00 2.89255e+01
-1.49308e+00 2.56470e+00 2.77705e+01
-1.55650e+00 2.63153e+00 2.65554e+01
-1.62122e+00 2.69838e+00 2.52858e+01
-1.68727e+00 2.76529e+00 2.39665e+01
-1.75464e+00 2.83226e+00 2.26015e+01
-1.82336e+00 2.89933e+00 2.11944e+01
-1.89343e+00 2.96650e+00 1.97481e+01
-1.96488e+00 3.03381e+00 1.82651e+01
-2.03771e+00 3.10125e+00 1.67476e+01
-2.11194e+00 3.16887e+00 1.51972e+01
-2.18759e+00 3.23666e+00 1.36152e+01
-2.26467e+00 3.30466e+00 1.20028e+01
-2.34321e+00 3.37288e+00 1.03608e+01
-2.42322e+00 3.44134e+00 8.68959e+00
-2.50471e+00 3.51006e+00 6.98954e+00
-2.58772e+00 3.57905e+00 5.26069e+00
-2.67226e+00 3.64835e+00 3.50291e+00
-2.75835e+00 3.71796e+00 1.71585e+00
-2.84602e+00 3.78791e+00 -1.01004e-01
-2.93528e+00 3.85821e+00 -1.94838e+00
-3.02617e+00 3.92889e+00 -3.82717e+00
-3.11871e+00 3.99997e+00 -5.73845e+00
-3.21251e-01 8.31858e-01 2.26664e+02
-3.41163e-01 8.94874e-01 2.06113e+02
-3.62506e-01 9.57663e-01 1.87919e+02
-3.85265e-01 1.02025e+00 1.71701e+02
-4.09429e-01 1.08264e+00 1.57150e+02
-4.34985e-01 1.14488e+00 1.44017e+02
-4.61922e-01 1.20697e+00 1.32098e+02
-4.90232e-01 1.26895e+00 1.21225e+02
-5.19904e-01 1.33081e+00 1.11258e+02
-5.50931e-01 1.39260e+00 1.02080e+02
-5.83307e-01 1.45432e+00 9.35921e+01
-6.17025e-01 1.51599e+00 8.57115e+01
-6.52079e-01 1.57764e+00 7.83666e+01
-6.88467e-01 1.63928e+00 7.14966e+01
-7.26183e-01 1.70092e+00 6.50488e+01
-7.65226e-01 1.76260e+00 5.89780e+01
-8.05594e-01 1.82431e+00 5.32448e+01
-8.47285e-01 1.88608e+00 4.78147e+01
-8.90298e-01 1.94794e+00 4.26577e+01
-9.34636e-01 2.00988e+00 3.77473e+01
-9.80297e-01 2.07194e+00 3.30601e+01
-1.02729e+00 2.13412e+00 2.85756e+01
-1.07560e+00 2.19645e+00 2.42753e+01
-1.12525e+00 2.25893e+00 2.01430e+01
-1.17624e+00 2.32159e+00 1.61641e+01
-1.23006e+00 2.38621e+00 2.50129e+01
-1.28664e+00 2.45259e+00 2.49661e+01
-1.34449e+00 2.51891e+00 2.47689e+01
-1.40360e+00 2.58519e+00 2.44320e+01
-1.46399e+00 2.65145e+00 2.39647e+01
-1.52566e+00 2.71771e+00 2.33755e+01
-1.58862e+00 2.78398e+00 2.26716e+01
-1.65289e+00 2.85029e+00 2.18593e+01
-1.71848e+00 2.91664e+00 2.09444e+01
-1.78539e+00 2.98307e+00 1.99319e+01
-1.85365e+00 3.04959e+00 1.88260e+01
-1.92326e+00 3.11621e+00 1.76307e+01
-1.99424e+00 3.18295e+00 1.63492e+01
-2.06660e+00 3.24984e+00 1.49844e+01
-2.14037e+00 3.31688e+00 1.35388e+01
-2.21554e+00 3.38410e+00 1.20146e+01
-2.29215e+00 3.45151e+00 1.04134e+01
-2.37020e+00 3.51914e+00 8.73683e+00
-2.44973e+00 3.58699e+00 6.98593e+00
-2.53073e+00 3.65510e+00 5.16164e+00
-2.61325e+00 3.72346e+00 3.26460e+00
-2.69729e+00 3.79212e+00 1.29522e+00
-2.78288e+00 3.86107e+00 -7.46324e-01
-2.87003e+00 3.93035e+00 -2.86007e+00
-2.95878e+00 3.99997e+00 -5.04627e+00
-2.95339e-01 8.48402e-01 2.19057e+02
-3.13396e-01 9.11915e-01 1.99652e+02
-3.32839e-01 9.75180e-01 1.82262e+02
-3.53654e-01 1.03822e+00 1.66597e+02
-3.75831e-01 1.10105e+00 1.52418e+02
-3.99357e-01 1.16369e+00 1.39525e+02
-4.24222e-01 1.22617e+00 1.27752e+02
-4.50418e-01 1.28850e+00 1.16958e+02
-4.77937e-01 1.35070e+00 1.07023e+02
-5.06769e-01 1.41279e+00 9.78467e+01
-5.36910e-01 1.47479e+00 8.93420e+01
-5.68353e-01 1.53672e+00 8.14345e+01
-6.01093e-01 1.59858e+00 7.40599e+01
-6.35126e-01 1.66041e+00 6.71624e+01
-6.70448e-01 1.72222e+00 6.06937e+01
-7.07057e-01 1.78402e+00 5.46115e+01
-7.44950e-01 1.84583e+00 4.88787e+01
-7.84125e-01 1.90766e+00 4.34627e+01
-8.24584e-01 1.96954e+00 3.83349e+01
-8.66324e-01 2.03148e+00 3.34697e+01
-9.09348e-01 2.09350e+00 2.88448e+01
-9.53656e-01 2.15560e+00 2.44399e+01
-9.99251e-01 2.21781e+00 2.02373e+01
-1.04613e+00 2.28015e+00 1.62209e+01
-1.09431e+00 2.34262e+00 1.23764e+01
-1.14514e+00 2.40690e+00 2.39088e+01
-1.19856e+00 2.47280e+00 2.37808e+01
-1.25321e+00 2.53861e+00 2.35237e+01
-1.30909e+00 2.60436e+00 2.31476e+01
-1.36620e+00 2.67006e+00 2.26612e+01
-1.42456e+00 2.73573e+00 2.20724e+01
-1.48418e+00 2.80139e+00 2.13879e+01
-1.54506e+00 2.86705e+00 2.06140e+01
-1.60721e+00 2.93273e+00 1.97562e+01
-1.67065e+00 2.99845e+00 1.88192e+01
-1.73539e+00 3.06422e+00 1.78074e+01
-1.80143e+00 3.13006e+00 1.67247e+01
-1.86880e+00 3.19598e+00 1.55745e+01
-1.93749e+00 3.26202e+00 1.43597e+01
-2.00754e+00 3.32817e+00 1.30832e+01
-2.07894e+00 3.39446e+00 1.17473e+01
-2.15172e+00 3.46090e+00 1.03541e+01
-2.22590e+00 3.52751e+00 8.90539e+00
-2.30148e+00 3.59431e+00 7.40284e+00
-2.37848e+00 3.66131e+00 5.84784e+00
-2.45693e+00 3.72853e+00 4.24157e+00
-2.53684e+00 3.79599e+00 2.58504e+00
-2.61823e+00 3.86371e+00 8.79104e-01
-2.70112e+00 3.93169e+00 -8.75560e-01
-2.78553e+00 3.99997e+00 -2.67841e+00
-2.69115e-01 8.64525e-01 2.08983e+02
-2.85354e-01 9.28407e-01 1.90906e+02
-3.02918e-01 9.92029e-01 1.74510e+02
-3.21797e-01 1.05541e+00 1.59588e+02
-3.41979e-01 1.11857e+00 1.45965e+02
-3.63455e-01 1.18153e+00 1.33488e+02
-3.86214e-01 1.24430e+00 1.22027e+02
-4.10249e-01 1.30691e+00 1.11468e+02
-4.35552e-01 1.36937e+00 1.01712e+02
-4.62115e-01 1.43170e+00 9.26750e+01
-4.89933e-01 1.49392e+00 8.42817e+01
-5.19001e-01 1.55604e+00 7.64672e+01
-5.49313e-01 1.61808e+00 6.91749e+01
-5.80865e-01 1.68005e+00 6.23545e+01
-6.13654e-01 1.74198e+00 5.59623e+01
-6.47678e-01 1.80388e+00 4.99592e+01
-6.82933e-01 1.86576e+00 4.43110e+01
-7.19419e-01 1.92764e+00 3.89871e+01
-7.57134e-01 1.98954e+00 3.39603e+01
-7.96079e-01 2.05146e+00 2.92066e+01
-8.36253e-01 2.11343e+00 2.47043e+01
-8.77659e-01 2.17546e+00 2.04341e+01
-9.20296e-01 2.23756e+00 1.63785e+01
-9.64168e-01 2.29975e+00 1.25219e+01
-1.00928e+00 2.36205e+00 8.85038e+00
-1.05685e+00 2.42600e+00 2.25987e+01
-1.10683e+00 2.49143e+00 2.23940e+01
-1.15799e+00 2.55675e+00 2.20814e+01
-1.21033e+00 2.62199e+00 2.16700e+01
-1.26386e+00 2.68716e+00 2.11677e+01
-1.31859e+00 2.75228e+00 2.05816e+01
-1.37452e+00 2.81735e+00 1.99181e+01
-1.43166e+00 2.88241e+00 1.91828e+01
-1.49003e+00 2.94745e+00 1.83808e+01
-1.54962e+00 3.01251e+00 1.75165e+01
-1.61045e+00 3.07759e+00 1.65940e+01
-1.67253e+00 3.14272e+00 1.56169e+01
-1.73587e+00 3.20789e+00 1.45885e+01
-1.80048e+00 3.27314e+00 1.35118e+01
-1.86637e+00 3.33848e+00 1.23892e+01
-1.93356e+00 3.40391e+00 1.12233e+01
-2.00206e+00 3.46947e+00 1.00161e+01
-2.07189e+00 3.53515e+00 8.76952e+00
-2.14304e+00 3.60099e+00 7.48524e+00
-2.21556e+00 3.66698e+00 6.16479e+00
-2.28943e+00 3.73316e+00 4.80953e+00
-2.36470e+00 3.79953e+00 3.42066e+00
-2.44136e+00 3.86611e+00 1.99926e+00
-2.51944e+00 3.93292e+00 5.46271e-01
-2.59895e+00 3.99997e+00 -9.37482e-01
-2.42628e-01 8.80213e-01 1.96566e+02
-2.57084e-01 9.44338e-01 1.79956e+02
-2.72793e-01 1.00820e+00 1.64711e+02
-2.89743e-01 1.07181e+00 1.50700e+02
-3.07925e-01 1.13520e+00 1.37801e+02
-3.27329e-01 1.19838e+00 1.25906e+02
-3.47949e-01 1.26136e+00 1.14917e+02
-3.69775e-01 1.32417e+00 1.04746e+02
-3.92801e-01 1.38682e+00 9.53153e+01
-4.17022e-01 1.44932e+00 8.65554e+01
-4.42430e-01 1.51170e+00 7.84041e+01
-4.69022e-01 1.57396e+00 7.08059e+01
-4.96793e-01 1.63612e+00 6.37116e+01
-5.25740e-01 1.69821e+00 5.70770e+01
-5.55858e-01 1.76023e+00 5.08628e+01
-5.87145e-01 1.82219e+00 4.50337e+01
-6.19600e-01 1.88412e+00 3.95583e+01
-6.53220e-01 1.94602e+00 3.44083e+01
-6.88005e-01 2.00792e+00 2.95583e+01
-7.23954e-01 2.06982e+00 2.49854e+01
-7.61068e-01 2.13174e+00 2.06692e+01
-7.99347e-01 2.19369e+00 1.65910e+01
-8.38792e-01 2.25569e+00 1.27341e+01
-8.79405e-01 2.31775e+00 9.08347e+00
-9.21188e-01 2.37989e+00 5.62522e+00
-9.65233e-01 2.44352e+00 2.10678e+01
-1.01150e+00 2.50848e+00 2.07938e+01
-1.05888e+00 2.57333e+00 2.04329e+01
-1.10738e+00 2.63808e+00 1.99929e+01
-1.15702e+00 2.70275e+00 1.94807e+01
-1.20778e+00 2.76734e+00 1.89027e+01
-1.25969e+00 2.83187e+00 1.82643e+01
-1.31274e+00 2.89636e+00 1.75705e+01
-1.36694e+00 2.96082e+00 1.68258e+01
-1.42231e+00 3.02527e+00 1.60342e+01
-1.47885e+00 3.08972e+00 1.51991e+01
-1.53657e+00 3.15418e+00 1.43240e+01
-1.59547e+00 3.21868e+00 1.34116e+01
-1.65557e+00 3.28321e+00 1.24646e+01
-1.71689e+00 3.34780e+00 1.14853e+01
-1.77942e+00 3.41247e+00 1.04759e+01
-1.84318e+00 3.47722e+00 9.43825e+00
-1.90818e+00 3.54206e+00 8.37414e+00
-1.97443e+00 3.60703e+00 7.28514e+00
-2.04195e+00 3.67211e+00 6.17264e+00
-2.11075e+00 3.73734e+00 5.03794e+00
-2.18085e+00 3.80273e+00 3.88218e+00
-2.25225e+00 3.86829e+00 2.70641e+00
-2.32498e+00 3.93403e+00 1.51157e+00
-2.39905e+00 3.99997e+00 2.98493e-01
-2.15926e-01 8.95451e-01 1.81908e+02
-2.28637e-01 9.59695e-01 1.66871e+02
-2.42511e-01 1.02368e+00 1.52912e+02
-2.57540e-01 1.08742e+00 1.39958e+02
-2.73716e-01 1.15094e+00 1.27938e+02
-2.91031e-01 1.21424e+00 1.16780e+02
-3.09477e-01 1.27735e+00 1.06417e+02
-3.29048e-01 1.34028e+00 9.67856e+01
-3.49738e-01 1.40304e+00 8.78258e+01
-3.71543e-01 1.46565e+00 7.94831e+01
-3.94455e-01 1.52813e+00 7.17071e+01
-4.18473e-01 1.59048e+00 6.44517e+01
-4.43591e-01 1.65273e+00 5.76750e+01
-4.69806e-01 1.71488e+00 5.13388e+01
-4.97115e-01 1.77695e+00 4.54082e+01
-5.25516e-01 1.83895e+00 3.98519e+01
-5.55007e-01 1.90090e+00 3.46412e+01
-5.85587e-01 1.96281e+00 2.97503e+01
-6.17254e-01 2.02469e+00 2.51555e+01
-6.50008e-01 2.08656e+00 2.08356e+01
-6.83848e-01 2.14843e+00 1.67713e+01
-7.18777e-01 2.21030e+00 1.29448e+01
-7.54793e-01 2.27220e+00 9.34011e+00
-7.91898e-01 2.33414e+00 5.94277e+00
-8.30095e-01 2.39613e+00 2.73943e+00
-8.70344e-01 2.45945e+00 1.93035e+01
-9.12609e-01 2.52397e+00 1.89709e+01
-9.55920e-01 2.58836e+00 1.85718e+01
-1.00028e+00 2.65264e+00 1.81126e+01
-1.04570e+00 2.71682e+00 1.75993e+01
-1.09217e+00 2.78092e+00 1.70370e+01
-1.13971e+00 2.84495e+00 1.64304e+01
-1.18832e+00 2.90891e+00 1.57835e+01
-1.23800e+00 2.97284e+00 1.51001e+01
-1.28877e+00 3.03673e+00 1.43836e+01
-1.34063e+00 3.10060e+00 1.36368e+01
-1.39358e+00 3.16446e+00 1.28625e+01
-1.44763e+00 3.22834e+00 1.20631e+01
-1.50280e+00 3.29223e+00 1.12407e+01
-1.55909e+00 3.35615e+00 1.03973e+01
-1.61651e+00 3.42012e+00 9.53473e+00
-1.67507e+00 3.48415e+00 8.65449e+00
-1.73478e+00 3.54824e+00 7.75806e+00
-1.79565e+00 3.61242e+00 6.84674e+00
-1.85768e+00 3.67670e+00 5.92171e+00
-1.92090e+00 3.74109e+00 4.98403e+00
-1.98531e+00 3.80559e+00 4.03468e+00
-2.05092e+00 3.87023e+00 3.07452e+00
-2.11775e+00 3.93502e+00 2.10434e+00
-2.18581e+00 3.99997e+00 1.12485e+00
-1.89057e-01 9.10225e-01 1.65098e+02
-2.00058e-01 9.74470e-01 1.51712e+02
-2.12120e-01 1.03847e+00 1.39148e+02
-2.25237e-01 1.10223e+00 1.27383e+02
-2.39402e-01 1.16578e+00 1.16384e+02
-2.54607e-01 1.22912e+00 1.06113e+02
-2.70848e-01 1.29227e+00 9.65276e+01
-2.88119e-01 1.35524e+00 8.75849e+01
-3.06415e-01 1.41805e+00 7.92423e+01
-3.25730e-01 1.48070e+00 7.14586e+01
-3.46062e-01 1.54322e+00 6.41941e+01
-3.67407e-01 1.60561e+00 5.74115e+01
-3.89760e-01 1.66789e+00 5.10757e+01
-4.13120e-01 1.73007e+00 4.51540e+01
-4.37483e-01 1.79215e+00 3.96164e+01
-4.62848e-01 1.85417e+00 3.44349e+01
-4.89213e-01 1.91611e+00 2.95839e+01
-5.16577e-01 1.97801e+00 2.50399e+01
-5.44938e-01 2.03986e+00 2.07815e+01
-5.74297e-01 2.10169e+00 1.67887e+01
-6.04652e-01 2.16350e+00 1.30436e+01
-6.36005e-01 2.22530e+00 9.52967e+00
-6.68355e-01 2.28710e+00 6.23175e+00
-7.01703e-01 2.34893e+00 3.13602e+00
-7.36052e-01 2.41078e+00 2.29824e-01
-7.72234e-01 2.47381e+00 1.72959e+01
-8.10218e-01 2.53788e+00 1.69184e+01
-8.49164e-01 2.60183e+00 1.64940e+01
-8.89075e-01 2.66566e+00 1.60280e+01
-9.29954e-01 2.72939e+00 1.55247e+01
-9.71806e-01 2.79302e+00 1.49883e+01
-1.01463e+00 2.85658e+00 1.44224e+01
-1.05844e+00 2.92007e+00 1.38300e+01
-1.10324e+00 2.98349e+00 1.32141e+01
-1.14902e+00 3.04688e+00 1.25773e+01
-1.19580e+00 3.11023e+00 1.19217e+01
-1.24359e+00 3.17356e+00 1.12494e+01
-1.29238e+00 3.23687e+00 1.05623e+01
-1.34219e+00 3.30019e+00 9.86192e+00
-1.39301e+00 3.36352e+00 9.14982e+00
-1.44487e+00 3.42687e+00 8.42731e+00
-1.49777e+00 3.49026e+00 7.69557e+00
-1.55170e+00 3.55369e+00 6.95568e+00
-1.60669e+00 3.61719e+00 6.20859e+00
-1.66275e+00 3.68074e+00 5.45518e+00
-1.71987e+00 3.74438e+00 4.69623e+00
-1.77807e+00 3.80811e+00 3.93244e+00
-1.83736e+00 3.87195e+00 3.16445e+00
-1.89775e+00 3.93590e+00 2.39282e+00
-1.95925e+00 3.99997e+00 1.61808e+00
-1.62068e-01 9.24525e-01 1.46205e+02
-1.71394e-01 9.88656e-01 1.34524e+02
-1.81667e-01 1.05256e+00 1.23449e+02
-1.92880e-01 1.11624e+00 1.12992e+02
-2.05029e-01 1.17972e+00 1.03150e+02
-2.18108e-01 1.24301e+00 9.39095e+01
-2.32112e-01 1.30612e+00 8.52501e+01
-2.47038e-01 1.36906e+00 7.71460e+01
-2.62881e-01 1.43184e+00 6.95688e+01
-2.79638e-01 1.49448e+00 6.24885e+01
-2.97305e-01 1.55698e+00 5.58749e+01
-3.15879e-01 1.61935e+00 4.96984e+01
-3.35358e-01 1.68162e+00 4.39302e+01
-3.55739e-01 1.74378e+00 3.85428e+01
-3.77020e-01 1.80585e+00 3.35103e+01
-3.99200e-01 1.86785e+00 2.88084e+01
-4.22277e-01 1.92977e+00 2.44145e+01
-4.46250e-01 1.99163e+00 2.03073e+01
-4.71119e-01 2.05344e+00 1.64676e+01
-4.96881e-01 2.11521e+00 1.28772e+01
-5.23538e-01 2.17696e+00 9.51966e+00
-5.51090e-01 2.23868e+00 6.37965e+00
-5.79536e-01 2.30040e+00 3.44319e+00
-6.08877e-01 2.36212e+00 6.97392e-01
-6.39115e-01 2.42384e+00 -1.86956e+00
-6.70956e-01 2.48659e+00 1.50383e+01
-7.04376e-01 2.55023e+00 1.46325e+01
-7.38661e-01 2.61375e+00 1.41988e+01
-7.73813e-01 2.67715e+00 1.37406e+01
-8.09835e-01 2.74045e+00 1.32611e+01
-8.46730e-01 2.80366e+00 1.27630e+01
-8.84500e-01 2.86677e+00 1.22487e+01
-9.23150e-01 2.92982e+00 1.17204e+01
-9.62684e-01 2.99280e+00 1.11799e+01
-1.00310e+00 3.05573e+00 1.06291e+01
-1.04441e+00 3.11861e+00 1.00694e+01
-1.08662e+00 3.18146e+00 9.50212e+00
-1.12973e+00 3.24429e+00 8.92847e+00
-1.17374e+00 3.30710e+00 8.34952e+00
-1.21867e+00 3.36991e+00 7.76622e+00
-1.26451e+00 3.43272e+00 7.17941e+00
-1.31127e+00 3.49556e+00 6.58984e+00
-1.35896e+00 3.55841e+00 5.99819e+00
-1.40758e+00 3.62131e+00 5.40505e+00
-1.45715e+00 3.68424e+00 4.81095e+00
-1.50767e+00 3.74724e+00 4.21638e+00
-1.55914e+00 3.81030e+00 3.62174e+00
-1.61157e+00 3.87343e+00 3.02743e+00
-1.66498e+00 3.93665e+00 2.43376e+00
-1.71936e+00 3.99997e+00 1.84104e+00
-1.35003e-01 9.38342e-01 1.25282e+02
-1.42690e-01 1.00225e+00 1.15345e+02
-1.51195e-01 1.06595e+00 1.05838e+02
-1.60514e-01 1.12945e+00 9.67983e+01
-1.70643e-01 1.19278e+00 8.82423e+01
-1.81578e-01 1.25593e+00 8.01749e+01
-1.93316e-01 1.31891e+00 7.25906e+01
-2.05854e-01 1.38174e+00 6.54766e+01
-2.19188e-01 1.44443e+00 5.88154e+01
-2.33316e-01 1.50698e+00 5.25861e+01
-2.48236e-01 1.56941e+00 4.67663e+01
-2.63944e-01 1.63172e+00 4.13327e+01
-2.80440e-01 1.69393e+00 3.62619e+01
-2.97720e-01 1.75604e+00 3.15312e+01
-3.15785e-01 1.81806e+00 2.71186e+01
-3.34631e-01 1.88000e+00 2.30030e+01
-3.54259e-01 1.94187e+00 1.91647e+01
-3.74667e-01 2.00368e+00 1.55852e+01
-3.95855e-01 2.06543e+00 1.22471e+01
-4.17822e-01 2.12714e+00 9.13449e+00
-4.40567e-01 2.18882e+00 6.23244e+00
-4.64092e-01 2.25046e+00 3.52725e+00
-4.88396e-01 2.31209e+00 1.00629e+00
-5.13479e-01 2.37371e+00 -1.34207e+00
-5.39342e-01 2.43533e+00 -3.52855e+00
-5.66569e-01 2.49780e+00 1.25274e+01
-5.95139e-01 2.56102e+00 1.21132e+01
-6.24465e-01 2.62413e+00 1.16886e+01
-6.54547e-01 2.68712e+00 1.12555e+01
-6.85388e-01 2.75001e+00 1.08155e+01
-7.16989e-01 2.81281e+00 1.03699e+01
-7.49354e-01 2.87553e+00 9.92003e+00
-7.82483e-01 2.93818e+00 9.46690e+00
-8.16381e-01 3.00076e+00 9.01146e+00
-8.51049e-01 3.06328e+00 8.55451e+00
-8.86492e-01 3.12575e+00 8.09677e+00
-9.22712e-01 3.18818e+00 7.63887e+00
-9.59712e-01 3.25058e+00 7.18136e+00
-9.97497e-01 3.31296e+00 6.72471e+00
-1.03607e+00 3.37532e+00 6.26935e+00
-1.07543e+00 3.43768e+00 5.81562e+00
-1.11560e+00 3.50003e+00 5.36386e+00
-1.15656e+00 3.56240e+00 4.91433e+00
-1.19833e+00 3.62479e+00 4.46728e+00
-1.24091e+00 3.68720e+00 4.02290e+00
-1.28430e+00 3.74965e+00 3.58137e+00
-1.32852e+00 3.81214e+00 3.14285e+00
-1.37356e+00 3.87469e+00 2.70746e+00
-1.41943e+00 3.93729e+00 2.27531e+00
-1.46615e+00 3.99997e+00 1.84648e+00
-1.07906e-01 9.51669e-01 1.02366e+02
-1.13988e-01 1.01524e+00 9.41970e+01
-1.20747e-01 1.07863e+00 8.63303e+01
-1.28182e-01 1.14187e+00 7.88117e+01
-1.36288e-01 1.20494e+00 7.16695e+01
-1.45064e-01 1.26787e+00 6.49176e+01
-1.54507e-01 1.33065e+00 5.85593e+01
-1.64615e-01 1.39330e+00 5.25900e+01
-1.75385e-01 1.45583e+00 4.69991e+01
-1.86817e-01 1.51824e+00 4.17724e+01
-1.98908e-01 1.58054e+00 3.68928e+01
-2.11656e-01 1.64273e+00 3.23421e+01
-2.25061e-01 1.70483e+00 2.81015e+01
-2.39120e-01 1.76685e+00 2.41520e+01
-2.53833e-01 1.82878e+00 2.04752e+01
-2.69200e-01 1.89064e+00 1.70535e+01
-2.85218e-01 1.95243e+00 1.38698e+01
-3.01888e-01 2.01416e+00 1.09083e+01
-3.19208e-01 2.07585e+00 8.15424e+00
-3.37179e-01 2.13748e+00 5.59366e+00
-3.55801e-01 2.19908e+00 3.21378e+00
-3.75073e-01 2.26065e+00 1.00277e+00
-3.94995e-01 2.32220e+00 -1.05030e+00
-4.15568e-01 2.38373e+00 -2.95545e+00
-4.36792e-01 2.44525e+00 -4.72191e+00
-4.59129e-01 2.50745e+00 9.76381e+00
-4.82564e-01 2.57026e+00 9.36370e+00
-5.06630e-01 2.63296e+00 8.96930e+00
-5.31330e-01 2.69556e+00 8.58068e+00
-5.56664e-01 2.75808e+00 8.19786e+00
-5.82633e-01 2.82051e+00 7.82085e+00
-6.09239e-01 2.88286e+00 7.44962e+00
-6.36484e-01 2.94514e+00 7.08414e+00
-6.64369e-01 3.00736e+00 6.72436e+00
-6.92896e-01 3.06953e+00 6.37022e+00
-7.22068e-01 3.13164e+00 6.02166e+00
-7.51887e-01 3.19372e+00 5.67859e+00
-7.82354e-01 3.25575e+00 5.34094e+00
-8.13472e-01 3.31776e+00 5.00863e+00
-8.45244e-01 3.37975e+00 4.68155e+00
-8.77673e-01 3.44173e+00 4.35963e+00
-9.10762e-01 3.50369e+00 4.04278e+00
-9.44513e-01 3.56566e+00 3.73091e+00
-9.78929e-01 3.62763e+00 3.42391e+00
-1.01402e+00 3.68962e+00 3.12171e+00
-1.04977e+00 3.75162e+00 2.82421e+00
-1.08621e+00 3.81365e+00 2.53133e+00
-1.12332e+00 3.87572e+00 2.24297e+00
-1.16112e+00 3.93782e+00 1.95905e+00
-1.19960e+00 3.99997e+00 1.67948e+00
-8.08192e-02 9.64500e-01 7.74779e+01
-8.53306e-02 1.02763e+00 7.10925e+01
-9.03670e-02 1.09062e+00 6.49319e+01
-9.59267e-02 1.15349e+00 5.90383e+01
-1.02008e-01 1.21622e+00 5.34387e+01
-1.08610e-01 1.27884e+00 4.81481e+01
-1.15730e-01 1.34135e+00 4.31713e+01
-1.23367e-01 1.40375e+00 3.85061e+01
-1.31521e-01 1.46605e+00 3.41449e+01
-1.40190e-01 1.52825e+00 3.00765e+01
-1.49372e-01 1.59036e+00 2.62874e+01
-1.59068e-01 1.65239e+00 2.27626e+01
-1.69276e-01 1.71434e+00 1.94867e+01
-1.79995e-01 1.77622e+00 1.64441e+01
-1.91225e-01 1.83803e+00 1.36197e+01
-2.02965e-01 1.89977e+00 1.09989e+01
-2.15214e-01 1.96147e+00 8.56776e+00
-2.27973e-01 2.02310e+00 6.31333e+00
-2.41241e-01 2.08470e+00 4.22346e+00
-2.55017e-01 2.14625e+00 2.28693e+00
-2.69302e-01 2.20777e+00 4.93370e-01
-2.84095e-01 2.26926e+00 -1.16676e+00
-2.99396e-01 2.33072e+00 -2.70220e+00
-3.15206e-01 2.39217e+00 -4.12095e+00
-3.31525e-01 2.45360e+00 -5.43034e+00
-3.48696e-01 2.51555e+00 6.75239e+00
-3.66707e-01 2.57795e+00 6.39151e+00
-3.85214e-01 2.64026e+00 6.05049e+00
-4.04216e-01 2.70249e+00 5.72760e+00
-4.23715e-01 2.76465e+00 5.42128e+00
-4.43711e-01 2.82674e+00 5.13013e+00
-4.64204e-01 2.88876e+00 4.85292e+00
-4.85197e-01 2.95072e+00 4.58854e+00
-5.06690e-01 3.01263e+00 4.33600e+00
-5.28683e-01 3.07448e+00 4.09439e+00
-5.51179e-01 3.13630e+00 3.86291e+00
-5.74179e-01 3.19807e+00 3.64083e+00
-5.97683e-01 3.25981e+00 3.42750e+00
-6.21694e-01 3.32152e+00 3.22233e+00
-6.46213e-01 3.38321e+00 3.02476e+00
-6.71241e-01 3.44488e+00 2.83432e+00
-6.96781e-01 3.50654e+00 2.65055e+00
-7.22833e-01 3.56819e+00 2.47306e+00
-7.49401e-01 3.62984e+00 2.30148e+00
-7.76485e-01 3.69149e+00 2.13547e+00
-8.04088e-01 3.75315e+00 1.97473e+00
-8.32213e-01 3.81482e+00 1.81896e+00
-8.60860e-01 3.87651e+00 1.66792e+00
-8.90033e-01 3.93823e+00 1.52138e+00
-9.19734e-01 3.99997e+00 1.37910e+00
-5.37829e-02 9.76833e-01 5.06202e+01
-5.67575e-02 1.03942e+00 4.60311e+01
-6.00930e-02 1.10192e+00 4.16428e+01
-6.37885e-02 1.16432e+00 3.74802e+01
-6.78434e-02 1.22664e+00 3.35575e+01
-7.22568e-02 1.28887e+00 2.98802e+01
-7.70281e-02 1.35102e+00 2.64471e+01
-8.21567e-02 1.41310e+00 2.32521e+01
-8.76420e-02 1.47510e+00 2.02857e+01
-9.34834e-02 1.53704e+00 1.75364e+01
-9.96805e-02 1.59891e+00 1.49917e+01
-1.06233e-01 1.66072e+00 1.26382e+01
-1.13140e-01 1.72247e+00 1.04629e+01
-1.20401e-01 1.78417e+00 8.45305e+00
-1.28017e-01 1.84582e+00 6.59656e+00
-1.35986e-01 1.90743e+00 4.88204e+00
-1.44309e-01 1.96899e+00 3.29891e+00
-1.52985e-01 2.03051e+00 1.83746e+00
-1.62015e-01 2.09200e+00 4.88751e-01
-1.71397e-01 2.15346e+00 -7.55326e-01
-1.81133e-01 2.21489e+00 -1.90215e+00
-1.91221e-01 2.27629e+00 -2.95841e+00
-2.01663e-01 2.33768e+00 -3.93014e+00
-2.12457e-01 2.39904e+00 -4.82279e+00
-2.23604e-01 2.46040e+00 -5.64130e+00
-2.35331e-01 2.52209e+00 3.50217e+00
-2.47630e-01 2.58410e+00 3.20792e+00
-2.60274e-01 2.64604e+00 2.94535e+00
-2.73263e-01 2.70792e+00 2.71094e+00
-2.86596e-01 2.76974e+00 2.50161e+00
-3.00274e-01 2.83151e+00 2.31462e+00
-3.14299e-01 2.89324e+00 2.14758e+00
-3.28669e-01 2.95491e+00 1.99837e+00
-3.43386e-01 3.01655e+00 1.86513e+00
-3.58450e-01 3.07815e+00 1.74621e+00
-3.73862e-01 3.13971e+00 1.64013e+00
-3.89622e-01 3.20124e+00 1.54560e+00
-4.05731e-01 3.26275e+00 1.46147e+00
-4.22189e-01 3.32423e+00 1.38670e+00
-4.38998e-01 3.38569e+00 1.32039e+00
-4.56158e-01 3.44714e+00 1.26171e+00
-4.73669e-01 3.50857e+00 1.20995e+00
-4.91533e-01 3.56999e+00 1.16445e+00
-5.09751e-01 3.63141e+00 1.12464e+00
-5.28324e-01 3.69282e+00 1.08999e+00
-5.47251e-01 3.75423e+00 1.06004e+00
-5.66535e-01 3.81565e+00 1.03437e+00
-5.86177e-01 3.87708e+00 1.01262e+00
-6.06177e-01 3.93852e+00 9.94450e-01
-6.26537e-01 3.99997e+00 9.79557e-01
-2.68354e-02 9.88664e-01 2.17803e+01
-2.83066e-02 1.05062e+00 1.90003e+01
-2.99635e-02 1.11252e+00 1.64548e+01
-3.18059e-02 1.17438e+00 1.41365e+01
-3.38337e-02 1.23619e+00 1.20338e+01
-3.60465e-02 1.29795e+00 1.01316e+01
-3.84443e-02 1.35968e+00 8.41371e+00
-4.10269e-02 1.42136e+00 6.86317e+00
-4.37941e-02 1.48301e+00 5.46358e+00
-4.67457e-02 1.54462e+00 4.19941e+00
-4.98817e-02 1.60619e+00 3.05630e+00
-5.32020e-02 1.66774e+00 2.02123e+00
-5.67063e-02 1.72925e+00 1.08259e+00
-6.03946e-02 1.79073e+00 2.30084e-01
-6.42669e-02 1.85219e+00 -5.45286e-01
-6.83230e-02 1.91362e+00 -1.25137e+00
-7.25628e-02 1.97502e+00 -1.89496e+00
-7.69864e-02 2.03641e+00 -2.48193e+00
-8.15937e-02 2.09777e+00 -3.01732e+00
-8.63845e-02 2.15912e+00 -3.50545e+00
-9.13590e-02 2.22045e+00 -3.95004e+00
-9.65171e-02 2.28177e+00 -4.35423e+00
-1.01859e-01 2.34307e+00 -4.72075e+00
-1.07384e-01 2.40437e+00 -5.05190e+00
-1.13093e-01 2.46565e+00 -5.34963e+00
-1.19098e-01 2.52711e+00 2.65344e-02
-1.25394e-01 2.58872e+00 -1.71867e-01
-1.31871e-01 2.65029e+00 -3.29503e-01
-1.38527e-01 2.71184e+00 -4.51583e-01
-1.45362e-01 2.77335e+00 -5.42641e-01
-1.52378e-01 2.83484e+00 -6.06619e-01
-1.59573e-01 2.89629e+00 -6.46958e-01
-1.66948e-01 2.95773e+00 -6.66660e-01
-1.74503e-01 3.01913e+00 -6.68349e-01
-1.82238e-01 3.08052e+00 -6.54320e-01
-1.90154e-01 3.14189e+00 -6.26587e-01
-1.98250e-01 3.20324e+00 -5.86911e-01
-2.06526e-01 3.26457e+00 -5.36840e-01
-2.14984e-01 3.32589e+00 -4.77732e-01
-2.23622e-01 3.38720e+00 -4.10783e-01
-2.32442e-01 3.44849e+00 -3.37042e-01
-2.41443e-01 3.50978e+00 -2.57433e-01
-2.50626e-01 3.57106e+00 -1.72767e-01
-2.59991e-01 3.63233e+00 -8.37603e-02
-2.69537e-01 3.69361e+00 8.95824e-03
-2.79267e-01 3.75487e+00 1.04835e-01
-2.89178e-01 3.81614e+00 2.03383e-01
-2.99273e-01 3.87742e+00 3.04173e-01
-3.09551e-01 3.93869e+00 4.06830e-01
-3.20012e-01 3.99997e+00 5.11024e-01
-1.31066e-05 9.99995e-01 -9.07126e+00
-1.38192e-05 1.06122e+00 -1.00248e+01
-1.46252e-05 1.12244e+00 -1.06481e+01
-1.55246e-05 1.18367e+00 -1.09968e+01
-1.65175e-05 1.24489e+00 -1.11235e+01
-1.76038e-05 1.30612e+00 -1.10758e+01
-1.87835e-05 1.36734e+00 -1.08952e+01
-2.00567e-05 1.42856e+00 -1.06169e+01
-2.14233e-05 1.48979e+00 -1.02700e+01
-2.28834e-05 1.55101e+00 -9.87784e+00
-2.44369e-05 1.61224e+00 -9.45902e+00
-2.60838e-05 1.67346e+00 -9.02776e+00
-2.78242e-05 1.73468e+00 -8.59482e+00
-2.96580e-05 1.79591e+00 -8.16806e+00
-3.15853e-05 1.85713e+00 -7.75302e+00
-3.36060e-05 1.91836e+00 -7.35342e+00
-3.57201e-05 1.97958e+00 -6.97150e+00
-3.79277e-05 2.04080e+00 -6.60842e+00
-4.02287e-05 2.10203e+00 -6.26448e+00
-4.26232e-05 2.16325e+00 -5.93934e+00
-4.51111e-05 2.22448e+00 -5.63220e+00
-4.76924e-05 2.28570e+00 -5.34192e+00
-5.03672e-05 2.34692e+00 -5.06715e+00
-5.31354e-05 2.40815e+00 -4.80636e+00
-5.59971e-05 2.46937e+00 -4.55795e+00
-5.90064e-05 2.53060e+00 -3.65698e+00
-6.21620e-05 2.59182e+00 -3.72896e+00
-6.54091e-05 2.65304e+00 -3.75423e+00
-6.87477e-05 2.71427e+00 -3.73954e+00
-7.21778e-05 2.77549e+00 -3.69068e+00
-7.56994e-05 2.83672e+00 -3.61265e+00
-7.93125e-05 2.89794e+00 -3.50976e+00
-8.30171e-05 2.95916e+00 -3.38574e+00
-8.68132e-05 3.02039e+00 -3.24381e+00
-9.07008e-05 3.08161e+00 -3.08676e+00
-9.46800e-05 3.14284e+00 -2.91700e+00
-9.87506e-05 3.20406e+00 -2.73663e+00
-1.02913e-04 3.26528e+00 -2.54747e+00
-1.07166e-04 3.32651e+00 -2.35108e+00
-1.11512e-04 3.38773e+00 -2.14883e+00
-1.15948e-04 3.44896e+00 -1.94190e+00
-1.20476e-04 3.51018e+00 -1.73132e+00
-1.25096e-04 3.57140e+00 -1.51797e+00
-1.29807e-04 3.63263e+00 -1.30261e+00
-1.34610e-04 3.69385e+00 -1.08592e+00
-1.39504e-04 3.75507e+00 -8.68469e-01
-1.44490e-04 3.81630e+00 -6.50740e-01
-1.49567e-04 3.87752e+00 -4.33162e-01
-1.54736e-04 3.93875e+00 -2.16095e-01
-1.59996e-04 3.99997e+00 1.51002e-04
