-1.00000e+00 0.00000e+00 4.96432e+02
-1.06122e+00 0.00000e+00 4.57569e+02
-1.12245e+00 0.00000e+00 4.32806e+02
-1.18367e+00 0.00000e+00 4.21415e+02
-1.24490e+00 0.00000e+00 4.22369e+02
-1.30612e+00 0.00000e+00 4.34471e+02
-1.36734e+00 0.00000e+00 4.56453e+02
-1.42857e+00 0.00000e+00 4.87052e+02
-1.48979e+00 0.00000e+00 5.25068e+02
-1.55101e+00 0.00000e+00 5.69386e+02
-1.61224e+00 0.00000e+00 6.19006e+02
-1.67346e+00 0.00000e+00 6.73036e+02
-1.73469e+00 0.00000e+00 7.30700e+02
-1.79591e+00 0.00000e+00 6.00411e+02
-1.85713e+00 0.00000e+00 6.03178e+02
-1.91836e+00 0.00000e+00 6.06510e+02
-1.97958e+00 0.00000e+00 6.10350e+02
-2.04081e+00 0.00000e+00 6.14646e+02
-2.10203e+00 0.00000e+00 6.19350e+02
-2.16325e+00 0.00000e+00 6.24420e+02
-2.22448e+00 0.00000e+00 6.29817e+02
-2.28570e+00 0.00000e+00 6.35506e+02
-2.34693e+00 0.00000e+00 6.41456e+02
-2.40815e+00 0.00000e+00 6.47641e+02
-2.46937e+00 0.00000e+00 6.54034e+02
-2.53060e+00 0.00000e+00 6.48648e+02
-2.59182e+00 0.00000e+00 6.49301e+02
-2.65304e+00 0.00000e+00 6.50089e+02
-2.71427e+00 0.00000e+00 6.51000e+02
-2.77549e+00 0.00000e+00 6.52022e+02
-2.83672e+00 0.00000e+00 6.53143e+02
-2.89794e+00 0.00000e+00 6.54356e+02
-2.95916e+00 0.00000e+00 6.55651e+02
-3.02039e+00 0.00000e+00 6.57021e+02
-3.08161e+00 0.00000e+00 6.58459e+02
-3.14284e+00 0.00000e+00 6.59959e+02
-3.20406e+00 0.00000e+00 6.61515e+02
-3.26528e+00 0.00000e+00 6.62579e+02
-3.32651e+00 0.00000e+00 6.62552e+02
-3.38773e+00 0.00000e+00 6.62604e+02
-3.44896e+00 0.00000e+00 6.62727e+02
-3.51018e+00 0.00000e+00 6.62913e+02
-3.57140e+00 0.00000e+00 6.63158e+02
-3.63263e+00 0.00000e+00 6.63454e+02
-3.69385e+00 0.00000e+00 6.63798e+02
-3.75507e+00 0.00000e+00 6.64184e+02
-3.81630e+00 0.00000e+00 6.64609e+02
-3.87752e+00 0.00000e+00 6.65069e+02
-3.93875e+00 0.00000e+00 6.65560e+02
-3.99997e+00 0.00000e+00 6.66079e+02
-9.88237e-01 2.78398e-02 4.44125e+02
-1.05003e+00 2.92779e-02 4.18547e+02
-1.11179e+00 3.09015e-02 4.04779e+02
-1.17350e+00 3.27102e-02 4.02128e+02
-1.23518e+00 3.47038e-02 4.09701e+02
-1.29681e+00 3.68822e-02 4.26495e+02
-1.35842e+00 3.92452e-02 4.51471e+02
-1.41998e+00 4.17927e-02 4.83604e+02
-1.48152e+00 4.45244e-02 5.21925e+02
-1.54303e+00 4.74402e-02 5.65540e+02
-1.60451e+00 5.05401e-02 6.13639e+02
-1.66597e+00 5.38237e-02 6.65503e+02
-1.72740e+00 5.72912e-02 7.20502e+02
-1.78901e+00 6.09850e-02 6.04449e+02
-1.85066e+00 6.48789e-02 6.06564e+02
-1.91227e+00 6.89589e-02 6.09246e+02
-1.97385e+00 7.32250e-02 6.12442e+02
-2.03540e+00 7.76771e-02 6.16104e+02
-2.09692e+00 8.23152e-02 6.20185e+02
-2.15842e+00 8.71391e-02 6.24645e+02
-2.21989e+00 9.21490e-02 6.29448e+02
-2.28134e+00 9.73447e-02 6.34559e+02
-2.34277e+00 1.02726e-01 6.39948e+02
-2.40418e+00 1.08294e-01 6.45588e+02
-2.46557e+00 1.14047e-01 6.51454e+02
-2.52703e+00 1.20017e-01 6.48437e+02
-2.58856e+00 1.26201e-01 6.49012e+02
-2.65006e+00 1.32571e-01 6.49725e+02
-2.71154e+00 1.39125e-01 6.50563e+02
-2.77300e+00 1.45864e-01 6.51515e+02
-2.83443e+00 1.52789e-01 6.52571e+02
-2.89584e+00 1.59899e-01 6.53719e+02
-2.95724e+00 1.67194e-01 6.54953e+02
-3.01862e+00 1.74674e-01 6.56265e+02
-3.07998e+00 1.82340e-01 6.57647e+02
-3.14133e+00 1.90192e-01 6.59093e+02
-3.20268e+00 1.98229e-01 6.60599e+02
-3.26403e+00 2.06463e-01 6.61672e+02
-3.32544e+00 2.14911e-01 6.61533e+02
-3.38682e+00 2.23540e-01 6.61471e+02
-3.44819e+00 2.32351e-01 6.61478e+02
-3.50954e+00 2.41343e-01 6.61549e+02
-3.57088e+00 2.50518e-01 6.61677e+02
-3.63220e+00 2.59875e-01 6.61857e+02
-3.69351e+00 2.69414e-01 6.62084e+02
-3.75481e+00 2.79137e-01 6.62355e+02
-3.81611e+00 2.89042e-01 6.62664e+02
-3.87740e+00 2.99130e-01 6.63010e+02
-3.93869e+00 3.09402e-01 6.63388e+02
-3.99997e+00 3.19858e-01 6.63797e+02
-9.75984e-01 5.57237e-02 3.97829e+02
-1.03826e+00 5.86306e-02 3.84453e+02
-1.10046e+00 6.18973e-02 3.80561e+02
-1.16258e+00 6.55230e-02 3.85568e+02
-1.22462e+00 6.95071e-02 3.98752e+02
-1.28660e+00 7.38487e-02 4.19323e+02
-1.34851e+00 7.85472e-02 4.46475e+02
-1.41036e+00 8.36019e-02 4.79417e+02
-1.47215e+00 8.90123e-02 5.17403e+02
-1.53389e+00 9.47779e-02 5.59744e+02
-1.59557e+00 1.00898e-01 6.05813e+02
-1.65721e+00 1.07372e-01 6.55054e+02
-1.71881e+00 1.14201e-01 7.06971e+02
-1.78077e+00 1.21475e-01 6.06350e+02
-1.84279e+00 1.29139e-01 6.08055e+02
-1.90476e+00 1.37161e-01 6.10310e+02
-1.96666e+00 1.45541e-01 6.13067e+02
-2.02851e+00 1.54278e-01 6.16281e+02
-2.09031e+00 1.63373e-01 6.19909e+02
-2.15206e+00 1.72826e-01 6.23913e+02
-2.21376e+00 1.82635e-01 6.28259e+02
-2.27543e+00 1.92803e-01 6.32914e+02
-2.33705e+00 2.03327e-01 6.37850e+02
-2.39865e+00 2.14209e-01 6.43040e+02
-2.46021e+00 2.25448e-01 6.48462e+02
-2.52193e+00 2.37110e-01 6.47298e+02
-2.58377e+00 2.49192e-01 6.47825e+02
-2.64557e+00 2.61630e-01 6.48491e+02
-2.70732e+00 2.74423e-01 6.49285e+02
-2.76903e+00 2.87572e-01 6.50193e+02
-2.83070e+00 3.01077e-01 6.51206e+02
-2.89234e+00 3.14939e-01 6.52314e+02
-2.95394e+00 3.29158e-01 6.53510e+02
-3.01552e+00 3.43734e-01 6.54784e+02
-3.07708e+00 3.58668e-01 6.56131e+02
-3.13861e+00 3.73960e-01 6.57543e+02
-3.20013e+00 3.89611e-01 6.59016e+02
-3.26168e+00 4.05644e-01 6.60022e+02
-3.32333e+00 4.22097e-01 6.59803e+02
-3.38495e+00 4.38901e-01 6.59657e+02
-3.44654e+00 4.56055e-01 6.59577e+02
-3.50809e+00 4.73562e-01 6.59558e+02
-3.56963e+00 4.91421e-01 6.59594e+02
-3.63114e+00 5.09634e-01 6.59682e+02
-3.69263e+00 5.28201e-01 6.59816e+02
-3.75411e+00 5.47124e-01 6.59993e+02
-3.81559e+00 5.66403e-01 6.60209e+02
-3.87705e+00 5.86040e-01 6.60461e+02
-3.93851e+00 6.06035e-01 6.60746e+02
-3.99997e+00 6.26390e-01 6.61061e+02
-9.63240e-01 8.36112e-02 3.57707e+02
-1.02590e+00 8.80178e-02 3.55446e+02
-1.08845e+00 9.29474e-02 3.60311e+02
-1.15089e+00 9.83982e-02 3.71883e+02
-1.21323e+00 1.04368e-01 3.89652e+02
-1.27547e+00 1.10857e-01 4.13064e+02
-1.33761e+00 1.17862e-01 4.41550e+02
-1.39968e+00 1.25382e-01 4.74550e+02
-1.46166e+00 1.33416e-01 5.11534e+02
-1.52356e+00 1.41963e-01 5.52007e+02
-1.58540e+00 1.51022e-01 5.95517e+02
-1.64718e+00 1.60592e-01 6.41657e+02
-1.70890e+00 1.70672e-01 6.90061e+02
-1.77115e+00 1.81413e-01 6.06171e+02
-1.83351e+00 1.92721e-01 6.07697e+02
-1.89579e+00 2.04544e-01 6.09740e+02
-1.95799e+00 2.16884e-01 6.12257e+02
-2.02011e+00 2.29739e-01 6.15204e+02
-2.08216e+00 2.43109e-01 6.18545e+02
-2.14415e+00 2.56993e-01 6.22243e+02
-2.20608e+00 2.71393e-01 6.26267e+02
-2.26795e+00 2.86306e-01 6.30588e+02
-2.32977e+00 3.01735e-01 6.35178e+02
-2.39156e+00 3.17678e-01 6.40014e+02
-2.45330e+00 3.34136e-01 6.45074e+02
-2.51527e+00 3.51214e-01 6.45244e+02
-2.57744e+00 3.68909e-01 6.45751e+02
-2.63955e+00 3.87115e-01 6.46398e+02
-2.70159e+00 4.05834e-01 6.47172e+02
-2.76358e+00 4.25065e-01 6.48061e+02
-2.82552e+00 4.44809e-01 6.49055e+02
-2.88742e+00 4.65068e-01 6.50145e+02
-2.94928e+00 4.85842e-01 6.51322e+02
-3.01110e+00 5.07132e-01 6.52580e+02
-3.07290e+00 5.28939e-01 6.53911e+02
-3.13467e+00 5.51265e-01 6.55309e+02
-3.19642e+00 5.74110e-01 6.56768e+02
-3.25823e+00 5.97512e-01 6.57633e+02
-3.32019e+00 6.21532e-01 6.57365e+02
-3.38211e+00 6.46059e-01 6.57163e+02
-3.44399e+00 6.71094e-01 6.57024e+02
-3.50584e+00 6.96639e-01 6.56942e+02
-3.56765e+00 7.22696e-01 6.56913e+02
-3.62944e+00 7.49266e-01 6.56932e+02
-3.69122e+00 7.76353e-01 6.56996e+02
-3.75297e+00 8.03957e-01 6.57101e+02
-3.81472e+00 8.32080e-01 6.57245e+02
-3.87647e+00 8.60726e-01 6.57423e+02
-3.93822e+00 8.89897e-01 6.57635e+02
-3.99997e+00 9.19594e-01 6.57876e+02
-9.50011e-01 1.11460e-01 3.23963e+02
-1.01296e+00 1.17398e-01 3.31715e+02
-1.07577e+00 1.24010e-01 3.44196e+02
-1.13844e+00 1.31293e-01 3.61220e+02
-1.20098e+00 1.39245e-01 3.82530e+02
-1.26340e+00 1.47863e-01 4.07824e+02
-1.32571e+00 1.57144e-01 4.36778e+02
-1.38792e+00 1.67086e-01 4.69062e+02
-1.45003e+00 1.77687e-01 5.04355e+02
-1.51205e+00 1.88946e-01 5.42347e+02
-1.57398e+00 2.00860e-01 5.82751e+02
-1.63585e+00 2.13429e-01 6.25299e+02
-1.69764e+00 2.26649e-01 6.69748e+02
-1.76015e+00 2.40740e-01 6.03990e+02
-1.82281e+00 2.55564e-01 6.05557e+02
-1.88537e+00 2.71048e-01 6.07594e+02
-1.94782e+00 2.87192e-01 6.10060e+02
-2.01019e+00 3.03995e-01 6.12917e+02
-2.07247e+00 3.21457e-01 6.16130e+02
-2.13468e+00 3.39577e-01 6.19669e+02
-2.19682e+00 3.58354e-01 6.23503e+02
-2.25889e+00 3.77790e-01 6.27608e+02
-2.32091e+00 3.97884e-01 6.31958e+02
-2.38289e+00 4.18636e-01 6.36533e+02
-2.44482e+00 4.40046e-01 6.41312e+02
-2.50706e+00 4.62266e-01 6.42302e+02
-2.56957e+00 4.85289e-01 6.42815e+02
-2.63200e+00 5.08966e-01 6.43466e+02
-2.69436e+00 5.33298e-01 6.44243e+02
-2.75666e+00 5.58286e-01 6.45135e+02
-2.81890e+00 5.83931e-01 6.46131e+02
-2.88109e+00 6.10234e-01 6.47224e+02
-2.94324e+00 6.37198e-01 6.48403e+02
-3.00535e+00 6.64824e-01 6.49663e+02
-3.06744e+00 6.93114e-01 6.50997e+02
-3.12950e+00 7.22069e-01 6.52397e+02
-3.19155e+00 7.51692e-01 6.53860e+02
-3.25368e+00 7.82035e-01 6.54517e+02
-3.31602e+00 8.13187e-01 6.54228e+02
-3.37831e+00 8.44989e-01 6.54000e+02
-3.44056e+00 8.77445e-01 6.53829e+02
-3.50277e+00 9.10557e-01 6.53710e+02
-3.56496e+00 9.44328e-01 6.53639e+02
-3.62711e+00 9.78762e-01 6.53614e+02
-3.68926e+00 1.01386e+00 6.53631e+02
-3.75139e+00 1.04963e+00 6.53686e+02
-3.81352e+00 1.08607e+00 6.53778e+02
-3.87566e+00 1.12319e+00 6.53903e+02
-3.93780e+00 1.16099e+00 6.54060e+02
-3.99997e+00 1.19947e+00 6.54247e+02
-9.36299e-01 1.39225e-01 2.96843e+02
-9.99433e-01 1.46727e-01 3.13470e+02
-1.06240e+00 1.55041e-01 3.32396e+02
-1.12521e+00 1.64164e-01 3.53733e+02
-1.18787e+00 1.74092e-01 3.77511e+02
-1.25040e+00 1.84820e-01 4.03704e+02
-1.31280e+00 1.96346e-01 4.32238e+02
-1.37508e+00 2.08665e-01 4.63011e+02
-1.43725e+00 2.21775e-01 4.95905e+02
-1.49932e+00 2.35674e-01 5.30787e+02
-1.56130e+00 2.50358e-01 5.67525e+02
-1.62320e+00 2.65826e-01 6.05981e+02
-1.68503e+00 2.82075e-01 6.46027e+02
-1.74775e+00 2.99397e-01 5.99898e+02
-1.81067e+00 3.17608e-01 6.01716e+02
-1.87346e+00 3.36610e-01 6.03942e+02
-1.93615e+00 3.56402e-01 6.06540e+02
-1.99873e+00 3.76983e-01 6.09474e+02
-2.06123e+00 3.98353e-01 6.12714e+02
-2.12364e+00 4.20510e-01 6.16232e+02
-2.18598e+00 4.43456e-01 6.20004e+02
-2.24825e+00 4.67189e-01 6.24006e+02
-2.31046e+00 4.91709e-01 6.28218e+02
-2.37263e+00 5.17018e-01 6.32622e+02
-2.43476e+00 5.43116e-01 6.37199e+02
-2.49728e+00 5.70202e-01 6.38506e+02
-2.56013e+00 5.98271e-01 6.39048e+02
-2.62291e+00 6.27123e-01 6.39726e+02
-2.68561e+00 6.56759e-01 6.40527e+02
-2.74824e+00 6.87180e-01 6.41442e+02
-2.81081e+00 7.18390e-01 6.42460e+02
-2.87333e+00 7.50389e-01 6.43573e+02
-2.93582e+00 7.83180e-01 6.44772e+02
-2.99827e+00 8.16766e-01 6.46052e+02
-3.06070e+00 8.51150e-01 6.47404e+02
-3.12311e+00 8.86334e-01 6.48824e+02
-3.18551e+00 9.22322e-01 6.50305e+02
-3.24802e+00 9.59184e-01 6.50690e+02
-3.31081e+00 9.97036e-01 6.50409e+02
-3.37355e+00 1.03567e+00 6.50181e+02
-3.43624e+00 1.07509e+00 6.50003e+02
-3.49890e+00 1.11530e+00 6.49872e+02
-3.56153e+00 1.15631e+00 6.49784e+02
-3.62415e+00 1.19811e+00 6.49737e+02
-3.68676e+00 1.24072e+00 6.49728e+02
-3.74937e+00 1.28414e+00 6.49755e+02
-3.81199e+00 1.32837e+00 6.49816e+02
-3.87462e+00 1.37343e+00 6.49908e+02
-3.93728e+00 1.41931e+00 6.50030e+02
-3.99997e+00 1.46602e+00 6.50180e+02
-9.22112e-01 1.66860e-01 2.76636e+02
-9.85323e-01 1.75959e-01 3.00947e+02
-1.04835e+00 1.85996e-01 3.25103e+02
-1.11121e+00 1.96966e-01 3.49574e+02
-1.17390e+00 2.08863e-01 3.74719e+02
-1.23645e+00 2.21682e-01 4.00800e+02
-1.29886e+00 2.35419e-01 4.28004e+02
-1.36114e+00 2.50069e-01 4.56454e+02
-1.42331e+00 2.65629e-01 4.86226e+02
-1.48537e+00 2.82094e-01 5.17358e+02
-1.54735e+00 2.99462e-01 5.49860e+02
-1.60924e+00 3.17728e-01 5.83720e+02
-1.67106e+00 3.36892e-01 6.18909e+02
-1.73394e+00 3.57326e-01 5.94001e+02
-1.79707e+00 3.78794e-01 5.96270e+02
-1.86007e+00 4.01170e-01 5.98871e+02
-1.92295e+00 4.24452e-01 6.01772e+02
-1.98573e+00 4.48641e-01 6.04941e+02
-2.04841e+00 4.73734e-01 6.08354e+02
-2.11101e+00 4.99731e-01 6.11986e+02
-2.17354e+00 5.26632e-01 6.15815e+02
-2.23600e+00 5.54438e-01 6.19824e+02
-2.29841e+00 5.83147e-01 6.23994e+02
-2.36078e+00 6.12762e-01 6.28311e+02
-2.42311e+00 6.43282e-01 6.32761e+02
-2.48592e+00 6.74963e-01 6.33901e+02
-2.54914e+00 7.07797e-01 6.34492e+02
-2.61227e+00 7.41529e-01 6.35215e+02
-2.67533e+00 7.76161e-01 6.36060e+02
-2.73832e+00 8.11695e-01 6.37015e+02
-2.80126e+00 8.48135e-01 6.38071e+02
-2.86416e+00 8.85483e-01 6.39221e+02
-2.92701e+00 9.23742e-01 6.40456e+02
-2.98985e+00 9.62917e-01 6.41769e+02
-3.05267e+00 1.00301e+00 6.43155e+02
-3.11548e+00 1.04403e+00 6.44607e+02
-3.17830e+00 1.08597e+00 6.46121e+02
-3.24126e+00 1.12893e+00 6.46177e+02
-3.30456e+00 1.17305e+00 6.45929e+02
-3.36781e+00 1.21808e+00 6.45727e+02
-3.43103e+00 1.26401e+00 6.45566e+02
-3.49421e+00 1.31086e+00 6.45445e+02
-3.55739e+00 1.35862e+00 6.45362e+02
-3.62055e+00 1.40731e+00 6.45315e+02
-3.68372e+00 1.45692e+00 6.45301e+02
-3.74690e+00 1.50748e+00 6.45320e+02
-3.81011e+00 1.55898e+00 6.45369e+02
-3.87335e+00 1.61144e+00 6.45446e+02
-3.93663e+00 1.66486e+00 6.45551e+02
-3.99997e+00 1.71924e+00 6.45683e+02
-9.08167e-01 1.93016e-01 2.91096e+02
-9.71323e-01 2.03744e-01 3.10711e+02
-1.03429e+00 2.15522e-01 3.30992e+02
-1.09707e+00 2.28341e-01 3.52214e+02
-1.15968e+00 2.42194e-01 3.74566e+02
-1.22214e+00 2.57077e-01 3.98170e+02
-1.28446e+00 2.72981e-01 4.23098e+02
-1.34665e+00 2.89904e-01 4.49381e+02
-1.40873e+00 3.07838e-01 4.77024e+02
-1.47070e+00 3.26780e-01 5.06010e+02
-1.53259e+00 3.46725e-01 5.36308e+02
-1.59439e+00 3.67671e-01 5.67874e+02
-1.65613e+00 3.89613e-01 6.00662e+02
-1.71911e+00 4.13056e-01 5.87228e+02
-1.78238e+00 4.37678e-01 5.89738e+02
-1.84553e+00 4.63311e-01 5.92696e+02
-1.90856e+00 4.89953e-01 5.96032e+02
-1.97148e+00 5.17603e-01 5.99689e+02
-2.03431e+00 5.46261e-01 6.03616e+02
-2.09707e+00 5.75924e-01 6.07770e+02
-2.15975e+00 6.06594e-01 6.12114e+02
-2.22238e+00 6.38271e-01 6.16617e+02
-2.28496e+00 6.70955e-01 6.21251e+02
-2.34751e+00 7.04646e-01 6.25995e+02
-2.41004e+00 7.39347e-01 6.30827e+02
-2.47313e+00 7.75396e-01 6.31009e+02
-2.53671e+00 8.12782e-01 6.31727e+02
-2.60021e+00 8.51166e-01 6.32569e+02
-2.66364e+00 8.90551e-01 6.33523e+02
-2.72701e+00 9.30939e-01 6.34581e+02
-2.79033e+00 9.72336e-01 6.35733e+02
-2.85362e+00 1.01474e+00 6.36972e+02
-2.91689e+00 1.05817e+00 6.38290e+02
-2.98015e+00 1.10261e+00 6.39682e+02
-3.04340e+00 1.14808e+00 6.41142e+02
-3.10667e+00 1.19458e+00 6.42664e+02
-3.16996e+00 1.24212e+00 6.44244e+02
-3.23342e+00 1.29081e+00 6.43376e+02
-3.29729e+00 1.34085e+00 6.43675e+02
-3.36112e+00 1.39190e+00 6.43875e+02
-3.42493e+00 1.44395e+00 6.43979e+02
-3.48873e+00 1.49702e+00 6.43991e+02
-3.55252e+00 1.55111e+00 6.43915e+02
-3.61633e+00 1.60623e+00 6.43755e+02
-3.68015e+00 1.66239e+00 6.43513e+02
-3.74400e+00 1.71960e+00 6.43192e+02
-3.80790e+00 1.77787e+00 6.42796e+02
-3.87185e+00 1.83721e+00 6.42326e+02
-3.93587e+00 1.89763e+00 6.41786e+02
-3.99997e+00 1.95914e+00 6.41177e+02
-8.93832e-01 2.18936e-01 2.99419e+02
-9.56826e-01 2.31325e-01 3.17905e+02
-1.01962e+00 2.44861e-01 3.36874e+02
-1.08223e+00 2.59534e-01 3.56603e+02
-1.14468e+00 2.75337e-01 3.77282e+02
-1.20697e+00 2.92261e-01 3.99043e+02
-1.26912e+00 3.10300e-01 4.21967e+02
-1.33115e+00 3.29448e-01 4.46097e+02
-1.39307e+00 3.49697e-01 4.71452e+02
-1.45489e+00 3.71044e-01 4.98029e+02
-1.51663e+00 3.93483e-01 5.25810e+02
-1.57830e+00 4.17010e-01 5.54770e+02
-1.63992e+00 4.41620e-01 5.84873e+02
-1.70294e+00 4.67953e-01 5.80061e+02
-1.76631e+00 4.95601e-01 5.83163e+02
-1.82956e+00 5.24349e-01 5.86680e+02
-1.89270e+00 5.54196e-01 5.90546e+02
-1.95574e+00 5.85140e-01 5.94706e+02
-2.01870e+00 6.17180e-01 5.99112e+02
-2.08158e+00 6.50317e-01 6.03725e+02
-2.14441e+00 6.84549e-01 6.08510e+02
-2.20720e+00 7.19877e-01 6.13438e+02
-2.26995e+00 7.56302e-01 6.18483e+02
-2.33269e+00 7.93825e-01 6.23624e+02
-2.39542e+00 8.32448e-01 6.28844e+02
-2.45880e+00 8.72596e-01 6.28231e+02
-2.52275e+00 9.14255e-01 6.29076e+02
-2.58663e+00 9.56999e-01 6.30028e+02
-2.65045e+00 1.00083e+00 6.31079e+02
-2.71422e+00 1.04576e+00 6.32218e+02
-2.77796e+00 1.09178e+00 6.33438e+02
-2.84168e+00 1.13890e+00 6.34732e+02
-2.90540e+00 1.18714e+00 6.36094e+02
-2.96912e+00 1.23648e+00 6.37518e+02
-3.03286e+00 1.28695e+00 6.38999e+02
-3.09663e+00 1.33854e+00 6.40532e+02
-3.16045e+00 1.39127e+00 6.42114e+02
-3.22448e+00 1.44528e+00 6.40354e+02
-3.28899e+00 1.50081e+00 6.40904e+02
-3.35348e+00 1.55743e+00 6.41328e+02
-3.41795e+00 1.61515e+00 6.41632e+02
-3.48244e+00 1.67397e+00 6.41820e+02
-3.54694e+00 1.73392e+00 6.41895e+02
-3.61146e+00 1.79499e+00 6.41863e+02
-3.67603e+00 1.85719e+00 6.41726e+02
-3.74066e+00 1.92055e+00 6.41488e+02
-3.80535e+00 1.98507e+00 6.41151e+02
-3.87013e+00 2.05076e+00 6.40720e+02
-3.93499e+00 2.11763e+00 6.40196e+02
-3.99997e+00 2.18570e+00 6.39582e+02
-8.79013e-01 2.44776e-01 3.09762e+02
-9.41739e-01 2.58857e-01 3.27112e+02
-1.00427e+00 2.74169e-01 3.44761e+02
-1.06662e+00 2.90702e-01 3.62987e+02
-1.12880e+00 3.08445e-01 3.81986e+02
-1.19085e+00 3.27392e-01 4.01897e+02
-1.25276e+00 3.47532e-01 4.22810e+02
-1.31455e+00 3.68859e-01 4.44780e+02
-1.37625e+00 3.91366e-01 4.67838e+02
-1.43786e+00 4.15046e-01 4.91994e+02
-1.49941e+00 4.39895e-01 5.17244e+02
-1.56090e+00 4.65907e-01 5.43575e+02
-1.62235e+00 4.93078e-01 5.70967e+02
-1.68537e+00 5.22181e-01 5.73036e+02
-1.74880e+00 5.52720e-01 5.76684e+02
-1.81212e+00 5.84437e-01 5.80716e+02
-1.87533e+00 6.17329e-01 5.85070e+02
-1.93846e+00 6.51394e-01 5.89693e+02
-2.00152e+00 6.86633e-01 5.94542e+02
-2.06453e+00 7.23043e-01 5.99579e+02
-2.12749e+00 7.60627e-01 6.04772e+02
-2.19043e+00 7.99384e-01 6.10093e+02
-2.25335e+00 8.39315e-01 6.15520e+02
-2.31628e+00 8.80422e-01 6.21034e+02
-2.37922e+00 9.22708e-01 6.26617e+02
-2.44290e+00 9.66681e-01 6.25495e+02
-2.50723e+00 1.01232e+00 6.26519e+02
-2.57151e+00 1.05913e+00 6.27631e+02
-2.63574e+00 1.10709e+00 6.28823e+02
-2.69994e+00 1.15623e+00 6.30087e+02
-2.76413e+00 1.20654e+00 6.31415e+02
-2.82832e+00 1.25804e+00 6.32802e+02
-2.89253e+00 1.31072e+00 6.34241e+02
-2.95676e+00 1.36459e+00 6.35728e+02
-3.02104e+00 1.41967e+00 6.37259e+02
-3.08537e+00 1.47596e+00 6.38829e+02
-3.14977e+00 1.53347e+00 6.40436e+02
-3.21443e+00 1.59237e+00 6.38090e+02
-3.27965e+00 1.65296e+00 6.38880e+02
-3.34486e+00 1.71471e+00 6.39517e+02
-3.41009e+00 1.77764e+00 6.40007e+02
-3.47534e+00 1.84175e+00 6.40353e+02
-3.54063e+00 1.90706e+00 6.40561e+02
-3.60597e+00 1.97359e+00 6.40635e+02
-3.67138e+00 2.04134e+00 6.40578e+02
-3.73688e+00 2.11033e+00 6.40394e+02
-3.80247e+00 2.18057e+00 6.40087e+02
-3.86817e+00 2.25207e+00 6.39658e+02
-3.93400e+00 2.32486e+00 6.39112e+02
-3.99997e+00 2.39895e+00 6.38451e+02
-8.63723e-01 2.70491e-01 3.22323e+02
-9.26071e-01 2.86295e-01 3.38474e+02
-9.88231e-01 3.03402e-01 3.54746e+02
-1.05022e+00 3.21799e-01 3.71421e+02
-1.11206e+00 3.41475e-01 3.88701e+02
-1.17377e+00 3.62422e-01 4.06730e+02
-1.23536e+00 3.84629e-01 4.25607e+02
-1.29686e+00 4.08089e-01 4.45397e+02
-1.35827e+00 4.32793e-01 4.66142e+02
-1.41962e+00 4.58736e-01 4.87862e+02
-1.48091e+00 4.85910e-01 5.10566e+02
-1.54218e+00 5.14311e-01 5.34253e+02
-1.60342e+00 5.43933e-01 5.58913e+02
-1.66639e+00 5.75685e-01 5.66159e+02
-1.72984e+00 6.08981e-01 5.70310e+02
-1.79318e+00 6.43518e-01 5.74816e+02
-1.85645e+00 6.79295e-01 5.79617e+02
-1.91964e+00 7.16309e-01 5.84666e+02
-1.98278e+00 7.54560e-01 5.89921e+02
-2.04589e+00 7.94048e-01 5.95347e+02
-2.10898e+00 8.34773e-01 6.00915e+02
-2.17206e+00 8.76736e-01 6.06599e+02
-2.23515e+00 9.19939e-01 6.12380e+02
-2.29828e+00 9.64384e-01 6.18240e+02
-2.36144e+00 1.01007e+00 6.24163e+02
-2.42543e+00 1.05760e+00 6.22809e+02
-2.49015e+00 1.10694e+00 6.24061e+02
-2.55485e+00 1.15750e+00 6.25379e+02
-2.61951e+00 1.20930e+00 6.26756e+02
-2.68417e+00 1.26232e+00 6.28184e+02
-2.74885e+00 1.31659e+00 6.29657e+02
-2.81354e+00 1.37210e+00 6.31171e+02
-2.87828e+00 1.42887e+00 6.32720e+02
-2.94307e+00 1.48690e+00 6.34301e+02
-3.00793e+00 1.54621e+00 6.35909e+02
-3.07287e+00 1.60680e+00 6.37542e+02
-3.13792e+00 1.66868e+00 6.39196e+02
-3.20328e+00 1.73206e+00 6.36553e+02
-3.26927e+00 1.79727e+00 6.37571e+02
-3.33528e+00 1.86371e+00 6.38406e+02
-3.40133e+00 1.93139e+00 6.39064e+02
-3.46742e+00 2.00033e+00 6.39549e+02
-3.53359e+00 2.07054e+00 6.39867e+02
-3.59984e+00 2.14203e+00 6.40020e+02
-3.66619e+00 2.21483e+00 6.40014e+02
-3.73265e+00 2.28894e+00 6.39851e+02
-3.79925e+00 2.36438e+00 6.39535e+02
-3.86599e+00 2.44117e+00 6.39069e+02
-3.93289e+00 2.51932e+00 6.38455e+02
-3.99997e+00 2.59886e+00 6.37695e+02
-8.47974e-01 2.96037e-01 3.37318e+02
-9.09832e-01 3.13596e-01 3.52141e+02
-9.71519e-01 3.32514e-01 3.66927e+02
-1.03306e+00 3.52780e-01 3.81961e+02
-1.09446e+00 3.74380e-01 3.97448e+02
-1.15575e+00 3.97305e-01 4.13538e+02
-1.21695e+00 4.21545e-01 4.30334e+02
-1.27807e+00 4.47089e-01 4.47911e+02
-1.33913e+00 4.73931e-01 4.66316e+02
-1.40015e+00 5.02062e-01 4.85581e+02
-1.46115e+00 5.31477e-01 5.05724e+02
-1.52214e+00 5.62168e-01 5.26752e+02
-1.58313e+00 5.94133e-01 5.48667e+02
-1.64601e+00 6.28410e-01 5.59436e+02
-1.70943e+00 6.64328e-01 5.64049e+02
-1.77276e+00 7.01538e-01 5.68989e+02
-1.83604e+00 7.40039e-01 5.74200e+02
-1.89927e+00 7.79829e-01 5.79636e+02
-1.96247e+00 8.20908e-01 5.85261e+02
-2.02567e+00 8.63275e-01 5.91043e+02
-2.08887e+00 9.06932e-01 5.96954e+02
-2.15209e+00 9.51880e-01 6.02973e+02
-2.21536e+00 9.98121e-01 6.09080e+02
-2.27868e+00 1.04566e+00 6.15260e+02
-2.34207e+00 1.09450e+00 6.21501e+02
-2.40638e+00 1.14530e+00 6.20178e+02
-2.47151e+00 1.19806e+00 6.21702e+02
-2.53664e+00 1.25208e+00 6.23268e+02
-2.60176e+00 1.30739e+00 6.24869e+02
-2.66691e+00 1.36398e+00 6.26500e+02
-2.73209e+00 1.42187e+00 6.28154e+02
-2.79733e+00 1.48106e+00 6.29828e+02
-2.86264e+00 1.54156e+00 6.31518e+02
-2.92804e+00 1.60338e+00 6.33220e+02
-2.99354e+00 1.66654e+00 6.34932e+02
-3.05915e+00 1.73104e+00 6.36651e+02
-3.12491e+00 1.79690e+00 6.38375e+02
-3.19103e+00 1.86433e+00 6.35706e+02
-3.25785e+00 1.93374e+00 6.36936e+02
-3.32473e+00 2.00442e+00 6.37951e+02
-3.39168e+00 2.07641e+00 6.38756e+02
-3.45870e+00 2.14970e+00 6.39357e+02
-3.52583e+00 2.22433e+00 6.39756e+02
-3.59308e+00 2.30031e+00 6.39959e+02
-3.66046e+00 2.37765e+00 6.39968e+02
-3.72799e+00 2.45637e+00 6.39787e+02
-3.79569e+00 2.53649e+00 6.39417e+02
-3.86357e+00 2.61803e+00 6.38862e+02
-3.93166e+00 2.70101e+00 6.38123e+02
-3.99997e+00 2.78544e+00 6.37201e+02
-8.31782e-01 3.21368e-01 3.54975e+02
-8.93035e-01 3.40713e-01 3.68273e+02
-9.54143e-01 3.61460e-01 3.81408e+02
-1.01512e+00 3.83598e-01 3.94666e+02
-1.07600e+00 4.07113e-01 4.08253e+02
-1.13679e+00 4.31994e-01 4.22317e+02
-1.19752e+00 4.58229e-01 4.36967e+02
-1.25819e+00 4.85810e-01 4.52280e+02
-1.31884e+00 5.14728e-01 4.68309e+02
-1.37947e+00 5.44975e-01 4.85092e+02
-1.44011e+00 5.76543e-01 5.02654e+02
-1.50078e+00 6.09428e-01 5.21010e+02
-1.56148e+00 6.43624e-01 5.40168e+02
-1.62422e+00 6.80305e-01 5.52868e+02
-1.68756e+00 7.18708e-01 5.57905e+02
-1.75085e+00 7.58443e-01 5.63241e+02
-1.81411e+00 7.99507e-01 5.68824e+02
-1.87735e+00 8.41900e-01 5.74614e+02
-1.94060e+00 8.85621e-01 5.80575e+02
-2.00386e+00 9.30671e-01 5.86680e+02
-2.06717e+00 9.77051e-01 5.92904e+02
-2.13053e+00 1.02476e+00 5.99227e+02
-2.19396e+00 1.07381e+00 6.05634e+02
-2.25749e+00 1.12419e+00 6.12111e+02
-2.32112e+00 1.17592e+00 6.18648e+02
-2.38576e+00 1.22974e+00 6.17604e+02
-2.45131e+00 1.28562e+00 6.19442e+02
-2.51688e+00 1.34282e+00 6.21295e+02
-2.58249e+00 1.40133e+00 6.23157e+02
-2.64815e+00 1.46117e+00 6.25024e+02
-2.71388e+00 1.52235e+00 6.26892e+02
-2.77970e+00 1.58487e+00 6.28756e+02
-2.84562e+00 1.64875e+00 6.30615e+02
-2.91167e+00 1.71400e+00 6.32466e+02
-2.97786e+00 1.78063e+00 6.34306e+02
-3.04421e+00 1.84865e+00 6.36134e+02
-3.11073e+00 1.91808e+00 6.37948e+02
-3.17767e+00 1.98917e+00 6.35503e+02
-3.24540e+00 2.06233e+00 6.36927e+02
-3.31322e+00 2.13683e+00 6.38101e+02
-3.38114e+00 2.21266e+00 6.39029e+02
-3.44917e+00 2.28986e+00 6.39716e+02
-3.51735e+00 2.36844e+00 6.40165e+02
-3.58568e+00 2.44841e+00 6.40380e+02
-3.65419e+00 2.52980e+00 6.40362e+02
-3.72288e+00 2.61262e+00 6.40114e+02
-3.79179e+00 2.69690e+00 6.39636e+02
-3.86093e+00 2.78266e+00 6.38930e+02
-3.93031e+00 2.86992e+00 6.37997e+02
-3.99997e+00 2.95870e+00 6.36835e+02
-8.15643e-01 3.45729e-01 3.80784e+02
-8.76171e-01 3.66885e-01 3.90226e+02
-9.36586e-01 3.89475e-01 4.00193e+02
-9.96907e-01 4.13485e-01 4.10777e+02
-1.05716e+00 4.38900e-01 4.22038e+02
-1.11735e+00 4.65709e-01 4.34015e+02
-1.17751e+00 4.93901e-01 4.46728e+02
-1.23766e+00 5.23466e-01 4.60189e+02
-1.29782e+00 5.54395e-01 4.74400e+02
-1.35799e+00 5.86681e-01 4.89361e+02
-1.41821e+00 6.20315e-01 5.05068e+02
-1.47849e+00 6.55293e-01 5.21513e+02
-1.53885e+00 6.91608e-01 5.38689e+02
-1.60138e+00 7.30584e-01 5.51821e+02
-1.66458e+00 7.71357e-01 5.57059e+02
-1.72777e+00 8.13488e-01 5.62559e+02
-1.79096e+00 8.56975e-01 5.68277e+02
-1.85416e+00 9.01818e-01 5.74176e+02
-1.91741e+00 9.48015e-01 5.80227e+02
-1.98072e+00 9.95570e-01 5.86406e+02
-2.04410e+00 1.04448e+00 5.92694e+02
-2.10757e+00 1.09476e+00 5.99074e+02
-2.17116e+00 1.14640e+00 6.05533e+02
-2.23488e+00 1.19940e+00 6.12062e+02
-2.29874e+00 1.25378e+00 6.18653e+02
-2.36371e+00 1.31037e+00 6.17817e+02
-2.42968e+00 1.36913e+00 6.19916e+02
-2.49571e+00 1.42923e+00 6.21988e+02
-2.56180e+00 1.49068e+00 6.24026e+02
-2.62799e+00 1.55348e+00 6.26029e+02
-2.69429e+00 1.61765e+00 6.27992e+02
-2.76072e+00 1.68319e+00 6.29912e+02
-2.82729e+00 1.75013e+00 6.31787e+02
-2.89402e+00 1.81847e+00 6.33616e+02
-2.96094e+00 1.88822e+00 6.35396e+02
-3.02807e+00 1.95940e+00 6.37127e+02
-3.09541e+00 2.03202e+00 6.38806e+02
-3.16323e+00 2.10636e+00 6.36729e+02
-3.23193e+00 2.18290e+00 6.37608e+02
-3.30075e+00 2.26079e+00 6.38371e+02
-3.36972e+00 2.34005e+00 6.39016e+02
-3.43884e+00 2.42071e+00 6.39544e+02
-3.50815e+00 2.50278e+00 6.39953e+02
-3.57765e+00 2.58628e+00 6.40241e+02
-3.64738e+00 2.67124e+00 6.40407e+02
-3.71734e+00 2.75767e+00 6.40449e+02
-3.78756e+00 2.84560e+00 6.40365e+02
-3.85806e+00 2.93506e+00 6.40154e+02
-3.92885e+00 3.02606e+00 6.39812e+02
-3.99997e+00 3.11863e+00 6.39337e+02
-7.99193e-01 3.69706e-01 4.04216e+02
-8.58882e-01 3.92703e-01 4.10716e+02
-9.18496e-01 4.17149e-01 4.18190e+02
-9.78057e-01 4.43031e-01 4.26596e+02
-1.03758e+00 4.70335e-01 4.35893e+02
-1.09710e+00 4.99049e-01 4.46046e+02
-1.15662e+00 5.29161e-01 4.57021e+02
-1.21617e+00 5.60662e-01 4.68788e+02
-1.27576e+00 5.93541e-01 4.81322e+02
-1.33542e+00 6.27793e-01 4.94598e+02
-1.39516e+00 6.63409e-01 5.08597e+02
-1.45500e+00 7.00383e-01 5.23301e+02
-1.51497e+00 7.38712e-01 5.38696e+02
-1.57724e+00 7.79863e-01 5.51855e+02
-1.64025e+00 8.22874e-01 5.57220e+02
-1.70329e+00 8.67258e-01 5.62807e+02
-1.76637e+00 9.13011e-01 5.68576e+02
-1.82952e+00 9.60135e-01 5.74497e+02
-1.89274e+00 1.00863e+00 5.80545e+02
-1.95606e+00 1.05850e+00 5.86699e+02
-2.01951e+00 1.10974e+00 5.92943e+02
-2.08309e+00 1.16236e+00 5.99264e+02
-2.14682e+00 1.21637e+00 6.05652e+02
-2.21073e+00 1.27176e+00 6.12101e+02
-2.27483e+00 1.32854e+00 6.18603e+02
-2.34013e+00 1.38764e+00 6.17896e+02
-2.40653e+00 1.44900e+00 6.20107e+02
-2.47302e+00 1.51171e+00 6.22268e+02
-2.53963e+00 1.57579e+00 6.24375e+02
-2.60637e+00 1.64124e+00 6.26425e+02
-2.67327e+00 1.70808e+00 6.28416e+02
-2.74033e+00 1.77631e+00 6.30346e+02
-2.80759e+00 1.84595e+00 6.32212e+02
-2.87506e+00 1.91701e+00 6.34013e+02
-2.94276e+00 1.98951e+00 6.35748e+02
-3.01071e+00 2.06347e+00 6.37415e+02
-3.07893e+00 2.13889e+00 6.39014e+02
-3.14769e+00 2.21609e+00 6.37578e+02
-3.21743e+00 2.29557e+00 6.38428e+02
-3.28733e+00 2.37642e+00 6.39186e+02
-3.35741e+00 2.45867e+00 6.39852e+02
-3.42771e+00 2.54233e+00 6.40422e+02
-3.49823e+00 2.62742e+00 6.40895e+02
-3.56900e+00 2.71397e+00 6.41269e+02
-3.64003e+00 2.80200e+00 6.41541e+02
-3.71136e+00 2.89154e+00 6.41709e+02
-3.78299e+00 2.98261e+00 6.41769e+02
-3.85496e+00 3.07523e+00 6.41718e+02
-3.92727e+00 3.16943e+00 6.41553e+02
-3.99996e+00 3.26524e+00 6.41270e+02
-7.82281e-01 3.93517e-01 4.28134e+02
-8.41016e-01 4.18382e-01 4.31743e+02
-8.99724e-01 4.44701e-01 4.36799e+02
-9.58426e-01 4.72458e-01 4.43113e+02
-1.01714e+00 5.01640e-01 4.50539e+02
-1.07589e+00 5.32234e-01 4.58962e+02
-1.13470e+00 5.64231e-01 4.68295e+02
-1.19357e+00 5.97618e-01 4.78465e+02
-1.25255e+00 6.32389e-01 4.89418e+02
-1.31163e+00 6.68534e-01 5.01106e+02
-1.37084e+00 7.06048e-01 5.13495e+02
-1.43020e+00 7.44926e-01 5.26554e+02
-1.48972e+00 7.85161e-01 5.40261e+02
-1.55168e+00 8.28363e-01 5.53157e+02
-1.61447e+00 8.73473e-01 5.58569e+02
-1.67732e+00 9.19957e-01 5.64170e+02
-1.74027e+00 9.67815e-01 5.69925e+02
-1.80332e+00 1.01705e+00 5.75808e+02
-1.86650e+00 1.06765e+00 5.81796e+02
-1.92982e+00 1.11963e+00 5.87872e+02
-1.99332e+00 1.17300e+00 5.94024e+02
-2.05700e+00 1.22775e+00 6.00241e+02
-2.12088e+00 1.28389e+00 6.06516e+02
-2.18498e+00 1.34142e+00 6.12844e+02
-2.24933e+00 1.40036e+00 6.19222e+02
-2.31497e+00 1.46168e+00 6.18727e+02
-2.38181e+00 1.52536e+00 6.21035e+02
-2.44879e+00 1.59039e+00 6.23271e+02
-2.51593e+00 1.65678e+00 6.25432e+02
-2.58325e+00 1.72456e+00 6.27515e+02
-2.65078e+00 1.79373e+00 6.29518e+02
-2.71852e+00 1.86430e+00 6.31439e+02
-2.78651e+00 1.93629e+00 6.33277e+02
-2.85476e+00 2.00972e+00 6.35030e+02
-2.92329e+00 2.08459e+00 6.36698e+02
-2.99212e+00 2.16094e+00 6.38278e+02
-3.06128e+00 2.23876e+00 6.39769e+02
-3.13105e+00 2.31840e+00 6.38864e+02
-3.20188e+00 2.40039e+00 6.39598e+02
-3.27293e+00 2.48376e+00 6.40268e+02
-3.34422e+00 2.56853e+00 6.40871e+02
-3.41576e+00 2.65473e+00 6.41404e+02
-3.48758e+00 2.74237e+00 6.41865e+02
-3.55970e+00 2.83149e+00 6.42251e+02
-3.63215e+00 2.92210e+00 6.42558e+02
-3.70493e+00 3.01423e+00 6.42784e+02
-3.77808e+00 3.10791e+00 6.42923e+02
-3.85163e+00 3.20317e+00 6.42973e+02
-3.92558e+00 3.30002e+00 6.42930e+02
-3.99996e+00 3.39852e+00 6.42788e+02
-7.64928e-01 4.17117e-01 4.52660e+02
-8.22594e-01 4.43880e-01 4.53391e+02
-8.80288e-01 4.72086e-01 4.56073e+02
-9.38032e-01 5.01719e-01 4.60354e+02
-9.95844e-01 5.32768e-01 4.65976e+02
-1.05375e+00 5.65219e-01 4.72744e+02
-1.11175e+00 5.99063e-01 4.80512e+02
-1.16989e+00 6.34289e-01 4.89167e+02
-1.22817e+00 6.70890e-01 4.98621e+02
-1.28662e+00 7.08858e-01 5.08808e+02
-1.34525e+00 7.48187e-01 5.19673e+02
-1.40407e+00 7.88872e-01 5.31175e+02
-1.46312e+00 8.30909e-01 5.43285e+02
-1.52473e+00 8.76036e-01 5.55620e+02
-1.58724e+00 9.23106e-01 5.61001e+02
-1.64987e+00 9.71540e-01 5.66545e+02
-1.71264e+00 1.02134e+00 5.72222e+02
-1.77558e+00 1.07250e+00 5.78007e+02
-1.83869e+00 1.12503e+00 5.83883e+02
-1.90200e+00 1.17894e+00 5.89833e+02
-1.96554e+00 1.23421e+00 5.95849e+02
-2.02931e+00 1.29087e+00 6.01922e+02
-2.09334e+00 1.34891e+00 6.08046e+02
-2.15765e+00 1.40835e+00 6.14219e+02
-2.22225e+00 1.46919e+00 6.20439e+02
-2.28825e+00 1.53248e+00 6.20231e+02
-2.35553e+00 1.59817e+00 6.22625e+02
-2.42302e+00 1.66522e+00 6.24923e+02
-2.49071e+00 1.73363e+00 6.27124e+02
-2.55864e+00 1.80341e+00 6.29226e+02
-2.62683e+00 1.87458e+00 6.31227e+02
-2.69529e+00 1.94715e+00 6.33125e+02
-2.76405e+00 2.02114e+00 6.34918e+02
-2.83312e+00 2.09656e+00 6.36605e+02
-2.90254e+00 2.17343e+00 6.38184e+02
-2.97231e+00 2.25178e+00 6.39654e+02
-3.04246e+00 2.33160e+00 6.41012e+02
-3.11330e+00 2.41327e+00 6.40530e+02
-3.18531e+00 2.49734e+00 6.41066e+02
-3.25758e+00 2.58279e+00 6.41567e+02
-3.33013e+00 2.66964e+00 6.42028e+02
-3.40301e+00 2.75791e+00 6.42448e+02
-3.47621e+00 2.84763e+00 6.42822e+02
-3.54978e+00 2.93882e+00 6.43147e+02
-3.62372e+00 3.03152e+00 6.43419e+02
-3.69807e+00 3.12574e+00 6.43635e+02
-3.77284e+00 3.22151e+00 6.43791e+02
-3.84807e+00 3.31887e+00 6.43881e+02
-3.92376e+00 3.41785e+00 6.43902e+02
-3.99996e+00 3.51847e+00 6.43849e+02
-7.47157e-01 4.40465e-01 4.77921e+02
-8.03637e-01 4.69154e-01 4.75749e+02
-8.60210e-01 4.99260e-01 4.76066e+02
-9.16895e-01 5.30771e-01 4.78346e+02
-9.73711e-01 5.63674e-01 4.82209e+02
-1.03068e+00 5.97958e-01 4.87375e+02
-1.08781e+00 6.33612e-01 4.93639e+02
-1.14514e+00 6.70628e-01 5.00843e+02
-1.20266e+00 7.08999e-01 5.08869e+02
-1.26041e+00 7.48717e-01 5.17627e+02
-1.31841e+00 7.89777e-01 5.27045e+02
-1.37666e+00 8.32175e-01 5.37071e+02
-1.43518e+00 8.75908e-01 5.47665e+02
-1.49639e+00 9.22836e-01 5.59141e+02
-1.55858e+00 9.71727e-01 5.64412e+02
-1.62094e+00 1.02196e+00 5.69830e+02
-1.68351e+00 1.07354e+00 5.75366e+02
-1.74630e+00 1.12646e+00 5.80999e+02
-1.80932e+00 1.18073e+00 5.86712e+02
-1.87261e+00 1.23636e+00 5.92492e+02
-1.93617e+00 1.29334e+00 5.98331e+02
-2.00003e+00 1.35169e+00 6.04222e+02
-2.06421e+00 1.41141e+00 6.10163e+02
-2.12872e+00 1.47250e+00 6.16151e+02
-2.19359e+00 1.53499e+00 6.22186e+02
-2.25995e+00 1.59998e+00 6.22330e+02
-2.32770e+00 1.66741e+00 6.24798e+02
-2.39570e+00 1.73618e+00 6.27148e+02
-2.46397e+00 1.80629e+00 6.29379e+02
-2.53254e+00 1.87776e+00 6.31489e+02
-2.60142e+00 1.95060e+00 6.33475e+02
-2.67063e+00 2.02483e+00 6.35335e+02
-2.74020e+00 2.10046e+00 6.37068e+02
-2.81015e+00 2.17752e+00 6.38672e+02
-2.88050e+00 2.25602e+00 6.40143e+02
-2.95127e+00 2.33597e+00 6.41479e+02
-3.02248e+00 2.41741e+00 6.42677e+02
-3.09445e+00 2.50069e+00 6.42512e+02
-3.16769e+00 2.58641e+00 6.42774e+02
-3.24125e+00 2.67350e+00 6.43029e+02
-3.31516e+00 2.76198e+00 6.43274e+02
-3.38944e+00 2.85186e+00 6.43505e+02
-3.46412e+00 2.94319e+00 6.43718e+02
-3.53921e+00 3.03598e+00 6.43909e+02
-3.61475e+00 3.13026e+00 6.44075e+02
-3.69076e+00 3.22606e+00 6.44212e+02
-3.76726e+00 3.32342e+00 6.44316e+02
-3.84428e+00 3.42235e+00 6.44383e+02
-3.92184e+00 3.52290e+00 6.44408e+02
-3.99996e+00 3.62509e+00 6.44387e+02
-7.28993e-01 4.63518e-01 5.04049e+02
-7.84169e-01 4.94158e-01 4.98906e+02
-8.39511e-01 5.26179e-01 4.96837e+02
-8.95036e-01 5.59568e-01 4.97120e+02
-9.50762e-01 5.94313e-01 4.99244e+02
-1.00671e+00 6.30404e-01 5.02842e+02
-1.06289e+00 6.67832e-01 5.07644e+02
-1.11933e+00 7.06589e-01 5.13448e+02
-1.17603e+00 7.46668e-01 5.20102e+02
-1.23303e+00 7.88063e-01 5.27492e+02
-1.29033e+00 8.30771e-01 5.35531e+02
-1.34796e+00 8.74788e-01 5.44152e+02
-1.40592e+00 9.20112e-01 5.53305e+02
-1.46668e+00 9.68717e-01 5.63622e+02
-1.52849e+00 1.01929e+00 5.68705e+02
-1.59055e+00 1.07117e+00 5.73928e+02
-1.65288e+00 1.12437e+00 5.79263e+02
-1.71550e+00 1.17887e+00 5.84690e+02
-1.77841e+00 1.23470e+00 5.90193e+02
-1.84165e+00 1.29186e+00 5.95761e+02
-1.90523e+00 1.35034e+00 6.01385e+02
-1.96918e+00 1.41016e+00 6.07062e+02
-2.03350e+00 1.47133e+00 6.12789e+02
-2.09822e+00 1.53385e+00 6.18566e+02
-2.16336e+00 1.59773e+00 6.24394e+02
-2.23009e+00 1.66415e+00 6.24947e+02
-2.29832e+00 1.73304e+00 6.27481e+02
-2.36685e+00 1.80323e+00 6.29874e+02
-2.43572e+00 1.87473e+00 6.32125e+02
-2.50495e+00 1.94757e+00 6.34232e+02
-2.57455e+00 2.02176e+00 6.36192e+02
-2.64456e+00 2.09731e+00 6.38002e+02
-2.71498e+00 2.17424e+00 6.39661e+02
-2.78585e+00 2.25257e+00 6.41164e+02
-2.85718e+00 2.33232e+00 6.42508e+02
-2.92900e+00 2.41351e+00 6.43687e+02
-3.00133e+00 2.49615e+00 6.44696e+02
-3.07450e+00 2.58064e+00 6.44744e+02
-3.14904e+00 2.66759e+00 6.44660e+02
-3.22396e+00 2.75588e+00 6.44596e+02
-3.29930e+00 2.84554e+00 6.44550e+02
-3.37507e+00 2.93658e+00 6.44516e+02
-3.45130e+00 3.02904e+00 6.44492e+02
-3.52802e+00 3.12295e+00 6.44474e+02
-3.60525e+00 3.21832e+00 6.44458e+02
-3.68302e+00 3.31520e+00 6.44441e+02
-3.76134e+00 3.41362e+00 6.44420e+02
-3.84026e+00 3.51360e+00 6.44390e+02
-3.91979e+00 3.61518e+00 6.44348e+02
-3.99996e+00 3.71838e+00 6.44290e+02
-7.10682e-01 4.85966e-01 5.30818e+02
-7.64440e-01 5.18581e-01 5.22578e+02
-8.18443e-01 5.52526e-01 5.18157e+02
-8.72707e-01 5.87790e-01 5.16578e+02
-9.27250e-01 6.24362e-01 5.17164e+02
-9.82087e-01 6.62233e-01 5.19435e+02
-1.03724e+00 7.01396e-01 5.23043e+02
-1.09271e+00 7.41844e-01 5.27733e+02
-1.14853e+00 7.83571e-01 5.33313e+02
-1.20470e+00 8.26574e-01 5.39640e+02
-1.26126e+00 8.70849e-01 5.46605e+02
-1.31820e+00 9.16393e-01 5.54125e+02
-1.37554e+00 9.63205e-01 5.62139e+02
-1.43579e+00 1.01337e+00 5.71141e+02
-1.49718e+00 1.06550e+00 5.75863e+02
-1.55889e+00 1.11889e+00 5.80721e+02
-1.62094e+00 1.17355e+00 5.85685e+02
-1.68334e+00 1.22948e+00 5.90735e+02
-1.74611e+00 1.28669e+00 5.95853e+02
-1.80928e+00 1.34519e+00 6.01029e+02
-1.87285e+00 1.40498e+00 6.06253e+02
-1.93686e+00 1.46607e+00 6.11521e+02
-2.00132e+00 1.52847e+00 6.16830e+02
-2.06625e+00 1.59218e+00 6.22180e+02
-2.13166e+00 1.65723e+00 6.27574e+02
-2.19876e+00 1.72481e+00 6.28342e+02
-2.26746e+00 1.79488e+00 6.30621e+02
-2.33654e+00 1.86621e+00 6.32776e+02
-2.40602e+00 1.93882e+00 6.34803e+02
-2.47593e+00 2.01273e+00 6.36700e+02
-2.54629e+00 2.08794e+00 6.38463e+02
-2.61711e+00 2.16448e+00 6.40088e+02
-2.68842e+00 2.24237e+00 6.41571e+02
-2.76025e+00 2.32162e+00 6.42908e+02
-2.83261e+00 2.40226e+00 6.44093e+02
-2.90553e+00 2.48431e+00 6.45118e+02
-2.97903e+00 2.56778e+00 6.45978e+02
-3.05346e+00 2.65308e+00 6.46191e+02
-3.12936e+00 2.74084e+00 6.45840e+02
-3.20571e+00 2.82990e+00 6.45556e+02
-3.28255e+00 2.92029e+00 6.45337e+02
-3.35989e+00 3.01204e+00 6.45180e+02
-3.43776e+00 3.10517e+00 6.45083e+02
-3.51619e+00 3.19971e+00 6.45046e+02
-3.59521e+00 3.29570e+00 6.45068e+02
-3.67483e+00 3.39315e+00 6.45151e+02
-3.75509e+00 3.49211e+00 6.45296e+02
-3.83601e+00 3.59261e+00 6.45508e+02
-3.91763e+00 3.69468e+00 6.45789e+02
-3.99996e+00 3.79835e+00 6.46148e+02
-6.92074e-01 5.08011e-01 5.56144e+02
-7.44299e-01 5.42624e-01 5.45574e+02
-7.96855e-01 5.78503e-01 5.39368e+02
-8.49759e-01 6.15640e-01 5.36343e+02
-9.03025e-01 6.54025e-01 5.35693e+02
-9.56667e-01 6.93651e-01 5.36852e+02
-1.01070e+00 7.34511e-01 5.39412e+02
-1.06514e+00 7.76602e-01 5.43078e+02
-1.12000e+00 8.19918e-01 5.47630e+02
-1.17530e+00 8.64457e-01 5.52905e+02
-1.23104e+00 9.10217e-01 5.58778e+02
-1.28725e+00 9.57197e-01 5.65156e+02
-1.34394e+00 1.00540e+00 5.71969e+02
-1.40362e+00 1.05700e+00 5.79682e+02
-1.46453e+00 1.11055e+00 5.83923e+02
-1.52584e+00 1.16530e+00 5.88301e+02
-1.58757e+00 1.22126e+00 5.92786e+02
-1.64972e+00 1.27845e+00 5.97353e+02
-1.71233e+00 1.33687e+00 6.01986e+02
-1.77540e+00 1.39652e+00 6.06671e+02
-1.83896e+00 1.45741e+00 6.11398e+02
-1.90302e+00 1.51956e+00 6.16164e+02
-1.96761e+00 1.58296e+00 6.20964e+02
-2.03274e+00 1.64764e+00 6.25797e+02
-2.09843e+00 1.71360e+00 6.30667e+02
-2.16591e+00 1.78210e+00 6.31591e+02
-2.23509e+00 1.85307e+00 6.33649e+02
-2.30473e+00 1.92525e+00 6.35600e+02
-2.37484e+00 1.99866e+00 6.37442e+02
-2.44545e+00 2.07331e+00 6.39168e+02
-2.51659e+00 2.14923e+00 6.40777e+02
-2.58826e+00 2.22643e+00 6.42262e+02
-2.66050e+00 2.30493e+00 6.43618e+02
-2.73333e+00 2.38475e+00 6.44841e+02
-2.80678e+00 2.46591e+00 6.45922e+02
-2.88085e+00 2.54843e+00 6.46854e+02
-2.95558e+00 2.63234e+00 6.47628e+02
-3.03132e+00 2.71804e+00 6.47968e+02
-3.10865e+00 2.80619e+00 6.47480e+02
-3.18651e+00 2.89559e+00 6.47067e+02
-3.26492e+00 2.98627e+00 6.46725e+02
-3.34391e+00 3.07826e+00 6.46452e+02
-3.42350e+00 3.17159e+00 6.46248e+02
-3.50374e+00 3.26629e+00 6.46114e+02
-3.58463e+00 3.36239e+00 6.46050e+02
-3.66620e+00 3.45992e+00 6.46062e+02
-3.74850e+00 3.55891e+00 6.46153e+02
-3.83154e+00 3.65939e+00 6.46332e+02
-3.91535e+00 3.76141e+00 6.46608e+02
-3.99996e+00 3.86499e+00 6.46997e+02
-6.73045e-01 5.29805e-01 5.81099e+02
-7.23619e-01 5.66440e-01 5.68360e+02
-7.74621e-01 6.04266e-01 5.60515e+02
-8.26063e-01 6.43274e-01 5.56174e+02
-8.77960e-01 6.83459e-01 5.54404e+02
-9.30322e-01 7.24814e-01 5.54555e+02
-9.83162e-01 7.67335e-01 5.56166e+02
-1.03649e+00 8.11019e-01 5.58904e+02
-1.09033e+00 8.55864e-01 5.62523e+02
-1.14469e+00 9.01869e-01 5.66840e+02
-1.19957e+00 9.49033e-01 5.71716e+02
-1.25500e+00 9.97356e-01 5.77049e+02
-1.31099e+00 1.04684e+00 5.82759e+02
-1.37006e+00 1.09976e+00 5.89246e+02
-1.43045e+00 1.15458e+00 5.92929e+02
-1.49132e+00 1.21054e+00 5.96763e+02
-1.55269e+00 1.26765e+00 6.00714e+02
-1.61457e+00 1.32592e+00 6.04755e+02
-1.67698e+00 1.38535e+00 6.08866e+02
-1.73995e+00 1.44596e+00 6.13032e+02
-1.80348e+00 1.50775e+00 6.17240e+02
-1.86759e+00 1.57073e+00 6.21485e+02
-1.93231e+00 1.63492e+00 6.25761e+02
-1.99764e+00 1.70032e+00 6.30067e+02
-2.06362e+00 1.76695e+00 6.34403e+02
-2.13149e+00 1.83609e+00 6.35378e+02
-2.20116e+00 1.90767e+00 6.37162e+02
-2.27137e+00 1.98040e+00 6.38859e+02
-2.34213e+00 2.05430e+00 6.40465e+02
-2.41348e+00 2.12939e+00 6.41973e+02
-2.48542e+00 2.20568e+00 6.43379e+02
-2.55799e+00 2.28319e+00 6.44677e+02
-2.63120e+00 2.36195e+00 6.45859e+02
-2.70508e+00 2.44198e+00 6.46919e+02
-2.77965e+00 2.52329e+00 6.47848e+02
-2.85494e+00 2.60591e+00 6.48637e+02
-2.93096e+00 2.68986e+00 6.49274e+02
-3.00808e+00 2.77555e+00 6.49609e+02
-3.08690e+00 2.86365e+00 6.48972e+02
-3.16633e+00 2.95295e+00 6.48414e+02
-3.24639e+00 3.04347e+00 6.47933e+02
-3.32711e+00 3.13524e+00 6.47528e+02
-3.40852e+00 3.22831e+00 6.47200e+02
-3.49064e+00 3.32268e+00 6.46951e+02
-3.57350e+00 3.41840e+00 6.46785e+02
-3.65714e+00 3.51549e+00 6.46709e+02
-3.74157e+00 3.61400e+00 6.46734e+02
-3.82683e+00 3.71395e+00 6.46873e+02
-3.91295e+00 3.81537e+00 6.47149e+02
-3.99996e+00 3.91831e+00 6.47595e+02
-6.53622e-01 5.51309e-01 6.05762e+02
-7.02430e-01 5.89990e-01 5.90998e+02
-7.51770e-01 6.29773e-01 5.81640e+02
-8.01651e-01 6.70651e-01 5.76093e+02
-8.52085e-01 7.12621e-01 5.73301e+02
-9.03080e-01 7.55680e-01 5.72534e+02
-9.54649e-01 7.99824e-01 5.73280e+02
-1.00680e+00 8.45054e-01 5.75172e+02
-1.05955e+00 8.91368e-01 5.77938e+02
-1.11290e+00 9.38767e-01 5.81377e+02
-1.16687e+00 9.87253e-01 5.85341e+02
-1.22147e+00 1.03683e+00 5.89714e+02
-1.27671e+00 1.08749e+00 5.94410e+02
-1.33512e+00 1.14160e+00 5.99723e+02
-1.39494e+00 1.19755e+00 6.02769e+02
-1.45533e+00 1.25457e+00 6.05995e+02
-1.51631e+00 1.31267e+00 6.09360e+02
-1.57789e+00 1.37184e+00 6.12833e+02
-1.64009e+00 1.43211e+00 6.16388e+02
-1.70293e+00 1.49348e+00 6.20007e+02
-1.76642e+00 1.55596e+00 6.23676e+02
-1.83058e+00 1.61956e+00 6.27385e+02
-1.89542e+00 1.68431e+00 6.31126e+02
-1.96097e+00 1.75019e+00 6.34897e+02
-2.02723e+00 1.81725e+00 6.38694e+02
-2.09551e+00 1.88676e+00 6.39621e+02
-2.16568e+00 1.95867e+00 6.41085e+02
-2.23648e+00 2.03165e+00 6.42484e+02
-2.30792e+00 2.10573e+00 6.43811e+02
-2.38002e+00 2.18093e+00 6.45059e+02
-2.45280e+00 2.25727e+00 6.46221e+02
-2.52630e+00 2.33476e+00 6.47289e+02
-2.60052e+00 2.41343e+00 6.48256e+02
-2.67550e+00 2.49330e+00 6.49110e+02
-2.75125e+00 2.57439e+00 6.49843e+02
-2.82780e+00 2.65673e+00 6.50442e+02
-2.90517e+00 2.74033e+00 6.50891e+02
-2.98374e+00 2.82561e+00 6.51105e+02
-3.06412e+00 2.91323e+00 6.50305e+02
-3.14519e+00 3.00198e+00 6.49589e+02
-3.22698e+00 3.09189e+00 6.48954e+02
-3.30951e+00 3.18300e+00 6.48400e+02
-3.39281e+00 3.27532e+00 6.47929e+02
-3.47691e+00 3.36888e+00 6.47545e+02
-3.56184e+00 3.46373e+00 6.47255e+02
-3.64763e+00 3.55989e+00 6.47070e+02
-3.73431e+00 3.65739e+00 6.47010e+02
-3.82190e+00 3.75627e+00 6.47102e+02
-3.91044e+00 3.85656e+00 6.47393e+02
-3.99996e+00 3.95829e+00 6.47958e+02
-6.33839e-01 5.72484e-01 6.30213e+02
-6.80765e-01 6.13234e-01 6.13550e+02
-7.28335e-01 6.54983e-01 6.02787e+02
-7.76555e-01 6.97729e-01 5.96127e+02
-8.25433e-01 7.41470e-01 5.92393e+02
-8.74976e-01 7.86205e-01 5.90781e+02
-9.25193e-01 8.31936e-01 5.90732e+02
-9.76093e-01 8.78662e-01 5.91845e+02
-1.02768e+00 9.26386e-01 5.93826e+02
-1.07997e+00 9.75110e-01 5.96458e+02
-1.13298e+00 1.02484e+00 5.99580e+02
-1.18670e+00 1.07557e+00 6.03069e+02
-1.24115e+00 1.12732e+00 6.06831e+02
-1.29885e+00 1.18249e+00 6.11010e+02
-1.35805e+00 1.23944e+00 6.13342e+02
-1.41792e+00 1.29736e+00 6.15895e+02
-1.47847e+00 1.35628e+00 6.18622e+02
-1.53972e+00 1.41619e+00 6.21484e+02
-1.60168e+00 1.47711e+00 6.24451e+02
-1.66437e+00 1.53904e+00 6.27499e+02
-1.72781e+00 1.60201e+00 6.30609e+02
-1.79200e+00 1.66603e+00 6.33769e+02
-1.85697e+00 1.73110e+00 6.36967e+02
-1.92273e+00 1.79724e+00 6.40197e+02
-1.98930e+00 1.86447e+00 6.43454e+02
-2.05797e+00 1.93409e+00 6.44240e+02
-2.12866e+00 2.00604e+00 6.45344e+02
-2.20006e+00 2.07898e+00 6.46407e+02
-2.27219e+00 2.15294e+00 6.47418e+02
-2.34508e+00 2.22794e+00 6.48370e+02
-2.41874e+00 2.30399e+00 6.49253e+02
-2.49319e+00 2.38113e+00 6.50057e+02
-2.56847e+00 2.45936e+00 6.50771e+02
-2.64459e+00 2.53872e+00 6.51382e+02
-2.72157e+00 2.61921e+00 6.51878e+02
-2.79944e+00 2.70088e+00 6.52241e+02
-2.87822e+00 2.78374e+00 6.52453e+02
-2.95830e+00 2.86819e+00 6.52440e+02
-3.04030e+00 2.95491e+00 6.51466e+02
-3.12309e+00 3.04268e+00 6.50578e+02
-3.20668e+00 3.13154e+00 6.49771e+02
-3.29110e+00 3.22151e+00 6.49047e+02
-3.37638e+00 3.31262e+00 6.48408e+02
-3.46255e+00 3.40490e+00 6.47858e+02
-3.54964e+00 3.49838e+00 6.47408e+02
-3.63768e+00 3.59309e+00 6.47076e+02
-3.72670e+00 3.68907e+00 6.46893e+02
-3.81673e+00 3.78635e+00 6.46914e+02
-3.90781e+00 3.88497e+00 6.47244e+02
-3.99995e+00 3.98495e+00 6.48105e+02
-6.13727e-01 5.93293e-01 6.54536e+02
-6.58658e-01 6.36132e-01 6.36081e+02
-7.04352e-01 6.79855e-01 6.24001e+02
-7.50811e-01 7.24465e-01 6.16304e+02
-7.98040e-01 7.69963e-01 6.11692e+02
-8.46045e-01 8.16350e-01 6.09295e+02
-8.94830e-01 8.63629e-01 6.08506e+02
-9.44403e-01 9.11804e-01 6.08894e+02
-9.94770e-01 9.60878e-01 6.10145e+02
-1.04594e+00 1.01086e+00 6.12029e+02
-1.09791e+00 1.06175e+00 6.14372e+02
-1.15070e+00 1.11355e+00 6.17042e+02
-1.20432e+00 1.16628e+00 6.19938e+02
-1.26126e+00 1.22239e+00 6.23017e+02
-1.31979e+00 1.28019e+00 6.24554e+02
-1.37909e+00 1.33888e+00 6.26371e+02
-1.43918e+00 1.39845e+00 6.28409e+02
-1.50007e+00 1.45892e+00 6.30619e+02
-1.56177e+00 1.52031e+00 6.32965e+02
-1.62430e+00 1.58263e+00 6.35417e+02
-1.68766e+00 1.64589e+00 6.37952e+02
-1.75188e+00 1.71010e+00 6.40550e+02
-1.81697e+00 1.77527e+00 6.43198e+02
-1.88294e+00 1.84143e+00 6.45885e+02
-1.94982e+00 1.90859e+00 6.48602e+02
-2.01891e+00 1.97806e+00 6.49162e+02
-2.09011e+00 2.04976e+00 6.49871e+02
-2.16213e+00 2.12237e+00 6.50565e+02
-2.23497e+00 2.19590e+00 6.51230e+02
-2.30867e+00 2.27038e+00 6.51856e+02
-2.38323e+00 2.34583e+00 6.52429e+02
-2.45868e+00 2.42227e+00 6.52937e+02
-2.53505e+00 2.49972e+00 6.53366e+02
-2.61235e+00 2.57820e+00 6.53700e+02
-2.69061e+00 2.65774e+00 6.53920e+02
-2.76985e+00 2.73836e+00 6.54004e+02
-2.85010e+00 2.82008e+00 6.53924e+02
-2.93176e+00 2.90331e+00 6.53592e+02
-3.01545e+00 2.98870e+00 6.52431e+02
-3.10002e+00 3.07505e+00 6.51351e+02
-3.18548e+00 3.16241e+00 6.50349e+02
-3.27188e+00 3.25078e+00 6.49423e+02
-3.35922e+00 3.34021e+00 6.48572e+02
-3.44755e+00 3.43072e+00 6.47798e+02
-3.53690e+00 3.52235e+00 6.47110e+02
-3.62729e+00 3.61511e+00 6.46525e+02
-3.71876e+00 3.70906e+00 6.46079e+02
-3.81134e+00 3.80421e+00 6.45862e+02
-3.90506e+00 3.90061e+00 6.46134e+02
-3.99995e+00 3.99828e+00 6.48053e+02
-5.93303e-01 6.13717e-01 6.75651e+02
-6.36143e-01 6.58647e-01 6.57421e+02
-6.79868e-01 7.04340e-01 6.45360e+02
-7.24478e-01 7.50798e-01 6.37519e+02
-7.69977e-01 7.98026e-01 6.32633e+02
-8.16364e-01 8.46030e-01 6.29849e+02
-8.63644e-01 8.94815e-01 6.28573e+02
-9.11820e-01 9.44388e-01 6.28384e+02
-9.60895e-01 9.94754e-01 6.28974e+02
-1.01088e+00 1.04592e+00 6.30116e+02
-1.06177e+00 1.09790e+00 6.31637e+02
-1.11357e+00 1.15069e+00 6.33408e+02
-1.16630e+00 1.20430e+00 6.35326e+02
-1.22241e+00 1.26124e+00 6.37126e+02
-1.28021e+00 1.31977e+00 6.37506e+02
-1.33890e+00 1.37907e+00 6.38250e+02
-1.39847e+00 1.43916e+00 6.39284e+02
-1.45895e+00 1.50005e+00 6.40551e+02
-1.52034e+00 1.56175e+00 6.42002e+02
-1.58265e+00 1.62428e+00 6.43599e+02
-1.64591e+00 1.68764e+00 6.45312e+02
-1.71012e+00 1.75186e+00 6.47113e+02
-1.77529e+00 1.81695e+00 6.48982e+02
-1.84145e+00 1.88292e+00 6.50903e+02
-1.90861e+00 1.94980e+00 6.52861e+02
-1.97808e+00 2.01889e+00 6.52897e+02
-2.04978e+00 2.09010e+00 6.53102e+02
-2.12239e+00 2.16211e+00 6.53331e+02
-2.19592e+00 2.23496e+00 6.53571e+02
-2.27040e+00 2.30865e+00 6.53807e+02
-2.34585e+00 2.38321e+00 6.54026e+02
-2.42229e+00 2.45866e+00 6.54214e+02
-2.49974e+00 2.53503e+00 6.54356e+02
-2.57822e+00 2.61233e+00 6.54436e+02
-2.65776e+00 2.69060e+00 6.54437e+02
-2.73837e+00 2.76984e+00 6.54337e+02
-2.82009e+00 2.85009e+00 6.54111e+02
-2.90332e+00 2.93174e+00 6.53630e+02
-2.98871e+00 3.01544e+00 6.52376e+02
-3.07507e+00 3.10001e+00 6.51206e+02
-3.16242e+00 3.18547e+00 6.50116e+02
-3.25079e+00 3.27187e+00 6.49103e+02
-3.34022e+00 3.35921e+00 6.48164e+02
-3.43073e+00 3.44755e+00 6.47301e+02
-3.52235e+00 3.53690e+00 6.46519e+02
-3.61512e+00 3.62729e+00 6.45829e+02
-3.70907e+00 3.71876e+00 6.45259e+02
-3.80422e+00 3.81134e+00 6.44878e+02
-3.90061e+00 3.90506e+00 6.44886e+02
-3.99829e+00 3.99995e+00 6.46180e+02
-5.72494e-01 6.33829e-01 6.97020e+02
-6.13245e-01 6.80755e-01 6.78973e+02
-6.54995e-01 7.28324e-01 6.66740e+02
-6.97742e-01 7.76543e-01 6.58519e+02
-7.41484e-01 8.25420e-01 6.53126e+02
-7.86220e-01 8.74962e-01 6.49754e+02
-8.31952e-01 9.25179e-01 6.47835e+02
-8.78679e-01 9.76078e-01 6.46965e+02
-9.26403e-01 1.02767e+00 6.46845e+02
-9.75128e-01 1.07996e+00 6.47253e+02
-1.02486e+00 1.13296e+00 6.48020e+02
-1.07559e+00 1.18668e+00 6.49017e+02
-1.12734e+00 1.24113e+00 6.50142e+02
-1.18251e+00 1.29883e+00 6.51009e+02
-1.23946e+00 1.35803e+00 6.50463e+02
-1.29738e+00 1.41790e+00 6.50354e+02
-1.35630e+00 1.47845e+00 6.50600e+02
-1.41621e+00 1.53970e+00 6.51133e+02
-1.47713e+00 1.60166e+00 6.51899e+02
-1.53907e+00 1.66435e+00 6.52852e+02
-1.60204e+00 1.72779e+00 6.53957e+02
-1.66605e+00 1.79198e+00 6.55181e+02
-1.73112e+00 1.85695e+00 6.56500e+02
-1.79726e+00 1.92271e+00 6.57892e+02
-1.86449e+00 1.98928e+00 6.59340e+02
-1.93412e+00 2.05796e+00 6.58926e+02
-2.00606e+00 2.12864e+00 6.58766e+02
-2.07900e+00 2.20004e+00 6.58656e+02
-2.15296e+00 2.27217e+00 6.58579e+02
-2.22796e+00 2.34506e+00 6.58521e+02
-2.30402e+00 2.41872e+00 6.58467e+02
-2.38115e+00 2.49318e+00 6.58402e+02
-2.45938e+00 2.56845e+00 6.58315e+02
-2.53874e+00 2.64457e+00 6.58188e+02
-2.61923e+00 2.72155e+00 6.58008e+02
-2.70090e+00 2.79942e+00 6.57757e+02
-2.78376e+00 2.87820e+00 6.57415e+02
-2.86821e+00 2.95829e+00 6.56833e+02
-2.95493e+00 3.04029e+00 6.55422e+02
-3.04270e+00 3.12308e+00 6.54106e+02
-3.13156e+00 3.20667e+00 6.52880e+02
-3.22153e+00 3.29109e+00 6.51739e+02
-3.31263e+00 3.37637e+00 6.50682e+02
-3.40491e+00 3.46254e+00 6.49706e+02
-3.49839e+00 3.54964e+00 6.48815e+02
-3.59311e+00 3.63768e+00 6.48013e+02
-3.68909e+00 3.72670e+00 6.47312e+02
-3.78637e+00 3.81673e+00 6.46736e+02
-3.88498e+00 3.90780e+00 6.46331e+02
-3.98496e+00 3.99995e+00 6.46196e+02
-5.51319e-01 6.53613e-01 7.17666e+02
-5.90002e-01 7.02420e-01 7.00233e+02
-6.29785e-01 7.51758e-01 6.88142e+02
-6.70665e-01 8.01639e-01 6.79769e+02
-7.12635e-01 8.52072e-01 6.74032e+02
-7.55695e-01 9.03067e-01 6.70187e+02
-7.99840e-01 9.54635e-01 6.67707e+02
-8.45070e-01 1.00679e+00 6.66211e+02
-8.91385e-01 1.05953e+00 6.65417e+02
-9.38785e-01 1.11289e+00 6.65114e+02
-9.87272e-01 1.16686e+00 6.65139e+02
-1.03685e+00 1.22146e+00 6.65369e+02
-1.08751e+00 1.27670e+00 6.65705e+02
-1.14162e+00 1.33511e+00 6.65573e+02
-1.19757e+00 1.39493e+00 6.63989e+02
-1.25459e+00 1.45532e+00 6.62926e+02
-1.31269e+00 1.51629e+00 6.62293e+02
-1.37186e+00 1.57788e+00 6.62012e+02
-1.43213e+00 1.64008e+00 6.62021e+02
-1.49350e+00 1.70291e+00 6.62267e+02
-1.55598e+00 1.76640e+00 6.62707e+02
-1.61959e+00 1.83056e+00 6.63305e+02
-1.68433e+00 1.89540e+00 6.64031e+02
-1.75022e+00 1.96095e+00 6.64859e+02
-1.81727e+00 2.02722e+00 6.65768e+02
-1.88679e+00 2.09549e+00 6.64795e+02
-1.95869e+00 2.16566e+00 6.64220e+02
-2.03168e+00 2.23646e+00 6.63724e+02
-2.10576e+00 2.30790e+00 6.63286e+02
-2.18096e+00 2.38000e+00 6.62891e+02
-2.25729e+00 2.45279e+00 6.62523e+02
-2.33479e+00 2.52628e+00 6.62168e+02
-2.41346e+00 2.60051e+00 6.61812e+02
-2.49333e+00 2.67548e+00 6.61440e+02
-2.57442e+00 2.75123e+00 6.61038e+02
-2.65675e+00 2.82778e+00 6.60591e+02
-2.74035e+00 2.90516e+00 6.60082e+02
-2.82563e+00 2.98373e+00 6.59367e+02
-2.91325e+00 3.06411e+00 6.57768e+02
-3.00200e+00 3.14518e+00 6.56272e+02
-3.09192e+00 3.22697e+00 6.54872e+02
-3.18302e+00 3.30950e+00 6.53563e+02
-3.27534e+00 3.39280e+00 6.52341e+02
-3.36890e+00 3.47691e+00 6.51201e+02
-3.46375e+00 3.56184e+00 6.50142e+02
-3.55991e+00 3.64763e+00 6.49163e+02
-3.65741e+00 3.73430e+00 6.48267e+02
-3.75628e+00 3.82189e+00 6.47458e+02
-3.85657e+00 3.91044e+00 6.46747e+02
-3.95831e+00 3.99996e+00 6.46152e+02
-5.29816e-01 6.73035e-01 7.37494e+02
-5.66452e-01 7.23608e-01 7.21120e+02
-6.04279e-01 7.74610e-01 7.09500e+02
-6.43288e-01 8.26052e-01 7.01217e+02
-6.83473e-01 8.77947e-01 6.95314e+02
-7.24829e-01 9.30309e-01 6.91124e+02
-7.67351e-01 9.83149e-01 6.88174e+02
-8.11036e-01 1.03648e+00 6.86115e+02
-8.55882e-01 1.09032e+00 6.84689e+02
-9.01887e-01 1.14467e+00 6.83701e+02
-9.49051e-01 1.19956e+00 6.83001e+02
-9.97375e-01 1.25498e+00 6.82472e+02
-1.04686e+00 1.31097e+00 6.82023e+02
-1.09978e+00 1.37004e+00 6.80834e+02
-1.15460e+00 1.43043e+00 6.78102e+02
-1.21056e+00 1.49130e+00 6.75989e+02
-1.26767e+00 1.55267e+00 6.74390e+02
-1.32594e+00 1.61455e+00 6.73217e+02
-1.38538e+00 1.67696e+00 6.72400e+02
-1.44598e+00 1.73993e+00 6.71877e+02
-1.50777e+00 1.80346e+00 6.71600e+02
-1.57076e+00 1.86757e+00 6.71526e+02
-1.63494e+00 1.93229e+00 6.71619e+02
-1.70034e+00 1.99762e+00 6.71849e+02
-1.76697e+00 2.06360e+00 6.72192e+02
-1.83612e+00 2.13147e+00 6.70563e+02
-1.90770e+00 2.20114e+00 6.69529e+02
-1.98043e+00 2.27135e+00 6.68604e+02
-2.05433e+00 2.34212e+00 6.67767e+02
-2.12941e+00 2.41346e+00 6.67001e+02
-2.20570e+00 2.48541e+00 6.66288e+02
-2.28322e+00 2.55797e+00 6.65612e+02
-2.36198e+00 2.63119e+00 6.64959e+02
-2.44200e+00 2.70507e+00 6.64315e+02
-2.52332e+00 2.77964e+00 6.63664e+02
-2.60594e+00 2.85492e+00 6.62993e+02
-2.68989e+00 2.93094e+00 6.62286e+02
-2.77558e+00 3.00807e+00 6.61414e+02
-2.86368e+00 3.08689e+00 6.59618e+02
-2.95297e+00 3.16632e+00 6.57934e+02
-3.04349e+00 3.24638e+00 6.56354e+02
-3.13527e+00 3.32710e+00 6.54872e+02
-3.22833e+00 3.40851e+00 6.53482e+02
-3.32270e+00 3.49064e+00 6.52180e+02
-3.41842e+00 3.57350e+00 6.50960e+02
-3.51552e+00 3.65713e+00 6.49820e+02
-3.61402e+00 3.74157e+00 6.48758e+02
-3.71397e+00 3.82683e+00 6.47774e+02
-3.81539e+00 3.91295e+00 6.46868e+02
-3.91833e+00 3.99996e+00 6.46043e+02
-5.08022e-01 6.92065e-01 7.56426e+02
-5.42636e-01 7.44289e-01 7.41564e+02
-5.78516e-01 7.96845e-01 7.30758e+02
-6.15653e-01 8.49748e-01 7.22822e+02
-6.54039e-01 9.03013e-01 7.16943e+02
-6.93666e-01 9.56655e-01 7.12548e+02
-7.34527e-01 1.01069e+00 7.09226e+02
-7.76619e-01 1.06513e+00 7.06673e+02
-8.19936e-01 1.11999e+00 7.04662e+02
-8.64476e-01 1.17528e+00 7.03019e+02
-9.10236e-01 1.23103e+00 7.01611e+02
-9.57217e-01 1.28723e+00 7.00332e+02
-1.00542e+00 1.34392e+00 6.99100e+02
-1.05702e+00 1.40361e+00 6.96805e+02
-1.11057e+00 1.46452e+00 6.92819e+02
-1.16532e+00 1.52583e+00 6.89562e+02
-1.22129e+00 1.58755e+00 6.86912e+02
-1.27848e+00 1.64970e+00 6.84773e+02
-1.33689e+00 1.71231e+00 6.83063e+02
-1.39654e+00 1.77538e+00 6.81714e+02
-1.45744e+00 1.83894e+00 6.80668e+02
-1.51958e+00 1.90301e+00 6.79877e+02
-1.58299e+00 1.96759e+00 6.79300e+02
-1.64767e+00 2.03272e+00 6.78902e+02
-1.71363e+00 2.09841e+00 6.78652e+02
-1.78213e+00 2.16590e+00 6.76281e+02
-1.85310e+00 2.23507e+00 6.74744e+02
-1.92528e+00 2.30471e+00 6.73353e+02
-1.99869e+00 2.37482e+00 6.72084e+02
-2.07334e+00 2.44544e+00 6.70916e+02
-2.14926e+00 2.51657e+00 6.69831e+02
-2.22646e+00 2.58825e+00 6.68810e+02
-2.30496e+00 2.66049e+00 6.67838e+02
-2.38478e+00 2.73332e+00 6.66899e+02
-2.46594e+00 2.80676e+00 6.65980e+02
-2.54846e+00 2.88084e+00 6.65065e+02
-2.63237e+00 2.95557e+00 6.64141e+02
-2.71807e+00 3.03131e+00 6.63089e+02
-2.80622e+00 3.10864e+00 6.61096e+02
-2.89562e+00 3.18650e+00 6.59226e+02
-2.98630e+00 3.26491e+00 6.57471e+02
-3.07829e+00 3.34390e+00 6.55823e+02
-3.17162e+00 3.42350e+00 6.54276e+02
-3.26632e+00 3.50373e+00 6.52824e+02
-3.36242e+00 3.58462e+00 6.51461e+02
-3.45995e+00 3.66620e+00 6.50183e+02
-3.55894e+00 3.74850e+00 6.48987e+02
-3.65942e+00 3.83153e+00 6.47869e+02
-3.76144e+00 3.91535e+00 6.46829e+02
-3.86502e+00 3.99996e+00 6.45864e+02
-4.85977e-01 7.10673e-01 7.74404e+02
-5.18593e-01 7.64430e-01 7.61511e+02
-5.52539e-01 8.18433e-01 7.51872e+02
-5.87803e-01 8.72696e-01 7.44551e+02
-6.24376e-01 9.27238e-01 7.38895e+02
-6.62248e-01 9.82075e-01 7.34443e+02
-7.01412e-01 1.03722e+00 7.30856e+02
-7.41861e-01 1.09270e+00 7.27883e+02
-7.83589e-01 1.14851e+00 7.25337e+02
-8.26593e-01 1.20469e+00 7.23071e+02
-8.70868e-01 1.26124e+00 7.20973e+02
-9.16413e-01 1.31818e+00 7.18953e+02
-9.63226e-01 1.37553e+00 7.16940e+02
-1.01339e+00 1.43578e+00 7.13497e+02
-1.06552e+00 1.49717e+00 7.08155e+02
-1.11891e+00 1.55887e+00 7.03661e+02
-1.17357e+00 1.62092e+00 6.99879e+02
-1.22950e+00 1.68332e+00 6.96701e+02
-1.28672e+00 1.74609e+00 6.94034e+02
-1.34521e+00 1.80926e+00 6.91801e+02
-1.40500e+00 1.87284e+00 6.89937e+02
-1.46609e+00 1.93685e+00 6.88387e+02
-1.52849e+00 2.00130e+00 6.87104e+02
-1.59221e+00 2.06623e+00 6.86047e+02
-1.65725e+00 2.13164e+00 6.85182e+02
-1.72484e+00 2.19875e+00 6.81989e+02
-1.79491e+00 2.26745e+00 6.79911e+02
-1.86624e+00 2.33653e+00 6.78018e+02
-1.93885e+00 2.40601e+00 6.76286e+02
-2.01276e+00 2.47592e+00 6.74689e+02
-2.08797e+00 2.54627e+00 6.73206e+02
-2.16451e+00 2.61710e+00 6.71818e+02
-2.24240e+00 2.68841e+00 6.70508e+02
-2.32166e+00 2.76024e+00 6.69259e+02
-2.40230e+00 2.83260e+00 6.68055e+02
-2.48434e+00 2.90552e+00 6.66882e+02
-2.56782e+00 2.97902e+00 6.65726e+02
-2.65311e+00 3.05345e+00 6.64468e+02
-2.74088e+00 3.12935e+00 6.62282e+02
-2.82994e+00 3.20570e+00 6.60232e+02
-2.92033e+00 3.28254e+00 6.58310e+02
-3.01208e+00 3.35988e+00 6.56507e+02
-3.10521e+00 3.43776e+00 6.54815e+02
-3.19975e+00 3.51619e+00 6.53227e+02
-3.29573e+00 3.59520e+00 6.51738e+02
-3.39319e+00 3.67483e+00 6.50342e+02
-3.49215e+00 3.75509e+00 6.49034e+02
-3.59265e+00 3.83601e+00 6.47811e+02
-3.69472e+00 3.91763e+00 6.46671e+02
-3.79839e+00 3.99996e+00 6.45610e+02
-4.63529e-01 7.28984e-01 7.89903e+02
-4.94170e-01 7.84160e-01 7.80041e+02
-5.26193e-01 8.39501e-01 7.72358e+02
-5.59582e-01 8.95025e-01 7.66230e+02
-5.94328e-01 9.50751e-01 7.61212e+02
-6.30420e-01 1.00670e+00 7.56986e+02
-6.67849e-01 1.06288e+00 7.53316e+02
-7.06606e-01 1.11931e+00 7.50023e+02
-7.46686e-01 1.17602e+00 7.46974e+02
-7.88083e-01 1.23302e+00 7.44062e+02
-8.30791e-01 1.29032e+00 7.41205e+02
-8.74809e-01 1.34794e+00 7.38338e+02
-9.20133e-01 1.40590e+00 7.35406e+02
-9.68739e-01 1.46666e+00 7.30882e+02
-1.01931e+00 1.52848e+00 7.24294e+02
-1.07120e+00 1.59054e+00 7.18650e+02
-1.12439e+00 1.65287e+00 7.13809e+02
-1.17890e+00 1.71548e+00 7.09651e+02
-1.23473e+00 1.77840e+00 7.06079e+02
-1.29188e+00 1.84164e+00 7.03009e+02
-1.35037e+00 1.90522e+00 7.00369e+02
-1.41019e+00 1.96916e+00 6.98099e+02
-1.47136e+00 2.03348e+00 6.96148e+02
-1.53388e+00 2.09821e+00 6.94471e+02
-1.59776e+00 2.16335e+00 6.93030e+02
-1.66418e+00 2.23008e+00 6.89046e+02
-1.73307e+00 2.29830e+00 6.86502e+02
-1.80326e+00 2.36684e+00 6.84160e+02
-1.87477e+00 2.43571e+00 6.81992e+02
-1.94760e+00 2.50494e+00 6.79971e+02
-2.02179e+00 2.57454e+00 6.78077e+02
-2.09734e+00 2.64455e+00 6.76288e+02
-2.17427e+00 2.71497e+00 6.74585e+02
-2.25260e+00 2.78584e+00 6.72951e+02
-2.33235e+00 2.85717e+00 6.71370e+02
-2.41354e+00 2.92899e+00 6.69827e+02
-2.49619e+00 3.00132e+00 6.68307e+02
-2.58068e+00 3.07449e+00 6.66707e+02
-2.66763e+00 3.14903e+00 6.64446e+02
-2.75592e+00 3.22395e+00 6.62272e+02
-2.84558e+00 3.29929e+00 6.60175e+02
-2.93662e+00 3.37506e+00 6.58143e+02
-3.02908e+00 3.45129e+00 6.56167e+02
-3.12299e+00 3.52801e+00 6.54235e+02
-3.21836e+00 3.60524e+00 6.52339e+02
-3.31525e+00 3.68301e+00 6.50468e+02
-3.41366e+00 3.76134e+00 6.48611e+02
-3.51364e+00 3.84026e+00 6.46757e+02
-3.61522e+00 3.91979e+00 6.44894e+02
-3.71843e+00 3.99996e+00 6.43009e+02
-4.40477e-01 7.47148e-01 8.12869e+02
-4.69166e-01 8.03628e-01 8.03652e+02
-4.99273e-01 8.60200e-01 7.96117e+02
-5.30785e-01 9.16884e-01 7.89794e+02
-5.63689e-01 9.73700e-01 7.84347e+02
-5.97974e-01 1.03067e+00 7.79528e+02
-6.33629e-01 1.08780e+00 7.75152e+02
-6.70646e-01 1.14512e+00 7.71079e+02
-7.09017e-01 1.20265e+00 7.67199e+02
-7.48736e-01 1.26040e+00 7.63426e+02
-7.89797e-01 1.31839e+00 7.59694e+02
-8.32196e-01 1.37664e+00 7.55945e+02
-8.75930e-01 1.43517e+00 7.52137e+02
-9.22859e-01 1.49638e+00 7.46382e+02
-9.71751e-01 1.55856e+00 7.38698e+02
-1.02198e+00 1.62093e+00 7.32074e+02
-1.07356e+00 1.68350e+00 7.26357e+02
-1.12649e+00 1.74628e+00 7.21419e+02
-1.18076e+00 1.80931e+00 7.17150e+02
-1.23638e+00 1.87259e+00 7.13461e+02
-1.29337e+00 1.93616e+00 7.10274e+02
-1.35172e+00 2.00002e+00 7.07522e+02
-1.41144e+00 2.06420e+00 7.05149e+02
-1.47254e+00 2.12871e+00 7.03105e+02
-1.53502e+00 2.19358e+00 7.01349e+02
-1.60001e+00 2.25994e+00 6.96802e+02
-1.66744e+00 2.32769e+00 6.93915e+02
-1.73621e+00 2.39569e+00 6.91261e+02
-1.80632e+00 2.46396e+00 6.88812e+02
-1.87779e+00 2.53253e+00 6.86540e+02
-1.95063e+00 2.60141e+00 6.84423e+02
-2.02486e+00 2.67062e+00 6.82438e+02
-2.10050e+00 2.74019e+00 6.80567e+02
-2.17756e+00 2.81014e+00 6.78791e+02
-2.25605e+00 2.88049e+00 6.77096e+02
-2.33601e+00 2.95126e+00 6.75466e+02
-2.41745e+00 3.02247e+00 6.73888e+02
-2.50073e+00 3.09444e+00 6.72127e+02
-2.58645e+00 3.16768e+00 6.69852e+02
-2.67354e+00 3.24124e+00 6.67660e+02
-2.76202e+00 3.31515e+00 6.65538e+02
-2.85191e+00 3.38943e+00 6.63477e+02
-2.94323e+00 3.46411e+00 6.61467e+02
-3.03602e+00 3.53921e+00 6.59499e+02
-3.13031e+00 3.61475e+00 6.57562e+02
-3.22611e+00 3.69076e+00 6.55648e+02
-3.32346e+00 3.76726e+00 6.53747e+02
-3.42240e+00 3.84428e+00 6.51849e+02
-3.52295e+00 3.92183e+00 6.49945e+02
-3.62514e+00 3.99996e+00 6.48024e+02
-4.17129e-01 7.64919e-01 8.35786e+02
-4.43893e-01 8.22585e-01 8.27461e+02
-4.72099e-01 8.80279e-01 8.20259e+02
-5.01734e-01 9.38022e-01 8.13877e+02
-5.32783e-01 9.95834e-01 8.08092e+02
-5.65236e-01 1.05373e+00 8.02739e+02
-5.99080e-01 1.11174e+00 7.97690e+02
-6.34307e-01 1.16988e+00 7.92847e+02
-6.70909e-01 1.22816e+00 7.88133e+02
-7.08878e-01 1.28661e+00 7.83486e+02
-7.48207e-01 1.34523e+00 7.78855e+02
-7.88893e-01 1.40406e+00 7.74200e+02
-8.30931e-01 1.46311e+00 7.69486e+02
-8.76059e-01 1.52472e+00 7.62153e+02
-9.23131e-01 1.58723e+00 7.53308e+02
-9.71565e-01 1.64986e+00 7.45643e+02
-1.02136e+00 1.71263e+00 7.38994e+02
-1.07253e+00 1.77556e+00 7.33222e+02
-1.12506e+00 1.83868e+00 7.28210e+02
-1.17896e+00 1.90199e+00 7.23857e+02
-1.23424e+00 1.96552e+00 7.20080e+02
-1.29090e+00 2.02930e+00 7.16805e+02
-1.34895e+00 2.09333e+00 7.13971e+02
-1.40838e+00 2.15763e+00 7.11524e+02
-1.46922e+00 2.22224e+00 7.09417e+02
-1.53251e+00 2.28823e+00 7.04338e+02
-1.59821e+00 2.35552e+00 7.01083e+02
-1.66526e+00 2.42300e+00 6.98093e+02
-1.73366e+00 2.49070e+00 6.95338e+02
-1.80345e+00 2.55863e+00 6.92789e+02
-1.87462e+00 2.62681e+00 6.90421e+02
-1.94719e+00 2.69528e+00 6.88213e+02
-2.02118e+00 2.76404e+00 6.86144e+02
-2.09660e+00 2.83311e+00 6.84196e+02
-2.17348e+00 2.90253e+00 6.82352e+02
-2.25182e+00 2.97230e+00 6.80599e+02
-2.33165e+00 3.04245e+00 6.78921e+02
-2.41331e+00 3.11329e+00 6.76950e+02
-2.49738e+00 3.18530e+00 6.74609e+02
-2.58283e+00 3.25757e+00 6.72342e+02
-2.66969e+00 3.33013e+00 6.70140e+02
-2.75796e+00 3.40300e+00 6.67992e+02
-2.84768e+00 3.47621e+00 6.65889e+02
-2.93887e+00 3.54977e+00 6.63821e+02
-3.03157e+00 3.62372e+00 6.61781e+02
-3.12579e+00 3.69806e+00 6.59759e+02
-3.22157e+00 3.77284e+00 6.57746e+02
-3.31893e+00 3.84806e+00 6.55733e+02
-3.41790e+00 3.92376e+00 6.53713e+02
-3.51852e+00 3.99996e+00 6.51675e+02
-3.93528e-01 7.82272e-01 8.58545e+02
-4.18395e-01 8.41007e-01 8.51372e+02
-4.44714e-01 8.99715e-01 8.44703e+02
-4.72472e-01 9.58416e-01 8.38409e+02
-5.01655e-01 1.01713e+00 8.32389e+02
-5.32251e-01 1.07588e+00 8.26568e+02
-5.64248e-01 1.13469e+00 8.20883e+02
-5.97636e-01 1.19356e+00 8.15286e+02
-6.32408e-01 1.25253e+00 8.09736e+02
-6.68554e-01 1.31161e+00 8.04201e+02
-7.06069e-01 1.37082e+00 7.98651e+02
-7.44947e-01 1.43018e+00 7.93063e+02
-7.85184e-01 1.48971e+00 7.87416e+02
-8.28386e-01 1.55167e+00 7.78194e+02
-8.73498e-01 1.61446e+00 7.68125e+02
-9.19983e-01 1.67731e+00 7.59362e+02
-9.67841e-01 1.74025e+00 7.51729e+02
-1.01707e+00 1.80331e+00 7.45075e+02
-1.06768e+00 1.86648e+00 7.39274e+02
-1.11966e+00 1.92981e+00 7.34216e+02
-1.17303e+00 1.99330e+00 7.29810e+02
-1.22778e+00 2.05698e+00 7.25977e+02
-1.28392e+00 2.12086e+00 7.22648e+02
-1.34145e+00 2.18497e+00 7.19765e+02
-1.40039e+00 2.24932e+00 7.17275e+02
-1.46172e+00 2.31496e+00 7.11700e+02
-1.52539e+00 2.38180e+00 7.08057e+02
-1.59043e+00 2.44878e+00 7.04711e+02
-1.65682e+00 2.51592e+00 7.01630e+02
-1.72460e+00 2.58324e+00 6.98783e+02
-1.79377e+00 2.65077e+00 6.96145e+02
-1.86434e+00 2.71851e+00 6.93692e+02
-1.93634e+00 2.78650e+00 6.91403e+02
-2.00976e+00 2.85475e+00 6.89258e+02
-2.08464e+00 2.92328e+00 6.87242e+02
-2.16098e+00 2.99211e+00 6.85338e+02
-2.23881e+00 3.06127e+00 6.83532e+02
-2.31844e+00 3.13104e+00 6.81308e+02
-2.40044e+00 3.20188e+00 6.78857e+02
-2.48381e+00 3.27293e+00 6.76474e+02
-2.56858e+00 3.34421e+00 6.74149e+02
-2.65478e+00 3.41576e+00 6.71872e+02
-2.74243e+00 3.48758e+00 6.69634e+02
-2.83154e+00 3.55970e+00 6.67427e+02
-2.92215e+00 3.63214e+00 6.65242e+02
-3.01429e+00 3.70493e+00 6.63071e+02
-3.10797e+00 3.77808e+00 6.60906e+02
-3.20322e+00 3.85162e+00 6.58738e+02
-3.30009e+00 3.92558e+00 6.56562e+02
-3.39858e+00 3.99996e+00 6.54367e+02
-3.69718e-01 7.99184e-01 8.81054e+02
-3.92715e-01 8.58873e-01 8.75302e+02
-4.17163e-01 9.18487e-01 8.69376e+02
-4.43046e-01 9.78047e-01 8.63326e+02
-4.70351e-01 1.03757e+00 8.57181e+02
-4.99065e-01 1.09709e+00 8.50963e+02
-5.29178e-01 1.15661e+00 8.44684e+02
-5.60680e-01 1.21616e+00 8.38351e+02
-5.93561e-01 1.27575e+00 8.31967e+02
-6.27813e-01 1.33541e+00 8.25531e+02
-6.63430e-01 1.39515e+00 8.19040e+02
-7.00405e-01 1.45499e+00 8.12492e+02
-7.38735e-01 1.51495e+00 8.05881e+02
-7.79886e-01 1.57722e+00 7.94498e+02
-8.22899e-01 1.64024e+00 7.83146e+02
-8.67284e-01 1.70328e+00 7.73233e+02
-9.13038e-01 1.76636e+00 7.64566e+02
-9.60163e-01 1.82950e+00 7.56986e+02
-1.00866e+00 1.89273e+00 7.50354e+02
-1.05853e+00 1.95605e+00 7.44553e+02
-1.10977e+00 2.01949e+00 7.39484e+02
-1.16239e+00 2.08307e+00 7.35060e+02
-1.21640e+00 2.14681e+00 7.31206e+02
-1.27179e+00 2.21072e+00 7.27857e+02
-1.32858e+00 2.27482e+00 7.24958e+02
-1.38767e+00 2.34012e+00 7.18925e+02
-1.44904e+00 2.40652e+00 7.14877e+02
-1.51175e+00 2.47301e+00 7.11160e+02
-1.57583e+00 2.53962e+00 7.07737e+02
-1.64128e+00 2.60636e+00 7.04577e+02
-1.70812e+00 2.67325e+00 7.01653e+02
-1.77635e+00 2.74032e+00 6.98938e+02
-1.84599e+00 2.80758e+00 6.96412e+02
-1.91706e+00 2.87505e+00 6.94054e+02
-1.98956e+00 2.94275e+00 6.91846e+02
-2.06352e+00 3.01070e+00 6.89772e+02
-2.13894e+00 3.07892e+00 6.87818e+02
-2.21614e+00 3.14768e+00 6.85303e+02
-2.29562e+00 3.21742e+00 6.82707e+02
-2.37648e+00 3.28732e+00 6.80173e+02
-2.45872e+00 3.35741e+00 6.77691e+02
-2.54238e+00 3.42770e+00 6.75253e+02
-2.62748e+00 3.49822e+00 6.72850e+02
-2.71403e+00 3.56899e+00 6.70473e+02
-2.80207e+00 3.64003e+00 6.68114e+02
-2.89160e+00 3.71135e+00 6.65767e+02
-2.98267e+00 3.78299e+00 6.63424e+02
-3.07529e+00 3.85495e+00 6.61078e+02
-3.16950e+00 3.92727e+00 6.58722e+02
-3.26531e+00 3.99996e+00 6.56348e+02
-3.45741e-01 8.15635e-01 9.03235e+02
-3.66898e-01 8.76163e-01 8.99180e+02
-3.89489e-01 9.36577e-01 8.94214e+02
-4.13499e-01 9.96898e-01 8.88570e+02
-4.38915e-01 1.05715e+00 8.82415e+02
-4.65725e-01 1.11734e+00 8.75876e+02
-4.93918e-01 1.17750e+00 8.69047e+02
-5.23485e-01 1.23765e+00 8.61997e+02
-5.54415e-01 1.29781e+00 8.54777e+02
-5.86701e-01 1.35798e+00 8.47427e+02
-6.20336e-01 1.41820e+00 8.39973e+02
-6.55315e-01 1.47848e+00 8.32435e+02
-6.91631e-01 1.53884e+00 8.24828e+02
-7.30608e-01 1.60137e+00 8.11053e+02
-7.71383e-01 1.66457e+00 7.98363e+02
-8.13515e-01 1.72776e+00 7.87248e+02
-8.57003e-01 1.79094e+00 7.77502e+02
-9.01846e-01 1.85415e+00 7.68954e+02
-9.48045e-01 1.91740e+00 7.61454e+02
-9.95601e-01 1.98071e+00 7.54876e+02
-1.04452e+00 2.04409e+00 7.49112e+02
-1.09479e+00 2.10756e+00 7.44068e+02
-1.14643e+00 2.17115e+00 7.39662e+02
-1.19944e+00 2.23487e+00 7.35824e+02
-1.25382e+00 2.29873e+00 7.32491e+02
-1.31041e+00 2.36370e+00 7.26042e+02
-1.36917e+00 2.42967e+00 7.21577e+02
-1.42927e+00 2.49570e+00 7.17475e+02
-1.49072e+00 2.56179e+00 7.13699e+02
-1.55352e+00 2.62798e+00 7.10214e+02
-1.61769e+00 2.69428e+00 7.06991e+02
-1.68324e+00 2.76071e+00 7.04004e+02
-1.75018e+00 2.82728e+00 7.01229e+02
-1.81852e+00 2.89402e+00 6.98645e+02
-1.88827e+00 2.96094e+00 6.96233e+02
-1.95945e+00 3.02806e+00 6.93975e+02
-2.03207e+00 3.09540e+00 6.91857e+02
-2.10642e+00 3.16322e+00 6.89014e+02
-2.18296e+00 3.23192e+00 6.86242e+02
-2.26085e+00 3.30075e+00 6.83527e+02
-2.34011e+00 3.36971e+00 6.80861e+02
-2.42077e+00 3.43884e+00 6.78235e+02
-2.50284e+00 3.50814e+00 6.75641e+02
-2.58635e+00 3.57765e+00 6.73072e+02
-2.67131e+00 3.64737e+00 6.70519e+02
-2.75774e+00 3.71734e+00 6.67977e+02
-2.84567e+00 3.78756e+00 6.65438e+02
-2.93513e+00 3.85806e+00 6.62896e+02
-3.02613e+00 3.92885e+00 6.60346e+02
-3.11871e+00 3.99997e+00 6.57781e+02
-3.21381e-01 8.31774e-01 9.21007e+02
-3.40726e-01 8.93027e-01 9.22070e+02
-3.61475e-01 9.54134e-01 9.20566e+02
-3.83613e-01 1.01512e+00 9.17069e+02
-4.07129e-01 1.07599e+00 9.12022e+02
-4.32011e-01 1.13678e+00 9.05765e+02
-4.58247e-01 1.19751e+00 8.98565e+02
-4.85829e-01 1.25818e+00 8.90630e+02
-5.14748e-01 1.31883e+00 8.82120e+02
-5.44995e-01 1.37946e+00 8.73164e+02
-5.76565e-01 1.44010e+00 8.63861e+02
-6.09451e-01 1.50077e+00 8.54289e+02
-6.43648e-01 1.56147e+00 8.44509e+02
-6.80330e-01 1.62421e+00 8.27647e+02
-7.18735e-01 1.68755e+00 8.13540e+02
-7.58471e-01 1.75084e+00 8.01170e+02
-7.99536e-01 1.81410e+00 7.90320e+02
-8.41930e-01 1.87734e+00 7.80805e+02
-8.85652e-01 1.94058e+00 7.72468e+02
-9.30703e-01 2.00385e+00 7.65170e+02
-9.77085e-01 2.06716e+00 7.58794e+02
-1.02480e+00 2.13052e+00 7.53237e+02
-1.07385e+00 2.19395e+00 7.48409e+02
-1.12423e+00 2.25748e+00 7.44232e+02
-1.17596e+00 2.32111e+00 7.40637e+02
-1.22978e+00 2.38575e+00 7.34050e+02
-1.28566e+00 2.45130e+00 7.29418e+02
-1.34286e+00 2.51687e+00 7.25142e+02
-1.40137e+00 2.58248e+00 7.21186e+02
-1.46122e+00 2.64814e+00 7.17519e+02
-1.52240e+00 2.71387e+00 7.14114e+02
-1.58492e+00 2.77969e+00 7.10946e+02
-1.64881e+00 2.84562e+00 7.07993e+02
-1.71406e+00 2.91166e+00 7.05236e+02
-1.78069e+00 2.97785e+00 7.02656e+02
-1.84871e+00 3.04420e+00 7.00236e+02
-1.91814e+00 3.11072e+00 6.97964e+02
-1.98923e+00 3.17766e+00 6.94989e+02
-2.06239e+00 3.24539e+00 6.92747e+02
-2.13689e+00 3.31321e+00 6.90350e+02
-2.21273e+00 3.38113e+00 6.87803e+02
-2.28993e+00 3.44917e+00 6.85109e+02
-2.36850e+00 3.51734e+00 6.82270e+02
-2.44848e+00 3.58568e+00 6.79288e+02
-2.52987e+00 3.65418e+00 6.76164e+02
-2.61269e+00 3.72288e+00 6.72900e+02
-2.69698e+00 3.79179e+00 6.69496e+02
-2.78274e+00 3.86093e+00 6.65951e+02
-2.87000e+00 3.93031e+00 6.62266e+02
-2.95878e+00 3.99997e+00 6.58439e+02
-2.96050e-01 8.47967e-01 9.66870e+02
-3.13609e-01 9.09824e-01 9.61158e+02
-3.32529e-01 9.71511e-01 9.53999e+02
-3.52795e-01 1.03305e+00 9.45785e+02
-3.74396e-01 1.09445e+00 9.36819e+02
-3.97322e-01 1.15574e+00 9.27329e+02
-4.21563e-01 1.21694e+00 9.17491e+02
-4.47108e-01 1.27806e+00 9.07439e+02
-4.73951e-01 1.33912e+00 8.97273e+02
-5.02083e-01 1.40014e+00 8.87071e+02
-5.31499e-01 1.46114e+00 8.76888e+02
-5.62192e-01 1.52213e+00 8.66767e+02
-5.94157e-01 1.58312e+00 8.56736e+02
-6.28436e-01 1.64600e+00 8.37187e+02
-6.64355e-01 1.70941e+00 8.22535e+02
-7.01567e-01 1.77275e+00 8.09689e+02
-7.40069e-01 1.83603e+00 7.98428e+02
-7.79860e-01 1.89926e+00 7.88562e+02
-8.20940e-01 1.96246e+00 7.79928e+02
-8.63308e-01 2.02566e+00 7.72386e+02
-9.06967e-01 2.08886e+00 7.65811e+02
-9.51916e-01 2.15208e+00 7.60097e+02
-9.98159e-01 2.21535e+00 7.55151e+02
-1.04570e+00 2.27867e+00 7.50890e+02
-1.09454e+00 2.34206e+00 7.47243e+02
-1.14534e+00 2.40637e+00 7.40674e+02
-1.19810e+00 2.47151e+00 7.35960e+02
-1.25213e+00 2.53663e+00 7.31615e+02
-1.30743e+00 2.60175e+00 7.27605e+02
-1.36403e+00 2.66690e+00 7.23899e+02
-1.42192e+00 2.73209e+00 7.20468e+02
-1.48111e+00 2.79732e+00 7.17289e+02
-1.54161e+00 2.86263e+00 7.14337e+02
-1.60344e+00 2.92803e+00 7.11594e+02
-1.66660e+00 2.99353e+00 7.09040e+02
-1.73110e+00 3.05915e+00 7.06661e+02
-1.79696e+00 3.12490e+00 7.04440e+02
-1.86440e+00 3.19102e+00 7.01409e+02
-1.93380e+00 3.25785e+00 6.99303e+02
-2.00449e+00 3.32473e+00 6.97074e+02
-2.07647e+00 3.39167e+00 6.94727e+02
-2.14978e+00 3.45870e+00 6.92265e+02
-2.22441e+00 3.52583e+00 6.89692e+02
-2.30038e+00 3.59307e+00 6.87010e+02
-2.37772e+00 3.66045e+00 6.84222e+02
-2.45645e+00 3.72799e+00 6.81329e+02
-2.53657e+00 3.79569e+00 6.78334e+02
-2.61811e+00 3.86357e+00 6.75238e+02
-2.70109e+00 3.93166e+00 6.72040e+02
-2.78553e+00 3.99997e+00 6.68743e+02
-2.70504e-01 8.63716e-01 1.01470e+03
-2.86309e-01 9.26063e-01 1.00219e+03
-3.03416e-01 9.88223e-01 9.89246e+02
-3.21814e-01 1.05021e+00 9.76127e+02
-3.41492e-01 1.11206e+00 9.63023e+02
-3.62439e-01 1.17376e+00 9.50072e+02
-3.84647e-01 1.23536e+00 9.37369e+02
-4.08108e-01 1.29685e+00 9.24983e+02
-4.32814e-01 1.35826e+00 9.12960e+02
-4.58757e-01 1.41961e+00 9.01325e+02
-4.85932e-01 1.48090e+00 8.90093e+02
-5.14334e-01 1.54217e+00 8.79269e+02
-5.43958e-01 1.60341e+00 8.68851e+02
-5.75711e-01 1.66638e+00 8.46109e+02
-6.09008e-01 1.72983e+00 8.30928e+02
-6.43547e-01 1.79317e+00 8.17621e+02
-6.79325e-01 1.85644e+00 8.05962e+02
-7.16340e-01 1.91963e+00 7.95756e+02
-7.54593e-01 1.98277e+00 7.86837e+02
-7.94082e-01 2.04588e+00 7.79057e+02
-8.34809e-01 2.10897e+00 7.72289e+02
-8.76773e-01 2.17205e+00 7.66422e+02
-9.19978e-01 2.23515e+00 7.61359e+02
-9.64425e-01 2.29827e+00 7.57014e+02
-1.01012e+00 2.36143e+00 7.53312e+02
-1.05764e+00 2.42542e+00 7.46881e+02
-1.10699e+00 2.49015e+00 7.42092e+02
-1.15755e+00 2.55484e+00 7.37685e+02
-1.20934e+00 2.61950e+00 7.33626e+02
-1.26237e+00 2.68417e+00 7.29881e+02
-1.31664e+00 2.74884e+00 7.26423e+02
-1.37215e+00 2.81353e+00 7.23227e+02
-1.42893e+00 2.87827e+00 7.20270e+02
-1.48696e+00 2.94306e+00 7.17532e+02
-1.54627e+00 3.00792e+00 7.14994e+02
-1.60686e+00 3.07287e+00 7.12639e+02
-1.66875e+00 3.13792e+00 7.10454e+02
-1.73213e+00 3.20327e+00 7.07421e+02
-1.79734e+00 3.26926e+00 7.05402e+02
-1.86378e+00 3.33527e+00 7.03287e+02
-1.93147e+00 3.40132e+00 7.01083e+02
-2.00041e+00 3.46742e+00 6.98792e+02
-2.07062e+00 3.53359e+00 6.96417e+02
-2.14211e+00 3.59984e+00 6.93963e+02
-2.21491e+00 3.66619e+00 6.91431e+02
-2.28902e+00 3.73265e+00 6.88824e+02
-2.36446e+00 3.79924e+00 6.86144e+02
-2.44126e+00 3.86598e+00 6.83392e+02
-2.51941e+00 3.93289e+00 6.80570e+02
-2.59895e+00 3.99997e+00 6.77679e+02
-2.44788e-01 8.79006e-01 1.06419e+03
-2.58870e-01 9.41732e-01 1.04489e+03
-2.74183e-01 1.00426e+00 1.02607e+03
-2.90717e-01 1.06661e+00 1.00788e+03
-3.08462e-01 1.12880e+00 9.90450e+02
-3.27409e-01 1.19084e+00 9.73830e+02
-3.47550e-01 1.25275e+00 9.58056e+02
-3.68878e-01 1.31454e+00 9.43138e+02
-3.91386e-01 1.37624e+00 9.29070e+02
-4.15068e-01 1.43785e+00 9.15831e+02
-4.39917e-01 1.49940e+00 9.03395e+02
-4.65931e-01 1.56089e+00 8.91730e+02
-4.93103e-01 1.62234e+00 8.80798e+02
-5.22207e-01 1.68536e+00 8.54399e+02
-5.52748e-01 1.74879e+00 8.38706e+02
-5.84466e-01 1.81211e+00 8.24954e+02
-6.17359e-01 1.87532e+00 8.12913e+02
-6.51426e-01 1.93845e+00 8.02383e+02
-6.86666e-01 2.00151e+00 7.93191e+02
-7.23079e-01 2.06452e+00 7.85185e+02
-7.60664e-01 2.12748e+00 7.78234e+02
-7.99422e-01 2.19042e+00 7.72222e+02
-8.39355e-01 2.25334e+00 7.67047e+02
-8.80464e-01 2.31627e+00 7.62620e+02
-9.22752e-01 2.37921e+00 7.58863e+02
-9.66727e-01 2.44289e+00 7.52684e+02
-1.01237e+00 2.50722e+00 7.47834e+02
-1.05918e+00 2.57150e+00 7.43376e+02
-1.10715e+00 2.63573e+00 7.39274e+02
-1.15628e+00 2.69994e+00 7.35496e+02
-1.20660e+00 2.76413e+00 7.32014e+02
-1.25809e+00 2.82832e+00 7.28803e+02
-1.31078e+00 2.89252e+00 7.25839e+02
-1.36465e+00 2.95675e+00 7.23103e+02
-1.41973e+00 3.02103e+00 7.20574e+02
-1.47602e+00 3.08536e+00 7.18237e+02
-1.53353e+00 3.14976e+00 7.16076e+02
-1.59244e+00 3.21443e+00 7.13110e+02
-1.65303e+00 3.27964e+00 7.11139e+02
-1.71478e+00 3.34486e+00 7.09098e+02
-1.77771e+00 3.41008e+00 7.06991e+02
-1.84183e+00 3.47533e+00 7.04823e+02
-1.90715e+00 3.54062e+00 7.02595e+02
-1.97368e+00 3.60597e+00 7.00312e+02
-2.04143e+00 3.67138e+00 6.97975e+02
-2.11042e+00 3.73687e+00 6.95588e+02
-2.18066e+00 3.80247e+00 6.93150e+02
-2.25217e+00 3.86817e+00 6.90666e+02
-2.32496e+00 3.93400e+00 6.88135e+02
-2.39905e+00 3.99997e+00 6.85560e+02
-2.18949e-01 8.93825e-01 1.11508e+03
-2.31339e-01 9.56819e-01 1.08902e+03
-2.44875e-01 1.01961e+00 1.06424e+03
-2.59549e-01 1.08223e+00 1.04085e+03
-2.75353e-01 1.14467e+00 1.01892e+03
-2.92278e-01 1.20696e+00 9.98439e+02
-3.10319e-01 1.26911e+00 9.79405e+02
-3.29467e-01 1.33114e+00 9.61773e+02
-3.49718e-01 1.39306e+00 9.45489e+02
-3.71066e-01 1.45488e+00 9.30491e+02
-3.93506e-01 1.51662e+00 9.16710e+02
-4.17034e-01 1.57829e+00 9.04077e+02
-4.41645e-01 1.63991e+00 8.92521e+02
-4.67980e-01 1.70293e+00 8.62039e+02
-4.95629e-01 1.76631e+00 8.45855e+02
-5.24379e-01 1.82955e+00 8.31678e+02
-5.54227e-01 1.89269e+00 8.19274e+02
-5.85173e-01 1.95573e+00 8.08437e+02
-6.17215e-01 2.01869e+00 7.98989e+02
-6.50353e-01 2.08158e+00 7.90772e+02
-6.84586e-01 2.14441e+00 7.83650e+02
-7.19916e-01 2.20719e+00 7.77503e+02
-7.56343e-01 2.26995e+00 7.72224e+02
-7.93868e-01 2.33268e+00 7.67722e+02
-8.32493e-01 2.39542e+00 7.63913e+02
-8.72643e-01 2.45879e+00 7.58097e+02
-9.14304e-01 2.52274e+00 7.53201e+02
-9.57050e-01 2.58662e+00 7.48705e+02
-1.00088e+00 2.65044e+00 7.44572e+02
-1.04581e+00 2.71422e+00 7.40770e+02
-1.09184e+00 2.77796e+00 7.37272e+02
-1.13896e+00 2.84168e+00 7.34051e+02
-1.18720e+00 2.90539e+00 7.31083e+02
-1.23655e+00 2.96911e+00 7.28349e+02
-1.28702e+00 3.03285e+00 7.25829e+02
-1.33861e+00 3.09662e+00 7.23506e+02
-1.39134e+00 3.16044e+00 7.21364e+02
-1.44535e+00 3.22447e+00 7.18546e+02
-1.50089e+00 3.28898e+00 7.16592e+02
-1.55751e+00 3.35347e+00 7.14592e+02
-1.61523e+00 3.41795e+00 7.12549e+02
-1.67406e+00 3.48243e+00 7.10466e+02
-1.73400e+00 3.54693e+00 7.08345e+02
-1.79508e+00 3.61146e+00 7.06190e+02
-1.85729e+00 3.67603e+00 7.04001e+02
-1.92065e+00 3.74066e+00 7.01782e+02
-1.98517e+00 3.80535e+00 6.99533e+02
-2.05086e+00 3.87013e+00 6.97257e+02
-2.11774e+00 3.93499e+00 6.94953e+02
-2.18581e+00 3.99997e+00 6.92625e+02
-1.93028e-01 9.08160e-01 1.16711e+03
-2.03758e-01 9.71316e-01 1.13433e+03
-2.15536e-01 1.03428e+00 1.10354e+03
-2.28356e-01 1.09706e+00 1.07483e+03
-2.42211e-01 1.15967e+00 1.04824e+03
-2.57094e-01 1.22213e+00 1.02373e+03
-2.73000e-01 1.28445e+00 1.00127e+03
-2.89923e-01 1.34664e+00 9.80752e+02
-3.07858e-01 1.40872e+00 9.62097e+02
-3.26802e-01 1.47069e+00 9.45198e+02
-3.46748e-01 1.53258e+00 9.29947e+02
-3.67695e-01 1.59438e+00 9.16235e+02
-3.89639e-01 1.65613e+00 9.03956e+02
-4.13083e-01 1.71910e+00 8.69011e+02
-4.37706e-01 1.78237e+00 8.52357e+02
-4.63341e-01 1.84552e+00 8.37779e+02
-4.89985e-01 1.90855e+00 8.25034e+02
-5.17637e-01 1.97147e+00 8.13911e+02
-5.46296e-01 2.03431e+00 8.04226e+02
-5.75961e-01 2.09706e+00 7.95816e+02
-6.06633e-01 2.15974e+00 7.88539e+02
-6.38312e-01 2.22237e+00 7.82270e+02
-6.70997e-01 2.28496e+00 7.76900e+02
-7.04690e-01 2.34751e+00 7.72330e+02
-7.39393e-01 2.41004e+00 7.68477e+02
-7.75444e-01 2.47312e+00 7.63126e+02
-8.12832e-01 2.53670e+00 7.58204e+02
-8.51219e-01 2.60020e+00 7.53686e+02
-8.90606e-01 2.66363e+00 7.49537e+02
-9.30997e-01 2.72700e+00 7.45725e+02
-9.72396e-01 2.79033e+00 7.42220e+02
-1.01481e+00 2.85362e+00 7.38997e+02
-1.05823e+00 2.91689e+00 7.36033e+02
-1.10268e+00 2.98014e+00 7.33306e+02
-1.14815e+00 3.04340e+00 7.30797e+02
-1.19466e+00 3.10666e+00 7.28489e+02
-1.24219e+00 3.16995e+00 7.26366e+02
-1.29089e+00 3.23341e+00 7.23786e+02
-1.34093e+00 3.29729e+00 7.21828e+02
-1.39198e+00 3.36112e+00 7.19844e+02
-1.44404e+00 3.42493e+00 7.17837e+02
-1.49710e+00 3.48873e+00 7.15810e+02
-1.55120e+00 3.55252e+00 7.13765e+02
-1.60632e+00 3.61632e+00 7.11703e+02
-1.66249e+00 3.68015e+00 7.09626e+02
-1.71970e+00 3.74400e+00 7.07536e+02
-1.77798e+00 3.80790e+00 7.05433e+02
-1.83732e+00 3.87185e+00 7.03319e+02
-1.89774e+00 3.93587e+00 7.01195e+02
-1.95925e+00 3.99997e+00 6.99061e+02
-1.66874e-01 9.22105e-01 1.20738e+03
-1.75973e-01 9.85316e-01 1.18016e+03
-1.86011e-01 1.04834e+00 1.15167e+03
-1.96982e-01 1.11120e+00 1.12261e+03
-2.08880e-01 1.17389e+00 1.09356e+03
-2.21700e-01 1.23644e+00 1.06495e+03
-2.35438e-01 1.29885e+00 1.03709e+03
-2.50090e-01 1.36113e+00 1.01023e+03
-2.65650e-01 1.42330e+00 9.84526e+02
-2.82117e-01 1.48537e+00 9.60089e+02
-2.99486e-01 1.54734e+00 9.36981e+02
-3.17754e-01 1.60923e+00 9.15233e+02
-3.36919e-01 1.67105e+00 8.94847e+02
-3.57355e-01 1.73393e+00 8.56829e+02
-3.78824e-01 1.79706e+00 8.44693e+02
-4.01201e-01 1.86006e+00 8.33721e+02
-4.24486e-01 1.92294e+00 8.23801e+02
-4.48676e-01 1.98572e+00 8.14835e+02
-4.73770e-01 2.04841e+00 8.06733e+02
-4.99769e-01 2.11101e+00 7.99416e+02
-5.26673e-01 2.17353e+00 7.92812e+02
-5.54480e-01 2.23600e+00 7.86855e+02
-5.83191e-01 2.29841e+00 7.81488e+02
-6.12808e-01 2.36077e+00 7.76657e+02
-6.43331e-01 2.42311e+00 7.72316e+02
-6.75014e-01 2.48591e+00 7.67219e+02
-7.07850e-01 2.54913e+00 7.62414e+02
-7.41584e-01 2.61227e+00 7.58027e+02
-7.76218e-01 2.67532e+00 7.54022e+02
-8.11755e-01 2.73832e+00 7.50366e+02
-8.48197e-01 2.80126e+00 7.47030e+02
-8.85548e-01 2.86415e+00 7.43987e+02
-9.23810e-01 2.92701e+00 7.41213e+02
-9.62987e-01 2.98984e+00 7.38685e+02
-1.00308e+00 3.05266e+00 7.36384e+02
-1.04410e+00 3.11548e+00 7.34293e+02
-1.08605e+00 3.17830e+00 7.32394e+02
-1.12901e+00 3.24126e+00 7.30255e+02
-1.17314e+00 3.30456e+00 7.28277e+02
-1.21817e+00 3.36781e+00 7.26400e+02
-1.26410e+00 3.43102e+00 7.24617e+02
-1.31095e+00 3.49421e+00 7.22922e+02
-1.35872e+00 3.55738e+00 7.21309e+02
-1.40741e+00 3.62055e+00 7.19774e+02
-1.45703e+00 3.68372e+00 7.18311e+02
-1.50759e+00 3.74690e+00 7.16915e+02
-1.55909e+00 3.81011e+00 7.15583e+02
-1.61155e+00 3.87335e+00 7.14311e+02
-1.66497e+00 3.93663e+00 7.13094e+02
-1.71936e+00 3.99997e+00 7.11930e+02
-1.39238e-01 9.36292e-01 1.33515e+03
-1.46741e-01 9.99426e-01 1.26677e+03
-1.55056e-01 1.06239e+00 1.20573e+03
-1.64180e-01 1.12520e+00 1.15173e+03
-1.74109e-01 1.18787e+00 1.10436e+03
-1.84838e-01 1.25039e+00 1.06316e+03
-1.96365e-01 1.31279e+00 1.02766e+03
-2.08685e-01 1.37507e+00 9.97370e+02
-2.21797e-01 1.43724e+00 9.71808e+02
-2.35697e-01 1.49931e+00 9.50525e+02
-2.50382e-01 1.56130e+00 9.33094e+02
-2.65852e-01 1.62320e+00 9.19122e+02
-2.82102e-01 1.68503e+00 9.08246e+02
-2.99426e-01 1.74774e+00 8.62961e+02
-3.17638e-01 1.81066e+00 8.50038e+02
-3.36642e-01 1.87346e+00 8.38398e+02
-3.56436e-01 1.93614e+00 8.27923e+02
-3.77019e-01 1.99873e+00 8.18503e+02
-3.98390e-01 2.06122e+00 8.10040e+02
-4.20550e-01 2.12363e+00 8.02445e+02
-4.43497e-01 2.18597e+00 7.95637e+02
-4.67232e-01 2.24824e+00 7.89544e+02
-4.91755e-01 2.31046e+00 7.84101e+02
-5.17066e-01 2.37263e+00 7.79249e+02
-5.43166e-01 2.43476e+00 7.74936e+02
-5.70254e-01 2.49727e+00 7.69923e+02
-5.98326e-01 2.56013e+00 7.65127e+02
-6.27180e-01 2.62290e+00 7.60759e+02
-6.56818e-01 2.68560e+00 7.56781e+02
-6.87242e-01 2.74823e+00 7.53161e+02
-7.18454e-01 2.81081e+00 7.49867e+02
-7.50456e-01 2.87333e+00 7.46872e+02
-7.83250e-01 2.93581e+00 7.44150e+02
-8.16839e-01 2.99826e+00 7.41679e+02
-8.51226e-01 3.06069e+00 7.39439e+02
-8.86413e-01 3.12310e+00 7.37410e+02
-9.22404e-01 3.18551e+00 7.35577e+02
-9.59269e-01 3.24802e+00 7.33588e+02
-9.97124e-01 3.31081e+00 7.31644e+02
-1.03576e+00 3.37354e+00 7.29834e+02
-1.07519e+00 3.43624e+00 7.28149e+02
-1.11540e+00 3.49890e+00 7.26579e+02
-1.15641e+00 3.56153e+00 7.25117e+02
-1.19822e+00 3.62415e+00 7.23755e+02
-1.24083e+00 3.68676e+00 7.22484e+02
-1.28425e+00 3.74937e+00 7.21300e+02
-1.32849e+00 3.81198e+00 7.20195e+02
-1.37355e+00 3.87462e+00 7.19165e+02
-1.41943e+00 3.93728e+00 7.18203e+02
-1.46615e+00 3.99997e+00 7.17307e+02
-1.11473e-01 9.50004e-01 1.47059e+03
-1.17412e-01 1.01295e+00 1.35999e+03
-1.24025e-01 1.07576e+00 1.26504e+03
-1.31309e-01 1.13843e+00 1.18463e+03
-1.39262e-01 1.20097e+00 1.11753e+03
-1.47881e-01 1.26340e+00 1.06247e+03
-1.57163e-01 1.32571e+00 1.01819e+03
-1.67106e-01 1.38791e+00 9.83491e+02
-1.77709e-01 1.45002e+00 9.57240e+02
-1.88969e-01 1.51204e+00 9.38402e+02
-2.00885e-01 1.57398e+00 9.26038e+02
-2.13454e-01 1.63584e+00 9.19301e+02
-2.26677e-01 1.69764e+00 9.17441e+02
-2.40769e-01 1.76014e+00 8.68071e+02
-2.55594e-01 1.82281e+00 8.54427e+02
-2.71080e-01 1.88536e+00 8.42190e+02
-2.87226e-01 1.94782e+00 8.31227e+02
-3.04031e-01 2.01019e+00 8.21418e+02
-3.21495e-01 2.07247e+00 8.12655e+02
-3.39617e-01 2.13468e+00 8.04840e+02
-3.58397e-01 2.19681e+00 7.97884e+02
-3.77834e-01 2.25889e+00 7.91706e+02
-3.97930e-01 2.32091e+00 7.86234e+02
-4.18685e-01 2.38288e+00 7.81403e+02
-4.40098e-01 2.44482e+00 7.77154e+02
-4.62319e-01 2.50705e+00 7.72097e+02
-4.85345e-01 2.56956e+00 7.67329e+02
-5.09025e-01 2.63199e+00 7.62997e+02
-5.33359e-01 2.69435e+00 7.59064e+02
-5.58350e-01 2.75665e+00 7.55494e+02
-5.83998e-01 2.81889e+00 7.52255e+02
-6.10304e-01 2.88108e+00 7.49319e+02
-6.37271e-01 2.94323e+00 7.46660e+02
-6.64900e-01 3.00535e+00 7.44255e+02
-6.93193e-01 3.06743e+00 7.42082e+02
-7.22151e-01 3.12950e+00 7.40122e+02
-7.51777e-01 3.19155e+00 7.38359e+02
-7.82124e-01 3.25367e+00 7.36512e+02
-8.13279e-01 3.31602e+00 7.34606e+02
-8.45085e-01 3.37831e+00 7.32865e+02
-8.77544e-01 3.44056e+00 7.31278e+02
-9.10660e-01 3.50277e+00 7.29831e+02
-9.44435e-01 3.56495e+00 7.28513e+02
-9.78872e-01 3.62711e+00 7.27315e+02
-1.01398e+00 3.68926e+00 7.26227e+02
-1.04975e+00 3.75139e+00 7.25240e+02
-1.08619e+00 3.81352e+00 7.24347e+02
-1.12331e+00 3.87566e+00 7.23540e+02
-1.16112e+00 3.93780e+00 7.22814e+02
-1.19960e+00 3.99997e+00 7.22161e+02
-8.36248e-02 9.63234e-01 1.61282e+03
-8.80322e-02 1.02590e+00 1.45896e+03
-9.29626e-02 1.08845e+00 1.32880e+03
-9.84143e-02 1.15088e+00 1.22063e+03
-1.04386e-01 1.21322e+00 1.13253e+03
-1.10875e-01 1.27546e+00 1.06246e+03
-1.17881e-01 1.33761e+00 1.00843e+03
-1.25402e-01 1.39967e+00 9.68509e+02
-1.33438e-01 1.46165e+00 9.40898e+02
-1.41987e-01 1.52356e+00 9.23953e+02
-1.51047e-01 1.58540e+00 9.16185e+02
-1.60618e-01 1.64717e+00 9.16272e+02
-1.70700e-01 1.70889e+00 9.23043e+02
-1.81442e-01 1.77115e+00 8.72080e+02
-1.92752e-01 1.83351e+00 8.57795e+02
-2.04577e-01 1.89579e+00 8.45036e+02
-2.16919e-01 1.95798e+00 8.33661e+02
-2.29775e-01 2.02011e+00 8.23537e+02
-2.43147e-01 2.08216e+00 8.14545e+02
-2.57034e-01 2.14414e+00 8.06577e+02
-2.71436e-01 2.20607e+00 7.99534e+02
-2.86352e-01 2.26795e+00 7.93328e+02
-3.01783e-01 2.32977e+00 7.87878e+02
-3.17728e-01 2.39155e+00 7.83114e+02
-3.34189e-01 2.45330e+00 7.78970e+02
-3.51269e-01 2.51527e+00 7.73733e+02
-3.68967e-01 2.57744e+00 7.69015e+02
-3.87176e-01 2.63955e+00 7.64741e+02
-4.05897e-01 2.70159e+00 7.60871e+02
-4.25131e-01 2.76358e+00 7.57367e+02
-4.44879e-01 2.82552e+00 7.54198e+02
-4.65140e-01 2.88742e+00 7.51335e+02
-4.85917e-01 2.94928e+00 7.48750e+02
-5.07211e-01 3.01110e+00 7.46420e+02
-5.29021e-01 3.07289e+00 7.44323e+02
-5.51350e-01 3.13467e+00 7.42440e+02
-5.74199e-01 3.19642e+00 7.40752e+02
-5.97604e-01 3.25823e+00 7.39035e+02
-6.21628e-01 3.32019e+00 7.37175e+02
-6.46158e-01 3.38211e+00 7.35510e+02
-6.71197e-01 3.44399e+00 7.34023e+02
-6.96746e-01 3.50584e+00 7.32698e+02
-7.22807e-01 3.56765e+00 7.31523e+02
-7.49381e-01 3.62944e+00 7.30484e+02
-7.76472e-01 3.69121e+00 7.29570e+02
-8.04080e-01 3.75297e+00 7.28771e+02
-8.32208e-01 3.81472e+00 7.28077e+02
-8.60858e-01 3.87647e+00 7.27481e+02
-8.90033e-01 3.93822e+00 7.26973e+02
-9.19734e-01 3.99997e+00 7.26547e+02
-5.57374e-02 9.75978e-01 1.76105e+03
-5.86450e-02 1.03826e+00 1.56286e+03
-6.19125e-02 1.10045e+00 1.39623e+03
-6.55391e-02 1.16257e+00 1.25905e+03
-6.95241e-02 1.22462e+00 1.14879e+03
-7.38668e-02 1.28659e+00 1.06273e+03
-7.85664e-02 1.34851e+00 9.98134e+02
-8.36224e-02 1.41035e+00 9.52347e+02
-8.90341e-02 1.47215e+00 9.22871e+02
-9.48011e-02 1.53388e+00 9.07417e+02
-1.00923e-01 1.59557e+00 9.03920e+02
-1.07399e-01 1.65721e+00 9.10544e+02
-1.14228e-01 1.71881e+00 9.25674e+02
-1.21505e-01 1.78076e+00 8.74918e+02
-1.29170e-01 1.84279e+00 8.60078e+02
-1.37194e-01 1.90475e+00 8.46886e+02
-1.45576e-01 1.96666e+00 8.35184e+02
-1.54315e-01 2.02851e+00 8.24827e+02
-1.63413e-01 2.09030e+00 8.15683e+02
-1.72867e-01 2.15205e+00 8.07635e+02
-1.82679e-01 2.21376e+00 8.00572e+02
-1.92849e-01 2.27542e+00 7.94400e+02
-2.03376e-01 2.33705e+00 7.89029e+02
-2.14260e-01 2.39865e+00 7.84382e+02
-2.25502e-01 2.46021e+00 7.80387e+02
-2.37166e-01 2.52192e+00 7.74833e+02
-2.49252e-01 2.58377e+00 7.70188e+02
-2.61692e-01 2.64557e+00 7.65992e+02
-2.74488e-01 2.70732e+00 7.62203e+02
-2.87641e-01 2.76903e+00 7.58784e+02
-3.01149e-01 2.83070e+00 7.55701e+02
-3.15014e-01 2.89233e+00 7.52924e+02
-3.29236e-01 2.95394e+00 7.50426e+02
-3.43815e-01 3.01552e+00 7.48183e+02
-3.58753e-01 3.07708e+00 7.46172e+02
-3.74048e-01 3.13861e+00 7.44374e+02
-3.89703e-01 3.20013e+00 7.42770e+02
-4.05740e-01 3.26168e+00 7.41167e+02
-4.22197e-01 3.32333e+00 7.39364e+02
-4.39004e-01 3.38495e+00 7.37782e+02
-4.56163e-01 3.44653e+00 7.36401e+02
-4.73673e-01 3.50809e+00 7.35201e+02
-4.91537e-01 3.56963e+00 7.34168e+02
-5.09754e-01 3.63114e+00 7.33286e+02
-5.28325e-01 3.69263e+00 7.32542e+02
-5.47252e-01 3.75411e+00 7.31924e+02
-5.66536e-01 3.81558e+00 7.31421e+02
-5.86177e-01 3.87705e+00 7.31022e+02
-6.06177e-01 3.93851e+00 7.30720e+02
-6.26537e-01 3.99997e+00 7.30506e+02
-2.78534e-02 9.88231e-01 1.91457e+03
-2.92923e-02 1.05003e+00 1.67093e+03
-3.09166e-02 1.11178e+00 1.46660e+03
-3.27262e-02 1.17350e+00 1.29921e+03
-3.47208e-02 1.23517e+00 1.16575e+03
-3.69003e-02 1.29681e+00 1.06286e+03
-3.92645e-02 1.35841e+00 9.87058e+02
-4.18132e-02 1.41998e+00 9.34931e+02
-4.45462e-02 1.48152e+00 9.03253e+02
-4.74635e-02 1.54303e+00 8.89049e+02
-5.05648e-02 1.60451e+00 8.89636e+02
-5.38501e-02 1.66597e+00 9.02634e+02
-5.73192e-02 1.72740e+00 9.25954e+02
-6.10147e-02 1.78901e+00 8.76522e+02
-6.49105e-02 1.85066e+00 8.61226e+02
-6.89925e-02 1.91227e+00 8.47696e+02
-7.32607e-02 1.97385e+00 8.35761e+02
-7.77149e-02 2.03540e+00 8.25260e+02
-8.23552e-02 2.09692e+00 8.16050e+02
-8.71815e-02 2.15842e+00 8.08000e+02
-9.21937e-02 2.21989e+00 8.00992e+02
-9.73920e-02 2.28134e+00 7.94919e+02
-1.02776e-01 2.34276e+00 7.89686e+02
-1.08346e-01 2.40417e+00 7.85209e+02
-1.14102e-01 2.46556e+00 7.81411e+02
-1.20075e-01 2.52703e+00 7.75398e+02
-1.26262e-01 2.58856e+00 7.70851e+02
-1.32635e-01 2.65006e+00 7.66756e+02
-1.39192e-01 2.71154e+00 7.63069e+02
-1.45935e-01 2.77299e+00 7.59753e+02
-1.52863e-01 2.83443e+00 7.56773e+02
-1.59976e-01 2.89584e+00 7.54098e+02
-1.67274e-01 2.95724e+00 7.51700e+02
-1.74758e-01 3.01861e+00 7.49556e+02
-1.82428e-01 3.07998e+00 7.47642e+02
-1.90283e-01 3.14133e+00 7.45938e+02
-1.98325e-01 3.20267e+00 7.44426e+02
-2.06562e-01 3.26403e+00 7.42917e+02
-2.15014e-01 3.32544e+00 7.41185e+02
-2.23647e-01 3.38682e+00 7.39696e+02
-2.32462e-01 3.44819e+00 7.38427e+02
-2.41459e-01 3.50954e+00 7.37357e+02
-2.50638e-01 3.57088e+00 7.36468e+02
-2.60000e-01 3.63220e+00 7.35742e+02
-2.69544e-01 3.69351e+00 7.35166e+02
-2.79271e-01 3.75481e+00 7.34724e+02
-2.89181e-01 3.81611e+00 7.34404e+02
-2.99274e-01 3.87740e+00 7.34196e+02
-3.09551e-01 3.93869e+00 7.34089e+02
-3.20012e-01 3.99997e+00 7.34074e+02
-1.36244e-05 9.99994e-01 2.07276e+03
-1.43217e-05 1.06122e+00 1.78247e+03
-1.51125e-05 1.12244e+00 1.53918e+03
-1.59966e-05 1.18367e+00 1.34045e+03
-1.69742e-05 1.24489e+00 1.18288e+03
-1.80451e-05 1.30612e+00 1.06246e+03
-1.92095e-05 1.36734e+00 9.74964e+02
-2.04673e-05 1.42856e+00 9.16197e+02
-2.18185e-05 1.48979e+00 8.82146e+02
-2.32631e-05 1.55101e+00 8.69106e+02
-2.48012e-05 1.61224e+00 8.73733e+02
-2.64326e-05 1.67346e+00 8.93061e+02
-2.81574e-05 1.73468e+00 9.24502e+02
-2.99947e-05 1.79591e+00 8.76839e+02
-3.19328e-05 1.85713e+00 8.61195e+02
-3.39656e-05 1.91836e+00 8.47435e+02
-3.60931e-05 1.97958e+00 8.35369e+02
-3.83152e-05 2.04080e+00 8.24823e+02
-4.06320e-05 2.10203e+00 8.15637e+02
-4.30435e-05 2.16325e+00 8.07670e+02
-4.55496e-05 2.22448e+00 8.00792e+02
-4.81504e-05 2.28570e+00 7.94888e+02
-5.08459e-05 2.34692e+00 7.89856e+02
-5.36360e-05 2.40815e+00 7.85604e+02
-5.65208e-05 2.46937e+00 7.82051e+02
-5.95138e-05 2.53060e+00 7.75439e+02
-6.26147e-05 2.59182e+00 7.71015e+02
-6.58098e-05 2.65304e+00 7.67043e+02
-6.90991e-05 2.71427e+00 7.63480e+02
-7.24826e-05 2.77549e+00 7.60286e+02
-7.59602e-05 2.83672e+00 7.57425e+02
-7.95320e-05 2.89794e+00 7.54868e+02
-8.31980e-05 2.95916e+00 7.52585e+02
-8.69582e-05 3.02039e+00 7.50551e+02
-9.08126e-05 3.08161e+00 7.48745e+02
-9.47612e-05 3.14284e+00 7.47144e+02
-9.88039e-05 3.20406e+00 7.45732e+02
-1.02946e-04 3.26528e+00 7.44296e+02
-1.07194e-04 3.32651e+00 7.42650e+02
-1.11534e-04 3.38773e+00 7.41267e+02
-1.15967e-04 3.44895e+00 7.40119e+02
-1.20491e-04 3.51018e+00 7.39185e+02
-1.25107e-04 3.57140e+00 7.38443e+02
-1.29815e-04 3.63263e+00 7.37874e+02
-1.34616e-04 3.69385e+00 7.37463e+02
-1.39508e-04 3.75507e+00 7.37194e+02
-1.44492e-04 3.81630e+00 7.37053e+02
-1.49568e-04 3.87752e+00 7.37028e+02
-1.54736e-04 3.93875e+00 7.37108e+02
-1.59996e-04 3.99997e+00 7.37283e+02
