-1.00000e+00 0.00000e+00 1.55069e+03
-1.06122e+00 0.00000e+00 1.47120e+03
-1.12245e+00 0.00000e+00 1.39600e+03
-1.18367e+00 0.00000e+00 1.32580e+03
-1.24490e+00 0.00000e+00 1.26098e+03
-1.30612e+00 0.00000e+00 1.20162e+03
-1.36734e+00 0.00000e+00 1.14765e+03
-1.42857e+00 0.00000e+00 1.09882e+03
-1.48979e+00 0.00000e+00 1.05484e+03
-1.55101e+00 0.00000e+00 1.01536e+03
-1.61224e+00 0.00000e+00 9.79994e+02
-1.67346e+00 0.00000e+00 9.48384e+02
-1.73469e+00 0.00000e+00 9.20172e+02
-1.79591e+00 0.00000e+00 8.95020e+02
-1.85713e+00 0.00000e+00 8.72619e+02
-1.91836e+00 0.00000e+00 8.52681e+02
-1.97958e+00 0.00000e+00 8.34950e+02
-2.04081e+00 0.00000e+00 8.19192e+02
-2.10203e+00 0.00000e+00 8.05197e+02
-2.16325e+00 0.00000e+00 7.92780e+02
-2.22448e+00 0.00000e+00 7.81772e+02
-2.28570e+00 0.00000e+00 7.72027e+02
-2.34693e+00 0.00000e+00 7.63412e+02
-2.40815e+00 0.00000e+00 7.55810e+02
-2.46937e+00 0.00000e+00 7.49117e+02
-2.53060e+00 0.00000e+00 7.43241e+02
-2.59182e+00 0.00000e+00 7.38098e+02
-2.65304e+00 0.00000e+00 7.33617e+02
-2.71427e+00 0.00000e+00 7.29732e+02
-2.77549e+00 0.00000e+00 7.26384e+02
-2.83672e+00 0.00000e+00 7.23522e+02
-2.89794e+00 0.00000e+00 7.21100e+02
-2.95916e+00 0.00000e+00 7.19076e+02
-3.02039e+00 0.00000e+00 7.17413e+02
-3.08161e+00 0.00000e+00 7.16078e+02
-3.14284e+00 0.00000e+00 7.15042e+02
-3.20406e+00 0.00000e+00 7.14277e+02
-3.26528e+00 0.00000e+00 7.13759e+02
-3.32651e+00 0.00000e+00 7.13466e+02
-3.38773e+00 0.00000e+00 7.13380e+02
-3.44896e+00 0.00000e+00 7.13482e+02
-3.51018e+00 0.00000e+00 7.13756e+02
-3.57140e+00 0.00000e+00 7.14187e+02
-3.63263e+00 0.00000e+00 7.14764e+02
-3.69385e+00 0.00000e+00 7.15473e+02
-3.75507e+00 0.00000e+00 7.16304e+02
-3.81630e+00 0.00000e+00 7.17247e+02
-3.87752e+00 0.00000e+00 7.18293e+02
-3.93875e+00 0.00000e+00 7.19433e+02
-3.99997e+00 0.00000e+00 7.20662e+02
-9.89526e-01 2.47775e-02 1.52132e+03
-1.05181e+00 2.63840e-02 1.44331e+03
-1.11404e+00 2.81758e-02 1.37017e+03
-1.17620e+00 3.01526e-02 1.30232e+03
-1.23830e+00 3.23142e-02 1.23992e+03
-1.30034e+00 3.46605e-02 1.18295e+03
-1.36233e+00 3.71912e-02 1.13122e+03
-1.42426e+00 3.99063e-02 1.08445e+03
-1.48613e+00 4.28055e-02 1.04233e+03
-1.54796e+00 4.58888e-02 1.00448e+03
-1.60973e+00 4.91560e-02 9.70551e+02
-1.67146e+00 5.26069e-02 9.40186e+02
-1.73314e+00 5.62415e-02 9.13047e+02
-1.79478e+00 6.00597e-02 8.88815e+02
-1.85637e+00 6.40614e-02 8.67199e+02
-1.91793e+00 6.82465e-02 8.47931e+02
-1.97945e+00 7.26149e-02 8.30770e+02
-2.04093e+00 7.71667e-02 8.15495e+02
-2.10238e+00 8.19017e-02 8.01911e+02
-2.16379e+00 8.68200e-02 7.89843e+02
-2.22517e+00 9.19214e-02 7.79132e+02
-2.28653e+00 9.72061e-02 7.69639e+02
-2.34785e+00 1.02674e-01 7.61240e+02
-2.40915e+00 1.08325e-01 7.53822e+02
-2.47043e+00 1.14159e-01 7.47287e+02
-2.53169e+00 1.20177e-01 7.41546e+02
-2.59292e+00 1.26378e-01 7.36522e+02
-2.65414e+00 1.32762e-01 7.32142e+02
-2.71534e+00 1.39330e-01 7.28345e+02
-2.77653e+00 1.46081e-01 7.25075e+02
-2.83770e+00 1.53016e-01 7.22282e+02
-2.89887e+00 1.60135e-01 7.19920e+02
-2.96002e+00 1.67437e-01 7.17950e+02
-3.02117e+00 1.74923e-01 7.16336e+02
-3.08231e+00 1.82594e-01 7.15045e+02
-3.14344e+00 1.90448e-01 7.14047e+02
-3.20458e+00 1.98487e-01 7.13318e+02
-3.26571e+00 2.06711e-01 7.12832e+02
-3.32685e+00 2.15119e-01 7.12570e+02
-3.38799e+00 2.23712e-01 7.12511e+02
-3.44914e+00 2.32490e-01 7.12638e+02
-3.51029e+00 2.41453e-01 7.12935e+02
-3.57145e+00 2.50602e-01 7.13389e+02
-3.63262e+00 2.59937e-01 7.13985e+02
-3.69380e+00 2.69457e-01 7.14713e+02
-3.75500e+00 2.79164e-01 7.15561e+02
-3.81622e+00 2.89057e-01 7.16519e+02
-3.87745e+00 2.99137e-01 7.17579e+02
-3.93870e+00 3.09404e-01 7.18733e+02
-3.99997e+00 3.19858e-01 7.19973e+02
-9.78510e-01 4.98228e-02 1.49158e+03
-1.04176e+00 5.30715e-02 1.41494e+03
-1.10489e+00 5.66798e-02 1.34370e+03
-1.16789e+00 6.06469e-02 1.27805e+03
-1.23078e+00 6.49720e-02 1.21797e+03
-1.29355e+00 6.96545e-02 1.16328e+03
-1.35621e+00 7.46937e-02 1.11372e+03
-1.41877e+00 8.00890e-02 1.06898e+03
-1.48122e+00 8.58398e-02 1.02869e+03
-1.54358e+00 9.19456e-02 9.92498e+02
-1.60585e+00 9.84059e-02 9.60036e+02
-1.66802e+00 1.05220e-01 9.30962e+02
-1.73011e+00 1.12388e-01 9.04952e+02
-1.79211e+00 1.19910e-01 8.81703e+02
-1.85403e+00 1.27784e-01 8.60939e+02
-1.91588e+00 1.36011e-01 8.42408e+02
-1.97766e+00 1.44591e-01 8.25883e+02
-2.03937e+00 1.53523e-01 8.11157e+02
-2.10102e+00 1.62807e-01 7.98046e+02
-2.16261e+00 1.72444e-01 7.86386e+02
-2.22414e+00 1.82432e-01 7.76027e+02
-2.28562e+00 1.92772e-01 7.66838e+02
-2.34704e+00 2.03465e-01 7.58701e+02
-2.40843e+00 2.14509e-01 7.51510e+02
-2.46977e+00 2.25906e-01 7.45172e+02
-2.53107e+00 2.37655e-01 7.39603e+02
-2.59234e+00 2.49756e-01 7.34727e+02
-2.65357e+00 2.62210e-01 7.30478e+02
-2.71478e+00 2.75017e-01 7.26795e+02
-2.77596e+00 2.88177e-01 7.23625e+02
-2.83713e+00 3.01691e-01 7.20920e+02
-2.89827e+00 3.15559e-01 7.18636e+02
-2.95940e+00 3.29782e-01 7.16735e+02
-3.02053e+00 3.44359e-01 7.15182e+02
-3.08164e+00 3.59292e-01 7.13946e+02
-3.14275e+00 3.74580e-01 7.12998e+02
-3.20387e+00 3.90225e-01 7.12313e+02
-3.26498e+00 4.06227e-01 7.11868e+02
-3.32611e+00 4.22587e-01 7.11641e+02
-3.38724e+00 4.39306e-01 7.11615e+02
-3.44839e+00 4.56383e-01 7.11772e+02
-3.50956e+00 4.73821e-01 7.12096e+02
-3.57075e+00 4.91619e-01 7.12574e+02
-3.63196e+00 5.09779e-01 7.13193e+02
-3.69321e+00 5.28302e-01 7.13941e+02
-3.75448e+00 5.47188e-01 7.14808e+02
-3.81579e+00 5.66439e-01 7.15783e+02
-3.87714e+00 5.86056e-01 7.16859e+02
-3.93853e+00 6.06039e-01 7.18027e+02
-3.99997e+00 6.26390e-01 7.19279e+02
-9.66950e-01 7.51073e-02 1.46145e+03
-1.03106e+00 8.00339e-02 1.38609e+03
-1.09498e+00 8.54829e-02 1.31666e+03
-1.15873e+00 9.14528e-02 1.25309e+03
-1.22231e+00 9.79420e-02 1.19521e+03
-1.28572e+00 1.04949e-01 1.14272e+03
-1.34898e+00 1.12472e-01 1.09528e+03
-1.41208e+00 1.20511e-01 1.05252e+03
-1.47504e+00 1.29063e-01 1.01406e+03
-1.53787e+00 1.38128e-01 9.79519e+02
-1.60055e+00 1.47705e-01 9.48546e+02
-1.66311e+00 1.57793e-01 9.20798e+02
-1.72555e+00 1.68391e-01 8.95961e+02
-1.78788e+00 1.79498e-01 8.73746e+02
-1.85009e+00 1.91114e-01 8.53891e+02
-1.91219e+00 2.03238e-01 8.36156e+02
-1.97420e+00 2.15870e-01 8.20326e+02
-2.03612e+00 2.29009e-01 8.06207e+02
-2.09794e+00 2.42655e-01 7.93626e+02
-2.15969e+00 2.56808e-01 7.82427e+02
-2.22136e+00 2.71468e-01 7.72471e+02
-2.28295e+00 2.86634e-01 7.63634e+02
-2.34448e+00 3.02307e-01 7.55803e+02
-2.40595e+00 3.18487e-01 7.48881e+02
-2.46736e+00 3.35175e-01 7.42777e+02
-2.52873e+00 3.52369e-01 7.37413e+02
-2.59004e+00 3.70072e-01 7.32716e+02
-2.65132e+00 3.88282e-01 7.28625e+02
-2.71257e+00 4.07002e-01 7.25081e+02
-2.77378e+00 4.26231e-01 7.22033e+02
-2.83497e+00 4.45971e-01 7.19436e+02
-2.89615e+00 4.66222e-01 7.17248e+02
-2.95731e+00 4.86985e-01 7.15431e+02
-3.01846e+00 5.08261e-01 7.13953e+02
-3.07961e+00 5.30051e-01 7.12784e+02
-3.14076e+00 5.52356e-01 7.11895e+02
-3.20192e+00 5.75178e-01 7.11263e+02
-3.26309e+00 5.98517e-01 7.10865e+02
-3.32427e+00 6.22377e-01 7.10681e+02
-3.38548e+00 6.46756e-01 7.10693e+02
-3.44672e+00 6.71659e-01 7.10885e+02
-3.50799e+00 6.97085e-01 7.11240e+02
-3.56930e+00 7.23037e-01 7.11746e+02
-3.63066e+00 7.49517e-01 7.12390e+02
-3.69206e+00 7.76527e-01 7.13161e+02
-3.75351e+00 8.04068e-01 7.14048e+02
-3.81503e+00 8.32143e-01 7.15043e+02
-3.87660e+00 8.60754e-01 7.16135e+02
-3.93825e+00 8.89904e-01 7.17318e+02
-3.99997e+00 9.19594e-01 7.18585e+02
-9.54845e-01 1.00600e-01 1.43092e+03
-1.01969e+00 1.07240e-01 1.35678e+03
-1.08431e+00 1.14554e-01 1.28907e+03
-1.14870e+00 1.22538e-01 1.22750e+03
-1.21287e+00 1.31191e-01 1.17173e+03
-1.27684e+00 1.40509e-01 1.12137e+03
-1.34060e+00 1.50490e-01 1.07599e+03
-1.40418e+00 1.61132e-01 1.03518e+03
-1.46757e+00 1.72434e-01 9.98530e+02
-1.53078e+00 1.84393e-01 9.65650e+02
-1.59383e+00 1.97008e-01 9.36179e+02
-1.65672e+00 2.10277e-01 9.09783e+02
-1.71946e+00 2.24199e-01 8.86156e+02
-1.78205e+00 2.38772e-01 8.65018e+02
-1.84451e+00 2.53996e-01 8.46118e+02
-1.90684e+00 2.69870e-01 8.29228e+02
-1.96904e+00 2.86393e-01 8.14144e+02
-2.03114e+00 3.03565e-01 8.00683e+02
-2.09312e+00 3.21384e-01 7.88682e+02
-2.15501e+00 3.39851e-01 7.77993e+02
-2.21680e+00 3.58966e-01 7.68486e+02
-2.27851e+00 3.78728e-01 7.60044e+02
-2.34015e+00 3.99138e-01 7.52561e+02
-2.40171e+00 4.20196e-01 7.45944e+02
-2.46321e+00 4.41903e-01 7.40109e+02
-2.52465e+00 4.64259e-01 7.34982e+02
-2.58604e+00 4.87264e-01 7.30495e+02
-2.64739e+00 5.10920e-01 7.26588e+02
-2.70870e+00 5.35227e-01 7.23206e+02
-2.76998e+00 5.60187e-01 7.20302e+02
-2.83124e+00 5.85802e-01 7.17832e+02
-2.89249e+00 6.12071e-01 7.15756e+02
-2.95373e+00 6.38998e-01 7.14039e+02
-3.01496e+00 6.66583e-01 7.12650e+02
-3.07620e+00 6.94829e-01 7.11558e+02
-3.13745e+00 7.23738e-01 7.10739e+02
-3.19873e+00 7.53311e-01 7.10169e+02
-3.26002e+00 7.83551e-01 7.09826e+02
-3.32135e+00 8.14460e-01 7.09691e+02
-3.38271e+00 8.46041e-01 7.09747e+02
-3.44413e+00 8.78297e-01 7.09978e+02
-3.50559e+00 9.11230e-01 7.10368e+02
-3.56711e+00 9.44843e-01 7.10906e+02
-3.62870e+00 9.79140e-01 7.11578e+02
-3.69036e+00 1.01412e+00 7.12374e+02
-3.75209e+00 1.04980e+00 7.13285e+02
-3.81392e+00 1.08617e+00 7.14300e+02
-3.87583e+00 1.12323e+00 7.15411e+02
-3.93785e+00 1.16100e+00 7.16611e+02
-3.99997e+00 1.19947e+00 7.17893e+02
-9.42196e-01 1.26269e-01 1.39997e+03
-1.00767e+00 1.34658e-01 1.32703e+03
-1.07287e+00 1.43860e-01 1.26098e+03
-1.13779e+00 1.53869e-01 1.20134e+03
-1.20246e+00 1.64683e-01 1.14763e+03
-1.26688e+00 1.76297e-01 1.09934e+03
-1.33107e+00 1.88708e-01 1.05598e+03
-1.39503e+00 2.01913e-01 1.01708e+03
-1.45878e+00 2.15910e-01 9.82224e+02
-1.52232e+00 2.30695e-01 9.50998e+02
-1.58566e+00 2.46267e-01 9.23038e+02
-1.64882e+00 2.62622e-01 8.98013e+02
-1.71180e+00 2.79760e-01 8.75622e+02
-1.77462e+00 2.97678e-01 8.55594e+02
-1.83728e+00 3.16375e-01 8.37687e+02
-1.89979e+00 3.35850e-01 8.21684e+02
-1.96217e+00 3.56102e-01 8.07389e+02
-2.02441e+00 3.77129e-01 7.94630e+02
-2.08654e+00 3.98932e-01 7.83251e+02
-2.14855e+00 4.21510e-01 7.73115e+02
-2.21047e+00 4.44863e-01 7.64097e+02
-2.27229e+00 4.68991e-01 7.56089e+02
-2.33403e+00 4.93895e-01 7.48990e+02
-2.39569e+00 5.19574e-01 7.42713e+02
-2.45728e+00 5.46029e-01 7.37180e+02
-2.51882e+00 5.73262e-01 7.32320e+02
-2.58030e+00 6.01273e-01 7.28069e+02
-2.64175e+00 6.30064e-01 7.24371e+02
-2.70316e+00 6.59636e-01 7.21175e+02
-2.76455e+00 6.89991e-01 7.18435e+02
-2.82592e+00 7.21131e-01 7.16110e+02
-2.88729e+00 7.53059e-01 7.14163e+02
-2.94866e+00 7.85775e-01 7.12560e+02
-3.01003e+00 8.19284e-01 7.11272e+02
-3.07142e+00 8.53587e-01 7.10270e+02
-3.13284e+00 8.88689e-01 7.09531e+02
-3.19429e+00 9.24591e-01 7.09031e+02
-3.25579e+00 9.61297e-01 7.08751e+02
-3.31733e+00 9.98811e-01 7.08672e+02
-3.37893e+00 1.03714e+00 7.08777e+02
-3.44060e+00 1.07628e+00 7.09052e+02
-3.50234e+00 1.11624e+00 7.09482e+02
-3.56417e+00 1.15702e+00 7.10055e+02
-3.62609e+00 1.19864e+00 7.10759e+02
-3.68810e+00 1.24109e+00 7.11583e+02
-3.75023e+00 1.28437e+00 7.12519e+02
-3.81247e+00 1.32850e+00 7.13557e+02
-3.87483e+00 1.37349e+00 7.14690e+02
-3.93733e+00 1.41932e+00 7.15909e+02
-3.99997e+00 1.46602e+00 7.17209e+02
-9.29006e-01 1.52079e-01 1.36858e+03
-9.94986e-01 1.62253e-01 1.29683e+03
-1.06065e+00 1.73365e-01 1.23242e+03
-1.12600e+00 1.85409e-01 1.17468e+03
-1.19106e+00 1.98381e-01 1.12298e+03
-1.25585e+00 2.12274e-01 1.07672e+03
-1.32036e+00 2.27086e-01 1.03534e+03
-1.38463e+00 2.42811e-01 9.98333e+02
-1.44865e+00 2.59447e-01 9.65249e+02
-1.51244e+00 2.76988e-01 9.35670e+02
-1.57602e+00 2.95433e-01 9.09226e+02
-1.63939e+00 3.14779e-01 8.85584e+02
-1.70256e+00 3.35022e-01 8.64448e+02
-1.76556e+00 3.56161e-01 8.45556e+02
-1.82838e+00 3.78195e-01 8.28672e+02
-1.89104e+00 4.01120e-01 8.13587e+02
-1.95355e+00 4.24937e-01 8.00116e+02
-2.01593e+00 4.49643e-01 7.88094e+02
-2.07818e+00 4.75239e-01 7.77375e+02
-2.14031e+00 5.01725e-01 7.67827e+02
-2.20233e+00 5.29099e-01 7.59334e+02
-2.26426e+00 5.57362e-01 7.51793e+02
-2.32611e+00 5.86515e-01 7.45112e+02
-2.38788e+00 6.16558e-01 7.39206e+02
-2.44958e+00 6.47492e-01 7.34003e+02
-2.51123e+00 6.79319e-01 7.29436e+02
-2.57284e+00 7.12041e-01 7.25446e+02
-2.63441e+00 7.45658e-01 7.21980e+02
-2.69595e+00 7.80174e-01 7.18991e+02
-2.75749e+00 8.15590e-01 7.16434e+02
-2.81901e+00 8.51910e-01 7.14272e+02
-2.88054e+00 8.89136e-01 7.12469e+02
-2.94209e+00 9.27272e-01 7.10994e+02
-3.00366e+00 9.66321e-01 7.09820e+02
-3.06527e+00 1.00629e+00 7.08919e+02
-3.12691e+00 1.04717e+00 7.08269e+02
-3.18862e+00 1.08899e+00 7.07849e+02
-3.25038e+00 1.13173e+00 7.07639e+02
-3.31222e+00 1.17540e+00 7.07623e+02
-3.37414e+00 1.22002e+00 7.07784e+02
-3.43615e+00 1.26558e+00 7.08108e+02
-3.49826e+00 1.31210e+00 7.08581e+02
-3.56048e+00 1.35957e+00 7.09193e+02
-3.62283e+00 1.40800e+00 7.09932e+02
-3.68530e+00 1.45741e+00 7.10789e+02
-3.74791e+00 1.50779e+00 7.11753e+02
-3.81068e+00 1.55916e+00 7.12817e+02
-3.87360e+00 1.61152e+00 7.13973e+02
-3.93670e+00 1.66488e+00 7.15215e+02
-3.99997e+00 1.71924e+00 7.16535e+02
-9.15280e-01 1.77994e-01 1.33676e+03
-9.81638e-01 1.89988e-01 1.26622e+03
-1.04764e+00 2.03033e-01 1.20344e+03
-1.11332e+00 2.17121e-01 1.14758e+03
-1.17867e+00 2.32245e-01 1.09786e+03
-1.24371e+00 2.48401e-01 1.05359e+03
-1.30847e+00 2.65581e-01 1.01417e+03
-1.37295e+00 2.83782e-01 9.79031e+02
-1.43717e+00 3.02998e-01 9.47708e+02
-1.50114e+00 3.23224e-01 9.19770e+02
-1.56488e+00 3.44458e-01 8.94841e+02
-1.62840e+00 3.66695e-01 8.72589e+02
-1.69172e+00 3.89932e-01 8.52723e+02
-1.75484e+00 4.14168e-01 8.34984e+02
-1.81778e+00 4.39399e-01 8.19144e+02
-1.88056e+00 4.65623e-01 8.05004e+02
-1.94318e+00 4.92840e-01 7.92384e+02
-2.00566e+00 5.21047e-01 7.81129e+02
-2.06802e+00 5.50245e-01 7.71098e+02
-2.13025e+00 5.80433e-01 7.62168e+02
-2.19238e+00 6.11611e-01 7.54230e+02
-2.25442e+00 6.43779e-01 7.47185e+02
-2.31637e+00 6.76938e-01 7.40948e+02
-2.37826e+00 7.11089e-01 7.35440e+02
-2.44009e+00 7.46233e-01 7.30592e+02
-2.50188e+00 7.82373e-01 7.26343e+02
-2.56363e+00 8.19511e-01 7.22637e+02
-2.62535e+00 8.57648e-01 7.19424e+02
-2.68707e+00 8.96788e-01 7.16659e+02
-2.74878e+00 9.36934e-01 7.14303e+02
-2.81050e+00 9.78090e-01 7.12320e+02
-2.87225e+00 1.02026e+00 7.10676e+02
-2.93403e+00 1.06345e+00 7.09343e+02
-2.99585e+00 1.10765e+00 7.08293e+02
-3.05773e+00 1.15289e+00 7.07504e+02
-3.11967e+00 1.19916e+00 7.06953e+02
-3.18169e+00 1.24647e+00 7.06621e+02
-3.24380e+00 1.29482e+00 7.06489e+02
-3.30601e+00 1.34422e+00 7.06542e+02
-3.36833e+00 1.39467e+00 7.06765e+02
-3.43076e+00 1.44620e+00 7.07143e+02
-3.49333e+00 1.49879e+00 7.07666e+02
-3.55605e+00 1.55246e+00 7.08322e+02
-3.61891e+00 1.60723e+00 7.09100e+02
-3.68194e+00 1.66308e+00 7.09991e+02
-3.74515e+00 1.72004e+00 7.10988e+02
-3.80855e+00 1.77812e+00 7.12081e+02
-3.87214e+00 1.83732e+00 7.13264e+02
-3.93594e+00 1.89766e+00 7.14531e+02
-3.99997e+00 1.95914e+00 7.15875e+02
-9.01024e-01 2.03976e-01 1.30450e+03
-9.67631e-01 2.17825e-01 1.23520e+03
-1.03386e+00 2.32824e-01 1.17408e+03
-1.09973e+00 2.48964e-01 1.12009e+03
-1.16527e+00 2.66236e-01 1.07234e+03
-1.23047e+00 2.84634e-01 1.03005e+03
-1.29537e+00 3.04151e-01 9.92557e+02
-1.35999e+00 3.24780e-01 9.59276e+02
-1.42432e+00 3.46517e-01 9.29702e+02
-1.48841e+00 3.69355e-01 9.03397e+02
-1.55224e+00 3.93290e-01 8.79981e+02
-1.61586e+00 4.18319e-01 8.59122e+02
-1.67926e+00 4.44437e-01 8.40532e+02
-1.74246e+00 4.71642e-01 8.23958e+02
-1.80549e+00 4.99931e-01 8.09178e+02
-1.86834e+00 5.29301e-01 7.96000e+02
-1.93104e+00 5.59752e-01 7.84252e+02
-1.99361e+00 5.91282e-01 7.73785e+02
-2.05605e+00 6.23890e-01 7.64465e+02
-2.11837e+00 6.57575e-01 7.56177e+02
-2.18060e+00 6.92339e-01 7.48817e+02
-2.24275e+00 7.28182e-01 7.42293e+02
-2.30482e+00 7.65104e-01 7.36523e+02
-2.36684e+00 8.03108e-01 7.31435e+02
-2.42881e+00 8.42195e-01 7.26964e+02
-2.49074e+00 8.82367e-01 7.23053e+02
-2.55266e+00 9.23628e-01 7.19649e+02
-2.61457e+00 9.65980e-01 7.16707e+02
-2.67649e+00 1.00943e+00 7.14185e+02
-2.73843e+00 1.05397e+00 7.12045e+02
-2.80039e+00 1.09962e+00 7.10255e+02
-2.86240e+00 1.14638e+00 7.08784e+02
-2.92447e+00 1.19425e+00 7.07604e+02
-2.98660e+00 1.24325e+00 7.06692e+02
-3.04881e+00 1.29336e+00 7.06024e+02
-3.11111e+00 1.34461e+00 7.05582e+02
-3.17352e+00 1.39700e+00 7.05345e+02
-3.23605e+00 1.45053e+00 7.05299e+02
-3.29870e+00 1.50522e+00 7.05428e+02
-3.36150e+00 1.56108e+00 7.05718e+02
-3.42445e+00 1.61810e+00 7.06157e+02
-3.48757e+00 1.67631e+00 7.06734e+02
-3.55086e+00 1.73570e+00 7.07438e+02
-3.61435e+00 1.79630e+00 7.08259e+02
-3.67804e+00 1.85810e+00 7.09190e+02
-3.74194e+00 1.92113e+00 7.10223e+02
-3.80607e+00 1.98539e+00 7.11350e+02
-3.87045e+00 2.05090e+00 7.12564e+02
-3.93507e+00 2.11767e+00 7.13860e+02
-3.99997e+00 2.18570e+00 7.15232e+02
-8.86246e-01 2.29984e-01 1.27179e+03
-9.52968e-01 2.45724e-01 1.20380e+03
-1.01930e+00 2.62698e-01 1.14436e+03
-1.08525e+00 2.80897e-01 1.09226e+03
-1.15085e+00 3.00310e-01 1.04648e+03
-1.21612e+00 3.20930e-01 1.00617e+03
-1.28107e+00 3.42749e-01 9.70601e+02
-1.34573e+00 3.65760e-01 9.39161e+02
-1.41010e+00 3.89955e-01 9.11324e+02
-1.47422e+00 4.15330e-01 8.86644e+02
-1.53809e+00 4.41880e-01 8.64736e+02
-1.60173e+00 4.69598e-01 8.45270e+02
-1.66517e+00 4.98483e-01 8.27958e+02
-1.72841e+00 5.28529e-01 8.12555e+02
-1.79147e+00 5.59735e-01 7.98845e+02
-1.85437e+00 5.92098e-01 7.86640e+02
-1.91712e+00 6.25616e-01 7.75778e+02
-1.97975e+00 6.60288e-01 7.66114e+02
-2.04226e+00 6.96114e-01 7.57523e+02
-2.10467e+00 7.33093e-01 7.49894e+02
-2.16699e+00 7.71226e-01 7.43130e+02
-2.22924e+00 8.10514e-01 7.37145e+02
-2.29144e+00 8.50957e-01 7.31861e+02
-2.35359e+00 8.92559e-01 7.27211e+02
-2.41572e+00 9.35322e-01 7.23134e+02
-2.47783e+00 9.79247e-01 7.19578e+02
-2.53994e+00 1.02434e+00 7.16493e+02
-2.60207e+00 1.07060e+00 7.13838e+02
-2.66423e+00 1.11804e+00 7.11573e+02
-2.72642e+00 1.16666e+00 7.09663e+02
-2.78867e+00 1.21647e+00 7.08079e+02
-2.85099e+00 1.26746e+00 7.06792e+02
-2.91340e+00 1.31966e+00 7.05778e+02
-2.97590e+00 1.37306e+00 7.05012e+02
-3.03851e+00 1.42767e+00 7.04476e+02
-3.10124e+00 1.48350e+00 7.04150e+02
-3.16410e+00 1.54056e+00 7.04018e+02
-3.22712e+00 1.59886e+00 7.04065e+02
-3.29030e+00 1.65841e+00 7.04276e+02
-3.35366e+00 1.71921e+00 7.04640e+02
-3.41721e+00 1.78128e+00 7.05146e+02
-3.48096e+00 1.84463e+00 7.05782e+02
-3.54493e+00 1.90927e+00 7.06539e+02
-3.60913e+00 1.97521e+00 7.07409e+02
-3.67358e+00 2.04246e+00 7.08385e+02
-3.73828e+00 2.11105e+00 7.09458e+02
-3.80326e+00 2.18097e+00 7.10623e+02
-3.86852e+00 2.25225e+00 7.11873e+02
-3.93409e+00 2.32491e+00 7.13204e+02
-3.99997e+00 2.39895e+00 7.14610e+02
-8.70957e-01 2.55977e-01 1.23865e+03
-9.37656e-01 2.73643e-01 1.17205e+03
-1.00395e+00 2.92613e-01 1.11435e+03
-1.06987e+00 3.12877e-01 1.06416e+03
-1.13543e+00 3.34424e-01 1.02037e+03
-1.20065e+00 3.57245e-01 9.82030e+02
-1.26555e+00 3.81330e-01 9.48380e+02
-1.33016e+00 4.06672e-01 9.18772e+02
-1.39449e+00 4.33265e-01 8.92664e+02
-1.45857e+00 4.61100e-01 8.69601e+02
-1.52240e+00 4.90174e-01 8.49194e+02
-1.58602e+00 5.20480e-01 8.31115e+02
-1.64943e+00 5.52015e-01 8.15081e+02
-1.71266e+00 5.84774e-01 8.00849e+02
-1.77572e+00 6.18755e-01 7.88211e+02
-1.83863e+00 6.53956e-01 7.76986e+02
-1.90141e+00 6.90375e-01 7.67016e+02
-1.96408e+00 7.28010e-01 7.58166e+02
-2.02664e+00 7.66861e-01 7.50314e+02
-2.08912e+00 8.06929e-01 7.43357e+02
-2.15153e+00 8.48214e-01 7.37201e+02
-2.21389e+00 8.90717e-01 7.31768e+02
-2.27622e+00 9.34440e-01 7.26983e+02
-2.33852e+00 9.79387e-01 7.22785e+02
-2.40082e+00 1.02556e+00 7.19117e+02
-2.46313e+00 1.07296e+00 7.15929e+02
-2.52546e+00 1.12160e+00 7.13177e+02
-2.58784e+00 1.17147e+00 7.10821e+02
-2.65027e+00 1.22259e+00 7.08825e+02
-2.71276e+00 1.27495e+00 7.07158e+02
-2.77535e+00 1.32858e+00 7.05791e+02
-2.83803e+00 1.38346e+00 7.04699e+02
-2.90082e+00 1.43962e+00 7.03859e+02
-2.96375e+00 1.49706e+00 7.03250e+02
-3.02682e+00 1.55578e+00 7.02854e+02
-3.09004e+00 1.61580e+00 7.02654e+02
-3.15344e+00 1.67713e+00 7.02634e+02
-3.21702e+00 1.73977e+00 7.02780e+02
-3.28080e+00 1.80374e+00 7.03082e+02
-3.34480e+00 1.86905e+00 7.03526e+02
-3.40904e+00 1.93572e+00 7.04103e+02
-3.47351e+00 2.00375e+00 7.04805e+02
-3.53825e+00 2.07315e+00 7.05621e+02
-3.60326e+00 2.14395e+00 7.06545e+02
-3.66856e+00 2.21616e+00 7.07571e+02
-3.73417e+00 2.28979e+00 7.08690e+02
-3.80010e+00 2.36486e+00 7.09899e+02
-3.86637e+00 2.44138e+00 7.11192e+02
-3.93298e+00 2.51937e+00 7.12563e+02
-3.99997e+00 2.59886e+00 7.14009e+02
-8.55169e-01 2.81913e-01 1.20509e+03
-9.21703e-01 3.01539e-01 1.13997e+03
-9.87835e-01 3.22526e-01 1.08407e+03
-1.05359e+00 3.44861e-01 1.03584e+03
-1.11899e+00 3.68532e-01 9.94055e+02
-1.18406e+00 3.93530e-01 9.57704e+02
-1.24882e+00 4.19846e-01 9.25973e+02
-1.31329e+00 4.47470e-01 8.98192e+02
-1.37749e+00 4.76394e-01 8.73804e+02
-1.44145e+00 5.06613e-01 8.52348e+02
-1.50518e+00 5.38121e-01 8.33434e+02
-1.56871e+00 5.70910e-01 8.16734e+02
-1.63205e+00 6.04979e-01 8.01971e+02
-1.69522e+00 6.40322e-01 7.88907e+02
-1.75824e+00 6.76936e-01 7.77340e+02
-1.82113e+00 7.14820e-01 7.67094e+02
-1.88390e+00 7.53971e-01 7.58020e+02
-1.94658e+00 7.94389e-01 7.49986e+02
-2.00918e+00 8.36074e-01 7.42879e+02
-2.07172e+00 8.79026e-01 7.36599e+02
-2.13422e+00 9.23246e-01 7.31061e+02
-2.19669e+00 9.68736e-01 7.26187e+02
-2.25915e+00 1.01550e+00 7.21912e+02
-2.32162e+00 1.06354e+00 7.18175e+02
-2.38411e+00 1.11285e+00 7.14926e+02
-2.44663e+00 1.16346e+00 7.12117e+02
-2.50922e+00 1.21534e+00 7.09707e+02
-2.57187e+00 1.26853e+00 7.07660e+02
-2.63461e+00 1.32301e+00 7.05944e+02
-2.69745e+00 1.37881e+00 7.04529e+02
-2.76041e+00 1.43591e+00 7.03389e+02
-2.82350e+00 1.49434e+00 7.02501e+02
-2.88674e+00 1.55410e+00 7.01845e+02
-2.95015e+00 1.61521e+00 7.01401e+02
-3.01374e+00 1.67766e+00 7.01152e+02
-3.07752e+00 1.74148e+00 7.01085e+02
-3.14152e+00 1.80666e+00 7.01184e+02
-3.20574e+00 1.87324e+00 7.01438e+02
-3.27021e+00 1.94121e+00 7.01836e+02
-3.33493e+00 2.01059e+00 7.02367e+02
-3.39993e+00 2.08140e+00 7.03023e+02
-3.46522e+00 2.15365e+00 7.03796e+02
-3.53082e+00 2.22735e+00 7.04678e+02
-3.59674e+00 2.30252e+00 7.05662e+02
-3.66300e+00 2.37919e+00 7.06744e+02
-3.72961e+00 2.45735e+00 7.07916e+02
-3.79660e+00 2.53704e+00 7.09176e+02
-3.86398e+00 2.61827e+00 7.10518e+02
-3.93176e+00 2.70107e+00 7.11938e+02
-3.99997e+00 2.78544e+00 7.13434e+02
-8.38897e-01 3.07748e-01 1.17113e+03
-9.05120e-01 3.29369e-01 1.10759e+03
-9.70953e-01 3.52391e-01 1.05357e+03
-1.03642e+00 3.76801e-01 1.00736e+03
-1.10154e+00 4.02588e-01 9.67613e+02
-1.16635e+00 4.29740e-01 9.33262e+02
-1.23087e+00 4.58248e-01 9.03454e+02
-1.29511e+00 4.88102e-01 8.77496e+02
-1.35910e+00 5.19294e-01 8.54821e+02
-1.42287e+00 5.51818e-01 8.34961e+02
-1.48643e+00 5.85667e-01 8.17528e+02
-1.54980e+00 6.20836e-01 8.02197e+02
-1.61301e+00 6.57321e-01 7.88695e+02
-1.67607e+00 6.95117e-01 7.76791e+02
-1.73901e+00 7.34221e-01 7.66288e+02
-1.80184e+00 7.74632e-01 7.57017e+02
-1.86458e+00 8.16349e-01 7.48835e+02
-1.92726e+00 8.59370e-01 7.41616e+02
-1.98989e+00 9.03696e-01 7.35254e+02
-2.05248e+00 9.49328e-01 7.29654e+02
-2.11506e+00 9.96268e-01 7.24735e+02
-2.17764e+00 1.04452e+00 7.20426e+02
-2.24024e+00 1.09408e+00 7.16665e+02
-2.30288e+00 1.14496e+00 7.13395e+02
-2.36558e+00 1.19716e+00 7.10570e+02
-2.42834e+00 1.25068e+00 7.08147e+02
-2.49120e+00 1.30554e+00 7.06087e+02
-2.55416e+00 1.36174e+00 7.04357e+02
-2.61725e+00 1.41928e+00 7.02928e+02
-2.68047e+00 1.47818e+00 7.01772e+02
-2.74385e+00 1.53843e+00 7.00867e+02
-2.80741e+00 1.60006e+00 7.00191e+02
-2.87115e+00 1.66307e+00 6.99726e+02
-2.93510e+00 1.72748e+00 6.99454e+02
-2.99927e+00 1.79328e+00 6.99361e+02
-3.06368e+00 1.86051e+00 6.99434e+02
-3.12835e+00 1.92916e+00 6.99659e+02
-3.19328e+00 1.99925e+00 7.00027e+02
-3.25851e+00 2.07079e+00 7.00528e+02
-3.32404e+00 2.14381e+00 7.01153e+02
-3.38989e+00 2.21832e+00 7.01894e+02
-3.45609e+00 2.29432e+00 7.02745e+02
-3.52264e+00 2.37185e+00 7.03699e+02
-3.58956e+00 2.45092e+00 7.04752e+02
-3.65688e+00 2.53154e+00 7.05897e+02
-3.72461e+00 2.61373e+00 7.07130e+02
-3.79276e+00 2.69753e+00 7.08449e+02
-3.86136e+00 2.78294e+00 7.09849e+02
-3.93042e+00 2.86999e+00 7.11328e+02
-3.99997e+00 2.95870e+00 7.12884e+02
-8.22157e-01 3.33436e-01 1.13681e+03
-8.87921e-01 3.57086e-01 1.07498e+03
-9.53315e-01 3.82162e-01 1.02293e+03
-1.01836e+00 4.08653e-01 9.78783e+02
-1.08309e+00 4.36544e-01 9.41108e+02
-1.14753e+00 4.65826e-01 9.08775e+02
-1.21170e+00 4.96487e-01 8.80895e+02
-1.27562e+00 5.28519e-01 8.56757e+02
-1.33931e+00 5.61913e-01 8.35785e+02
-1.40281e+00 5.96663e-01 8.17509e+02
-1.46613e+00 6.32762e-01 8.01544e+02
-1.52929e+00 6.70204e-01 7.87567e+02
-1.59231e+00 7.08987e-01 7.75313e+02
-1.65522e+00 7.49105e-01 7.64556e+02
-1.71804e+00 7.90557e-01 7.55105e+02
-1.78078e+00 8.33340e-01 7.46800e+02
-1.84346e+00 8.77454e-01 7.39502e+02
-1.90611e+00 9.22899e-01 7.33093e+02
-1.96874e+00 9.69675e-01 7.27471e+02
-2.03138e+00 1.01778e+00 7.22548e+02
-2.09403e+00 1.06723e+00 7.18247e+02
-2.15673e+00 1.11801e+00 7.14503e+02
-2.21948e+00 1.17013e+00 7.11256e+02
-2.28230e+00 1.22360e+00 7.08456e+02
-2.34522e+00 1.27842e+00 7.06059e+02
-2.40825e+00 1.33460e+00 7.04024e+02
-2.47141e+00 1.39214e+00 7.02319e+02
-2.53472e+00 1.45105e+00 7.00911e+02
-2.59819e+00 1.51135e+00 6.99773e+02
-2.66184e+00 1.57303e+00 6.98883e+02
-2.72569e+00 1.63611e+00 6.98218e+02
-2.78975e+00 1.70059e+00 6.97761e+02
-2.85405e+00 1.76650e+00 6.97493e+02
-2.91860e+00 1.83384e+00 6.97400e+02
-2.98341e+00 1.90262e+00 6.97468e+02
-3.04852e+00 1.97286e+00 6.97687e+02
-3.11392e+00 2.04458e+00 6.98046e+02
-3.17965e+00 2.11778e+00 6.98534e+02
-3.24571e+00 2.19248e+00 6.99145e+02
-3.31213e+00 2.26870e+00 6.99871e+02
-3.37893e+00 2.34645e+00 7.00704e+02
-3.44611e+00 2.42576e+00 7.01641e+02
-3.51371e+00 2.50665e+00 7.02675e+02
-3.58174e+00 2.58912e+00 7.03802e+02
-3.65021e+00 2.67321e+00 7.05020e+02
-3.71915e+00 2.75893e+00 7.06324e+02
-3.78858e+00 2.84631e+00 7.07712e+02
-3.85851e+00 2.93537e+00 7.09182e+02
-3.92897e+00 3.02614e+00 7.10732e+02
-3.99997e+00 3.11863e+00 7.12361e+02
-8.04968e-01 3.58933e-01 1.10216e+03
-8.70122e-01 3.84645e-01 1.04217e+03
-9.34935e-01 4.11794e-01 9.92180e+02
-9.99436e-01 4.40367e-01 9.50171e+02
-1.06365e+00 4.70352e-01 9.14607e+02
-1.12760e+00 5.01738e-01 8.84312e+02
-1.19132e+00 5.34513e-01 8.58365e+02
-1.25482e+00 5.68670e-01 8.36042e+02
-1.31813e+00 6.04199e-01 8.16762e+02
-1.38128e+00 6.41095e-01 8.00056e+02
-1.44429e+00 6.79350e-01 7.85541e+02
-1.50717e+00 7.18961e-01 7.72902e+02
-1.56996e+00 7.59923e-01 7.61877e+02
-1.63267e+00 8.02233e-01 7.52250e+02
-1.69532e+00 8.45889e-01 7.43837e+02
-1.75793e+00 8.90889e-01 7.36483e+02
-1.82053e+00 9.37233e-01 7.30057e+02
-1.88313e+00 9.84922e-01 7.24447e+02
-1.94575e+00 1.03396e+00 7.19557e+02
-2.00842e+00 1.08434e+00 7.15303e+02
-2.07115e+00 1.13607e+00 7.11615e+02
-2.13396e+00 1.18916e+00 7.08431e+02
-2.19686e+00 1.24361e+00 7.05697e+02
-2.25989e+00 1.29942e+00 7.03365e+02
-2.32305e+00 1.35660e+00 7.01395e+02
-2.38637e+00 1.41515e+00 6.99750e+02
-2.44986e+00 1.47510e+00 6.98400e+02
-2.51354e+00 1.53643e+00 6.97316e+02
-2.57743e+00 1.59917e+00 6.96474e+02
-2.64154e+00 1.66332e+00 6.95852e+02
-2.70591e+00 1.72889e+00 6.95432e+02
-2.77053e+00 1.79590e+00 6.95196e+02
-2.83544e+00 1.86435e+00 6.95131e+02
-2.90065e+00 1.93427e+00 6.95222e+02
-2.96617e+00 2.00565e+00 6.95458e+02
-3.03203e+00 2.07853e+00 6.95829e+02
-3.09825e+00 2.15291e+00 6.96326e+02
-3.16484e+00 2.22881e+00 6.96942e+02
-3.23182e+00 2.30624e+00 6.97669e+02
-3.29921e+00 2.38523e+00 6.98502e+02
-3.36703e+00 2.46580e+00 6.99435e+02
-3.43530e+00 2.54796e+00 7.00465e+02
-3.50404e+00 2.63173e+00 7.01588e+02
-3.57326e+00 2.71713e+00 7.02800e+02
-3.64299e+00 2.80420e+00 7.04100e+02
-3.71325e+00 2.89294e+00 7.05485e+02
-3.78405e+00 2.98340e+00 7.06955e+02
-3.85543e+00 3.07558e+00 7.08509e+02
-3.92739e+00 3.16952e+00 7.10146e+02
-3.99996e+00 3.26524e+00 7.11867e+02
-7.87350e-01 3.84192e-01 1.06725e+03
-8.51739e-01 4.11998e-01 1.00923e+03
-9.15829e-01 4.41238e-01 9.61405e+02
-9.79648e-01 4.71897e-01 9.21594e+02
-1.04322e+00 5.03964e-01 8.88181e+02
-1.10658e+00 5.37427e-01 8.59940e+02
-1.16974e+00 5.72276e-01 8.35930e+02
-1.23273e+00 6.08504e-01 8.15416e+02
-1.29557e+00 6.46101e-01 7.97814e+02
-1.35829e+00 6.85062e-01 7.82659e+02
-1.42092e+00 7.25381e-01 7.69573e+02
-1.48346e+00 7.67054e-01 7.58249e+02
-1.54596e+00 8.10077e-01 7.48434e+02
-1.60841e+00 8.54447e-01 7.39916e+02
-1.67086e+00 9.00164e-01 7.32520e+02
-1.73331e+00 9.47226e-01 7.26100e+02
-1.79579e+00 9.95633e-01 7.20530e+02
-1.85832e+00 1.04539e+00 7.15704e+02
-1.92092e+00 1.09649e+00 7.11532e+02
-1.98361e+00 1.14894e+00 7.07938e+02
-2.04641e+00 1.20275e+00 7.04853e+02
-2.10933e+00 1.25792e+00 7.02221e+02
-2.17240e+00 1.31446e+00 6.99993e+02
-2.23564e+00 1.37236e+00 6.98124e+02
-2.29906e+00 1.43164e+00 6.96577e+02
-2.36268e+00 1.49231e+00 6.95320e+02
-2.42653e+00 1.55437e+00 6.94324e+02
-2.49062e+00 1.61784e+00 6.93564e+02
-2.55496e+00 1.68272e+00 6.93018e+02
-2.61959e+00 1.74902e+00 6.92666e+02
-2.68451e+00 1.81676e+00 6.92493e+02
-2.74975e+00 1.88595e+00 6.92482e+02
-2.81532e+00 1.95660e+00 6.92622e+02
-2.88124e+00 2.02873e+00 6.92900e+02
-2.94754e+00 2.10235e+00 6.93308e+02
-3.01422e+00 2.17748e+00 6.93836e+02
-3.08132e+00 2.25413e+00 6.94478e+02
-3.14885e+00 2.33232e+00 6.95226e+02
-3.21682e+00 2.41207e+00 6.96076e+02
-3.28527e+00 2.49341e+00 6.97024e+02
-3.35420e+00 2.57634e+00 6.98064e+02
-3.42364e+00 2.66089e+00 6.99196e+02
-3.49361e+00 2.74709e+00 7.00416e+02
-3.56413e+00 2.83495e+00 7.01724e+02
-3.63522e+00 2.92450e+00 7.03118e+02
-3.70690e+00 3.01577e+00 7.04598e+02
-3.77919e+00 3.10877e+00 7.06165e+02
-3.85212e+00 3.20355e+00 7.07820e+02
-3.92570e+00 3.30012e+00 7.09564e+02
-3.99996e+00 3.39852e+00 7.11401e+02
-7.69325e-01 4.09166e-01 1.03214e+03
-8.32793e-01 4.39100e-01 9.76241e+02
-8.96015e-01 4.70446e-01 9.30678e+02
-9.59017e-01 5.03194e-01 8.93129e+02
-1.02183e+00 5.37329e-01 8.61901e+02
-1.08447e+00 5.72843e-01 8.35730e+02
-1.14697e+00 6.09726e-01 8.13656e+02
-1.20935e+00 6.47970e-01 7.94938e+02
-1.27164e+00 6.87567e-01 7.78997e+02
-1.33385e+00 7.28513e-01 7.65370e+02
-1.39602e+00 7.70802e-01 7.53690e+02
-1.45816e+00 8.14431e-01 7.43655e+02
-1.52030e+00 8.59396e-01 7.35022e+02
-1.58246e+00 9.05696e-01 7.27589e+02
-1.64466e+00 9.53331e-01 7.21187e+02
-1.70692e+00 1.00230e+00 7.15678e+02
-1.76925e+00 1.05260e+00 7.10943e+02
-1.83169e+00 1.10424e+00 7.06883e+02
-1.89425e+00 1.15723e+00 7.03413e+02
-1.95695e+00 1.21155e+00 7.00462e+02
-2.01981e+00 1.26722e+00 6.97968e+02
-2.08285e+00 1.32425e+00 6.95878e+02
-2.14609e+00 1.38264e+00 6.94145e+02
-2.20955e+00 1.44239e+00 6.92731e+02
-2.27325e+00 1.50351e+00 6.91602e+02
-2.33720e+00 1.56602e+00 6.90727e+02
-2.40143e+00 1.62993e+00 6.90081e+02
-2.46596e+00 1.69523e+00 6.89642e+02
-2.53080e+00 1.76195e+00 6.89390e+02
-2.59597e+00 1.83010e+00 6.89308e+02
-2.66150e+00 1.89968e+00 6.89381e+02
-2.72740e+00 1.97072e+00 6.89596e+02
-2.79369e+00 2.04322e+00 6.89943e+02
-2.86039e+00 2.11721e+00 6.90411e+02
-2.92751e+00 2.19269e+00 6.90993e+02
-2.99509e+00 2.26969e+00 6.91682e+02
-3.06314e+00 2.34822e+00 6.92472e+02
-3.13168e+00 2.42830e+00 6.93359e+02
-3.20073e+00 2.50996e+00 6.94337e+02
-3.27031e+00 2.59321e+00 6.95406e+02
-3.34044e+00 2.67807e+00 6.96562e+02
-3.41114e+00 2.76457e+00 6.97804e+02
-3.48243e+00 2.85272e+00 6.99132e+02
-3.55434e+00 2.94256e+00 7.00547e+02
-3.62689e+00 3.03411e+00 7.02049e+02
-3.70010e+00 3.12740e+00 7.03640e+02
-3.77398e+00 3.22245e+00 7.05323e+02
-3.84857e+00 3.31929e+00 7.07101e+02
-3.92389e+00 3.41795e+00 7.08980e+02
-3.99996e+00 3.51847e+00 7.10964e+02
-7.50919e-01 4.33809e-01 9.96936e+02
-8.13307e-01 4.65901e-01 9.43291e+02
-8.75513e-01 4.99372e-01 9.00085e+02
-9.37561e-01 5.34208e-01 8.64856e+02
-9.99479e-01 5.70399e-01 8.35843e+02
-1.06129e+00 6.07937e-01 8.11750e+02
-1.12302e+00 6.46812e-01 7.91605e+02
-1.18470e+00 6.87017e-01 7.74668e+02
-1.24634e+00 7.28547e-01 7.60363e+02
-1.30797e+00 7.71396e-01 7.48238e+02
-1.36961e+00 8.15561e-01 7.37932e+02
-1.43129e+00 8.61040e-01 7.29157e+02
-1.49302e+00 9.07829e-01 7.21676e+02
-1.55483e+00 9.55929e-01 7.15298e+02
-1.61673e+00 1.00534e+00 7.09862e+02
-1.67876e+00 1.05606e+00 7.05238e+02
-1.74092e+00 1.10809e+00 7.01314e+02
-1.80324e+00 1.16145e+00 6.97997e+02
-1.86575e+00 1.21612e+00 6.95210e+02
-1.92845e+00 1.27211e+00 6.92884e+02
-1.99137e+00 1.32944e+00 6.90963e+02
-2.05453e+00 1.38810e+00 6.89399e+02
-2.11794e+00 1.44810e+00 6.88150e+02
-2.18164e+00 1.50946e+00 6.87180e+02
-2.24563e+00 1.57217e+00 6.86458e+02
-2.30993e+00 1.63626e+00 6.85958e+02
-2.37457e+00 1.70172e+00 6.85655e+02
-2.43957e+00 1.76858e+00 6.85531e+02
-2.50494e+00 1.83684e+00 6.85569e+02
-2.57070e+00 1.90652e+00 6.85752e+02
-2.63688e+00 1.97762e+00 6.86069e+02
-2.70349e+00 2.05017e+00 6.86509e+02
-2.77055e+00 2.12419e+00 6.87063e+02
-2.83808e+00 2.19967e+00 6.87721e+02
-2.90611e+00 2.27665e+00 6.88479e+02
-2.97464e+00 2.35515e+00 6.89331e+02
-3.04372e+00 2.43517e+00 6.90273e+02
-3.11334e+00 2.51674e+00 6.91301e+02
-3.18354e+00 2.59989e+00 6.92413e+02
-3.25433e+00 2.68462e+00 6.93608e+02
-3.32575e+00 2.77098e+00 6.94887e+02
-3.39780e+00 2.85897e+00 6.96249e+02
-3.47051e+00 2.94862e+00 6.97695e+02
-3.54391e+00 3.03997e+00 6.99230e+02
-3.61801e+00 3.13303e+00 7.00856e+02
-3.69285e+00 3.22784e+00 7.02577e+02
-3.76843e+00 3.32441e+00 7.04400e+02
-3.84480e+00 3.42279e+00 7.06331e+02
-3.92197e+00 3.52301e+00 7.08380e+02
-3.99996e+00 3.62509e+00 7.10556e+02
-7.32156e-01 4.58075e-01 9.61734e+02
-7.93305e-01 4.92357e-01 9.10484e+02
-8.54346e-01 5.27965e-01 8.69723e+02
-9.15304e-01 5.64891e-01 8.36865e+02
-9.76203e-01 6.03124e-01 8.10087e+02
-1.03707e+00 6.42657e-01 7.88072e+02
-1.09792e+00 6.83482e-01 7.69842e+02
-1.15879e+00 7.25594e-01 7.54661e+02
-1.21970e+00 7.68988e-01 7.41962e+02
-1.28066e+00 8.13661e-01 7.31304e+02
-1.34170e+00 8.59609e-01 7.22339e+02
-1.40284e+00 9.06830e-01 7.14787e+02
-1.46411e+00 9.55326e-01 7.08424e+02
-1.52552e+00 1.00509e+00 7.03066e+02
-1.58709e+00 1.05614e+00 6.98565e+02
-1.64884e+00 1.10846e+00 6.94795e+02
-1.71080e+00 1.16206e+00 6.91654e+02
-1.77299e+00 1.21694e+00 6.89055e+02
-1.83542e+00 1.27312e+00 6.86925e+02
-1.89811e+00 1.33058e+00 6.85202e+02
-1.96108e+00 1.38935e+00 6.83836e+02
-2.02436e+00 1.44943e+00 6.82780e+02
-2.08796e+00 1.51082e+00 6.81999e+02
-2.15189e+00 1.57353e+00 6.81458e+02
-2.21619e+00 1.63758e+00 6.81130e+02
-2.28087e+00 1.70298e+00 6.80993e+02
-2.34595e+00 1.76973e+00 6.81024e+02
-2.41145e+00 1.83785e+00 6.81207e+02
-2.47738e+00 1.90736e+00 6.81526e+02
-2.54378e+00 1.97825e+00 6.81970e+02
-2.61065e+00 2.05056e+00 6.82526e+02
-2.67802e+00 2.12430e+00 6.83186e+02
-2.74590e+00 2.19947e+00 6.83943e+02
-2.81433e+00 2.27611e+00 6.84790e+02
-2.88331e+00 2.35422e+00 6.85723e+02
-2.95287e+00 2.43383e+00 6.86737e+02
-3.02304e+00 2.51496e+00 6.87831e+02
-3.09382e+00 2.59762e+00 6.89002e+02
-3.16525e+00 2.68184e+00 6.90251e+02
-3.23734e+00 2.76765e+00 6.91578e+02
-3.31013e+00 2.85506e+00 6.92985e+02
-3.38362e+00 2.94409e+00 6.94475e+02
-3.45784e+00 3.03479e+00 6.96051e+02
-3.53282e+00 3.12717e+00 6.97719e+02
-3.60858e+00 3.22125e+00 6.99487e+02
-3.68515e+00 3.31708e+00 7.01362e+02
-3.76254e+00 3.41467e+00 7.03354e+02
-3.84079e+00 3.51407e+00 7.05477e+02
-3.91992e+00 3.61529e+00 7.07745e+02
-3.99996e+00 3.71838e+00 7.10177e+02
-7.13064e-01 4.81919e-01 9.26671e+02
-7.72814e-01 5.18418e-01 8.77943e+02
-8.32540e-01 5.56180e-01 8.39703e+02
-8.92268e-01 5.95195e-01 8.09252e+02
-9.52020e-01 6.35455e-01 7.84718e+02
-1.01182e+00 6.76955e-01 7.64769e+02
-1.07169e+00 7.19689e-01 7.48430e+02
-1.13165e+00 7.63652e-01 7.34972e+02
-1.19173e+00 8.08842e-01 7.23842e+02
-1.25194e+00 8.55256e-01 7.14611e+02
-1.31231e+00 9.02893e-01 7.06944e+02
-1.37285e+00 9.51754e-01 7.00574e+02
-1.43359e+00 1.00184e+00 6.95288e+02
-1.49455e+00 1.05315e+00 6.90913e+02
-1.55574e+00 1.10568e+00 6.87309e+02
-1.61719e+00 1.15945e+00 6.84360e+02
-1.67892e+00 1.21445e+00 6.81969e+02
-1.74094e+00 1.27069e+00 6.80057e+02
-1.80327e+00 1.32818e+00 6.78557e+02
-1.86594e+00 1.38692e+00 6.77413e+02
-1.92896e+00 1.44692e+00 6.76576e+02
-1.99236e+00 1.50819e+00 6.76008e+02
-2.05614e+00 1.57074e+00 6.75674e+02
-2.12033e+00 1.63458e+00 6.75545e+02
-2.18496e+00 1.69971e+00 6.75596e+02
-2.25003e+00 1.76615e+00 6.75806e+02
-2.31557e+00 1.83392e+00 6.76158e+02
-2.38160e+00 1.90302e+00 6.76636e+02
-2.44814e+00 1.97347e+00 6.77227e+02
-2.51520e+00 2.04528e+00 6.77921e+02
-2.58281e+00 2.11847e+00 6.78708e+02
-2.65099e+00 2.19306e+00 6.79581e+02
-2.71976e+00 2.26906e+00 6.80535e+02
-2.78913e+00 2.34649e+00 6.81565e+02
-2.85913e+00 2.42538e+00 6.82667e+02
-2.92979e+00 2.50573e+00 6.83840e+02
-3.00111e+00 2.58757e+00 6.85084e+02
-3.07313e+00 2.67093e+00 6.86397e+02
-3.14587e+00 2.75582e+00 6.87782e+02
-3.21934e+00 2.84227e+00 6.89242e+02
-3.29357e+00 2.93030e+00 6.90781e+02
-3.36859e+00 3.01994e+00 6.92404e+02
-3.44442e+00 3.11121e+00 6.94119e+02
-3.52108e+00 3.20415e+00 6.95935e+02
-3.59860e+00 3.29877e+00 6.97864e+02
-3.67700e+00 3.39512e+00 6.99919e+02
-3.75631e+00 3.49322e+00 7.02118e+02
-3.83655e+00 3.59310e+00 7.04484e+02
-3.91776e+00 3.69480e+00 7.07042e+02
-3.99996e+00 3.79835e+00 7.09825e+02
-6.93674e-01 5.05294e-01 8.91904e+02
-7.51861e-01 5.44040e-01 8.45806e+02
-8.10123e-01 5.83968e-01 8.10146e+02
-8.68481e-01 6.25071e-01 7.82121e+02
-9.26957e-01 6.67343e-01 7.59825e+02
-9.85572e-01 7.10781e-01 7.41918e+02
-1.04435e+00 7.55381e-01 7.27434e+02
-1.10330e+00 8.01140e-01 7.15656e+02
-1.16246e+00 8.48058e-01 7.06047e+02
-1.22184e+00 8.96134e-01 6.98195e+02
-1.28145e+00 9.45367e-01 6.91777e+02
-1.34133e+00 9.95761e-01 6.86542e+02
-1.40149e+00 1.04732e+00 6.82288e+02
-1.46194e+00 1.10004e+00 6.78852e+02
-1.52271e+00 1.15392e+00 6.76104e+02
-1.58381e+00 1.20899e+00 6.73936e+02
-1.64527e+00 1.26523e+00 6.72260e+02
-1.70710e+00 1.32265e+00 6.71001e+02
-1.76933e+00 1.38127e+00 6.70099e+02
-1.83196e+00 1.44109e+00 6.69503e+02
-1.89502e+00 1.50212e+00 6.69171e+02
-1.95853e+00 1.56437e+00 6.69065e+02
-2.02251e+00 1.62784e+00 6.69155e+02
-2.08697e+00 1.69255e+00 6.69416e+02
-2.15193e+00 1.75852e+00 6.69826e+02
-2.21742e+00 1.82575e+00 6.70366e+02
-2.28345e+00 1.89425e+00 6.71021e+02
-2.35004e+00 1.96405e+00 6.71778e+02
-2.41721e+00 2.03515e+00 6.72626e+02
-2.48498e+00 2.10757e+00 6.73556e+02
-2.55338e+00 2.18133e+00 6.74561e+02
-2.62241e+00 2.25645e+00 6.75635e+02
-2.69211e+00 2.33294e+00 6.76775e+02
-2.76249e+00 2.41081e+00 6.77977e+02
-2.83357e+00 2.49010e+00 6.79239e+02
-2.90538e+00 2.57083e+00 6.80562e+02
-2.97794e+00 2.65300e+00 6.81946e+02
-3.05127e+00 2.73665e+00 6.83394e+02
-3.12539e+00 2.82180e+00 6.84909e+02
-3.20032e+00 2.90848e+00 6.86497e+02
-3.27609e+00 2.99670e+00 6.88165e+02
-3.35273e+00 3.08649e+00 6.89922e+02
-3.43025e+00 3.17789e+00 6.91780e+02
-3.50869e+00 3.27091e+00 6.93754e+02
-3.58806e+00 3.36560e+00 6.95862e+02
-3.66840e+00 3.46197e+00 6.98128e+02
-3.74974e+00 3.56006e+00 7.00581e+02
-3.83209e+00 3.65991e+00 7.03259e+02
-3.91548e+00 3.76154e+00 7.06212e+02
-3.99996e+00 3.86499e+00 7.09501e+02
-6.74014e-01 5.28158e-01 8.57618e+02
-7.30478e-01 5.69177e-01 8.14235e+02
-7.87124e-01 6.11283e-01 7.81189e+02
-8.43972e-01 6.54472e-01 7.55589e+02
-9.01042e-01 6.98741e-01 7.35505e+02
-9.58353e-01 7.44088e-01 7.19599e+02
-1.01592e+00 7.90511e-01 7.06918e+02
-1.07377e+00 8.38011e-01 6.96766e+02
-1.13191e+00 8.86589e-01 6.88622e+02
-1.19037e+00 9.36245e-01 6.82091e+02
-1.24916e+00 9.86983e-01 6.76867e+02
-1.30830e+00 1.03880e+00 6.72712e+02
-1.36781e+00 1.09172e+00 6.69438e+02
-1.42771e+00 1.14572e+00 6.66892e+02
-1.48801e+00 1.20082e+00 6.64954e+02
-1.54873e+00 1.25703e+00 6.63524e+02
-1.60989e+00 1.31435e+00 6.62521e+02
-1.67151e+00 1.37278e+00 6.61877e+02
-1.73360e+00 1.43235e+00 6.61538e+02
-1.79618e+00 1.49305e+00 6.61458e+02
-1.85927e+00 1.55490e+00 6.61597e+02
-1.92290e+00 1.61790e+00 6.61924e+02
-1.98707e+00 1.68208e+00 6.62412e+02
-2.05180e+00 1.74743e+00 6.63037e+02
-2.11712e+00 1.81398e+00 6.63781e+02
-2.18304e+00 1.88173e+00 6.64628e+02
-2.24958e+00 1.95071e+00 6.65564e+02
-2.31676e+00 2.02092e+00 6.66580e+02
-2.38460e+00 2.09238e+00 6.67664e+02
-2.45312e+00 2.16511e+00 6.68812e+02
-2.52234e+00 2.23912e+00 6.70016e+02
-2.59229e+00 2.31444e+00 6.71273e+02
-2.66297e+00 2.39108e+00 6.72580e+02
-2.73441e+00 2.46905e+00 6.73936e+02
-2.80663e+00 2.54839e+00 6.75340e+02
-2.87967e+00 2.62911e+00 6.76795e+02
-2.95352e+00 2.71124e+00 6.78303e+02
-3.02823e+00 2.79479e+00 6.79867e+02
-3.10381e+00 2.87979e+00 6.81496e+02
-3.18029e+00 2.96627e+00 6.83195e+02
-3.25768e+00 3.05425e+00 6.84978e+02
-3.33602e+00 3.14375e+00 6.86856e+02
-3.41534e+00 3.23481e+00 6.88849e+02
-3.49565e+00 3.32746e+00 6.90979e+02
-3.57698e+00 3.42171e+00 6.93276e+02
-3.65936e+00 3.51762e+00 6.95779e+02
-3.74282e+00 3.61519e+00 6.98539e+02
-3.82739e+00 3.71448e+00 7.01626e+02
-3.91309e+00 3.81550e+00 7.05136e+02
-3.99996e+00 3.91831e+00 7.09203e+02
-6.54118e-01 5.50467e-01 8.24028e+02
-7.08696e-01 5.93785e-01 7.83411e+02
-7.63576e-01 6.38080e-01 7.52982e+02
-8.18775e-01 6.83352e-01 7.29779e+02
-8.74308e-01 7.29601e-01 7.11858e+02
-9.30193e-01 7.76827e-01 6.97894e+02
-9.86446e-01 8.25031e-01 6.86952e+02
-1.04308e+00 8.74217e-01 6.78356e+02
-1.10012e+00 9.24387e-01 6.71608e+02
-1.15758e+00 9.75544e-01 6.66332e+02
-1.21546e+00 1.02769e+00 6.62238e+02
-1.27380e+00 1.08084e+00 6.59102e+02
-1.33260e+00 1.13499e+00 6.56749e+02
-1.39188e+00 1.19015e+00 6.55039e+02
-1.45167e+00 1.24633e+00 6.53859e+02
-1.51196e+00 1.30353e+00 6.53119e+02
-1.57279e+00 1.36177e+00 6.52743e+02
-1.63416e+00 1.42104e+00 6.52672e+02
-1.69610e+00 1.48137e+00 6.52856e+02
-1.75862e+00 1.54276e+00 6.53253e+02
-1.82173e+00 1.60523e+00 6.53828e+02
-1.88547e+00 1.66878e+00 6.54554e+02
-1.94983e+00 1.73343e+00 6.55407e+02
-2.01485e+00 1.79919e+00 6.56366e+02
-2.08053e+00 1.86607e+00 6.57414e+02
-2.14690e+00 1.93409e+00 6.58540e+02
-2.21398e+00 2.00326e+00 6.59730e+02
-2.28178e+00 2.07361e+00 6.60976e+02
-2.35032e+00 2.14514e+00 6.62270e+02
-2.41963e+00 2.21787e+00 6.63608e+02
-2.48972e+00 2.29182e+00 6.64984e+02
-2.56061e+00 2.36702e+00 6.66396e+02
-2.63233e+00 2.44347e+00 6.67842e+02
-2.70489e+00 2.52120e+00 6.69323e+02
-2.77832e+00 2.60023e+00 6.70839e+02
-2.85264e+00 2.68057e+00 6.72393e+02
-2.92786e+00 2.76227e+00 6.73990e+02
-3.00402e+00 2.84533e+00 6.75636e+02
-3.08114e+00 2.92977e+00 6.77340e+02
-3.15924e+00 3.01564e+00 6.79112e+02
-3.23834e+00 3.10294e+00 6.80968e+02
-3.31848e+00 3.19172e+00 6.82927e+02
-3.39967e+00 3.28199e+00 6.85016e+02
-3.48195e+00 3.37378e+00 6.87269e+02
-3.56534e+00 3.46713e+00 6.89733e+02
-3.64987e+00 3.56206e+00 6.92473e+02
-3.73556e+00 3.65861e+00 6.95584e+02
-3.82246e+00 3.75681e+00 6.99201e+02
-3.91058e+00 3.85669e+00 7.03536e+02
-3.99996e+00 3.95829e+00 7.08931e+02
-6.34018e-01 5.72180e-01 7.91380e+02
-6.86550e-01 6.17820e-01 7.53536e+02
-7.39514e-01 6.64315e-01 7.25691e+02
-7.92922e-01 7.11666e-01 7.04826e+02
-8.46788e-01 7.59878e-01 6.88995e+02
-9.01127e-01 8.08953e-01 6.76890e+02
-9.55951e-01 8.58896e-01 6.67603e+02
-1.01128e+00 9.09712e-01 6.60482e+02
-1.06711e+00 9.61406e-01 6.55050e+02
-1.12348e+00 1.01399e+00 6.50950e+02
-1.18038e+00 1.06746e+00 6.47913e+02
-1.23784e+00 1.12183e+00 6.45727e+02
-1.29587e+00 1.17710e+00 6.44231e+02
-1.35449e+00 1.23329e+00 6.43295e+02
-1.41370e+00 1.29041e+00 6.42816e+02
-1.47353e+00 1.34846e+00 6.42711e+02
-1.53399e+00 1.40745e+00 6.42912e+02
-1.59509e+00 1.46740e+00 6.43366e+02
-1.65685e+00 1.52831e+00 6.44027e+02
-1.71929e+00 1.59020e+00 6.44858e+02
-1.78242e+00 1.65308e+00 6.45829e+02
-1.84626e+00 1.71696e+00 6.46915e+02
-1.91082e+00 1.78186e+00 6.48094e+02
-1.97612e+00 1.84778e+00 6.49349e+02
-2.04218e+00 1.91476e+00 6.50667e+02
-2.10902e+00 1.98279e+00 6.52034e+02
-2.17666e+00 2.05190e+00 6.53442e+02
-2.24510e+00 2.12210e+00 6.54883e+02
-2.31438e+00 2.19341e+00 6.56351e+02
-2.38451e+00 2.26584e+00 6.57840e+02
-2.45551e+00 2.33942e+00 6.59349e+02
-2.52740e+00 2.41417e+00 6.60874e+02
-2.60021e+00 2.49010e+00 6.62415e+02
-2.67394e+00 2.56724e+00 6.63973e+02
-2.74863e+00 2.64560e+00 6.65550e+02
-2.82430e+00 2.72521e+00 6.67148e+02
-2.90096e+00 2.80608e+00 6.68772e+02
-2.97865e+00 2.88826e+00 6.70431e+02
-3.05738e+00 2.97175e+00 6.72133e+02
-3.13718e+00 3.05658e+00 6.73893e+02
-3.21808e+00 3.14279e+00 6.75727e+02
-3.30010e+00 3.23038e+00 6.77660e+02
-3.38326e+00 3.31941e+00 6.79727e+02
-3.46761e+00 3.40988e+00 6.81976e+02
-3.55315e+00 3.50184e+00 6.84478e+02
-3.63993e+00 3.59531e+00 6.87341e+02
-3.72796e+00 3.69032e+00 6.90739e+02
-3.81729e+00 3.78691e+00 6.94966e+02
-3.90795e+00 3.88511e+00 7.00567e+02
-3.99995e+00 3.98495e+00 7.08682e+02
-6.13747e-01 5.93259e-01 7.59957e+02
-6.64074e-01 6.41243e-01 7.24836e+02
-7.14971e-01 6.89945e-01 6.99496e+02
-7.66450e-01 7.39371e-01 6.80872e+02
-8.18520e-01 7.89527e-01 6.67028e+02
-8.71191e-01 8.40420e-01 6.56679e+02
-9.24475e-01 8.92059e-01 6.48944e+02
-9.78382e-01 9.44451e-01 6.43199e+02
-1.03292e+00 9.97603e-01 6.38989e+02
-1.08811e+00 1.05153e+00 6.35978e+02
-1.14395e+00 1.10623e+00 6.33914e+02
-1.20047e+00 1.16172e+00 6.32602e+02
-1.25766e+00 1.21801e+00 6.31889e+02
-1.31555e+00 1.27510e+00 6.31659e+02
-1.37415e+00 1.33302e+00 6.31817e+02
-1.43347e+00 1.39177e+00 6.32287e+02
-1.49352e+00 1.45136e+00 6.33009e+02
-1.55432e+00 1.51181e+00 6.33934e+02
-1.61588e+00 1.57313e+00 6.35021e+02
-1.67822e+00 1.63533e+00 6.36237e+02
-1.74135e+00 1.69842e+00 6.37556e+02
-1.80528e+00 1.76242e+00 6.38955e+02
-1.87004e+00 1.82734e+00 6.40415e+02
-1.93564e+00 1.89321e+00 6.41922e+02
-2.00209e+00 1.96003e+00 6.43463e+02
-2.06941e+00 2.02781e+00 6.45028e+02
-2.13762e+00 2.09659e+00 6.46607e+02
-2.20674e+00 2.16637e+00 6.48194e+02
-2.27679e+00 2.23717e+00 6.49785e+02
-2.34778e+00 2.30901e+00 6.51373e+02
-2.41973e+00 2.38191e+00 6.52956e+02
-2.49266e+00 2.45589e+00 6.54533e+02
-2.56660e+00 2.53096e+00 6.56101e+02
-2.64157e+00 2.60716e+00 6.57659e+02
-2.71758e+00 2.68450e+00 6.59210e+02
-2.79465e+00 2.76300e+00 6.60753e+02
-2.87282e+00 2.84268e+00 6.62293e+02
-2.95211e+00 2.92358e+00 6.63833e+02
-3.03253e+00 3.00571e+00 6.65379e+02
-3.11411e+00 3.08909e+00 6.66940e+02
-3.19689e+00 3.17377e+00 6.68530e+02
-3.28088e+00 3.25975e+00 6.70166e+02
-3.36611e+00 3.34707e+00 6.71878e+02
-3.45261e+00 3.43576e+00 6.73707e+02
-3.54041e+00 3.52584e+00 6.75728e+02
-3.62954e+00 3.61735e+00 6.78068e+02
-3.72002e+00 3.71032e+00 6.80976e+02
-3.81190e+00 3.80477e+00 6.85021e+02
-3.90520e+00 3.90075e+00 6.91809e+02
-3.99995e+00 3.99828e+00 7.08448e+02
-5.93269e-01 6.13737e-01 7.31925e+02
-6.41254e-01 6.64063e-01 7.00635e+02
-6.89957e-01 7.14959e-01 6.78251e+02
-7.39384e-01 7.66437e-01 6.61975e+02
-7.89541e-01 8.18506e-01 6.50036e+02
-8.40436e-01 8.71176e-01 6.41261e+02
-8.92075e-01 9.24459e-01 6.34845e+02
-9.44467e-01 9.78365e-01 6.30219e+02
-9.97621e-01 1.03291e+00 6.26969e+02
-1.05154e+00 1.08809e+00 6.24791e+02
-1.10625e+00 1.14394e+00 6.23452e+02
-1.16174e+00 1.20045e+00 6.22777e+02
-1.21803e+00 1.25765e+00 6.22628e+02
-1.27512e+00 1.31554e+00 6.22898e+02
-1.33304e+00 1.37413e+00 6.23502e+02
-1.39179e+00 1.43345e+00 6.24372e+02
-1.45139e+00 1.49350e+00 6.25454e+02
-1.51183e+00 1.55430e+00 6.26703e+02
-1.57315e+00 1.61586e+00 6.28083e+02
-1.63535e+00 1.67820e+00 6.29565e+02
-1.69844e+00 1.74133e+00 6.31126e+02
-1.76244e+00 1.80526e+00 6.32744e+02
-1.82737e+00 1.87002e+00 6.34405e+02
-1.89323e+00 1.93562e+00 6.36094e+02
-1.96005e+00 2.00207e+00 6.37800e+02
-2.02783e+00 2.06939e+00 6.39515e+02
-2.09661e+00 2.13760e+00 6.41231e+02
-2.16639e+00 2.20672e+00 6.42942e+02
-2.23719e+00 2.27677e+00 6.44644e+02
-2.30903e+00 2.34776e+00 6.46333e+02
-2.38193e+00 2.41971e+00 6.48005e+02
-2.45591e+00 2.49265e+00 6.49660e+02
-2.53098e+00 2.56659e+00 6.51296e+02
-2.60718e+00 2.64155e+00 6.52912e+02
-2.68451e+00 2.71756e+00 6.54508e+02
-2.76301e+00 2.79464e+00 6.56086e+02
-2.84270e+00 2.87281e+00 6.57649e+02
-2.92359e+00 2.95209e+00 6.59197e+02
-3.00572e+00 3.03252e+00 6.60737e+02
-3.08911e+00 3.11410e+00 6.62275e+02
-3.17378e+00 3.19688e+00 6.63819e+02
-3.25976e+00 3.28087e+00 6.65382e+02
-3.34708e+00 3.36610e+00 6.66985e+02
-3.43577e+00 3.45260e+00 6.68658e+02
-3.52585e+00 3.54040e+00 6.70450e+02
-3.61736e+00 3.62953e+00 6.72450e+02
-3.71032e+00 3.72002e+00 6.74832e+02
-3.80478e+00 3.81190e+00 6.77987e+02
-3.90075e+00 3.90520e+00 6.83027e+02
-3.99829e+00 3.99995e+00 6.94864e+02
-5.72191e-01 6.34008e-01 7.08384e+02
-6.17832e-01 6.86539e-01 6.81506e+02
-6.64328e-01 7.39502e-01 6.62219e+02
-7.11680e-01 7.92909e-01 6.48204e+02
-7.59892e-01 8.46775e-01 6.37970e+02
-8.08968e-01 9.01113e-01 6.30515e+02
-8.58912e-01 9.55936e-01 6.25146e+02
-9.09729e-01 1.01126e+00 6.21364e+02
-9.61424e-01 1.06710e+00 6.18808e+02
-1.01400e+00 1.12346e+00 6.17207e+02
-1.06748e+00 1.18036e+00 6.16357e+02
-1.12185e+00 1.23783e+00 6.16099e+02
-1.17712e+00 1.29586e+00 6.16312e+02
-1.23331e+00 1.35447e+00 6.16898e+02
-1.29043e+00 1.41368e+00 6.17783e+02
-1.34848e+00 1.47351e+00 6.18904e+02
-1.40747e+00 1.53397e+00 6.20212e+02
-1.46742e+00 1.59507e+00 6.21669e+02
-1.52833e+00 1.65683e+00 6.23241e+02
-1.59022e+00 1.71927e+00 6.24902e+02
-1.65310e+00 1.78240e+00 6.26632e+02
-1.71698e+00 1.84624e+00 6.28412e+02
-1.78188e+00 1.91080e+00 6.30229e+02
-1.84781e+00 1.97610e+00 6.32070e+02
-1.91478e+00 2.04216e+00 6.33927e+02
-1.98281e+00 2.10900e+00 6.35791e+02
-2.05192e+00 2.17664e+00 6.37659e+02
-2.12212e+00 2.24509e+00 6.39523e+02
-2.19343e+00 2.31436e+00 6.41383e+02
-2.26587e+00 2.38450e+00 6.43235e+02
-2.33945e+00 2.45550e+00 6.45079e+02
-2.41419e+00 2.52739e+00 6.46914e+02
-2.49012e+00 2.60019e+00 6.48741e+02
-2.56726e+00 2.67393e+00 6.50562e+02
-2.64562e+00 2.74862e+00 6.52381e+02
-2.72523e+00 2.82428e+00 6.54201e+02
-2.80610e+00 2.90095e+00 6.56027e+02
-2.88828e+00 2.97863e+00 6.57869e+02
-2.97177e+00 3.05737e+00 6.59734e+02
-3.05660e+00 3.13717e+00 6.61637e+02
-3.14280e+00 3.21807e+00 6.63594e+02
-3.23040e+00 3.30009e+00 6.65628e+02
-3.31942e+00 3.38326e+00 6.67771e+02
-3.40990e+00 3.46760e+00 6.70067e+02
-3.50185e+00 3.55314e+00 6.72582e+02
-3.59532e+00 3.63992e+00 6.75414e+02
-3.69033e+00 3.72796e+00 6.78721e+02
-3.78692e+00 3.81729e+00 6.82770e+02
-3.88512e+00 3.90794e+00 6.88058e+02
-3.98496e+00 3.99995e+00 6.95617e+02
-5.50478e-01 6.54108e-01 6.87661e+02
-5.93797e-01 7.08686e-01 6.64454e+02
-6.38093e-01 7.63565e-01 6.47754e+02
-6.83366e-01 8.18762e-01 6.35633e+02
-7.29616e-01 8.74295e-01 6.26830e+02
-7.76843e-01 9.30179e-01 6.20484e+02
-8.25048e-01 9.86431e-01 6.15992e+02
-8.74235e-01 1.04307e+00 6.12919e+02
-9.24405e-01 1.10010e+00 6.10946e+02
-9.75563e-01 1.15756e+00 6.09831e+02
-1.02771e+00 1.21545e+00 6.09393e+02
-1.08086e+00 1.27378e+00 6.09489e+02
-1.13501e+00 1.33258e+00 6.10011e+02
-1.19017e+00 1.39187e+00 6.10870e+02
-1.24635e+00 1.45165e+00 6.11998e+02
-1.30355e+00 1.51194e+00 6.13340e+02
-1.36179e+00 1.57277e+00 6.14851e+02
-1.42107e+00 1.63414e+00 6.16496e+02
-1.48140e+00 1.69608e+00 6.18245e+02
-1.54279e+00 1.75860e+00 6.20074e+02
-1.60525e+00 1.82171e+00 6.21966e+02
-1.66880e+00 1.88545e+00 6.23903e+02
-1.73345e+00 1.94981e+00 6.25874e+02
-1.79921e+00 2.01483e+00 6.27869e+02
-1.86609e+00 2.08051e+00 6.29880e+02
-1.93411e+00 2.14688e+00 6.31900e+02
-2.00329e+00 2.21396e+00 6.33925e+02
-2.07363e+00 2.28176e+00 6.35953e+02
-2.14516e+00 2.35031e+00 6.37980e+02
-2.21790e+00 2.41961e+00 6.40007e+02
-2.29185e+00 2.48970e+00 6.42033e+02
-2.36704e+00 2.56060e+00 6.44060e+02
-2.44349e+00 2.63232e+00 6.46090e+02
-2.52122e+00 2.70488e+00 6.48126e+02
-2.60025e+00 2.77831e+00 6.50174e+02
-2.68060e+00 2.85262e+00 6.52238e+02
-2.76229e+00 2.92785e+00 6.54328e+02
-2.84535e+00 3.00401e+00 6.56451e+02
-2.92980e+00 3.08113e+00 6.58621e+02
-3.01566e+00 3.15923e+00 6.60852e+02
-3.10297e+00 3.23833e+00 6.63163e+02
-3.19174e+00 3.31847e+00 6.65578e+02
-3.28201e+00 3.39967e+00 6.68129e+02
-3.37380e+00 3.48194e+00 6.70857e+02
-3.46715e+00 3.56533e+00 6.73818e+02
-3.56208e+00 3.64986e+00 6.77088e+02
-3.65863e+00 3.73556e+00 6.80776e+02
-3.75683e+00 3.82245e+00 6.85043e+02
-3.85671e+00 3.91057e+00 6.90133e+02
-3.95831e+00 3.99996e+00 6.96442e+02
-5.28169e-01 6.74005e-01 6.69594e+02
-5.69189e-01 7.30467e-01 6.49390e+02
-6.11296e-01 7.87113e-01 6.34812e+02
-6.54486e-01 8.43960e-01 6.24245e+02
-6.98756e-01 9.01029e-01 6.16611e+02
-7.44104e-01 9.58339e-01 6.11170e+02
-7.90528e-01 1.01591e+00 6.07394e+02
-8.38029e-01 1.07376e+00 6.04898e+02
-8.86607e-01 1.13190e+00 6.03399e+02
-9.36265e-01 1.19036e+00 6.02682e+02
-9.87003e-01 1.24915e+00 6.02581e+02
-1.03883e+00 1.30829e+00 6.02970e+02
-1.09174e+00 1.36780e+00 6.03748e+02
-1.14574e+00 1.42769e+00 6.04837e+02
-1.20084e+00 1.48799e+00 6.06173e+02
-1.25705e+00 1.54871e+00 6.07707e+02
-1.31437e+00 1.60987e+00 6.09397e+02
-1.37281e+00 1.67149e+00 6.11211e+02
-1.43237e+00 1.73358e+00 6.13122e+02
-1.49307e+00 1.79616e+00 6.15110e+02
-1.55492e+00 1.85926e+00 6.17156e+02
-1.61793e+00 1.92288e+00 6.19248e+02
-1.68210e+00 1.98705e+00 6.21373e+02
-1.74746e+00 2.05178e+00 6.23523e+02
-1.81401e+00 2.11710e+00 6.25691e+02
-1.88176e+00 2.18302e+00 6.27873e+02
-1.95074e+00 2.24956e+00 6.30064e+02
-2.02095e+00 2.31674e+00 6.32263e+02
-2.09241e+00 2.38459e+00 6.34469e+02
-2.16514e+00 2.45311e+00 6.36681e+02
-2.23915e+00 2.52233e+00 6.38901e+02
-2.31447e+00 2.59227e+00 6.41132e+02
-2.39110e+00 2.66295e+00 6.43375e+02
-2.46908e+00 2.73440e+00 6.45636e+02
-2.54842e+00 2.80662e+00 6.47921e+02
-2.62914e+00 2.87965e+00 6.50235e+02
-2.71126e+00 2.95351e+00 6.52589e+02
-2.79482e+00 3.02822e+00 6.54991e+02
-2.87982e+00 3.10380e+00 6.57454e+02
-2.96630e+00 3.18028e+00 6.59993e+02
-3.05427e+00 3.25767e+00 6.62627e+02
-3.14378e+00 3.33602e+00 6.65378e+02
-3.23484e+00 3.41533e+00 6.68274e+02
-3.32748e+00 3.49564e+00 6.71350e+02
-3.42174e+00 3.57697e+00 6.74651e+02
-3.51764e+00 3.65936e+00 6.78233e+02
-3.61522e+00 3.74282e+00 6.82172e+02
-3.71450e+00 3.82738e+00 6.86569e+02
-3.81553e+00 3.91309e+00 6.91562e+02
-3.91833e+00 3.99996e+00 6.97348e+02
-5.05305e-01 6.93664e-01 6.54018e+02
-5.44053e-01 7.51851e-01 6.36224e+02
-5.83981e-01 8.10111e-01 6.23344e+02
-6.25085e-01 8.68469e-01 6.14013e+02
-6.67359e-01 9.26944e-01 6.07307e+02
-7.10798e-01 9.85559e-01 6.02579e+02
-7.55398e-01 1.04433e+00 5.99363e+02
-8.01159e-01 1.10329e+00 5.97318e+02
-8.48077e-01 1.16245e+00 5.96188e+02
-8.96153e-01 1.22182e+00 5.95781e+02
-9.45388e-01 1.28144e+00 5.95945e+02
-9.95782e-01 1.34131e+00 5.96566e+02
-1.04734e+00 1.40147e+00 5.97550e+02
-1.10006e+00 1.46192e+00 5.98826e+02
-1.15395e+00 1.52269e+00 6.00336e+02
-1.20901e+00 1.58380e+00 6.02032e+02
-1.26525e+00 1.64526e+00 6.03878e+02
-1.32268e+00 1.70709e+00 6.05844e+02
-1.38130e+00 1.76931e+00 6.07904e+02
-1.44112e+00 1.83194e+00 6.10040e+02
-1.50215e+00 1.89500e+00 6.12235e+02
-1.56439e+00 1.95851e+00 6.14477e+02
-1.62787e+00 2.02249e+00 6.16755e+02
-1.69258e+00 2.08695e+00 6.19063e+02
-1.75855e+00 2.15191e+00 6.21393e+02
-1.82578e+00 2.21740e+00 6.23742e+02
-1.89428e+00 2.28343e+00 6.26107e+02
-1.96408e+00 2.35002e+00 6.28487e+02
-2.03518e+00 2.41719e+00 6.30880e+02
-2.10760e+00 2.48497e+00 6.33289e+02
-2.18136e+00 2.55336e+00 6.35714e+02
-2.25648e+00 2.62240e+00 6.38159e+02
-2.33297e+00 2.69210e+00 6.40627e+02
-2.41084e+00 2.76248e+00 6.43122e+02
-2.49014e+00 2.83356e+00 6.45652e+02
-2.57086e+00 2.90537e+00 6.48222e+02
-2.65303e+00 2.97793e+00 6.50843e+02
-2.73668e+00 3.05126e+00 6.53522e+02
-2.82183e+00 3.12537e+00 6.56274e+02
-2.90851e+00 3.20031e+00 6.59111e+02
-2.99673e+00 3.27608e+00 6.62050e+02
-3.08652e+00 3.35272e+00 6.65112e+02
-3.17792e+00 3.43025e+00 6.68320e+02
-3.27094e+00 3.50868e+00 6.71702e+02
-3.36563e+00 3.58806e+00 6.75293e+02
-3.46200e+00 3.66840e+00 6.79137e+02
-3.56009e+00 3.74973e+00 6.83287e+02
-3.65994e+00 3.83208e+00 6.87809e+02
-3.76157e+00 3.91548e+00 6.92789e+02
-3.86502e+00 3.99996e+00 6.98340e+02
-4.81930e-01 7.13055e-01 6.40767e+02
-5.18431e-01 7.72803e-01 6.24859e+02
-5.56194e-01 8.32529e-01 6.13296e+02
-5.95209e-01 8.92256e-01 6.04914e+02
-6.35471e-01 9.52008e-01 5.98909e+02
-6.76972e-01 1.01181e+00 5.94712e+02
-7.19706e-01 1.07168e+00 5.91910e+02
-7.63671e-01 1.13164e+00 5.90194e+02
-8.08861e-01 1.19172e+00 5.89334e+02
-8.55276e-01 1.25193e+00 5.89153e+02
-9.02914e-01 1.31229e+00 5.89512e+02
-9.51775e-01 1.37284e+00 5.90305e+02
-1.00186e+00 1.43358e+00 5.91446e+02
-1.05317e+00 1.49453e+00 5.92868e+02
-1.10571e+00 1.55573e+00 5.94517e+02
-1.15947e+00 1.61718e+00 5.96349e+02
-1.21448e+00 1.67890e+00 5.98329e+02
-1.27072e+00 1.74092e+00 6.00428e+02
-1.32821e+00 1.80326e+00 6.02625e+02
-1.38695e+00 1.86592e+00 6.04899e+02
-1.44695e+00 1.92895e+00 6.07237e+02
-1.50822e+00 1.99234e+00 6.09626e+02
-1.57077e+00 2.05612e+00 6.12057e+02
-1.63461e+00 2.12032e+00 6.14524e+02
-1.69974e+00 2.18494e+00 6.17020e+02
-1.76618e+00 2.25002e+00 6.19543e+02
-1.83395e+00 2.31556e+00 6.22089e+02
-1.90305e+00 2.38159e+00 6.24657e+02
-1.97350e+00 2.44812e+00 6.27248e+02
-2.04531e+00 2.51519e+00 6.29863e+02
-2.11850e+00 2.58280e+00 6.32503e+02
-2.19309e+00 2.65098e+00 6.35172e+02
-2.26909e+00 2.71974e+00 6.37874e+02
-2.34653e+00 2.78912e+00 6.40613e+02
-2.42541e+00 2.85912e+00 6.43394e+02
-2.50576e+00 2.92978e+00 6.46227e+02
-2.58761e+00 3.00110e+00 6.49117e+02
-2.67096e+00 3.07312e+00 6.52075e+02
-2.75585e+00 3.14586e+00 6.55112e+02
-2.84230e+00 3.21933e+00 6.58240e+02
-2.93033e+00 3.29357e+00 6.61474e+02
-3.01997e+00 3.36859e+00 6.64832e+02
-3.11125e+00 3.44441e+00 6.68331e+02
-3.20418e+00 3.52107e+00 6.71997e+02
-3.29881e+00 3.59859e+00 6.75855e+02
-3.39516e+00 3.67700e+00 6.79938e+02
-3.49326e+00 3.75631e+00 6.84285e+02
-3.59314e+00 3.83655e+00 6.88941e+02
-3.69484e+00 3.91776e+00 6.93963e+02
-3.79839e+00 3.99996e+00 6.99419e+02
-4.58087e-01 7.32147e-01 6.29680e+02
-4.92369e-01 7.93295e-01 6.15200e+02
-5.27979e-01 8.54335e-01 6.04615e+02
-5.64906e-01 9.15292e-01 5.96919e+02
-6.03140e-01 9.76191e-01 5.91408e+02
-6.42674e-01 1.03706e+00 5.87575e+02
-6.83500e-01 1.09791e+00 5.85048e+02
-7.25613e-01 1.15878e+00 5.83548e+02
-7.69008e-01 1.21968e+00 5.82861e+02
-8.13681e-01 1.28064e+00 5.82825e+02
-8.59630e-01 1.34169e+00 5.83312e+02
-9.06853e-01 1.40283e+00 5.84220e+02
-9.55349e-01 1.46409e+00 5.85470e+02
-1.00512e+00 1.52550e+00 5.86999e+02
-1.05616e+00 1.58707e+00 5.88753e+02
-1.10848e+00 1.64883e+00 5.90694e+02
-1.16209e+00 1.71079e+00 5.92785e+02
-1.21697e+00 1.77297e+00 5.95002e+02
-1.27314e+00 1.83540e+00 5.97321e+02
-1.33061e+00 1.89809e+00 5.99725e+02
-1.38938e+00 1.96107e+00 6.02199e+02
-1.44946e+00 2.02434e+00 6.04733e+02
-1.51085e+00 2.08794e+00 6.07317e+02
-1.57356e+00 2.15188e+00 6.09944e+02
-1.63762e+00 2.21618e+00 6.12610e+02
-1.70301e+00 2.28086e+00 6.15311e+02
-1.76976e+00 2.34594e+00 6.18045e+02
-1.83789e+00 2.41143e+00 6.20810e+02
-1.90739e+00 2.47737e+00 6.23607e+02
-1.97829e+00 2.54376e+00 6.26437e+02
-2.05060e+00 2.61063e+00 6.29301e+02
-2.12433e+00 2.67800e+00 6.32203e+02
-2.19951e+00 2.74589e+00 6.35146e+02
-2.27614e+00 2.81432e+00 6.38136e+02
-2.35426e+00 2.88330e+00 6.41176e+02
-2.43387e+00 2.95286e+00 6.44275e+02
-2.51499e+00 3.02303e+00 6.47438e+02
-2.59766e+00 3.09381e+00 6.50676e+02
-2.68188e+00 3.16524e+00 6.53996e+02
-2.76768e+00 3.23734e+00 6.57411e+02
-2.85509e+00 3.31012e+00 6.60932e+02
-2.94413e+00 3.38361e+00 6.64574e+02
-3.03483e+00 3.45783e+00 6.68353e+02
-3.12721e+00 3.53282e+00 6.72288e+02
-3.22129e+00 3.60858e+00 6.76398e+02
-3.31712e+00 3.68514e+00 6.80709e+02
-3.41471e+00 3.76254e+00 6.85248e+02
-3.51411e+00 3.84079e+00 6.90049e+02
-3.61533e+00 3.91992e+00 6.95148e+02
-3.71843e+00 3.99996e+00 7.00590e+02
-4.33821e-01 7.50910e-01 6.20603e+02
-4.65914e-01 8.13298e-01 6.07155e+02
-4.99386e-01 8.75502e-01 5.97246e+02
-5.34223e-01 9.37551e-01 5.90001e+02
-5.70415e-01 9.99468e-01 5.84795e+02
-6.07954e-01 1.06128e+00 5.81171e+02
-6.46830e-01 1.12301e+00 5.78792e+02
-6.87036e-01 1.18469e+00 5.77399e+02
-7.28567e-01 1.24633e+00 5.76795e+02
-7.71417e-01 1.30796e+00 5.76828e+02
-8.15583e-01 1.36960e+00 5.77377e+02
-8.61062e-01 1.43127e+00 5.78346e+02
-9.07853e-01 1.49300e+00 5.79659e+02
-9.55953e-01 1.55481e+00 5.81255e+02
-1.00536e+00 1.61672e+00 5.83084e+02
-1.05609e+00 1.67874e+00 5.85106e+02
-1.10812e+00 1.74091e+00 5.87289e+02
-1.16147e+00 1.80323e+00 5.89606e+02
-1.21615e+00 1.86573e+00 5.92035e+02
-1.27214e+00 1.92843e+00 5.94559e+02
-1.32947e+00 1.99135e+00 5.97164e+02
-1.38813e+00 2.05451e+00 5.99839e+02
-1.44813e+00 2.11793e+00 6.02575e+02
-1.50949e+00 2.18162e+00 6.05365e+02
-1.57221e+00 2.24561e+00 6.08204e+02
-1.63629e+00 2.30992e+00 6.11088e+02
-1.70176e+00 2.37456e+00 6.14014e+02
-1.76862e+00 2.43956e+00 6.16983e+02
-1.83688e+00 2.50493e+00 6.19993e+02
-1.90655e+00 2.57069e+00 6.23045e+02
-1.97766e+00 2.63687e+00 6.26141e+02
-2.05021e+00 2.70347e+00 6.29283e+02
-2.12422e+00 2.77054e+00 6.32475e+02
-2.19971e+00 2.83807e+00 6.35721e+02
-2.27669e+00 2.90610e+00 6.39025e+02
-2.35519e+00 2.97463e+00 6.42393e+02
-2.43521e+00 3.04371e+00 6.45831e+02
-2.51678e+00 3.11333e+00 6.49348e+02
-2.59993e+00 3.18353e+00 6.52950e+02
-2.68467e+00 3.25433e+00 6.56647e+02
-2.77102e+00 3.32574e+00 6.60450e+02
-2.85901e+00 3.39779e+00 6.64369e+02
-2.94867e+00 3.47051e+00 6.68418e+02
-3.04001e+00 3.54390e+00 6.72611e+02
-3.13308e+00 3.61801e+00 6.76964e+02
-3.22788e+00 3.69284e+00 6.81496e+02
-3.32446e+00 3.76843e+00 6.86226e+02
-3.42284e+00 3.84480e+00 6.91177e+02
-3.52306e+00 3.92196e+00 6.96377e+02
-3.62514e+00 3.99996e+00 7.01854e+02
-4.09178e-01 7.69316e-01 6.13386e+02
-4.39113e-01 8.32784e-01 6.00630e+02
-4.70461e-01 8.96005e-01 5.91137e+02
-5.03209e-01 9.59007e-01 5.84134e+02
-5.37346e-01 1.02182e+00 5.79062e+02
-5.72861e-01 1.08446e+00 5.75506e+02
-6.09744e-01 1.14696e+00 5.73155e+02
-6.47989e-01 1.20934e+00 5.71770e+02
-6.87588e-01 1.27162e+00 5.71165e+02
-7.28534e-01 1.33384e+00 5.71194e+02
-7.70824e-01 1.39601e+00 5.71744e+02
-8.14454e-01 1.45815e+00 5.72722e+02
-8.59420e-01 1.52029e+00 5.74054e+02
-9.05721e-01 1.58245e+00 5.75680e+02
-9.53357e-01 1.64465e+00 5.77553e+02
-1.00233e+00 1.70690e+00 5.79632e+02
-1.05263e+00 1.76924e+00 5.81885e+02
-1.10427e+00 1.83168e+00 5.84286e+02
-1.15726e+00 1.89424e+00 5.86813e+02
-1.21158e+00 1.95694e+00 5.89449e+02
-1.26725e+00 2.01980e+00 5.92179e+02
-1.32428e+00 2.08284e+00 5.94992e+02
-1.38267e+00 2.14608e+00 5.97878e+02
-1.44242e+00 2.20954e+00 6.00831e+02
-1.50355e+00 2.27324e+00 6.03845e+02
-1.56606e+00 2.33719e+00 6.06915e+02
-1.62996e+00 2.40142e+00 6.10039e+02
-1.69527e+00 2.46595e+00 6.13216e+02
-1.76199e+00 2.53079e+00 6.16444e+02
-1.83014e+00 2.59596e+00 6.19725e+02
-1.89972e+00 2.66149e+00 6.23058e+02
-1.97076e+00 2.72739e+00 6.26446e+02
-2.04326e+00 2.79367e+00 6.29891e+02
-2.11725e+00 2.86037e+00 6.33397e+02
-2.19273e+00 2.92750e+00 6.36967e+02
-2.26973e+00 2.99508e+00 6.40607e+02
-2.34827e+00 3.06313e+00 6.44321e+02
-2.42835e+00 3.13167e+00 6.48115e+02
-2.51001e+00 3.20072e+00 6.51996e+02
-2.59325e+00 3.27030e+00 6.55971e+02
-2.67812e+00 3.34043e+00 6.60049e+02
-2.76461e+00 3.41113e+00 6.64239e+02
-2.85277e+00 3.48243e+00 6.68550e+02
-2.94261e+00 3.55434e+00 6.72993e+02
-3.03416e+00 3.62689e+00 6.77581e+02
-3.12745e+00 3.70009e+00 6.82328e+02
-3.22250e+00 3.77398e+00 6.87247e+02
-3.31934e+00 3.84857e+00 6.92355e+02
-3.41801e+00 3.92389e+00 6.97670e+02
-3.51852e+00 3.99996e+00 7.03213e+02
-3.84204e-01 7.87341e-01 6.07892e+02
-4.12012e-01 8.51730e-01 5.95541e+02
-4.41252e-01 9.15820e-01 5.86236e+02
-4.71913e-01 9.79638e-01 5.79292e+02
-5.03980e-01 1.04321e+00 5.74202e+02
-5.37444e-01 1.10657e+00 5.70586e+02
-5.72295e-01 1.16973e+00 5.68156e+02
-6.08523e-01 1.23272e+00 5.66686e+02
-6.46121e-01 1.29556e+00 5.66000e+02
-6.85083e-01 1.35828e+00 5.65959e+02
-7.25404e-01 1.42091e+00 5.66452e+02
-7.67077e-01 1.48345e+00 5.67390e+02
-8.10101e-01 1.54594e+00 5.68699e+02
-8.54473e-01 1.60840e+00 5.70321e+02
-9.00190e-01 1.67085e+00 5.72208e+02
-9.47253e-01 1.73330e+00 5.74319e+02
-9.95661e-01 1.79578e+00 5.76624e+02
-1.04542e+00 1.85831e+00 5.79093e+02
-1.09652e+00 1.92091e+00 5.81706e+02
-1.14897e+00 1.98360e+00 5.84445e+02
-1.20279e+00 2.04640e+00 5.87294e+02
-1.25795e+00 2.10932e+00 5.90240e+02
-1.31449e+00 2.17239e+00 5.93276e+02
-1.37239e+00 2.23563e+00 5.96391e+02
-1.43168e+00 2.29905e+00 5.99581e+02
-1.49235e+00 2.36267e+00 6.02840e+02
-1.55441e+00 2.42652e+00 6.06164e+02
-1.61788e+00 2.49060e+00 6.09553e+02
-1.68276e+00 2.55495e+00 6.13003e+02
-1.74906e+00 2.61958e+00 6.16515e+02
-1.81680e+00 2.68450e+00 6.20089e+02
-1.88599e+00 2.74973e+00 6.23726e+02
-1.95665e+00 2.81531e+00 6.27427e+02
-2.02878e+00 2.88123e+00 6.31195e+02
-2.10240e+00 2.94753e+00 6.35033e+02
-2.17752e+00 3.01421e+00 6.38944e+02
-2.25418e+00 3.08131e+00 6.42931e+02
-2.33237e+00 3.14884e+00 6.47001e+02
-2.41212e+00 3.21682e+00 6.51157e+02
-2.49346e+00 3.28526e+00 6.55405e+02
-2.57639e+00 3.35419e+00 6.59751e+02
-2.66095e+00 3.42363e+00 6.64203e+02
-2.74714e+00 3.49360e+00 6.68768e+02
-2.83500e+00 3.56412e+00 6.73454e+02
-2.92456e+00 3.63521e+00 6.78270e+02
-3.01582e+00 3.70689e+00 6.83226e+02
-3.10883e+00 3.77919e+00 6.88331e+02
-3.20361e+00 3.85211e+00 6.93599e+02
-3.30018e+00 3.92570e+00 6.99040e+02
-3.39858e+00 3.99996e+00 7.04669e+02
-3.58945e-01 8.04959e-01 6.03992e+02
-3.84658e-01 8.70113e-01 5.91806e+02
-4.11808e-01 9.34926e-01 5.82496e+02
-4.40383e-01 9.99426e-01 5.75450e+02
-4.70369e-01 1.06364e+00 5.70209e+02
-5.01755e-01 1.12759e+00 5.66420e+02
-5.34532e-01 1.19131e+00 5.63813e+02
-5.68689e-01 1.25481e+00 5.62174e+02
-6.04220e-01 1.31812e+00 5.61336e+02
-6.41116e-01 1.38127e+00 5.61162e+02
-6.79373e-01 1.44428e+00 5.61545e+02
-7.18985e-01 1.50716e+00 5.62396e+02
-7.59948e-01 1.56995e+00 5.63644e+02
-8.02259e-01 1.63266e+00 5.65229e+02
-8.45915e-01 1.69531e+00 5.67102e+02
-8.90917e-01 1.75792e+00 5.69224e+02
-9.37262e-01 1.82052e+00 5.71560e+02
-9.84952e-01 1.88312e+00 5.74084e+02
-1.03399e+00 1.94574e+00 5.76771e+02
-1.08437e+00 2.00841e+00 5.79603e+02
-1.13610e+00 2.07114e+00 5.82564e+02
-1.18919e+00 2.13395e+00 5.85640e+02
-1.24364e+00 2.19685e+00 5.88821e+02
-1.29945e+00 2.25988e+00 5.92097e+02
-1.35663e+00 2.32304e+00 5.95463e+02
-1.41519e+00 2.38636e+00 5.98911e+02
-1.47514e+00 2.44985e+00 6.02437e+02
-1.53647e+00 2.51353e+00 6.06039e+02
-1.59921e+00 2.57742e+00 6.09713e+02
-1.66336e+00 2.64153e+00 6.13459e+02
-1.72894e+00 2.70589e+00 6.17275e+02
-1.79595e+00 2.77052e+00 6.21161e+02
-1.86440e+00 2.83543e+00 6.25118e+02
-1.93431e+00 2.90064e+00 6.29148e+02
-2.00570e+00 2.96616e+00 6.33251e+02
-2.07858e+00 3.03202e+00 6.37430e+02
-2.15296e+00 3.09824e+00 6.41688e+02
-2.22886e+00 3.16483e+00 6.46027e+02
-2.30630e+00 3.23181e+00 6.50452e+02
-2.38529e+00 3.29920e+00 6.54966e+02
-2.46585e+00 3.36702e+00 6.59574e+02
-2.54801e+00 3.43529e+00 6.64280e+02
-2.63179e+00 3.50403e+00 6.69091e+02
-2.71719e+00 3.57325e+00 6.74011e+02
-2.80426e+00 3.64299e+00 6.79047e+02
-2.89301e+00 3.71325e+00 6.84205e+02
-2.98346e+00 3.78405e+00 6.89494e+02
-3.07564e+00 3.85543e+00 6.94920e+02
-3.16958e+00 3.92739e+00 7.00493e+02
-3.26531e+00 3.99996e+00 7.06221e+02
-3.33449e-01 8.22149e-01 6.01567e+02
-3.57099e-01 8.87913e-01 5.89348e+02
-3.82177e-01 9.53306e-01 5.79871e+02
-4.08668e-01 1.01835e+00 5.72589e+02
-4.36561e-01 1.08308e+00 5.67079e+02
-4.65843e-01 1.14752e+00 5.63017e+02
-4.96505e-01 1.21169e+00 5.60147e+02
-5.28538e-01 1.27561e+00 5.58264e+02
-5.61934e-01 1.33930e+00 5.57208e+02
-5.96685e-01 1.40280e+00 5.56845e+02
-6.32784e-01 1.46612e+00 5.57069e+02
-6.70228e-01 1.52928e+00 5.57792e+02
-7.09012e-01 1.59230e+00 5.58942e+02
-7.49131e-01 1.65521e+00 5.60459e+02
-7.90584e-01 1.71803e+00 5.62294e+02
-8.33369e-01 1.78077e+00 5.64404e+02
-8.77484e-01 1.84345e+00 5.66754e+02
-9.22930e-01 1.90610e+00 5.69317e+02
-9.69707e-01 1.96873e+00 5.72067e+02
-1.01782e+00 2.03137e+00 5.74983e+02
-1.06726e+00 2.09402e+00 5.78048e+02
-1.11804e+00 2.15672e+00 5.81249e+02
-1.17017e+00 2.21947e+00 5.84571e+02
-1.22364e+00 2.28229e+00 5.88006e+02
-1.27846e+00 2.34521e+00 5.91545e+02
-1.33464e+00 2.40824e+00 5.95181e+02
-1.39218e+00 2.47140e+00 5.98909e+02
-1.45110e+00 2.53471e+00 6.02723e+02
-1.51139e+00 2.59818e+00 6.06620e+02
-1.57307e+00 2.66183e+00 6.10598e+02
-1.63615e+00 2.72568e+00 6.14654e+02
-1.70064e+00 2.78974e+00 6.18788e+02
-1.76655e+00 2.85404e+00 6.22999e+02
-1.83389e+00 2.91859e+00 6.27286e+02
-1.90268e+00 2.98341e+00 6.31650e+02
-1.97292e+00 3.04851e+00 6.36092e+02
-2.04463e+00 3.11391e+00 6.40614e+02
-2.11783e+00 3.17964e+00 6.45217e+02
-2.19254e+00 3.24571e+00 6.49903e+02
-2.26876e+00 3.31213e+00 6.54674e+02
-2.34651e+00 3.37892e+00 6.59534e+02
-2.42583e+00 3.44611e+00 6.64485e+02
-2.50671e+00 3.51371e+00 6.69531e+02
-2.58919e+00 3.58173e+00 6.74676e+02
-2.67328e+00 3.65021e+00 6.79923e+02
-2.75900e+00 3.71915e+00 6.85278e+02
-2.84638e+00 3.78858e+00 6.90744e+02
-2.93545e+00 3.85851e+00 6.96328e+02
-3.02621e+00 3.92896e+00 7.02034e+02
-3.11871e+00 3.99997e+00 7.07869e+02
-3.07761e-01 8.38889e-01 6.00510e+02
-3.29382e-01 9.05112e-01 5.88098e+02
-3.52405e-01 9.70944e-01 5.78322e+02
-3.76817e-01 1.03641e+00 5.70688e+02
-4.02605e-01 1.10154e+00 5.64812e+02
-4.29758e-01 1.16634e+00 5.60390e+02
-4.58266e-01 1.23086e+00 5.57180e+02
-4.88122e-01 1.29510e+00 5.54988e+02
-5.19315e-01 1.35909e+00 5.53654e+02
-5.51840e-01 1.42286e+00 5.53052e+02
-5.85691e-01 1.48642e+00 5.53073e+02
-6.20861e-01 1.54979e+00 5.53630e+02
-6.57346e-01 1.61300e+00 5.54650e+02
-6.95143e-01 1.67606e+00 5.56071e+02
-7.34249e-01 1.73900e+00 5.57843e+02
-7.74661e-01 1.80183e+00 5.59921e+02
-8.16379e-01 1.86458e+00 5.62269e+02
-8.59402e-01 1.92725e+00 5.64857e+02
-9.03729e-01 1.98988e+00 5.67658e+02
-9.49362e-01 2.05247e+00 5.70649e+02
-9.96303e-01 2.11505e+00 5.73811e+02
-1.04455e+00 2.17763e+00 5.77129e+02
-1.09412e+00 2.24023e+00 5.80588e+02
-1.14500e+00 2.30287e+00 5.84177e+02
-1.19720e+00 2.36557e+00 5.87886e+02
-1.25073e+00 2.42833e+00 5.91706e+02
-1.30558e+00 2.49119e+00 5.95631e+02
-1.36178e+00 2.55415e+00 5.99654e+02
-1.41933e+00 2.61724e+00 6.03770e+02
-1.47822e+00 2.68046e+00 6.07976e+02
-1.53848e+00 2.74385e+00 6.12269e+02
-1.60011e+00 2.80740e+00 6.16645e+02
-1.66313e+00 2.87114e+00 6.21103e+02
-1.72753e+00 2.93509e+00 6.25642e+02
-1.79334e+00 2.99926e+00 6.30260e+02
-1.86056e+00 3.06367e+00 6.34957e+02
-1.92921e+00 3.12834e+00 6.39734e+02
-1.99931e+00 3.19328e+00 6.44590e+02
-2.07086e+00 3.25850e+00 6.49527e+02
-2.14388e+00 3.32403e+00 6.54545e+02
-2.21838e+00 3.38989e+00 6.59645e+02
-2.29439e+00 3.45608e+00 6.64830e+02
-2.37192e+00 3.52264e+00 6.70101e+02
-2.45099e+00 3.58956e+00 6.75460e+02
-2.53161e+00 3.65688e+00 6.80909e+02
-2.61381e+00 3.72461e+00 6.86451e+02
-2.69760e+00 3.79276e+00 6.92090e+02
-2.78302e+00 3.86136e+00 6.97827e+02
-2.87007e+00 3.93042e+00 7.03666e+02
-2.95878e+00 3.99997e+00 7.09611e+02
-2.81926e-01 8.55161e-01 6.00721e+02
-3.01553e-01 9.21695e-01 5.87993e+02
-3.22541e-01 9.87827e-01 5.77810e+02
-3.44876e-01 1.05358e+00 5.69732e+02
-3.68549e-01 1.11898e+00 5.63407e+02
-3.93548e-01 1.18405e+00 5.58551e+02
-4.19864e-01 1.24881e+00 5.54937e+02
-4.47489e-01 1.31328e+00 5.52377e+02
-4.76416e-01 1.37749e+00 5.50717e+02
-5.06636e-01 1.44144e+00 5.49830e+02
-5.38144e-01 1.50518e+00 5.49609e+02
-5.70935e-01 1.56870e+00 5.49967e+02
-6.05005e-01 1.63204e+00 5.50827e+02
-6.40349e-01 1.69521e+00 5.52127e+02
-6.76964e-01 1.75823e+00 5.53814e+02
-7.14849e-01 1.82112e+00 5.55842e+02
-7.54002e-01 1.88389e+00 5.58173e+02
-7.94421e-01 1.94657e+00 5.60772e+02
-8.36107e-01 2.00917e+00 5.63612e+02
-8.79061e-01 2.07171e+00 5.66667e+02
-9.23282e-01 2.13421e+00 5.69918e+02
-9.68774e-01 2.19668e+00 5.73346e+02
-1.01554e+00 2.25914e+00 5.76935e+02
-1.06358e+00 2.32161e+00 5.80671e+02
-1.11290e+00 2.38410e+00 5.84543e+02
-1.16350e+00 2.44663e+00 5.88542e+02
-1.21539e+00 2.50921e+00 5.92658e+02
-1.26858e+00 2.57186e+00 5.96883e+02
-1.32306e+00 2.63460e+00 6.01212e+02
-1.37885e+00 2.69744e+00 6.05639e+02
-1.43596e+00 2.76040e+00 6.10160e+02
-1.49439e+00 2.82349e+00 6.14770e+02
-1.55416e+00 2.88674e+00 6.19467e+02
-1.61526e+00 2.95014e+00 6.24247e+02
-1.67772e+00 3.01373e+00 6.29109e+02
-1.74154e+00 3.07751e+00 6.34050e+02
-1.80673e+00 3.14151e+00 6.39070e+02
-1.87330e+00 3.20573e+00 6.44168e+02
-1.94128e+00 3.27020e+00 6.49343e+02
-2.01066e+00 3.33493e+00 6.54594e+02
-2.08147e+00 3.39993e+00 6.59923e+02
-2.15372e+00 3.46522e+00 6.65328e+02
-2.22742e+00 3.53081e+00 6.70811e+02
-2.30260e+00 3.59674e+00 6.76372e+02
-2.37926e+00 3.66300e+00 6.82012e+02
-2.45743e+00 3.72961e+00 6.87732e+02
-2.53712e+00 3.79660e+00 6.93534e+02
-2.61836e+00 3.86398e+00 6.99419e+02
-2.70115e+00 3.93176e+00 7.05388e+02
-2.78553e+00 3.99997e+00 7.11444e+02
-2.55990e-01 8.70949e-01 6.02115e+02
-2.73657e-01 9.37648e-01 5.88977e+02
-2.92628e-01 1.00394e+00 5.78306e+02
-3.12893e-01 1.06986e+00 5.69709e+02
-3.34441e-01 1.13542e+00 5.62867e+02
-3.57262e-01 1.20064e+00 5.57518e+02
-3.81349e-01 1.26555e+00 5.53445e+02
-4.06692e-01 1.33015e+00 5.50469e+02
-4.33286e-01 1.39449e+00 5.48439e+02
-4.61123e-01 1.45856e+00 5.47229e+02
-4.90197e-01 1.52240e+00 5.46733e+02
-5.20505e-01 1.58601e+00 5.46861e+02
-5.52041e-01 1.64942e+00 5.47536e+02
-5.84802e-01 1.71265e+00 5.48693e+02
-6.18784e-01 1.77571e+00 5.50276e+02
-6.53986e-01 1.83862e+00 5.52236e+02
-6.90406e-01 1.90140e+00 5.54533e+02
-7.28043e-01 1.96407e+00 5.57131e+02
-7.66896e-01 2.02663e+00 5.59998e+02
-8.06965e-01 2.08911e+00 5.63108e+02
-8.48251e-01 2.15152e+00 5.66437e+02
-8.90756e-01 2.21388e+00 5.69965e+02
-9.34481e-01 2.27621e+00 5.73675e+02
-9.79428e-01 2.33851e+00 5.77550e+02
-1.02560e+00 2.40081e+00 5.81577e+02
-1.07301e+00 2.46312e+00 5.85745e+02
-1.12164e+00 2.52546e+00 5.90043e+02
-1.17152e+00 2.58783e+00 5.94461e+02
-1.22264e+00 2.65026e+00 5.98993e+02
-1.27501e+00 2.71276e+00 6.03630e+02
-1.32863e+00 2.77534e+00 6.08368e+02
-1.38352e+00 2.83802e+00 6.13200e+02
-1.43968e+00 2.90082e+00 6.18123e+02
-1.49711e+00 2.96374e+00 6.23132e+02
-1.55584e+00 3.02681e+00 6.28223e+02
-1.61586e+00 3.09003e+00 6.33395e+02
-1.67719e+00 3.15343e+00 6.38644e+02
-1.73984e+00 3.21701e+00 6.43968e+02
-1.80381e+00 3.28080e+00 6.49366e+02
-1.86912e+00 3.34480e+00 6.54836e+02
-1.93579e+00 3.40903e+00 6.60377e+02
-2.00382e+00 3.47351e+00 6.65988e+02
-2.07323e+00 3.53825e+00 6.71668e+02
-2.14403e+00 3.60326e+00 6.77418e+02
-2.21624e+00 3.66856e+00 6.83236e+02
-2.28987e+00 3.73417e+00 6.89123e+02
-2.36494e+00 3.80010e+00 6.95079e+02
-2.44147e+00 3.86636e+00 7.01104e+02
-2.51947e+00 3.93298e+00 7.07199e+02
-2.59895e+00 3.99997e+00 7.13363e+02
-2.29997e-01 8.86239e-01 6.04614e+02
-2.45738e-01 9.52961e-01 5.91001e+02
-2.62713e-01 1.01929e+00 5.79781e+02
-2.80912e-01 1.08524e+00 5.70609e+02
-3.00327e-01 1.15085e+00 5.63198e+02
-3.20948e-01 1.21611e+00 5.57307e+02
-3.42768e-01 1.28106e+00 5.52732e+02
-3.65780e-01 1.34572e+00 5.49300e+02
-3.89977e-01 1.41009e+00 5.46864e+02
-4.15353e-01 1.47421e+00 5.45299e+02
-4.41903e-01 1.53808e+00 5.44499e+02
-4.69624e-01 1.60172e+00 5.44373e+02
-4.98509e-01 1.66516e+00 5.44840e+02
-5.28557e-01 1.72840e+00 5.45834e+02
-5.59764e-01 1.79146e+00 5.47295e+02
-5.92129e-01 1.85436e+00 5.49173e+02
-6.25648e-01 1.91712e+00 5.51422e+02
-6.60322e-01 1.97974e+00 5.54005e+02
-6.96149e-01 2.04225e+00 5.56888e+02
-7.33130e-01 2.10466e+00 5.60040e+02
-7.71264e-01 2.16698e+00 5.63437e+02
-8.10554e-01 2.22923e+00 5.67054e+02
-8.50999e-01 2.29143e+00 5.70873e+02
-8.92602e-01 2.35359e+00 5.74876e+02
-9.35366e-01 2.41571e+00 5.79047e+02
-9.79294e-01 2.47782e+00 5.83372e+02
-1.02439e+00 2.53994e+00 5.87839e+02
-1.07065e+00 2.60206e+00 5.92437e+02
-1.11809e+00 2.66422e+00 5.97158e+02
-1.16672e+00 2.72642e+00 6.01992e+02
-1.21652e+00 2.78867e+00 6.06932e+02
-1.26752e+00 2.85099e+00 6.11971e+02
-1.31972e+00 2.91339e+00 6.17104e+02
-1.37312e+00 2.97589e+00 6.22325e+02
-1.42773e+00 3.03850e+00 6.27629e+02
-1.48357e+00 3.10123e+00 6.33014e+02
-1.54063e+00 3.16410e+00 6.38474e+02
-1.59893e+00 3.22712e+00 6.44007e+02
-1.65848e+00 3.29030e+00 6.49610e+02
-1.71928e+00 3.35366e+00 6.55281e+02
-1.78136e+00 3.41720e+00 6.61017e+02
-1.84471e+00 3.48096e+00 6.66818e+02
-1.90935e+00 3.54493e+00 6.72680e+02
-1.97529e+00 3.60913e+00 6.78603e+02
-2.04255e+00 3.67357e+00 6.84585e+02
-2.11114e+00 3.73828e+00 6.90626e+02
-2.18107e+00 3.80326e+00 6.96725e+02
-2.25235e+00 3.86852e+00 7.02882e+02
-2.32500e+00 3.93409e+00 7.09095e+02
-2.39905e+00 3.99997e+00 7.15364e+02
-2.03988e-01 9.01017e-01 6.08150e+02
-2.17839e-01 9.67624e-01 5.94023e+02
-2.32839e-01 1.03385e+00 5.82213e+02
-2.48979e-01 1.09973e+00 5.72427e+02
-2.66253e-01 1.16526e+00 5.64410e+02
-2.84652e-01 1.23047e+00 5.57940e+02
-3.04170e-01 1.29537e+00 5.52828e+02
-3.24800e-01 1.35998e+00 5.48908e+02
-3.46538e-01 1.42432e+00 5.46037e+02
-3.69378e-01 1.48840e+00 5.44092e+02
-3.93314e-01 1.55224e+00 5.42966e+02
-4.18344e-01 1.61585e+00 5.42564e+02
-4.44464e-01 1.67925e+00 5.42805e+02
-4.71670e-01 1.74246e+00 5.43618e+02
-4.99960e-01 1.80548e+00 5.44942e+02
-5.29332e-01 1.86833e+00 5.46722e+02
-5.59785e-01 1.93104e+00 5.48911e+02
-5.91316e-01 1.99360e+00 5.51466e+02
-6.23925e-01 2.05604e+00 5.54350e+02
-6.57613e-01 2.11837e+00 5.57532e+02
-6.92378e-01 2.18060e+00 5.60983e+02
-7.28223e-01 2.24274e+00 5.64677e+02
-7.65147e-01 2.30482e+00 5.68592e+02
-8.03153e-01 2.36683e+00 5.72708e+02
-8.42241e-01 2.42880e+00 5.77008e+02
-8.82416e-01 2.49074e+00 5.81475e+02
-9.23678e-01 2.55266e+00 5.86096e+02
-9.66032e-01 2.61457e+00 5.90858e+02
-1.00948e+00 2.67649e+00 5.95750e+02
-1.05403e+00 2.73842e+00 6.00763e+02
-1.09968e+00 2.80039e+00 6.05886e+02
-1.14644e+00 2.86240e+00 6.11114e+02
-1.19432e+00 2.92446e+00 6.16437e+02
-1.24331e+00 2.98659e+00 6.21850e+02
-1.29343e+00 3.04881e+00 6.27348e+02
-1.34468e+00 3.11111e+00 6.32925e+02
-1.39707e+00 3.17352e+00 6.38576e+02
-1.45061e+00 3.23605e+00 6.44298e+02
-1.50530e+00 3.29870e+00 6.50087e+02
-1.56116e+00 3.36150e+00 6.55939e+02
-1.61818e+00 3.42445e+00 6.61851e+02
-1.67639e+00 3.48756e+00 6.67822e+02
-1.73579e+00 3.55086e+00 6.73848e+02
-1.79639e+00 3.61435e+00 6.79928e+02
-1.85820e+00 3.67803e+00 6.86059e+02
-1.92123e+00 3.74194e+00 6.92241e+02
-1.98549e+00 3.80607e+00 6.98471e+02
-2.05100e+00 3.87045e+00 7.04748e+02
-2.11777e+00 3.93507e+00 7.11071e+02
-2.18581e+00 3.99997e+00 7.17439e+02
-1.78007e-01 9.15273e-01 6.12667e+02
-1.90002e-01 9.81632e-01 5.98006e+02
-2.03047e-01 1.04764e+00 5.85586e+02
-2.17136e-01 1.11331e+00 5.75162e+02
-2.32262e-01 1.17866e+00 5.66512e+02
-2.48419e-01 1.24371e+00 5.59438e+02
-2.65600e-01 1.30846e+00 5.53764e+02
-2.83802e-01 1.37294e+00 5.49333e+02
-3.03019e-01 1.43716e+00 5.46006e+02
-3.23247e-01 1.50114e+00 5.43661e+02
-3.44482e-01 1.56488e+00 5.42188e+02
-3.66720e-01 1.62840e+00 5.41494e+02
-3.89959e-01 1.69171e+00 5.41493e+02
-4.14196e-01 1.75484e+00 5.42112e+02
-4.39428e-01 1.81778e+00 5.43284e+02
-4.65654e-01 1.88055e+00 5.44953e+02
-4.92873e-01 1.94318e+00 5.47066e+02
-5.21082e-01 2.00566e+00 5.49580e+02
-5.50281e-01 2.06801e+00 5.52453e+02
-5.80471e-01 2.13024e+00 5.55650e+02
-6.11651e-01 2.19238e+00 5.59140e+02
-6.43820e-01 2.25441e+00 5.62895e+02
-6.76981e-01 2.31637e+00 5.66890e+02
-7.11134e-01 2.37826e+00 5.71103e+02
-7.46281e-01 2.44009e+00 5.75513e+02
-7.82423e-01 2.50187e+00 5.80104e+02
-8.19562e-01 2.56362e+00 5.84859e+02
-8.57702e-01 2.62535e+00 5.89765e+02
-8.96844e-01 2.68706e+00 5.94808e+02
-9.36993e-01 2.74877e+00 5.99977e+02
-9.78150e-01 2.81050e+00 6.05263e+02
-1.02032e+00 2.87225e+00 6.10656e+02
-1.06351e+00 2.93402e+00 6.16148e+02
-1.10772e+00 2.99585e+00 6.21731e+02
-1.15296e+00 3.05773e+00 6.27398e+02
-1.19923e+00 3.11967e+00 6.33144e+02
-1.24654e+00 3.18169e+00 6.38964e+02
-1.29489e+00 3.24380e+00 6.44852e+02
-1.34430e+00 3.30601e+00 6.50803e+02
-1.39476e+00 3.36832e+00 6.56815e+02
-1.44628e+00 3.43076e+00 6.62883e+02
-1.49888e+00 3.49333e+00 6.69004e+02
-1.55256e+00 3.55604e+00 6.75175e+02
-1.60732e+00 3.61891e+00 6.81394e+02
-1.66318e+00 3.68194e+00 6.87657e+02
-1.72015e+00 3.74515e+00 6.93964e+02
-1.77823e+00 3.80855e+00 7.00311e+02
-1.83743e+00 3.87214e+00 7.06697e+02
-1.89777e+00 3.93594e+00 7.13121e+02
-1.95925e+00 3.99997e+00 7.19581e+02
-1.52092e-01 9.29000e-01 6.18114e+02
-1.62267e-01 9.94979e-01 6.02924e+02
-1.73380e-01 1.06064e+00 5.89889e+02
-1.85425e-01 1.12599e+00 5.78815e+02
-1.98397e-01 1.19106e+00 5.69519e+02
-2.12292e-01 1.25584e+00 5.61825e+02
-2.27105e-01 1.32036e+00 5.55573e+02
-2.42831e-01 1.38462e+00 5.50615e+02
-2.59468e-01 1.44864e+00 5.46816e+02
-2.77011e-01 1.51244e+00 5.44055e+02
-2.95457e-01 1.57601e+00 5.42223e+02
-3.14804e-01 1.63938e+00 5.41222e+02
-3.35049e-01 1.70256e+00 5.40966e+02
-3.56190e-01 1.76555e+00 5.41377e+02
-3.78225e-01 1.82837e+00 5.42385e+02
-4.01152e-01 1.89103e+00 5.43929e+02
-4.24970e-01 1.95355e+00 5.45954e+02
-4.49679e-01 2.01592e+00 5.48411e+02
-4.75277e-01 2.07817e+00 5.51257e+02
-5.01764e-01 2.14030e+00 5.54454e+02
-5.29140e-01 2.20233e+00 5.57966e+02
-5.57405e-01 2.26426e+00 5.61764e+02
-5.86559e-01 2.32610e+00 5.65819e+02
-6.16605e-01 2.38787e+00 5.70108e+02
-6.47541e-01 2.44958e+00 5.74609e+02
-6.79370e-01 2.51123e+00 5.79301e+02
-7.12094e-01 2.57283e+00 5.84168e+02
-7.45714e-01 2.63440e+00 5.89193e+02
-7.80232e-01 2.69595e+00 5.94363e+02
-8.15651e-01 2.75748e+00 5.99665e+02
-8.51973e-01 2.81901e+00 6.05088e+02
-8.89202e-01 2.88054e+00 6.10621e+02
-9.27340e-01 2.94209e+00 6.16255e+02
-9.66392e-01 3.00366e+00 6.21981e+02
-1.00636e+00 3.06526e+00 6.27793e+02
-1.04725e+00 3.12691e+00 6.33683e+02
-1.08906e+00 3.18861e+00 6.39646e+02
-1.13181e+00 3.25038e+00 6.45675e+02
-1.17549e+00 3.31221e+00 6.51765e+02
-1.22011e+00 3.37413e+00 6.57913e+02
-1.26567e+00 3.43614e+00 6.64114e+02
-1.31219e+00 3.49826e+00 6.70364e+02
-1.35967e+00 3.56048e+00 6.76659e+02
-1.40810e+00 3.62282e+00 6.82997e+02
-1.45751e+00 3.68530e+00 6.89375e+02
-1.50790e+00 3.74791e+00 6.95790e+02
-1.55927e+00 3.81068e+00 7.02241e+02
-1.61163e+00 3.87360e+00 7.08724e+02
-1.66499e+00 3.93670e+00 7.15238e+02
-1.71936e+00 3.99997e+00 7.21781e+02
-1.26282e-01 9.42190e-01 6.24454e+02
-1.34672e-01 1.00766e+00 6.08755e+02
-1.43874e-01 1.07286e+00 5.95114e+02
-1.53885e-01 1.13779e+00 5.83394e+02
-1.64699e-01 1.20246e+00 5.73447e+02
-1.76314e-01 1.26688e+00 5.65126e+02
-1.88727e-01 1.33107e+00 5.58287e+02
-2.01933e-01 1.39503e+00 5.52792e+02
-2.15931e-01 1.45877e+00 5.48510e+02
-2.30718e-01 1.52231e+00 5.45324e+02
-2.46291e-01 1.58566e+00 5.43121e+02
-2.62648e-01 1.64882e+00 5.41804e+02
-2.79787e-01 1.71180e+00 5.41282e+02
-2.97707e-01 1.77462e+00 5.41472e+02
-3.16405e-01 1.83728e+00 5.42303e+02
-3.35882e-01 1.89979e+00 5.43709e+02
-3.56136e-01 1.96216e+00 5.45631e+02
-3.77165e-01 2.02441e+00 5.48016e+02
-3.98970e-01 2.08654e+00 5.50818e+02
-4.21550e-01 2.14855e+00 5.53996e+02
-4.44905e-01 2.21046e+00 5.57511e+02
-4.69035e-01 2.27229e+00 5.61330e+02
-4.93941e-01 2.33402e+00 5.65424e+02
-5.19622e-01 2.39568e+00 5.69766e+02
-5.46079e-01 2.45728e+00 5.74333e+02
-5.73314e-01 2.51881e+00 5.79101e+02
-6.01328e-01 2.58030e+00 5.84053e+02
-6.30121e-01 2.64175e+00 5.89172e+02
-6.59696e-01 2.70316e+00 5.94442e+02
-6.90054e-01 2.76455e+00 5.99848e+02
-7.21197e-01 2.82592e+00 6.05380e+02
-7.53127e-01 2.88729e+00 6.11024e+02
-7.85846e-01 2.94865e+00 6.16772e+02
-8.19357e-01 3.01003e+00 6.22614e+02
-8.53664e-01 3.07142e+00 6.28542e+02
-8.88768e-01 3.13284e+00 6.34548e+02
-9.24673e-01 3.19429e+00 6.40627e+02
-9.61382e-01 3.25578e+00 6.46770e+02
-9.98899e-01 3.31733e+00 6.52974e+02
-1.03723e+00 3.37893e+00 6.59233e+02
-1.07637e+00 3.44060e+00 6.65542e+02
-1.11634e+00 3.50234e+00 6.71898e+02
-1.15713e+00 3.56417e+00 6.78296e+02
-1.19874e+00 3.62609e+00 6.84734e+02
-1.24120e+00 3.68810e+00 6.91208e+02
-1.28449e+00 3.75023e+00 6.97715e+02
-1.32862e+00 3.81247e+00 7.04252e+02
-1.37361e+00 3.87483e+00 7.10818e+02
-1.41945e+00 3.93733e+00 7.17410e+02
-1.46615e+00 3.99997e+00 7.24027e+02
-1.00613e-01 9.54839e-01 6.31655e+02
-1.07254e-01 1.01969e+00 6.15485e+02
-1.14568e-01 1.08430e+00 6.01262e+02
-1.22554e-01 1.14869e+00 5.88907e+02
-1.31207e-01 1.21287e+00 5.78315e+02
-1.40526e-01 1.27683e+00 5.69368e+02
-1.50509e-01 1.34060e+00 5.61939e+02
-1.61152e-01 1.40417e+00 5.55902e+02
-1.72455e-01 1.46756e+00 5.51132e+02
-1.84416e-01 1.53078e+00 5.47512e+02
-1.97032e-01 1.59383e+00 5.44932e+02
-2.10303e-01 1.65672e+00 5.43289e+02
-2.24226e-01 1.71946e+00 5.42490e+02
-2.38801e-01 1.78205e+00 5.42450e+02
-2.54027e-01 1.84451e+00 5.43091e+02
-2.69903e-01 1.90684e+00 5.44344e+02
-2.86428e-01 1.96904e+00 5.46147e+02
-3.03601e-01 2.03113e+00 5.48443e+02
-3.21422e-01 2.09312e+00 5.51182e+02
-3.39892e-01 2.15501e+00 5.54320e+02
-3.59008e-01 2.21680e+00 5.57815e+02
-3.78773e-01 2.27851e+00 5.61633e+02
-3.99185e-01 2.34014e+00 5.65740e+02
-4.20246e-01 2.40171e+00 5.70109e+02
-4.41955e-01 2.46320e+00 5.74713e+02
-4.64313e-01 2.52464e+00 5.79530e+02
-4.87321e-01 2.58603e+00 5.84539e+02
-5.10979e-01 2.64738e+00 5.89721e+02
-5.35289e-01 2.70870e+00 5.95060e+02
-5.60252e-01 2.76998e+00 6.00540e+02
-5.85869e-01 2.83124e+00 6.06150e+02
-6.12142e-01 2.89249e+00 6.11875e+02
-6.39071e-01 2.95372e+00 6.17707e+02
-6.66660e-01 3.01496e+00 6.23634e+02
-6.94908e-01 3.07620e+00 6.29648e+02
-7.23820e-01 3.13745e+00 6.35741e+02
-7.53396e-01 3.19872e+00 6.41906e+02
-7.83639e-01 3.26002e+00 6.48137e+02
-8.14552e-01 3.32135e+00 6.54427e+02
-8.46137e-01 3.38271e+00 6.60771e+02
-8.78396e-01 3.44412e+00 6.67164e+02
-9.11332e-01 3.50559e+00 6.73602e+02
-9.44950e-01 3.56711e+00 6.80081e+02
-9.79250e-01 3.62870e+00 6.86597e+02
-1.01424e+00 3.69036e+00 6.93147e+02
-1.04992e+00 3.75209e+00 6.99728e+02
-1.08629e+00 3.81392e+00 7.06337e+02
-1.12336e+00 3.87583e+00 7.12971e+02
-1.16113e+00 3.93785e+00 7.19629e+02
-1.19960e+00 3.99997e+00 7.26309e+02
-7.51198e-02 9.66944e-01 6.39696e+02
-8.00471e-02 1.03105e+00 6.23107e+02
-8.54971e-02 1.09497e+00 6.08337e+02
-9.14680e-02 1.15872e+00 5.95369e+02
-9.79582e-02 1.22230e+00 5.84145e+02
-1.04966e-01 1.28572e+00 5.74577e+02
-1.12491e-01 1.34897e+00 5.66561e+02
-1.20531e-01 1.41208e+00 5.59981e+02
-1.29084e-01 1.47504e+00 5.54720e+02
-1.38151e-01 1.53786e+00 5.50662e+02
-1.47729e-01 1.60055e+00 5.47697e+02
-1.57819e-01 1.66311e+00 5.45720e+02
-1.68418e-01 1.72555e+00 5.44635e+02
-1.79527e-01 1.78787e+00 5.44351e+02
-1.91145e-01 1.85009e+00 5.44789e+02
-2.03271e-01 1.91219e+00 5.45874e+02
-2.15905e-01 1.97420e+00 5.47540e+02
-2.29046e-01 2.03612e+00 5.49727e+02
-2.42694e-01 2.09794e+00 5.52382e+02
-2.56849e-01 2.15969e+00 5.55456e+02
-2.71511e-01 2.22135e+00 5.58907e+02
-2.86680e-01 2.28295e+00 5.62696e+02
-3.02355e-01 2.34448e+00 5.66790e+02
-3.18538e-01 2.40595e+00 5.71156e+02
-3.35228e-01 2.46736e+00 5.75769e+02
-3.52425e-01 2.52872e+00 5.80603e+02
-3.70130e-01 2.59004e+00 5.85636e+02
-3.88343e-01 2.65132e+00 5.90849e+02
-4.07066e-01 2.71257e+00 5.96225e+02
-4.26298e-01 2.77378e+00 6.01747e+02
-4.46041e-01 2.83497e+00 6.07401e+02
-4.66295e-01 2.89615e+00 6.13176e+02
-4.87060e-01 2.95731e+00 6.19058e+02
-5.08340e-01 3.01846e+00 6.25039e+02
-5.30133e-01 3.07961e+00 6.31108e+02
-5.52441e-01 3.14076e+00 6.37257e+02
-5.75267e-01 3.20191e+00 6.43480e+02
-5.98610e-01 3.26308e+00 6.49768e+02
-6.22473e-01 3.32427e+00 6.56117e+02
-6.46856e-01 3.38548e+00 6.62519e+02
-6.71762e-01 3.44672e+00 6.68971e+02
-6.97192e-01 3.50799e+00 6.75467e+02
-7.23148e-01 3.56930e+00 6.82004e+02
-7.49632e-01 3.63066e+00 6.88577e+02
-7.76646e-01 3.69206e+00 6.95184e+02
-8.04191e-01 3.75351e+00 7.01820e+02
-8.32270e-01 3.81503e+00 7.08484e+02
-8.60886e-01 3.87660e+00 7.15172e+02
-8.90040e-01 3.93825e+00 7.21883e+02
-9.19734e-01 3.99997e+00 7.28613e+02
-4.98352e-02 9.78505e-01 6.48564e+02
-5.30847e-02 1.04176e+00 6.31623e+02
-5.66938e-02 1.10488e+00 6.16349e+02
-6.06619e-02 1.16789e+00 6.02797e+02
-6.49881e-02 1.23077e+00 5.90959e+02
-6.96717e-02 1.29355e+00 5.80781e+02
-7.47121e-02 1.35621e+00 5.72182e+02
-8.01087e-02 1.41877e+00 5.65060e+02
-8.58609e-02 1.48122e+00 5.59306e+02
-9.19682e-02 1.54358e+00 5.54806e+02
-9.84300e-02 1.60584e+00 5.51450e+02
-1.05246e-01 1.66802e+00 5.49131e+02
-1.12416e-01 1.73010e+00 5.47748e+02
-1.19939e-01 1.79211e+00 5.47209e+02
-1.27815e-01 1.85403e+00 5.47427e+02
-1.36045e-01 1.91588e+00 5.48327e+02
-1.44626e-01 1.97766e+00 5.49836e+02
-1.53560e-01 2.03937e+00 5.51892e+02
-1.62847e-01 2.10102e+00 5.54438e+02
-1.72485e-01 2.16261e+00 5.57423e+02
-1.82476e-01 2.22414e+00 5.60802e+02
-1.92819e-01 2.28562e+00 5.64534e+02
-2.03514e-01 2.34704e+00 5.68582e+02
-2.14561e-01 2.40843e+00 5.72915e+02
-2.25960e-01 2.46977e+00 5.77503e+02
-2.37711e-01 2.53107e+00 5.82321e+02
-2.49816e-01 2.59234e+00 5.87346e+02
-2.62273e-01 2.65357e+00 5.92556e+02
-2.75083e-01 2.71478e+00 5.97935e+02
-2.88246e-01 2.77596e+00 6.03464e+02
-3.01763e-01 2.83712e+00 6.09130e+02
-3.15634e-01 2.89827e+00 6.14919e+02
-3.29860e-01 2.95940e+00 6.20820e+02
-3.44441e-01 3.02052e+00 6.26821e+02
-3.59377e-01 3.08164e+00 6.32913e+02
-3.74669e-01 3.14275e+00 6.39088e+02
-3.90317e-01 3.20387e+00 6.45338e+02
-4.06323e-01 3.26498e+00 6.51655e+02
-4.22687e-01 3.32611e+00 6.58034e+02
-4.39409e-01 3.38724e+00 6.64468e+02
-4.56491e-01 3.44839e+00 6.70952e+02
-4.73932e-01 3.50956e+00 6.77483e+02
-4.91735e-01 3.57075e+00 6.84054e+02
-5.09899e-01 3.63196e+00 6.90663e+02
-5.28426e-01 3.69321e+00 6.97306e+02
-5.47317e-01 3.75448e+00 7.03980e+02
-5.66572e-01 3.81579e+00 7.10682e+02
-5.86193e-01 3.87714e+00 7.17409e+02
-6.06181e-01 3.93853e+00 7.24158e+02
-6.26537e-01 3.99997e+00 7.30929e+02
-2.47897e-02 9.89521e-01 6.58255e+02
-2.63970e-02 1.05181e+00 6.41039e+02
-2.81897e-02 1.11403e+00 6.25315e+02
-3.01674e-02 1.17620e+00 6.11213e+02
-3.23301e-02 1.23830e+00 5.98782e+02
-3.46775e-02 1.30034e+00 5.88006e+02
-3.72095e-02 1.36232e+00 5.78830e+02
-3.99259e-02 1.42425e+00 5.71168e+02
-4.28266e-02 1.48613e+00 5.64918e+02
-4.59113e-02 1.54795e+00 5.59972e+02
-4.91801e-02 1.60973e+00 5.56217e+02
-5.26327e-02 1.67146e+00 5.53545e+02
-5.62691e-02 1.73314e+00 5.51852e+02
-6.00891e-02 1.79478e+00 5.51041e+02
-6.40927e-02 1.85637e+00 5.51023e+02
-6.82798e-02 1.91793e+00 5.51716e+02
-7.26504e-02 1.97945e+00 5.53045e+02
-7.72043e-02 2.04093e+00 5.54946e+02
-8.19416e-02 2.10238e+00 5.57356e+02
-8.68622e-02 2.16379e+00 5.60224e+02
-9.19661e-02 2.22517e+00 5.63500e+02
-9.72533e-02 2.28653e+00 5.67143e+02
-1.02724e-01 2.34785e+00 5.71114e+02
-1.08378e-01 2.40915e+00 5.75380e+02
-1.14215e-01 2.47043e+00 5.79910e+02
-1.20235e-01 2.53169e+00 5.84677e+02
-1.26439e-01 2.59292e+00 5.89658e+02
-1.32826e-01 2.65414e+00 5.94831e+02
-1.39397e-01 2.71534e+00 6.00177e+02
-1.46152e-01 2.77653e+00 6.05679e+02
-1.53090e-01 2.83770e+00 6.11322e+02
-1.60212e-01 2.89887e+00 6.17092e+02
-1.67518e-01 2.96002e+00 6.22977e+02
-1.75008e-01 3.02117e+00 6.28967e+02
-1.82682e-01 3.08231e+00 6.35050e+02
-1.90540e-01 3.14344e+00 6.41219e+02
-1.98583e-01 3.20458e+00 6.47466e+02
-2.06810e-01 3.26571e+00 6.53783e+02
-2.15222e-01 3.32685e+00 6.60164e+02
-2.23819e-01 3.38799e+00 6.66604e+02
-2.32602e-01 3.44914e+00 6.73096e+02
-2.41569e-01 3.51029e+00 6.79636e+02
-2.50723e-01 3.57145e+00 6.86219e+02
-2.60062e-01 3.63262e+00 6.92843e+02
-2.69587e-01 3.69380e+00 6.99503e+02
-2.79298e-01 3.75500e+00 7.06195e+02
-2.89196e-01 3.81622e+00 7.12918e+02
-2.99281e-01 3.87745e+00 7.19668e+02
-3.09553e-01 3.93870e+00 7.26443e+02
-3.20012e-01 3.99997e+00 7.33241e+02
-1.20711e-05 9.99995e-01 6.68775e+02
-1.28496e-05 1.06122e+00 6.51371e+02
-1.37214e-05 1.12244e+00 6.35256e+02
-1.46866e-05 1.18367e+00 6.20642e+02
-1.57451e-05 1.24489e+00 6.07639e+02
-1.68969e-05 1.30612e+00 5.96278e+02
-1.81422e-05 1.36734e+00 5.86529e+02
-1.94807e-05 1.42857e+00 5.78326e+02
-2.09127e-05 1.48979e+00 5.71577e+02
-2.24379e-05 1.55101e+00 5.66175e+02
-2.40565e-05 1.61224e+00 5.62011e+02
-2.57685e-05 1.67346e+00 5.58972e+02
-2.75738e-05 1.73469e+00 5.56953e+02
-2.94725e-05 1.79591e+00 5.55852e+02
-3.14645e-05 1.85713e+00 5.55576e+02
-3.35499e-05 1.91836e+00 5.56039e+02
-3.57286e-05 1.97958e+00 5.57164e+02
-3.80007e-05 2.04081e+00 5.58880e+02
-4.03661e-05 2.10203e+00 5.61126e+02
-4.28249e-05 2.16325e+00 5.63845e+02
-4.53770e-05 2.22448e+00 5.66987e+02
-4.80225e-05 2.28570e+00 5.70508e+02
-5.07613e-05 2.34693e+00 5.74368e+02
-5.35934e-05 2.40815e+00 5.78531e+02
-5.65190e-05 2.46937e+00 5.82968e+02
-5.95378e-05 2.53060e+00 5.87649e+02
-6.26501e-05 2.59182e+00 5.92551e+02
-6.58556e-05 2.65305e+00 5.97650e+02
-6.91545e-05 2.71427e+00 6.02929e+02
-7.25468e-05 2.77549e+00 6.08369e+02
-7.60324e-05 2.83672e+00 6.13955e+02
-7.96114e-05 2.89794e+00 6.19672e+02
-8.32837e-05 2.95916e+00 6.25509e+02
-8.70494e-05 3.02039e+00 6.31455e+02
-9.09084e-05 3.08161e+00 6.37498e+02
-9.48608e-05 3.14284e+00 6.43632e+02
-9.89065e-05 3.20406e+00 6.49846e+02
-1.03046e-04 3.26528e+00 6.56135e+02
-1.07278e-04 3.32651e+00 6.62492e+02
-1.11604e-04 3.38773e+00 6.68910e+02
-1.16023e-04 3.44896e+00 6.75385e+02
-1.20535e-04 3.51018e+00 6.81911e+02
-1.25141e-04 3.57140e+00 6.88485e+02
-1.29840e-04 3.63263e+00 6.95102e+02
-1.34633e-04 3.69385e+00 7.01759e+02
-1.39519e-04 3.75507e+00 7.08452e+02
-1.44498e-04 3.81630e+00 7.15179e+02
-1.49571e-04 3.87752e+00 7.21937e+02
-1.54737e-04 3.93875e+00 7.28724e+02
-1.59996e-04 3.99997e+00 7.35536e+02
