-1.00000e+00 0.00000e+00 -4.68759e-03 0.00000e+00
-9.81694e-01 4.41937e-02 -4.20361e-03 1.52212e-03
-9.61716e-01 8.68833e-02 -4.00558e-03 2.06245e-03
-9.41847e-01 1.29348e-01 -4.08529e-03 1.64682e-03
-9.21014e-01 1.68955e-01 -4.42493e-03 3.43457e-04
-9.21014e-01 1.68955e-01 -4.42493e-03 3.43457e-04
-9.21014e-01 1.68955e-01 -4.42493e-03 3.43457e-04
-9.21014e-01 1.68955e-01 -4.42493e-03 3.43457e-04
-9.21014e-01 1.68955e-01 -4.42493e-03 3.43457e-04
-9.21014e-01 1.68955e-01 -4.42493e-03 3.43457e-04
-9.21014e-01 1.68955e-01 -4.42493e-03 3.43457e-04
-9.21014e-01 1.68955e-01 -4.42493e-03 3.43457e-04
-9.21014e-01 1.68955e-01 -4.42493e-03 3.43457e-04
-9.21014e-01 1.68955e-01 -4.42493e-03 3.43457e-04
-9.21014e-01 1.68955e-01 -4.42493e-03 3.43457e-04
-9.21014e-01 1.68955e-01 -4.42493e-03 3.43457e-04
-6.03554e-01 6.03554e-01 -3.71715e-03 3.71715e-03
-9.21014e-01 1.68955e-01 -4.42493e-03 3.43457e-04
-9.21014e-01 1.68955e-01 -4.42493e-03 3.43457e-04
-9.21014e-01 1.68955e-01 -4.42493e-03 3.43457e-04
-9.21014e-01 1.68955e-01 -4.42493e-03 3.43457e-04
-9.21014e-01 1.68955e-01 -4.42493e-03 3.43457e-04
-9.21014e-01 1.68955e-01 -4.42493e-03 3.43457e-04
-9.21014e-01 1.68955e-01 -4.42493e-03 3.43457e-04
-9.21014e-01 1.68955e-01 -4.42493e-03 3.43457e-04
-9.21014e-01 1.68955e-01 -4.42493e-03 3.43457e-04
-9.21014e-01 1.68955e-01 -4.42493e-03 3.43457e-04
-9.21014e-01 1.68955e-01 -4.42493e-03 3.43457e-04
-9.21014e-01 1.68955e-01 -4.42493e-03 3.43457e-04
-9.21014e-01 1.68955e-01 -4.42493e-03 3.43457e-04
-9.21014e-01 1.68955e-01 -4.42493e-03 3.43457e-04
-9.21014e-01 1.68955e-01 -4.42493e-03 3.43457e-04
0.00000e+00 1.00000e+00 0.00000e+00 4.68759e-03
-1.18750e+00 -3.09970e-18 -4.70107e-03 4.06046e-04
-1.17148e+00 5.03875e-02 -4.16179e-03 1.77855e-03
-1.15234e+00 9.96043e-02 -3.93804e-03 2.28721e-03
-1.13320e+00 1.48821e-01 -4.02559e-03 1.94096e-03
-1.11093e+00 1.96868e-01 -4.42805e-03 7.26522e-04
-1.16339e+00 2.11458e-01 -4.48752e-03 6.66118e-04
-1.13860e+00 2.06594e-01 -4.48299e-03 6.27370e-04
-1.06354e+00 1.91132e-01 -4.45019e-03 5.66410e-04
-1.04228e+00 1.87509e-01 -4.44651e-03 5.33316e-04
-1.02086e+00 1.83970e-01 -4.44277e-03 4.99909e-04
-9.95061e-01 1.79856e-01 -4.43823e-03 4.59598e-04
-9.68988e-01 1.75864e-01 -4.43359e-03 4.18779e-04
-9.38770e-01 1.71447e-01 -4.42815e-03 3.71369e-04
-9.21014e-01 1.68955e-01 -4.42493e-03 3.43457e-04
-9.21014e-01 1.68955e-01 -4.42493e-03 3.43457e-04
-9.21014e-01 1.68955e-01 -4.42493e-03 3.43457e-04
-9.21014e-01 1.68955e-01 -4.42493e-03 3.43457e-04
-9.21014e-01 1.68955e-01 -4.42493e-03 3.43457e-04
-9.21014e-01 1.68955e-01 -4.42493e-03 3.43457e-04
-9.21014e-01 1.68955e-01 -4.42493e-03 3.43457e-04
-9.21014e-01 1.68955e-01 -4.42493e-03 3.43457e-04
-9.21014e-01 1.68955e-01 -4.42493e-03 3.43457e-04
-9.21014e-01 1.68955e-01 -4.42493e-03 3.43457e-04
-9.21014e-01 1.68955e-01 -4.42493e-03 3.43457e-04
-9.21014e-01 1.68955e-01 -4.42493e-03 3.43457e-04
-9.21014e-01 1.68955e-01 -4.42493e-03 3.43457e-04
-9.21014e-01 1.68955e-01 -4.42493e-03 3.43457e-04
-9.21014e-01 1.68955e-01 -4.42493e-03 3.43457e-04
-9.21014e-01 1.68955e-01 -4.42493e-03 3.43457e-04
-9.21014e-01 1.68955e-01 -4.42493e-03 3.43457e-04
-9.21014e-01 1.68955e-01 -4.42493e-03 3.43457e-04
-9.21014e-01 1.68955e-01 -4.42493e-03 3.43457e-04
-9.21014e-01 1.68955e-01 -4.42493e-03 3.43457e-04
-1.37500e+00 -2.15172e-16 -4.70771e-03 7.73929e-04
-1.36099e+00 6.21556e-02 -4.09420e-03 2.06907e-03
-1.34274e+00 1.22526e-01 -3.86117e-03 2.51039e-03
-1.32449e+00 1.82893e-01 -4.00030e-03 2.11590e-03
-1.31213e+00 2.43825e-01 -4.51388e-03 8.96783e-04
-1.32147e+00 2.46025e-01 -4.51532e-03 9.11568e-04
-1.30911e+00 2.43115e-01 -4.51336e-03 8.92148e-04
-1.30664e+00 2.42528e-01 -4.51288e-03 8.88454e-04
-1.26640e+00 2.33294e-01 -4.50594e-03 8.26168e-04
-1.22873e+00 2.23063e-01 -4.47771e-03 8.21702e-04
-1.20378e+00 2.17812e-01 -4.47367e-03 7.83362e-04
-1.24723e+00 2.29025e-01 -4.50249e-03 7.96695e-04
-1.28570e+00 2.37674e-01 -4.50930e-03 8.56018e-04
-1.11468e+00 2.00302e-01 -4.45891e-03 6.45794e-04
-1.07505e+00 1.93140e-01 -4.45216e-03 5.84304e-04
-1.03517e+00 1.86320e-01 -4.44527e-03 5.22220e-04
-9.89341e-01 1.78966e-01 -4.43721e-03 4.50650e-04
-9.40274e-01 1.71661e-01 -4.42842e-03 3.73730e-04
-9.21014e-01 1.68955e-01 -4.42493e-03 3.43457e-04
-9.21014e-01 1.68955e-01 -4.42493e-03 3.43457e-04
-9.21014e-01 1.68955e-01 -4.42493e-03 3.43457e-04
-9.21014e-01 1.68955e-01 -4.42493e-03 3.43457e-04
-9.21014e-01 1.68955e-01 -4.42493e-03 3.43457e-04
-9.21014e-01 1.68955e-01 -4.42493e-03 3.43457e-04
-9.21014e-01 1.68955e-01 -4.42493e-03 3.43457e-04
-9.21014e-01 1.68955e-01 -4.42493e-03 3.43457e-04
-9.21014e-01 1.68955e-01 -4.42493e-03 3.43457e-04
-9.21014e-01 1.68955e-01 -4.42493e-03 3.43457e-04
-9.21014e-01 1.68955e-01 -4.42493e-03 3.43457e-04
-9.21014e-01 1.68955e-01 -4.42493e-03 3.43457e-04
-9.21014e-01 1.68955e-01 -4.42493e-03 3.43457e-04
-9.21014e-01 1.68955e-01 -4.42493e-03 3.43457e-04
-9.21014e-01 1.68955e-01 -4.42493e-03 3.43457e-04
-1.56250e+00 -1.20441e-15 -4.70753e-03 1.10365e-03
-1.55049e+00 7.39248e-02 -4.04102e-03 2.29836e-03
-1.53314e+00 1.45443e-01 -3.78727e-03 2.71706e-03
-1.51579e+00 2.16963e-01 -3.93821e-03 2.37544e-03
-1.49311e+00 2.86079e-01 -4.49746e-03 1.26230e-03
-1.44533e+00 2.77425e-01 -4.53610e-03 1.10118e-03
-1.48012e+00 2.84471e-01 -4.51600e-03 1.20381e-03
-1.44362e+00 2.76965e-01 -4.53581e-03 1.09858e-03
-1.43044e+00 2.73456e-01 -4.53370e-03 1.07839e-03
-1.43879e+00 2.73315e-01 -4.51000e-03 1.14152e-03
-1.41526e+00 2.67148e-01 -4.50654e-03 1.10595e-03
-1.39167e+00 2.61104e-01 -4.50302e-03 1.07024e-03
-1.36017e+00 2.53244e-01 -4.49827e-03 1.02245e-03
-1.32880e+00 2.45657e-01 -4.49347e-03 9.74728e-04
-1.28864e+00 2.36295e-01 -4.48723e-03 9.13464e-04
-1.24641e+00 2.26877e-01 -4.48055e-03 8.48827e-04
-1.19591e+00 2.16186e-01 -4.47239e-03 7.71242e-04
-1.14325e+00 2.05704e-01 -4.46370e-03 6.90008e-04
-1.08485e+00 1.94876e-01 -4.45384e-03 5.99535e-04
-1.02294e+00 1.84308e-01 -4.44313e-03 5.03153e-04
-9.54599e-01 1.73733e-01 -4.43101e-03 3.96218e-04
-9.21014e-01 1.68955e-01 -4.42493e-03 3.43457e-04
-9.21014e-01 1.68955e-01 -4.42493e-03 3.43457e-04
-9.21014e-01 1.68955e-01 -4.42493e-03 3.43457e-04
-9.21014e-01 1.68955e-01 -4.42493e-03 3.43457e-04
-9.21014e-01 1.68955e-01 -4.42493e-03 3.43457e-04
-9.21014e-01 1.68955e-01 -4.42493e-03 3.43457e-04
-9.21014e-01 1.68955e-01 -4.42493e-03 3.43457e-04
-9.21014e-01 1.68955e-01 -4.42493e-03 3.43457e-04
-9.21014e-01 1.68955e-01 -4.42493e-03 3.43457e-04
-9.21014e-01 1.68955e-01 -4.42493e-03 3.43457e-04
-9.21014e-01 1.68955e-01 -4.42493e-03 3.43457e-04
-9.21014e-01 1.68955e-01 -4.42493e-03 3.43457e-04
-1.74700e+00 -3.16588e-15 -4.70068e-03 1.39084e-03
-1.73509e+00 9.05619e-02 -3.96919e-03 2.52963e-03
-1.72035e+00 1.77872e-01 -3.70868e-03 2.91328e-03
-1.70233e+00 2.64555e-01 -3.91206e-03 2.55211e-03
-1.68164e+00 3.47726e-01 -4.57247e-03 1.45830e-03
-1.68236e+00 3.45042e-01 -4.54368e-03 1.50562e-03
-1.68236e+00 3.45042e-01 -4.54368e-03 1.50562e-03
-1.68236e+00 3.45042e-01 -4.54368e-03 1.50562e-03
-1.67479e+00 3.42595e-01 -4.54269e-03 1.49440e-03
-1.66459e+00 3.39322e-01 -4.54136e-03 1.47929e-03
-1.68164e+00 3.47734e-01 -4.57256e-03 1.45815e-03
-1.62751e+00 3.27633e-01 -4.53644e-03 1.42424e-03
-1.59994e+00 3.19159e-01 -4.53273e-03 1.38321e-03
-1.57116e+00 3.10508e-01 -4.52880e-03 1.34028e-03
-1.53413e+00 2.99674e-01 -4.52367e-03 1.28489e-03
-1.49485e+00 2.88546e-01 -4.51811e-03 1.22595e-03
-1.44500e+00 2.74963e-01 -4.51091e-03 1.15088e-03
-1.39303e+00 2.61448e-01 -4.50323e-03 1.07230e-03
-1.33148e+00 2.46294e-01 -4.49388e-03 9.78803e-04
-1.26754e+00 2.31535e-01 -4.48391e-03 8.81199e-04
-1.19247e+00 2.15481e-01 -4.47183e-03 7.65950e-04
-1.11359e+00 2.00099e-01 -4.45872e-03 6.44103e-04
-1.02507e+00 1.84656e-01 -4.44351e-03 5.06479e-04
-9.32151e-01 1.70509e-01 -4.42695e-03 3.60968e-04
-9.21014e-01 1.68955e-01 -4.42493e-03 3.43457e-04
-9.21014e-01 1.68955e-01 -4.42493e-03 3.43457e-04
-9.21014e-01 1.68955e-01 -4.42493e-03 3.43457e-04
-9.21014e-01 1.68955e-01 -4.42493e-03 3.43457e-04
-9.21014e-01 1.68955e-01 -4.42493e-03 3.43457e-04
-9.21014e-01 1.68955e-01 -4.42493e-03 3.43457e-04
-9.21014e-01 1.68955e-01 -4.42493e-03 3.43457e-04
-9.21014e-01 1.68955e-01 -4.42493e-03 3.43457e-04
-9.21014e-01 1.68955e-01 -4.42493e-03 3.43457e-04
-1.74700e+00 -1.26635e-15 -4.70068e-03 1.39084e-03
-1.73662e+00 8.02321e-02 -4.02946e-03 2.43695e-03
-1.72080e+00 1.75429e-01 -3.70977e-03 2.91250e-03
-1.70135e+00 2.68846e-01 -3.93468e-03 2.51406e-03
-1.68165e+00 3.47696e-01 -4.57214e-03 1.45884e-03
-1.68164e+00 3.47736e-01 -4.57258e-03 1.45812e-03
-1.68164e+00 3.47736e-01 -4.57258e-03 1.45812e-03
-1.68164e+00 3.47737e-01 -4.57259e-03 1.45811e-03
-1.68164e+00 3.47736e-01 -4.57258e-03 1.45812e-03
-1.68236e+00 3.45042e-01 -4.54368e-03 1.50562e-03
-1.68236e+00 3.45042e-01 -4.54368e-03 1.50562e-03
-1.68236e+00 3.45042e-01 -4.54368e-03 1.50562e-03
-1.68236e+00 3.45042e-01 -4.54368e-03 1.50562e-03
-1.68236e+00 3.45042e-01 -4.54368e-03 1.50562e-03
-1.68236e+00 3.45042e-01 -4.54368e-03 1.50562e-03
-1.68236e+00 3.45042e-01 -4.54368e-03 1.50562e-03
-1.68236e+00 3.45042e-01 -4.54368e-03 1.50562e-03
-1.65358e+00 3.35815e-01 -4.53991e-03 1.46296e-03
-1.59158e+00 3.16626e-01 -4.53160e-03 1.37075e-03
-1.52617e+00 2.97389e-01 -4.52255e-03 1.27296e-03
-1.44702e+00 2.75501e-01 -4.51121e-03 1.15392e-03
-1.36342e+00 2.54044e-01 -4.49877e-03 1.02739e-03
-1.26505e+00 2.30980e-01 -4.48351e-03 8.77383e-04
-1.15978e+00 2.08922e-01 -4.46645e-03 7.15548e-04
-1.03976e+00 1.87086e-01 -4.44607e-03 5.29381e-04
-9.21014e-01 1.68955e-01 -4.42493e-03 3.43457e-04
-9.21014e-01 1.68955e-01 -4.42493e-03 3.43457e-04
-9.21014e-01 1.68955e-01 -4.42493e-03 3.43457e-04
-9.21014e-01 1.68955e-01 -4.42493e-03 3.43457e-04
-9.21014e-01 1.68955e-01 -4.42493e-03 3.43457e-04
-9.21014e-01 1.68955e-01 -4.42493e-03 3.43457e-04
-9.21014e-01 1.68955e-01 -4.42493e-03 3.43457e-04
-9.21014e-01 1.68955e-01 -4.42493e-03 3.43457e-04
-1.74700e+00 -1.26635e-15 -4.70068e-03 1.39084e-03
-1.73715e+00 7.65203e-02 -4.05259e-03 2.40127e-03
-1.71961e+00 1.81766e-01 -3.70770e-03 2.91330e-03
-1.69763e+00 2.84719e-01 -4.02899e-03 2.35628e-03
-1.68164e+00 3.47737e-01 -4.57259e-03 1.45810e-03
-1.68164e+00 3.47725e-01 -4.57246e-03 1.45831e-03
-1.68164e+00 3.47737e-01 -4.57259e-03 1.45810e-03
-1.68164e+00 3.47737e-01 -4.57259e-03 1.45810e-03
-1.68236e+00 3.45042e-01 -4.54368e-03 1.50562e-03
-1.68236e+00 3.45042e-01 -4.54368e-03 1.50562e-03
-1.68236e+00 3.45042e-01 -4.54368e-03 1.50562e-03
-1.68236e+00 3.45042e-01 -4.54368e-03 1.50562e-03
-1.68164e+00 3.47737e-01 -4.57259e-03 1.45810e-03
-1.68236e+00 3.45042e-01 -4.54368e-03 1.50562e-03
-1.68236e+00 3.45042e-01 -4.54368e-03 1.50562e-03
-1.68236e+00 3.45042e-01 -4.54368e-03 1.50562e-03
-1.68236e+00 3.45042e-01 -4.54368e-03 1.50562e-03
-1.68236e+00 3.45042e-01 -4.54368e-03 1.50562e-03
-1.68538e+00 3.46020e-01 -4.54407e-03 1.51008e-03
-1.68236e+00 3.45042e-01 -4.54368e-03 1.50562e-03
-1.68537e+00 3.46016e-01 -4.54407e-03 1.51006e-03
-1.67154e+00 3.41550e-01 -4.54227e-03 1.48959e-03
-1.56627e+00 3.09059e-01 -4.52813e-03 1.33297e-03
-1.45504e+00 2.77649e-01 -4.51238e-03 1.16602e-03
-1.31948e+00 2.43448e-01 -4.49203e-03 9.60524e-04
-1.17488e+00 2.11919e-01 -4.46894e-03 7.38842e-04
-1.00345e+00 1.81175e-01 -4.43971e-03 4.72709e-04
-9.21014e-01 1.68955e-01 -4.42493e-03 3.43457e-04
-9.21014e-01 1.68955e-01 -4.42493e-03 3.43457e-04
-9.21014e-01 1.68955e-01 -4.42493e-03 3.43457e-04
-9.21014e-01 1.68955e-01 -4.42493e-03 3.43457e-04
-9.21014e-01 1.68955e-01 -4.42493e-03 3.43457e-04
-9.21014e-01 1.68955e-01 -4.42493e-03 3.43457e-04
-1.74700e+00 -1.26635e-15 -4.70068e-03 1.39084e-03
-1.73764e+00 7.31087e-02 -4.07455e-03 2.36736e-03
-1.71863e+00 1.86888e-01 -3.70782e-03 2.91106e-03
-1.69460e+00 2.97297e-01 -4.11571e-03 2.21199e-03
-1.68164e+00 3.47708e-01 -4.57228e-03 1.45862e-03
-1.68164e+00 3.47733e-01 -4.57255e-03 1.45818e-03
-1.68164e+00 3.47727e-01 -4.57248e-03 1.45828e-03
-1.68236e+00 3.45042e-01 -4.54368e-03 1.50562e-03
-1.68164e+00 3.47731e-01 -4.57252e-03 1.45821e-03
-1.68164e+00 3.47724e-01 -4.57245e-03 1.45834e-03
-1.68236e+00 3.45042e-01 -4.54368e-03 1.50562e-03
-1.68164e+00 3.47736e-01 -4.57258e-03 1.45813e-03
-1.68236e+00 3.45042e-01 -4.54368e-03 1.50562e-03
-1.68164e+00 3.47737e-01 -4.57259e-03 1.45810e-03
-1.68236e+00 3.45042e-01 -4.54368e-03 1.50562e-03
-1.68236e+00 3.45042e-01 -4.54368e-03 1.50562e-03
-1.68236e+00 3.45042e-01 -4.54368e-03 1.50562e-03
-1.68236e+00 3.45042e-01 -4.54368e-03 1.50562e-03
-1.68236e+00 3.45042e-01 -4.54368e-03 1.50562e-03
-1.68236e+00 3.45042e-01 -4.54368e-03 1.50562e-03
-1.68236e+00 3.45042e-01 -4.54368e-03 1.50562e-03
-1.68236e+00 3.45042e-01 -4.54368e-03 1.50562e-03
-1.68236e+00 3.45042e-01 -4.54368e-03 1.50562e-03
-1.68537e+00 3.46019e-01 -4.54407e-03 1.51007e-03
-1.61875e+00 3.24920e-01 -4.53527e-03 1.41121e-03
-1.46072e+00 2.79181e-01 -4.51320e-03 1.17459e-03
-1.26675e+00 2.31358e-01 -4.48378e-03 8.79984e-04
-1.05508e+00 1.89677e-01 -4.44873e-03 5.53245e-04
-9.21014e-01 1.68955e-01 -4.42493e-03 3.43457e-04
-9.21014e-01 1.68955e-01 -4.42493e-03 3.43457e-04
-9.21014e-01 1.68955e-01 -4.42493e-03 3.43457e-04
-9.21014e-01 1.68955e-01 -4.42493e-03 3.43457e-04
-9.21014e-01 1.68955e-01 -4.42493e-03 3.43457e-04
-1.74700e+00 -1.26635e-15 -4.70068e-03 1.39084e-03
-1.73748e+00 7.42729e-02 -4.06698e-03 2.37905e-03
-1.71625e+00 1.99153e-01 -3.71472e-03 2.89510e-03
-1.68915e+00 3.19129e-01 -4.29179e-03 1.92049e-03
-1.68164e+00 3.47737e-01 -4.57259e-03 1.45810e-03
-1.68164e+00 3.47735e-01 -4.57257e-03 1.45813e-03
-1.68164e+00 3.47727e-01 -4.57249e-03 1.45827e-03
-1.68164e+00 3.47720e-01 -4.57241e-03 1.45840e-03
-1.68164e+00 3.47737e-01 -4.57259e-03 1.45810e-03
-1.68164e+00 3.47735e-01 -4.57257e-03 1.45813e-03
-1.68236e+00 3.45042e-01 -4.54368e-03 1.50562e-03
-1.68236e+00 3.45042e-01 -4.54368e-03 1.50562e-03
-1.68236e+00 3.45042e-01 -4.54368e-03 1.50562e-03
-1.68236e+00 3.45042e-01 -4.54368e-03 1.50562e-03
-1.68236e+00 3.45042e-01 -4.54368e-03 1.50562e-03
-1.68236e+00 3.45042e-01 -4.54368e-03 1.50562e-03
-1.96339e+00 1.96339e+00 -5.59870e-03 5.59870e-03
-1.68236e+00 3.45042e-01 -4.54368e-03 1.50562e-03
-1.68236e+00 3.45042e-01 -4.54368e-03 1.50562e-03
-1.68236e+00 3.45042e-01 -4.54368e-03 1.50562e-03
-1.68236e+00 3.45042e-01 -4.54368e-03 1.50562e-03
-1.68538e+00 3.46022e-01 -4.54407e-03 1.51009e-03
-1.68236e+00 3.45042e-01 -4.54368e-03 1.50562e-03
-1.68538e+00 3.46022e-01 -4.54407e-03 1.51009e-03
-1.68236e+00 3.45042e-01 -4.54368e-03 1.50562e-03
-1.68531e+00 3.45998e-01 -4.54406e-03 1.50998e-03
-1.59479e+00 3.17597e-01 -4.53203e-03 1.37554e-03
-1.35984e+00 2.53163e-01 -4.49822e-03 1.02195e-03
-1.06200e+00 1.90865e-01 -4.44992e-03 5.64010e-04
-9.21014e-01 1.68955e-01 -4.42493e-03 3.43457e-04
-9.21014e-01 1.68955e-01 -4.42493e-03 3.43457e-04
-9.21014e-01 1.68955e-01 -4.42493e-03 3.43457e-04
-9.21014e-01 1.68955e-01 -4.42493e-03 3.43457e-04
-1.74700e+00 -3.16588e-16 -4.70068e-03 1.39084e-03
-1.73733e+00 7.53011e-02 -4.06036e-03 2.38927e-03
-1.71407e+00 2.10028e-01 -3.72866e-03 2.86837e-03
-1.68436e+00 3.37566e-01 -4.46616e-03 1.63308e-03
-1.68164e+00 3.47736e-01 -4.57258e-03 1.45812e-03
-1.68164e+00 3.47737e-01 -4.57259e-03 1.45810e-03
-1.68164e+00 3.47731e-01 -4.57253e-03 1.45821e-03
-1.68164e+00 3.47737e-01 -4.57259e-03 1.45810e-03
-1.68164e+00 3.47737e-01 -4.57259e-03 1.45810e-03
-1.68236e+00 3.45042e-01 -4.54368e-03 1.50562e-03
-1.68236e+00 3.45042e-01 -4.54368e-03 1.50562e-03
-1.68236e+00 3.45042e-01 -4.54368e-03 1.50562e-03
-1.68236e+00 3.45042e-01 -4.54368e-03 1.50562e-03
-1.68236e+00 3.45042e-01 -4.54368e-03 1.50562e-03
-1.68236e+00 3.45042e-01 -4.54368e-03 1.50562e-03
-1.68236e+00 3.45042e-01 -4.54368e-03 1.50562e-03
-1.68236e+00 3.45042e-01 -4.54368e-03 1.50562e-03
-1.68236e+00 3.45042e-01 -4.54368e-03 1.50562e-03
-1.68236e+00 3.45042e-01 -4.54368e-03 1.50562e-03
-1.68236e+00 3.45042e-01 -4.54368e-03 1.50562e-03
-1.68236e+00 3.45042e-01 -4.54368e-03 1.50562e-03
-1.68236e+00 3.45042e-01 -4.54368e-03 1.50562e-03
-1.68236e+00 3.45042e-01 -4.54368e-03 1.50562e-03
-1.68236e+00 3.45042e-01 -4.54368e-03 1.50562e-03
-1.68538e+00 3.46021e-01 -4.54407e-03 1.51009e-03
-1.68236e+00 3.45042e-01 -4.54368e-03 1.50562e-03
-1.68537e+00 3.46016e-01 -4.54407e-03 1.51006e-03
-1.68451e+00 3.45738e-01 -4.54395e-03 1.50879e-03
-1.35720e+00 2.52515e-01 -4.49782e-03 1.01793e-03
-9.69763e-01 1.75981e-01 -4.43373e-03 4.19994e-04
-9.21014e-01 1.68955e-01 -4.42493e-03 3.43457e-04
-9.21014e-01 1.68955e-01 -4.42493e-03 3.43457e-04
-9.21014e-01 1.68955e-01 -4.42493e-03 3.43457e-04
-2.87500e+00 0.00000e+00 -7.51872e-03 0.00000e+00
-1.73653e+00 8.08048e-02 -4.02596e-03 2.44235e-03
-1.71082e+00 2.25808e-01 -3.76214e-03 2.80833e-03
-1.68165e+00 3.47674e-01 -4.57190e-03 1.45923e-03
-1.68164e+00 3.47737e-01 -4.57259e-03 1.45810e-03
-1.68164e+00 3.47729e-01 -4.57251e-03 1.45824e-03
-1.68164e+00 3.47733e-01 -4.57255e-03 1.45817e-03
-1.68236e+00 3.45042e-01 -4.54368e-03 1.50562e-03
-1.68164e+00 3.47736e-01 -4.57258e-03 1.45812e-03
-1.68236e+00 3.45042e-01 -4.54368e-03 1.50562e-03
-1.68236e+00 3.45042e-01 -4.54368e-03 1.50562e-03
-1.68236e+00 3.45042e-01 -4.54368e-03 1.50562e-03
-1.68164e+00 3.47737e-01 -4.57259e-03 1.45810e-03
-1.68236e+00 3.45042e-01 -4.54368e-03 1.50562e-03
-1.68236e+00 3.45042e-01 -4.54368e-03 1.50562e-03
-1.68236e+00 3.45042e-01 -4.54368e-03 1.50562e-03
-1.68236e+00 3.45042e-01 -4.54368e-03 1.50562e-03
-1.68236e+00 3.45042e-01 -4.54368e-03 1.50562e-03
-1.68236e+00 3.45042e-01 -4.54368e-03 1.50562e-03
-1.68236e+00 3.45042e-01 -4.54368e-03 1.50562e-03
-1.68236e+00 3.45042e-01 -4.54368e-03 1.50562e-03
-1.68236e+00 3.45042e-01 -4.54368e-03 1.50562e-03
-1.68236e+00 3.45042e-01 -4.54368e-03 1.50562e-03
-1.68236e+00 3.45042e-01 -4.54368e-03 1.50562e-03
-1.68236e+00 3.45042e-01 -4.54368e-03 1.50562e-03
-1.68538e+00 3.46021e-01 -4.54407e-03 1.51009e-03
-1.68236e+00 3.45042e-01 -4.54368e-03 1.50562e-03
-1.68532e+00 3.46002e-01 -4.54406e-03 1.51000e-03
-1.68431e+00 3.45674e-01 -4.54393e-03 1.50850e-03
-1.28294e+00 2.34999e-01 -4.48633e-03 9.04756e-04
-9.21014e-01 1.68955e-01 -4.42493e-03 3.43457e-04
-9.21014e-01 1.68955e-01 -4.42493e-03 3.43457e-04
0.00000e+00 2.87500e+00 0.00000e+00 7.51872e-03
-1.74700e+00 -3.16588e-16 -4.70068e-03 1.39084e-03
-1.73595e+00 8.47536e-02 -4.00233e-03 2.47872e-03
-1.70788e+00 2.39607e-01 -3.80440e-03 2.73495e-03
-1.68164e+00 3.47722e-01 -4.57243e-03 1.45836e-03
-1.68164e+00 3.47730e-01 -4.57252e-03 1.45822e-03
-1.68164e+00 3.47733e-01 -4.57254e-03 1.45818e-03
-1.68164e+00 3.47726e-01 -4.57247e-03 1.45830e-03
-1.68236e+00 3.45042e-01 -4.54368e-03 1.50562e-03
-1.68236e+00 3.45042e-01 -4.54368e-03 1.50562e-03
-1.68236e+00 3.45042e-01 -4.54368e-03 1.50562e-03
-1.68236e+00 3.45042e-01 -4.54368e-03 1.50562e-03
-1.68236e+00 3.45042e-01 -4.54368e-03 1.50562e-03
-1.68164e+00 3.47737e-01 -4.57259e-03 1.45810e-03
-1.68236e+00 3.45042e-01 -4.54368e-03 1.50562e-03
-1.68236e+00 3.45042e-01 -4.54368e-03 1.50562e-03
-1.68236e+00 3.45042e-01 -4.54368e-03 1.50562e-03
-1.68236e+00 3.45042e-01 -4.54368e-03 1.50562e-03
-1.68236e+00 3.45042e-01 -4.54368e-03 1.50562e-03
-1.68236e+00 3.45042e-01 -4.54368e-03 1.50562e-03
-1.68236e+00 3.45042e-01 -4.54368e-03 1.50562e-03
-1.68236e+00 3.45042e-01 -4.54368e-03 1.50562e-03
-1.68236e+00 3.45042e-01 -4.54368e-03 1.50562e-03
-1.68236e+00 3.45042e-01 -4.54368e-03 1.50562e-03
-1.68236e+00 3.45042e-01 -4.54368e-03 1.50562e-03
-1.68236e+00 3.45042e-01 -4.54368e-03 1.50562e-03
-1.68236e+00 3.45042e-01 -4.54368e-03 1.50562e-03
-1.68236e+00 3.45042e-01 -4.54368e-03 1.50562e-03
-1.68536e+00 3.46015e-01 -4.54407e-03 1.51006e-03
-1.68533e+00 3.46003e-01 -4.54406e-03 1.51000e-03
-1.62142e+00 3.25747e-01 -4.53563e-03 1.41520e-03
-9.46054e-01 1.72491e-01 -4.42947e-03 3.82808e-04
-9.21014e-01 1.68955e-01 -4.42493e-03 3.43457e-04
-9.21014e-01 1.68955e-01 -4.42493e-03 3.43457e-04
-3.25000e+00 0.00000e+00 -8.34237e-03 0.00000e+00
-1.73490e+00 9.17726e-02 -3.96253e-03 2.53985e-03
-1.70392e+00 2.57525e-01 -3.87761e-03 2.61024e-03
-1.68165e+00 3.47681e-01 -4.57198e-03 1.45910e-03
-1.68164e+00 3.47737e-01 -4.57259e-03 1.45811e-03
-1.68164e+00 3.47735e-01 -4.57257e-03 1.45814e-03
-1.68164e+00 3.47730e-01 -4.57252e-03 1.45822e-03
-1.68164e+00 3.47730e-01 -4.57252e-03 1.45822e-03
-1.68236e+00 3.45042e-01 -4.54368e-03 1.50562e-03
-1.68236e+00 3.45042e-01 -4.54368e-03 1.50562e-03
-1.68236e+00 3.45042e-01 -4.54368e-03 1.50562e-03
-1.68236e+00 3.45042e-01 -4.54368e-03 1.50562e-03
-3.04806e+00 2.58712e+00 -7.91199e-03 6.79898e-03
-1.68236e+00 3.45042e-01 -4.54368e-03 1.50562e-03
-1.68236e+00 3.45042e-01 -4.54368e-03 1.50562e-03
-1.68236e+00 3.45042e-01 -4.54368e-03 1.50562e-03
-1.68236e+00 3.45042e-01 -4.54368e-03 1.50562e-03
-1.68236e+00 3.45042e-01 -4.54368e-03 1.50562e-03
-1.68236e+00 3.45042e-01 -4.54368e-03 1.50562e-03
-1.68236e+00 3.45042e-01 -4.54368e-03 1.50562e-03
-2.58712e+00 3.04806e+00 -6.79898e-03 7.91199e-03
-1.68236e+00 3.45042e-01 -4.54368e-03 1.50562e-03
-1.68236e+00 3.45042e-01 -4.54368e-03 1.50562e-03
-1.68236e+00 3.45042e-01 -4.54368e-03 1.50562e-03
-1.68236e+00 3.45042e-01 -4.54368e-03 1.50562e-03
-1.68538e+00 3.46021e-01 -4.54407e-03 1.51008e-03
-1.68236e+00 3.45042e-01 -4.54368e-03 1.50562e-03
-1.68236e+00 3.45042e-01 -4.54368e-03 1.50562e-03
-1.68537e+00 3.46017e-01 -4.54407e-03 1.51006e-03
-1.68537e+00 3.46018e-01 -4.54407e-03 1.51007e-03
-1.29188e+00 2.37035e-01 -4.48774e-03 9.18409e-04
-9.21014e-01 1.68955e-01 -4.42493e-03 3.43457e-04
0.00000e+00 3.25000e+00 0.00000e+00 8.34237e-03
-1.74700e+00 -3.16588e-16 -4.70068e-03 1.39084e-03
-1.73394e+00 9.81431e-02 -3.92885e-03 2.59140e-03
-1.70006e+00 2.74393e-01 -3.96573e-03 2.46199e-03
-1.68165e+00 3.47687e-01 -4.57205e-03 1.45899e-03
-1.68164e+00 3.47732e-01 -4.57254e-03 1.45819e-03
-1.68164e+00 3.47731e-01 -4.57253e-03 1.45820e-03
-1.68164e+00 3.47737e-01 -4.57259e-03 1.45810e-03
-1.68164e+00 3.47728e-01 -4.57250e-03 1.45825e-03
-1.68236e+00 3.45042e-01 -4.54368e-03 1.50562e-03
-1.68164e+00 3.47737e-01 -4.57259e-03 1.45810e-03
-1.68236e+00 3.45042e-01 -4.54368e-03 1.50562e-03
-1.68236e+00 3.45042e-01 -4.54368e-03 1.50562e-03
-1.68236e+00 3.45042e-01 -4.54368e-03 1.50562e-03
-1.68164e+00 3.47735e-01 -4.57257e-03 1.45813e-03
-1.68236e+00 3.45042e-01 -4.54368e-03 1.50562e-03
-1.68236e+00 3.45042e-01 -4.54368e-03 1.50562e-03
-1.68236e+00 3.45042e-01 -4.54368e-03 1.50562e-03
-1.68236e+00 3.45042e-01 -4.54368e-03 1.50562e-03
-1.68236e+00 3.45042e-01 -4.54368e-03 1.50562e-03
-1.68164e+00 3.47734e-01 -4.57256e-03 1.45816e-03
-1.68236e+00 3.45042e-01 -4.54368e-03 1.50562e-03
-1.68236e+00 3.45042e-01 -4.54368e-03 1.50562e-03
-1.68236e+00 3.45042e-01 -4.54368e-03 1.50562e-03
-1.68236e+00 3.45042e-01 -4.54368e-03 1.50562e-03
-1.68236e+00 3.45042e-01 -4.54368e-03 1.50562e-03
-1.68236e+00 3.45042e-01 -4.54368e-03 1.50562e-03
-1.68236e+00 3.45042e-01 -4.54368e-03 1.50562e-03
-1.68539e+00 3.46023e-01 -4.54407e-03 1.51009e-03
-1.68538e+00 3.46021e-01 -4.54407e-03 1.51008e-03
-1.68539e+00 3.46023e-01 -4.54407e-03 1.51009e-03
-1.66720e+00 3.40157e-01 -4.54170e-03 1.48316e-03
-9.21014e-01 1.68955e-01 -4.42493e-03 3.43457e-04
-9.21014e-01 1.68955e-01 -4.42493e-03 3.43457e-04
-3.62500e+00 0.00000e+00 -9.16582e-03 0.00000e+00
-1.73256e+00 1.07030e-01 -3.88577e-03 2.65705e-03
-1.69527e+00 2.94540e-01 -4.09579e-03 2.24508e-03
-1.68164e+00 3.47730e-01 -4.57251e-03 1.45823e-03
-1.68164e+00 3.47735e-01 -4.57257e-03 1.45813e-03
-1.68164e+00 3.47724e-01 -4.57245e-03 1.45833e-03
-1.68164e+00 3.47735e-01 -4.57257e-03 1.45814e-03
-1.68164e+00 3.47735e-01 -4.57257e-03 1.45813e-03
-1.68236e+00 3.45042e-01 -4.54368e-03 1.50562e-03
-1.68164e+00 3.47734e-01 -4.57256e-03 1.45815e-03
-1.68236e+00 3.45042e-01 -4.54368e-03 1.50562e-03
-1.68236e+00 3.45042e-01 -4.54368e-03 1.50562e-03
-1.68236e+00 3.45042e-01 -4.54368e-03 1.50562e-03
-1.68164e+00 3.47736e-01 -4.57258e-03 1.45811e-03
-1.68236e+00 3.45042e-01 -4.54368e-03 1.50562e-03
-1.68236e+00 3.45042e-01 -4.54368e-03 1.50562e-03
-1.68236e+00 3.45042e-01 -4.54368e-03 1.50562e-03
-1.68236e+00 3.45042e-01 -4.54368e-03 1.50562e-03
-1.68236e+00 3.45042e-01 -4.54368e-03 1.50562e-03
-1.68236e+00 3.45042e-01 -4.54368e-03 1.50562e-03
-1.68164e+00 3.47735e-01 -4.57257e-03 1.45813e-03
-1.68236e+00 3.45042e-01 -4.54368e-03 1.50562e-03
-1.68236e+00 3.45042e-01 -4.54368e-03 1.50562e-03
-1.68236e+00 3.45042e-01 -4.54368e-03 1.50562e-03
-1.68236e+00 3.45042e-01 -4.54368e-03 1.50562e-03
-1.68236e+00 3.45042e-01 -4.54368e-03 1.50562e-03
-1.68236e+00 3.45042e-01 -4.54368e-03 1.50562e-03
-1.68236e+00 3.45042e-01 -4.54368e-03 1.50562e-03
-1.68236e+00 3.45042e-01 -4.54368e-03 1.50562e-03
-1.68537e+00 3.46018e-01 -4.54407e-03 1.51007e-03
-1.68534e+00 3.46009e-01 -4.54406e-03 1.51003e-03
-9.21014e-01 1.68955e-01 -4.42493e-03 3.43457e-04
0.00000e+00 3.62500e+00 0.00000e+00 9.16582e-03
-1.74700e+00 -3.16588e-16 -4.70068e-03 1.39084e-03
-1.73127e+00 1.15138e-01 -3.85047e-03 2.71053e-03
-1.69111e+00 3.11373e-01 -4.22549e-03 2.03007e-03
-1.68164e+00 3.47719e-01 -4.57240e-03 1.45842e-03
-1.68164e+00 3.47721e-01 -4.57242e-03 1.45838e-03
-1.68164e+00 3.47717e-01 -4.57237e-03 1.45846e-03
-1.68236e+00 3.45042e-01 -4.54368e-03 1.50562e-03
-1.68164e+00 3.47736e-01 -4.57258e-03 1.45812e-03
-1.68236e+00 3.45042e-01 -4.54368e-03 1.50562e-03
-1.68164e+00 3.47730e-01 -4.57251e-03 1.45823e-03
-1.68236e+00 3.45042e-01 -4.54368e-03 1.50562e-03
-1.68236e+00 3.45042e-01 -4.54368e-03 1.50562e-03
-1.68236e+00 3.45042e-01 -4.54368e-03 1.50562e-03
-1.68164e+00 3.47737e-01 -4.57259e-03 1.45810e-03
-1.68164e+00 3.47735e-01 -4.57256e-03 1.45815e-03
-1.68236e+00 3.45042e-01 -4.54368e-03 1.50562e-03
-1.68236e+00 3.45042e-01 -4.54368e-03 1.50562e-03
-1.68236e+00 3.45042e-01 -4.54368e-03 1.50562e-03
-1.68236e+00 3.45042e-01 -4.54368e-03 1.50562e-03
-1.68236e+00 3.45042e-01 -4.54368e-03 1.50562e-03
-1.68236e+00 3.45042e-01 -4.54368e-03 1.50562e-03
-1.68164e+00 3.47734e-01 -4.57256e-03 1.45815e-03
-1.68236e+00 3.45042e-01 -4.54368e-03 1.50562e-03
-1.68236e+00 3.45042e-01 -4.54368e-03 1.50562e-03
-1.68236e+00 3.45042e-01 -4.54368e-03 1.50562e-03
-1.68236e+00 3.45042e-01 -4.54368e-03 1.50562e-03
-1.68236e+00 3.45042e-01 -4.54368e-03 1.50562e-03
-1.68236e+00 3.45042e-01 -4.54368e-03 1.50562e-03
-1.68538e+00 3.46022e-01 -4.54407e-03 1.51009e-03
-1.68539e+00 3.46023e-01 -4.54407e-03 1.51009e-03
-1.68538e+00 3.46020e-01 -4.54407e-03 1.51008e-03
-1.14620e+00 2.06274e-01 -4.46419e-03 6.94573e-04
-9.21014e-01 1.68955e-01 -4.42493e-03 3.43457e-04
-4.00000e+00 0.00000e+00 -1.00000e-02 0.00000e+00
-1.72963e+00 1.25201e-01 -3.81198e-03 2.76834e-03
-1.68585e+00 3.31889e-01 -4.40994e-03 1.72565e-03
-1.68165e+00 3.47706e-01 -4.57226e-03 1.45865e-03
-1.68164e+00 3.47736e-01 -4.57258e-03 1.45812e-03
-1.68164e+00 3.47736e-01 -4.57258e-03 1.45813e-03
-1.68236e+00 3.45042e-01 -4.54368e-03 1.50562e-03
-1.68236e+00 3.45042e-01 -4.54368e-03 1.50562e-03
-4.00000e+00 3.00000e+00 -1.00000e-02 7.70782e-03
-1.68164e+00 3.47735e-01 -4.57257e-03 1.45813e-03
-1.68236e+00 3.45042e-01 -4.54368e-03 1.50562e-03
-1.68236e+00 3.45042e-01 -4.54368e-03 1.50562e-03
-1.68236e+00 3.45042e-01 -4.54368e-03 1.50562e-03
-1.68164e+00 3.47735e-01 -4.57257e-03 1.45813e-03
-1.68164e+00 3.47735e-01 -4.57257e-03 1.45814e-03
-4.00000e+00 4.00000e+00 -1.00000e-02 1.00000e-02
-4.00000e+00 4.00000e+00 -1.00000e-02 1.00000e-02
-4.00000e+00 4.00000e+00 -1.00000e-02 1.00000e-02
-1.68236e+00 3.45042e-01 -4.54368e-03 1.50562e-03
-1.68236e+00 3.45042e-01 -4.54368e-03 1.50562e-03
-3.75000e+00 4.00000e+00 -9.43529e-03 1.00000e-02
-1.68236e+00 3.45042e-01 -4.54368e-03 1.50562e-03
-1.68164e+00 3.47735e-01 -4.57257e-03 1.45814e-03
-1.68236e+00 3.45042e-01 -4.54368e-03 1.50562e-03
-3.00000e+00 4.00000e+00 -7.70782e-03 1.00000e-02
-1.68236e+00 3.45042e-01 -4.54368e-03 1.50562e-03
-1.68236e+00 3.45042e-01 -4.54368e-03 1.50562e-03
-1.68236e+00 3.45042e-01 -4.54368e-03 1.50562e-03
-1.75000e+00 4.00000e+00 -4.62865e-03 1.00000e-02
-1.68236e+00 3.45042e-01 -4.54368e-03 1.50562e-03
-1.68536e+00 3.46013e-01 -4.54406e-03 1.51005e-03
-1.67860e+00 3.43826e-01 -4.54319e-03 1.50005e-03
0.00000e+00 4.00000e+00 0.00000e+00 1.00000e-02
