-1.00000e+00 0.00000e+00 -4.74287e-03 0.00000e+00
-9.63388e-01 8.83877e-02 -4.12720e-03 1.64918e-03
-9.20304e-01 1.70306e-01 -3.94454e-03 2.29383e-03
-8.77220e-01 2.52222e-01 -4.17092e-03 2.00593e-03
-8.28490e-01 3.26408e-01 -4.79017e-03 8.04221e-04
-8.28490e-01 3.26408e-01 -4.79017e-03 8.04221e-04
-8.28490e-01 3.26408e-01 -4.79017e-03 8.04221e-04
-8.28490e-01 3.26408e-01 -4.79017e-03 8.04221e-04
-6.03554e-01 6.03554e-01 -3.66526e-03 3.66526e-03
-8.28490e-01 3.26408e-01 -4.79017e-03 8.04221e-04
-8.28490e-01 3.26408e-01 -4.79017e-03 8.04221e-04
-8.28490e-01 3.26408e-01 -4.79017e-03 8.04221e-04
-8.28490e-01 3.26408e-01 -4.79017e-03 8.04221e-04
-8.28490e-01 3.26408e-01 -4.79017e-03 8.04221e-04
-8.28490e-01 3.26408e-01 -4.79017e-03 8.04221e-04
-8.28490e-01 3.26408e-01 -4.79017e-03 8.04221e-04
0.00000e+00 1.00000e+00 0.00000e+00 4.74287e-03
-1.37500e+00 -3.78834e-17 -4.73252e-03 6.64132e-04
-1.34754e+00 1.13167e-01 -4.00661e-03 2.00234e-03
-1.30156e+00 2.23431e-01 -3.72420e-03 2.63677e-03
-1.25557e+00 3.33697e-01 -3.89817e-03 2.54043e-03
-1.19106e+00 4.41063e-01 -4.58328e-03 1.60703e-03
-1.16811e+00 4.53881e-01 -4.75217e-03 1.34466e-03
-1.13470e+00 4.39404e-01 -4.75602e-03 1.29228e-03
-1.09824e+00 4.24081e-01 -4.76019e-03 1.23491e-03
-1.03819e+00 3.99941e-01 -4.76701e-03 1.14000e-03
-9.71277e-01 3.74650e-01 -4.77450e-03 1.03358e-03
-8.84890e-01 3.44529e-01 -4.78404e-03 8.95192e-04
-8.28490e-01 3.26408e-01 -4.79017e-03 8.04221e-04
-8.28490e-01 3.26408e-01 -4.79017e-03 8.04221e-04
-8.28490e-01 3.26408e-01 -4.79017e-03 8.04221e-04
-8.28490e-01 3.26408e-01 -4.79017e-03 8.04221e-04
-8.28490e-01 3.26408e-01 -4.79017e-03 8.04221e-04
-8.28490e-01 3.26408e-01 -4.79017e-03 8.04221e-04
-1.75000e+00 0.00000e+00 -4.83048e-03 0.00000e+00
-1.72940e+00 1.82532e-01 -3.76512e-03 2.52659e-03
-1.68466e+00 3.48727e-01 -3.48029e-03 3.04104e-03
-1.63992e+00 5.14920e-01 -3.79654e-03 2.85973e-03
-1.59361e+00 6.77379e-01 -4.72124e-03 1.97850e-03
-1.64719e+00 7.09857e-01 -4.71494e-03 2.05939e-03
-1.54408e+00 6.48256e-01 -4.72700e-03 1.90337e-03
-1.56416e+00 6.56876e-01 -4.70470e-03 1.95309e-03
-1.40561e+00 5.71472e-01 -4.74280e-03 1.69146e-03
-1.47348e+00 6.05369e-01 -4.71586e-03 1.81580e-03
-1.39071e+00 5.60935e-01 -4.72590e-03 1.68945e-03
-1.29581e+00 5.13057e-01 -4.73723e-03 1.54335e-03
-1.15223e+00 4.46948e-01 -4.75400e-03 1.31979e-03
-9.80387e-01 3.77993e-01 -4.77349e-03 1.04811e-03
-8.28490e-01 3.26408e-01 -4.79017e-03 8.04221e-04
-8.28490e-01 3.26408e-01 -4.79017e-03 8.04221e-04
0.00000e+00 1.75000e+00 0.00000e+00 4.83048e-03
-2.12500e+00 7.20846e-16 -4.61267e-03 1.78188e-03
-2.11127e+00 2.51895e-01 -3.58083e-03 2.88184e-03
-2.06777e+00 4.74019e-01 -3.23972e-03 3.36534e-03
-2.02427e+00 6.96146e-01 -3.54852e-03 3.29472e-03
-1.95100e+00 8.88501e-01 -4.54166e-03 2.60255e-03
-2.14349e+00 1.05694e+00 -4.65388e-03 2.78977e-03
-1.99566e+00 9.41006e-01 -4.64934e-03 2.59073e-03
-2.00701e+00 9.49322e-01 -4.64784e-03 2.60717e-03
-1.98081e+00 9.30191e-01 -4.65131e-03 2.56920e-03
-1.95206e+00 9.09460e-01 -4.65510e-03 2.52745e-03
-1.87825e+00 8.57473e-01 -4.66476e-03 2.41973e-03
-1.79591e+00 8.01618e-01 -4.67542e-03 2.29871e-03
-1.65200e+00 7.09541e-01 -4.69373e-03 2.08497e-03
-1.47989e+00 6.08916e-01 -4.71508e-03 1.82555e-03
-1.19394e+00 4.65362e-01 -4.74917e-03 1.38505e-03
-8.28490e-01 3.26408e-01 -4.79017e-03 8.04221e-04
-8.28490e-01 3.26408e-01 -4.79017e-03 8.04221e-04
-2.50000e+00 0.00000e+00 -6.73398e-03 0.00000e+00
-2.47947e+00 3.64975e-01 -3.31712e-03 3.26195e-03
-2.44947e+00 6.71106e-01 -2.98762e-03 3.70273e-03
-2.40145e+00 9.74550e-01 -3.45735e-03 3.63398e-03
-2.34446e+00 1.21994e+00 -4.62775e-03 3.07641e-03
-2.34554e+00 1.21598e+00 -4.60186e-03 3.08986e-03
-2.34446e+00 1.21994e+00 -4.62778e-03 3.07640e-03
-2.34554e+00 1.21598e+00 -4.60186e-03 3.08986e-03
-2.34554e+00 1.21598e+00 -4.60186e-03 3.08986e-03
-2.34554e+00 1.21598e+00 -4.60186e-03 3.08986e-03
-2.34554e+00 1.21598e+00 -4.60186e-03 3.08986e-03
-2.34554e+00 1.21598e+00 -4.60186e-03 3.08986e-03
-2.21314e+00 1.10747e+00 -4.62009e-03 2.90278e-03
-2.04967e+00 9.80939e-01 -4.64216e-03 2.66878e-03
-1.76414e+00 7.80679e-01 -4.67950e-03 2.25176e-03
-1.35902e+00 5.44583e-01 -4.72970e-03 1.64082e-03
0.00000e+00 2.50000e+00 0.00000e+00 6.73398e-03
-2.49700e+00 2.54549e-15 -4.50418e-03 2.23214e-03
-2.47305e+00 4.46093e-01 -3.16349e-03 3.42086e-03
-2.43060e+00 8.06711e-01 -3.08471e-03 3.74365e-03
-2.36308e+00 1.14854e+00 -4.19855e-03 3.29494e-03
-2.34446e+00 1.21994e+00 -4.62779e-03 3.07640e-03
-2.34554e+00 1.21598e+00 -4.60186e-03 3.08986e-03
-2.34554e+00 1.21598e+00 -4.60186e-03 3.08986e-03
-2.34554e+00 1.21598e+00 -4.60186e-03 3.08986e-03
-2.34554e+00 1.21598e+00 -4.60186e-03 3.08986e-03
-2.34554e+00 1.21598e+00 -4.60186e-03 3.08986e-03
-2.34554e+00 1.21598e+00 -4.60186e-03 3.08986e-03
-2.34554e+00 1.21598e+00 -4.60186e-03 3.08986e-03
-2.34554e+00 1.21598e+00 -4.60186e-03 3.08986e-03
-2.34554e+00 1.21598e+00 -4.60186e-03 3.08986e-03
-2.24755e+00 1.13515e+00 -4.61538e-03 2.95160e-03
-1.87091e+00 8.52402e-01 -4.66572e-03 2.40898e-03
-8.28490e-01 3.26408e-01 -4.79017e-03 8.04221e-04
-3.25000e+00 0.00000e+00 -8.31238e-03 0.00000e+00
-2.46258e+00 5.56622e-01 -3.02855e-03 3.59015e-03
-2.40101e+00 9.76799e-01 -3.46447e-03 3.63116e-03
-2.34554e+00 1.21598e+00 -4.60186e-03 3.08986e-03
-2.34446e+00 1.21994e+00 -4.62778e-03 3.07640e-03
-2.34554e+00 1.21598e+00 -4.60186e-03 3.08986e-03
-2.34554e+00 1.21598e+00 -4.60186e-03 3.08986e-03
-2.34554e+00 1.21598e+00 -4.60186e-03 3.08986e-03
-2.34554e+00 1.21598e+00 -4.60186e-03 3.08986e-03
-2.34554e+00 1.21598e+00 -4.60186e-03 3.08986e-03
-2.34554e+00 1.21598e+00 -4.60186e-03 3.08986e-03
-2.34554e+00 1.21598e+00 -4.60186e-03 3.08986e-03
-2.34554e+00 1.21598e+00 -4.60186e-03 3.08986e-03
-2.34554e+00 1.21598e+00 -4.60186e-03 3.08986e-03
-2.34554e+00 1.21598e+00 -4.60186e-03 3.08986e-03
-2.34554e+00 1.21598e+00 -4.60186e-03 3.08986e-03
0.00000e+00 3.25000e+00 0.00000e+00 8.31238e-03
-2.49700e+00 6.36372e-16 -4.50418e-03 2.23214e-03
-2.45168e+00 6.53266e-01 -2.98696e-03 3.68966e-03
-2.37143e+00 1.11408e+00 -4.01918e-03 3.38278e-03
-2.34554e+00 1.21598e+00 -4.60186e-03 3.08986e-03
-2.34554e+00 1.21598e+00 -4.60186e-03 3.08986e-03
-2.34554e+00 1.21598e+00 -4.60186e-03 3.08986e-03
-2.34554e+00 1.21598e+00 -4.60186e-03 3.08986e-03
-2.34446e+00 1.21994e+00 -4.62776e-03 3.07641e-03
-2.34554e+00 1.21598e+00 -4.60186e-03 3.08986e-03
-2.34554e+00 1.21598e+00 -4.60186e-03 3.08986e-03
-2.34554e+00 1.21598e+00 -4.60186e-03 3.08986e-03
-2.34554e+00 1.21598e+00 -4.60186e-03 3.08986e-03
-2.34554e+00 1.21598e+00 -4.60186e-03 3.08986e-03
-2.34554e+00 1.21598e+00 -4.60186e-03 3.08986e-03
-2.34554e+00 1.21598e+00 -4.60186e-03 3.08986e-03
-2.34554e+00 1.21598e+00 -4.60186e-03 3.08986e-03
-1.94309e+00 9.03043e-01 -4.65628e-03 2.51439e-03
-4.00000e+00 0.00000e+00 -1.00000e-02 0.00000e+00
-2.43589e+00 7.71396e-01 -3.04312e-03 3.74335e-03
-2.34446e+00 1.21994e+00 -4.62777e-03 3.07640e-03
-2.34554e+00 1.21598e+00 -4.60186e-03 3.08986e-03
-2.34554e+00 1.21598e+00 -4.60186e-03 3.08986e-03
-2.34554e+00 1.21598e+00 -4.60186e-03 3.08986e-03
-2.34554e+00 1.21598e+00 -4.60186e-03 3.08986e-03
-4.00000e+00 4.00000e+00 -1.00000e-02 1.00000e-02
-4.00000e+00 4.00000e+00 -1.00000e-02 1.00000e-02
-4.00000e+00 4.00000e+00 -1.00000e-02 1.00000e-02
-2.34554e+00 1.21598e+00 -4.60186e-03 3.08986e-03
-2.34554e+00 1.21598e+00 -4.60186e-03 3.08986e-03
-3.00000e+00 4.00000e+00 -7.70126e-03 1.00000e-02
-2.34554e+00 1.21598e+00 -4.60186e-03 3.08986e-03
-2.34554e+00 1.21598e+00 -4.60186e-03 3.08986e-03
-2.34554e+00 1.21598e+00 -4.60186e-03 3.08986e-03
0.00000e+00 4.00000e+00 0.00000e+00 1.00000e-02
