-1.00000e+00 0.00000e+00 -4.57813e-03 0.00000e+00
-8.53553e-01 3.53554e-01 -4.61354e-03 2.38658e-03
-3.53554e-01 8.53553e-01 -2.38658e-03 4.61354e-03
0.00000e+00 1.00000e+00 0.00000e+00 4.57813e-03
-2.50000e+00 0.00000e+00 -6.10493e-03 0.00000e+00
-2.50000e+00 7.50000e-01 -6.29579e-03 2.25619e-03
-7.50000e-01 2.50000e+00 -2.25619e-03 6.29579e-03
0.00000e+00 2.50000e+00 0.00000e+00 6.10493e-03
-4.00000e+00 0.00000e+00 -1.00000e-02 0.00000e+00
-4.00000e+00 4.00000e+00 -1.00000e-02 1.00000e-02
-4.00000e+00 4.00000e+00 -1.00000e-02 1.00000e-02
0.00000e+00 4.00000e+00 0.00000e+00 1.00000e-02
