-1.00000e+00 0.00000e+00 -4.68759e-03 0.00000e+00
-9.63388e-01 8.83884e-02 -4.72138e-03 8.50257e-04
-9.20305e-01 1.70305e-01 -4.70052e-03 1.39520e-03
-8.77221e-01 2.52221e-01 -4.66610e-03 1.94813e-03
-8.27665e-01 3.27665e-01 -4.53728e-03 2.35997e-03
-7.78109e-01 4.03109e-01 -4.40744e-03 2.77574e-03
-7.22081e-01 4.72082e-01 -4.19906e-03 3.10934e-03
-6.66054e-01 5.41054e-01 -3.99111e-03 3.44477e-03
-6.03554e-01 6.03554e-01 -3.71715e-03 3.71715e-03
-5.41054e-01 6.66054e-01 -3.44477e-03 3.99111e-03
-4.72082e-01 7.22081e-01 -3.10934e-03 4.19906e-03
-4.03109e-01 7.78109e-01 -2.77574e-03 4.40744e-03
-3.27665e-01 8.27665e-01 -2.35997e-03 4.53728e-03
-2.52221e-01 8.77221e-01 -1.94813e-03 4.66610e-03
-1.70305e-01 9.20305e-01 -1.39520e-03 4.70052e-03
-8.83884e-02 9.63388e-01 -8.50257e-04 4.72138e-03
0.00000e+00 1.00000e+00 0.00000e+00 4.68759e-03
-1.37500e+00 0.00000e+00 -4.45243e-03 0.00000e+00
-1.34754e+00 1.13166e-01 -4.44118e-03 2.82922e-04
-1.30156e+00 2.23432e-01 -4.51717e-03 8.89590e-04
-1.25557e+00 3.33697e-01 -4.57304e-03 1.46262e-03
-1.19106e+00 4.41061e-01 -4.53386e-03 2.01295e-03
-1.12655e+00 5.48426e-01 -4.48829e-03 2.55401e-03
-1.04351e+00 6.52889e-01 -4.30776e-03 3.00302e-03
-9.60478e-01 7.57353e-01 -4.12720e-03 3.45095e-03
-8.58915e-01 8.58915e-01 -3.79100e-03 3.79100e-03
-7.57353e-01 9.60478e-01 -3.45095e-03 4.12720e-03
-6.52889e-01 1.04351e+00 -3.00302e-03 4.30776e-03
-5.48426e-01 1.12655e+00 -2.55401e-03 4.48829e-03
-4.41061e-01 1.19106e+00 -2.01295e-03 4.53386e-03
-3.33697e-01 1.25557e+00 -1.46262e-03 4.57304e-03
-2.23432e-01 1.30156e+00 -8.89590e-04 4.51717e-03
-1.13166e-01 1.34754e+00 -2.82922e-04 4.44118e-03
0.00000e+00 1.37500e+00 0.00000e+00 4.45243e-03
-1.75000e+00 0.00000e+00 -5.32508e-03 0.00000e+00
-1.72941e+00 1.82531e-01 -5.27454e-03 6.48266e-04
-1.68466e+00 3.48726e-01 -5.22748e-03 1.24053e-03
-1.63992e+00 5.14921e-01 -5.19711e-03 1.85341e-03
-1.57103e+00 6.64780e-01 -5.11574e-03 2.42278e-03
-1.50214e+00 8.14640e-01 -5.03113e-03 2.99006e-03
-1.40910e+00 9.48163e-01 -4.82797e-03 3.45947e-03
-1.31606e+00 1.08169e+00 -4.62340e-03 3.92779e-03
-1.19887e+00 1.19887e+00 -4.27668e-03 4.27668e-03
-1.08169e+00 1.31606e+00 -3.92779e-03 4.62340e-03
-9.48163e-01 1.40910e+00 -3.45947e-03 4.82797e-03
-8.14640e-01 1.50214e+00 -2.99006e-03 5.03113e-03
-6.64780e-01 1.57103e+00 -2.42278e-03 5.11574e-03
-5.14921e-01 1.63992e+00 -1.85341e-03 5.19711e-03
-3.48726e-01 1.68466e+00 -1.24053e-03 5.22748e-03
-1.82531e-01 1.72941e+00 -6.48266e-04 5.27454e-03
0.00000e+00 1.75000e+00 0.00000e+00 5.32508e-03
-2.12500e+00 0.00000e+00 -5.94714e-03 0.00000e+00
-2.11127e+00 2.51896e-01 -5.93493e-03 7.89836e-04
-2.06777e+00 4.74021e-01 -5.88368e-03 1.49831e-03
-2.02427e+00 6.96145e-01 -5.82851e-03 2.20087e-03
-1.95100e+00 8.88499e-01 -5.71015e-03 2.81465e-03
-1.87773e+00 1.08085e+00 -5.58997e-03 3.42825e-03
-1.77469e+00 1.24344e+00 -5.35785e-03 3.91865e-03
-1.67165e+00 1.40602e+00 -5.12410e-03 4.40749e-03
-1.53883e+00 1.53883e+00 -4.76549e-03 4.76549e-03
-1.40602e+00 1.67165e+00 -4.40749e-03 5.12410e-03
-1.24344e+00 1.77469e+00 -3.91865e-03 5.35785e-03
-1.08085e+00 1.87773e+00 -3.42825e-03 5.58997e-03
-8.88499e-01 1.95100e+00 -2.81465e-03 5.71015e-03
-6.96145e-01 2.02427e+00 -2.20087e-03 5.82851e-03
-4.74021e-01 2.06777e+00 -1.49831e-03 5.88368e-03
-2.51896e-01 2.11127e+00 -7.89836e-04 5.93493e-03
0.00000e+00 2.12500e+00 0.00000e+00 5.94714e-03
-2.50000e+00 0.00000e+00 -6.74055e-03 0.00000e+00
-2.49085e+00 3.65847e-01 -6.72476e-03 1.06703e-03
-2.45273e+00 6.71482e-01 -6.68289e-03 1.96341e-03
-2.41462e+00 9.77118e-01 -6.64089e-03 2.86040e-03
-2.34754e+00 1.22254e+00 -6.51616e-03 3.56516e-03
-2.28046e+00 1.46796e+00 -6.38866e-03 4.26799e-03
-2.18443e+00 1.65318e+00 -6.15742e-03 4.77216e-03
-2.08839e+00 1.83839e+00 -5.92504e-03 5.27535e-03
-1.96339e+00 1.96339e+00 -5.59870e-03 5.59870e-03
-1.83839e+00 2.08839e+00 -5.27535e-03 5.92504e-03
-1.65318e+00 2.18443e+00 -4.77216e-03 6.15742e-03
-1.46796e+00 2.28046e+00 -4.26799e-03 6.38866e-03
-1.22254e+00 2.34754e+00 -3.56516e-03 6.51616e-03
-9.77118e-01 2.41462e+00 -2.86040e-03 6.64089e-03
-6.71482e-01 2.45273e+00 -1.96341e-03 6.68289e-03
-3.65847e-01 2.49085e+00 -1.06703e-03 6.72476e-03
0.00000e+00 2.50000e+00 0.00000e+00 6.74055e-03
-2.87500e+00 0.00000e+00 -7.51872e-03 0.00000e+00
-2.87042e+00 4.79799e-01 -7.51469e-03 1.34280e-03
-2.83769e+00 8.68944e-01 -7.47952e-03 2.42662e-03
-2.80497e+00 1.25809e+00 -7.44268e-03 3.51032e-03
-2.74408e+00 1.55658e+00 -7.31129e-03 4.30707e-03
-2.68320e+00 1.85508e+00 -7.17530e-03 5.09951e-03
-2.59417e+00 2.06292e+00 -6.94784e-03 5.62071e-03
-2.50513e+00 2.27076e+00 -6.72071e-03 6.14108e-03
-2.38794e+00 2.38794e+00 -6.42875e-03 6.42875e-03
-2.27076e+00 2.50513e+00 -6.14108e-03 6.72071e-03
-2.06292e+00 2.59417e+00 -5.62071e-03 6.94784e-03
-1.85508e+00 2.68320e+00 -5.09951e-03 7.17530e-03
-1.55658e+00 2.74408e+00 -4.30707e-03 7.31129e-03
-1.25809e+00 2.80497e+00 -3.51032e-03 7.44268e-03
-8.68944e-01 2.83769e+00 -2.42662e-03 7.47952e-03
-4.79799e-01 2.87042e+00 -1.34280e-03 7.51469e-03
0.00000e+00 2.87500e+00 0.00000e+00 7.51872e-03
-3.25000e+00 0.00000e+00 -8.34237e-03 0.00000e+00
-3.24771e+00 6.38337e-01 -8.34331e-03 1.74257e-03
-3.22451e+00 1.13857e+00 -8.32126e-03 3.08849e-03
-3.20131e+00 1.63881e+00 -8.29378e-03 4.42956e-03
-3.15720e+00 2.00095e+00 -8.18747e-03 5.34820e-03
-3.11308e+00 2.36308e+00 -8.07834e-03 6.26320e-03
-3.04806e+00 2.58712e+00 -7.91199e-03 6.79898e-03
-2.98303e+00 2.81116e+00 -7.74671e-03 7.33612e-03
-2.89710e+00 2.89710e+00 -7.54006e-03 7.54006e-03
-2.81116e+00 2.98303e+00 -7.33612e-03 7.74671e-03
-2.58712e+00 3.04806e+00 -6.79898e-03 7.91199e-03
-2.36308e+00 3.11308e+00 -6.26320e-03 8.07834e-03
-2.00095e+00 3.15720e+00 -5.34820e-03 8.18747e-03
-1.63881e+00 3.20131e+00 -4.42956e-03 8.29378e-03
-1.13857e+00 3.22451e+00 -3.08849e-03 8.32126e-03
-6.38337e-01 3.24771e+00 -1.74257e-03 8.34331e-03
0.00000e+00 3.25000e+00 0.00000e+00 8.34237e-03
-3.62500e+00 0.00000e+00 -9.16582e-03 0.00000e+00
-3.62500e+00 7.96875e-01 -9.17239e-03 2.13962e-03
-3.61133e+00 1.40820e+00 -9.16100e-03 3.75021e-03
-3.59766e+00 2.01953e+00 -9.13512e-03 5.35450e-03
-3.57031e+00 2.44531e+00 -9.05455e-03 6.39816e-03
-3.54297e+00 2.87109e+00 -8.97673e-03 7.43043e-03
-3.50195e+00 3.11133e+00 -8.87476e-03 7.98023e-03
-3.46094e+00 3.35156e+00 -8.77409e-03 8.53089e-03
-3.40625e+00 3.40625e+00 -8.65185e-03 8.65185e-03
-3.35156e+00 3.46094e+00 -8.53089e-03 8.77409e-03
-3.11133e+00 3.50195e+00 -7.98023e-03 8.87476e-03
-2.87109e+00 3.54297e+00 -7.43043e-03 8.97673e-03
-2.44531e+00 3.57031e+00 -6.39816e-03 9.05455e-03
-2.01953e+00 3.59766e+00 -5.35450e-03 9.13512e-03
-1.40820e+00 3.61133e+00 -3.75021e-03 9.16100e-03
-7.96875e-01 3.62500e+00 -2.13962e-03 9.17239e-03
0.00000e+00 3.62500e+00 0.00000e+00 9.16582e-03
-4.00000e+00 0.00000e+00 -1.00000e-02 0.00000e+00
-4.00000e+00 1.00000e+00 -1.00000e-02 2.68730e-03
-4.00000e+00 1.75000e+00 -1.00000e-02 4.62865e-03
-4.00000e+00 2.50000e+00 -1.00000e-02 6.54636e-03
-4.00000e+00 3.00000e+00 -1.00000e-02 7.70782e-03
-4.00000e+00 3.50000e+00 -1.00000e-02 8.87600e-03
-4.00000e+00 3.75000e+00 -1.00000e-02 9.43529e-03
-4.00000e+00 4.00000e+00 -1.00000e-02 1.00000e-02
-4.00000e+00 4.00000e+00 -1.00000e-02 1.00000e-02
-4.00000e+00 4.00000e+00 -1.00000e-02 1.00000e-02
-3.75000e+00 4.00000e+00 -9.43529e-03 1.00000e-02
-3.50000e+00 4.00000e+00 -8.87600e-03 1.00000e-02
-3.00000e+00 4.00000e+00 -7.70782e-03 1.00000e-02
-2.50000e+00 4.00000e+00 -6.54636e-03 1.00000e-02
-1.75000e+00 4.00000e+00 -4.62865e-03 1.00000e-02
-1.00000e+00 4.00000e+00 -2.68730e-03 1.00000e-02
0.00000e+00 4.00000e+00 0.00000e+00 1.00000e-02
