-1.00000e+00 0.00000e+00 -4.74287e-03 0.00000e+00
-9.26777e-01 1.76777e-01 -4.75520e-03 1.39844e-03
-8.27665e-01 3.27665e-01 -4.50317e-03 2.23549e-03
-7.28553e-01 4.78554e-01 -4.23384e-03 3.10063e-03
-6.03554e-01 6.03554e-01 -3.66526e-03 3.66526e-03
-4.78554e-01 7.28553e-01 -3.10063e-03 4.23384e-03
-3.27665e-01 8.27665e-01 -2.23549e-03 4.50317e-03
-1.76777e-01 9.26777e-01 -1.39844e-03 4.75520e-03
0.00000e+00 1.00000e+00 0.00000e+00 4.74287e-03
-1.75000e+00 0.00000e+00 -4.83048e-03 0.00000e+00
-1.71339e+00 2.75888e-01 -4.80430e-03 7.75555e-04
-1.55446e+00 5.54458e-01 -4.73180e-03 1.95980e-03
-1.39553e+00 8.33027e-01 -4.62741e-03 3.08074e-03
-1.11428e+00 1.11428e+00 -3.88450e-03 3.88450e-03
-8.33027e-01 1.39553e+00 -3.08074e-03 4.62741e-03
-5.54458e-01 1.55446e+00 -1.95980e-03 4.73180e-03
-2.75888e-01 1.71339e+00 -7.75555e-04 4.80430e-03
0.00000e+00 1.75000e+00 0.00000e+00 4.83048e-03
-2.50000e+00 0.00000e+00 -6.73398e-03 0.00000e+00
-2.48169e+00 7.31694e-01 -6.72973e-03 2.14491e-03
-2.34754e+00 1.22254e+00 -6.51001e-03 3.55400e-03
-2.21339e+00 1.71339e+00 -6.24921e-03 4.94781e-03
-1.96339e+00 1.96339e+00 -5.58477e-03 5.58477e-03
-1.71339e+00 2.21339e+00 -4.94781e-03 6.24921e-03
-1.22254e+00 2.34754e+00 -3.55400e-03 6.51001e-03
-7.31694e-01 2.48169e+00 -2.14491e-03 6.72973e-03
0.00000e+00 2.50000e+00 0.00000e+00 6.73398e-03
-3.25000e+00 0.00000e+00 -8.31238e-03 0.00000e+00
-3.25000e+00 1.18750e+00 -8.38111e-03 3.23073e-03
-3.14062e+00 1.89062e+00 -8.10478e-03 5.07129e-03
-3.03125e+00 2.59375e+00 -7.78147e-03 6.81237e-03
-2.81250e+00 2.81250e+00 -7.27465e-03 7.27465e-03
-2.59375e+00 3.03125e+00 -6.81237e-03 7.78147e-03
-1.89062e+00 3.14062e+00 -5.07129e-03 8.10478e-03
-1.18750e+00 3.25000e+00 -3.23073e-03 8.38111e-03
0.00000e+00 3.25000e+00 0.00000e+00 8.31238e-03
-4.00000e+00 0.00000e+00 -1.00000e-02 0.00000e+00
-4.00000e+00 2.00000e+00 -1.00000e-02 5.38853e-03
-4.00000e+00 3.00000e+00 -1.00000e-02 7.70126e-03
-4.00000e+00 4.00000e+00 -1.00000e-02 1.00000e-02
-4.00000e+00 4.00000e+00 -1.00000e-02 1.00000e-02
-4.00000e+00 4.00000e+00 -1.00000e-02 1.00000e-02
-3.00000e+00 4.00000e+00 -7.70126e-03 1.00000e-02
-2.00000e+00 4.00000e+00 -5.38853e-03 1.00000e-02
0.00000e+00 4.00000e+00 0.00000e+00 1.00000e-02
