-1.00000e+00 0.00000e+00 -4.57813e-03 0.00000e+00
-9.26777e-01 1.76776e-01 -2.64407e-03 2.09040e-03
-8.27665e-01 3.27667e-01 -1.48317e-03 3.61434e-03
-7.28553e-01 4.78554e-01 -1.23959e-03 4.57752e-03
-6.03553e-01 6.03555e-01 -1.38582e-03 5.26353e-03
-4.78553e-01 7.28553e-01 -1.74754e-03 5.82681e-03
-3.55552e-01 8.51554e-01 -2.24718e-03 6.28892e-03
-3.62452e-01 8.79061e-01 -2.21066e-03 6.28507e-03
0.00000e+00 1.00000e+00 0.00000e+00 4.57813e-03
-1.75000e+00 -6.31972e-16 -4.45444e-03 1.18331e-03
-1.71338e+00 2.75889e-01 -3.89952e-03 1.70649e-03
-1.55446e+00 5.54458e-01 -3.16362e-03 2.47431e-03
-1.39553e+00 8.33027e-01 -2.57976e-03 3.34156e-03
-1.11428e+00 1.11428e+00 -2.22084e-03 4.35036e-03
-8.33029e-01 1.39553e+00 -1.93619e-03 5.34280e-03
-6.24667e-01 1.51380e+00 -1.79778e-03 5.98565e-03
-6.23693e-01 1.51212e+00 -1.79771e-03 5.98701e-03
-5.82001e-01 1.43735e+00 -1.80124e-03 6.04439e-03
-2.50000e+00 0.00000e+00 -6.10493e-03 0.00000e+00
-2.48169e+00 7.31695e-01 -4.33647e-03 2.11357e-03
-2.34754e+00 1.22254e+00 -4.34099e-03 2.17564e-03
-2.21339e+00 1.71339e+00 -4.23945e-03 2.52334e-03
-1.96340e+00 1.96338e+00 -3.84156e-03 3.14597e-03
-1.86801e+00 1.86801e+00 -3.64466e-03 3.26835e-03
-1.26478e+00 2.30297e+00 -2.59591e-03 4.97082e-03
-1.09664e+00 2.13507e+00 -2.29270e-03 5.25209e-03
0.00000e+00 2.50000e+00 0.00000e+00 6.10493e-03
-3.25000e+00 -4.03162e-15 -3.35866e-03 3.49008e-03
-3.25000e+00 1.18750e+00 -4.48585e-03 2.66407e-03
-3.14062e+00 1.89063e+00 -5.13954e-03 2.18653e-03
-3.03125e+00 2.59375e+00 -5.66733e-03 1.97826e-03
-2.81250e+00 2.81250e+00 -5.61069e-03 2.28714e-03
-2.59375e+00 3.03125e+00 -5.51261e-03 2.61709e-03
-2.04110e+00 2.92032e+00 -4.37086e-03 3.61320e-03
-1.66206e+00 2.64367e+00 -3.44539e-03 4.28531e-03
-1.12410e+00 2.16376e+00 -2.33921e-03 5.20663e-03
-4.00000e+00 0.00000e+00 -1.00000e-02 0.00000e+00
-3.99685e+00 1.99998e+00 -4.50487e-03 3.33215e-03
-3.99670e+00 3.00000e+00 -5.64337e-03 2.64409e-03
-4.00000e+00 4.00000e+00 -1.00000e-02 1.00000e-02
-4.00000e+00 4.00000e+00 -1.00000e-02 1.00000e-02
-4.00000e+00 4.00000e+00 -1.00000e-02 1.00000e-02
-3.20448e+00 3.60885e+00 -7.59275e-03 1.49038e-03
-2.48233e+00 3.20377e+00 -5.53981e-03 2.81642e-03
0.00000e+00 4.00000e+00 0.00000e+00 1.00000e-02
