-1.00000e+00 0.00000e+00 -4.61043e-03 0.00000e+00
-9.81694e-01 4.41942e-02 -4.63719e-03 5.17502e-04
-9.61770e-01 8.67704e-02 -4.66936e-03 8.65481e-04
-9.41846e-01 1.29347e-01 -4.69415e-03 1.21591e-03
-9.20305e-01 1.70305e-01 -4.68885e-03 1.48374e-03
-8.98763e-01 2.11263e-01 -4.68240e-03 1.75345e-03
-8.75603e-01 2.50603e-01 -4.64592e-03 1.97915e-03
-8.52443e-01 2.89943e-01 -4.60940e-03 2.20587e-03
-8.27665e-01 3.27665e-01 -4.54713e-03 2.40555e-03
-8.02887e-01 3.65387e-01 -4.48495e-03 2.60574e-03
-7.76491e-01 4.01491e-01 -4.40077e-03 2.78648e-03
-7.50095e-01 4.37596e-01 -4.31664e-03 2.96748e-03
-7.22081e-01 4.72082e-01 -4.21336e-03 3.13239e-03
-6.94067e-01 5.06568e-01 -4.11012e-03 3.29744e-03
-6.64436e-01 5.39436e-01 -3.98983e-03 3.44772e-03
-6.34804e-01 5.72304e-01 -3.86959e-03 3.59807e-03
-6.03554e-01 6.03554e-01 -3.73378e-03 3.73378e-03
-5.72304e-01 6.34804e-01 -3.59807e-03 3.86959e-03
-5.39436e-01 6.64436e-01 -3.44772e-03 3.98983e-03
-5.06568e-01 6.94067e-01 -3.29744e-03 4.11012e-03
-4.72082e-01 7.22081e-01 -3.13239e-03 4.21336e-03
-4.37596e-01 7.50095e-01 -2.96748e-03 4.31664e-03
-4.01491e-01 7.76491e-01 -2.78648e-03 4.40077e-03
-3.65387e-01 8.02887e-01 -2.60574e-03 4.48495e-03
-3.27665e-01 8.27665e-01 -2.40555e-03 4.54713e-03
-2.89943e-01 8.52443e-01 -2.20587e-03 4.60940e-03
-2.50603e-01 8.75603e-01 -1.97915e-03 4.64592e-03
-2.11263e-01 8.98763e-01 -1.75345e-03 4.68240e-03
-1.70305e-01 9.20305e-01 -1.48374e-03 4.68885e-03
-1.29347e-01 9.41846e-01 -1.21591e-03 4.69415e-03
-8.67704e-02 9.61770e-01 -8.65481e-04 4.66936e-03
-4.41942e-02 9.81694e-01 -5.17502e-04 4.63719e-03
0.00000e+00 1.00000e+00 0.00000e+00 4.61043e-03
-1.18750e+00 0.00000e+00 -4.39916e-03 0.00000e+00
-1.17148e+00 5.03887e-02 -4.40007e-03 1.15318e-04
-1.15234e+00 9.96057e-02 -4.46812e-03 4.33521e-04
-1.13320e+00 1.48823e-01 -4.52855e-03 7.37329e-04
-1.11093e+00 1.96868e-01 -4.56665e-03 1.05684e-03
-1.08866e+00 2.44914e-01 -4.60090e-03 1.37062e-03
-1.06327e+00 2.91787e-01 -4.59614e-03 1.65533e-03
-1.03788e+00 3.38661e-01 -4.59023e-03 1.93832e-03
-1.00936e+00 3.84363e-01 -4.54909e-03 2.18822e-03
-9.80847e-01 4.30066e-01 -4.50773e-03 2.43773e-03
-9.49205e-01 4.74596e-01 -4.43650e-03 2.65824e-03
-9.17564e-01 5.19127e-01 -4.36529e-03 2.87872e-03
-8.82798e-01 5.62485e-01 -4.26719e-03 3.07425e-03
-8.48032e-01 6.05844e-01 -4.16917e-03 3.26984e-03
-8.10141e-01 6.48032e-01 -4.04480e-03 3.44310e-03
-7.72250e-01 6.90219e-01 -3.92054e-03 3.61646e-03
-7.31234e-01 7.31234e-01 -3.76859e-03 3.76859e-03
-6.90219e-01 7.72250e-01 -3.61646e-03 3.92054e-03
-6.48032e-01 8.10141e-01 -3.44310e-03 4.04480e-03
-6.05844e-01 8.48032e-01 -3.26984e-03 4.16917e-03
-5.62485e-01 8.82798e-01 -3.07425e-03 4.26719e-03
-5.19127e-01 9.17564e-01 -2.87872e-03 4.36529e-03
-4.74596e-01 9.49205e-01 -2.65824e-03 4.43650e-03
-4.30066e-01 9.80847e-01 -2.43773e-03 4.50773e-03
-3.84363e-01 1.00936e+00 -2.18822e-03 4.54909e-03
-3.38661e-01 1.03788e+00 -1.93832e-03 4.59023e-03
-2.91787e-01 1.06327e+00 -1.65533e-03 4.59614e-03
-2.44914e-01 1.08866e+00 -1.37062e-03 4.60090e-03
-1.96868e-01 1.11093e+00 -1.05684e-03 4.56665e-03
-1.48823e-01 1.13320e+00 -7.37329e-04 4.52855e-03
-9.96057e-02 1.15234e+00 -4.33521e-04 4.46812e-03
-5.03887e-02 1.17148e+00 -1.15318e-04 4.40007e-03
0.00000e+00 1.18750e+00 0.00000e+00 4.39916e-03
-1.37500e+00 0.00000e+00 -4.76559e-03 0.00000e+00
-1.36098e+00 6.21565e-02 -4.73702e-03 2.77441e-04
-1.34274e+00 1.22525e-01 -4.72035e-03 5.38054e-04
-1.32449e+00 1.82893e-01 -4.71207e-03 8.08294e-04
-1.30202e+00 2.41474e-01 -4.71928e-03 1.09458e-03
-1.27955e+00 3.00054e-01 -4.72633e-03 1.38144e-03
-1.25284e+00 3.56846e-01 -4.72108e-03 1.66347e-03
-1.22614e+00 4.13638e-01 -4.71479e-03 1.94461e-03
-1.19520e+00 4.68642e-01 -4.68192e-03 2.20675e-03
-1.16427e+00 5.23646e-01 -4.64851e-03 2.46835e-03
-1.12911e+00 5.76862e-01 -4.58418e-03 2.70609e-03
-1.09395e+00 6.30078e-01 -4.51969e-03 2.94364e-03
-1.05455e+00 6.81506e-01 -4.42340e-03 3.15648e-03
-1.01516e+00 7.32934e-01 -4.32713e-03 3.36931e-03
-9.71538e-01 7.82573e-01 -4.19852e-03 3.55730e-03
-9.27916e-01 8.32213e-01 -4.06997e-03 3.74536e-03
-8.80064e-01 8.80064e-01 -3.90781e-03 3.90781e-03
-8.32213e-01 9.27916e-01 -3.74536e-03 4.06997e-03
-7.82573e-01 9.71538e-01 -3.55730e-03 4.19852e-03
-7.32934e-01 1.01516e+00 -3.36931e-03 4.32713e-03
-6.81506e-01 1.05455e+00 -3.15648e-03 4.42340e-03
-6.30078e-01 1.09395e+00 -2.94364e-03 4.51969e-03
-5.76862e-01 1.12911e+00 -2.70609e-03 4.58418e-03
-5.23646e-01 1.16427e+00 -2.46835e-03 4.64851e-03
-4.68642e-01 1.19520e+00 -2.20675e-03 4.68192e-03
-4.13638e-01 1.22614e+00 -1.94461e-03 4.71479e-03
-3.56846e-01 1.25284e+00 -1.66347e-03 4.72108e-03
-3.00054e-01 1.27955e+00 -1.38144e-03 4.72633e-03
-2.41474e-01 1.30202e+00 -1.09458e-03 4.71928e-03
-1.82893e-01 1.32449e+00 -8.08294e-04 4.71207e-03
-1.22525e-01 1.34274e+00 -5.38054e-04 4.72035e-03
-6.21565e-02 1.36098e+00 -2.77441e-04 4.73702e-03
0.00000e+00 1.37500e+00 0.00000e+00 4.76559e-03
-1.56250e+00 0.00000e+00 -4.96981e-03 0.00000e+00
-1.55049e+00 7.39243e-02 -4.96334e-03 2.77773e-04
-1.53314e+00 1.45444e-01 -4.94970e-03 5.61513e-04
-1.51579e+00 2.16964e-01 -4.92909e-03 8.36766e-04
-1.49311e+00 2.86079e-01 -4.91158e-03 1.11379e-03
-1.47043e+00 3.55194e-01 -4.89636e-03 1.39310e-03
-1.44241e+00 4.21905e-01 -4.88087e-03 1.67665e-03
-1.41440e+00 4.88615e-01 -4.86543e-03 1.96052e-03
-1.38105e+00 5.52921e-01 -4.83262e-03 2.23499e-03
-1.34770e+00 6.17227e-01 -4.79928e-03 2.50904e-03
-1.30901e+00 6.79128e-01 -4.73730e-03 2.76306e-03
-1.27033e+00 7.41029e-01 -4.67501e-03 3.01679e-03
-1.22631e+00 8.00526e-01 -4.57894e-03 3.24533e-03
-1.18229e+00 8.60023e-01 -4.48277e-03 3.47378e-03
-1.13294e+00 9.17115e-01 -4.35027e-03 3.67460e-03
-1.08358e+00 9.74207e-01 -4.21779e-03 3.87545e-03
-1.02889e+00 1.02889e+00 -4.04680e-03 4.04680e-03
-9.74207e-01 1.08358e+00 -3.87545e-03 4.21779e-03
-9.17115e-01 1.13294e+00 -3.67460e-03 4.35027e-03
-8.60023e-01 1.18229e+00 -3.47378e-03 4.48277e-03
-8.00526e-01 1.22631e+00 -3.24533e-03 4.57894e-03
-7.41029e-01 1.27033e+00 -3.01679e-03 4.67501e-03
-6.79128e-01 1.30901e+00 -2.76306e-03 4.73730e-03
-6.17227e-01 1.34770e+00 -2.50904e-03 4.79928e-03
-5.52921e-01 1.38105e+00 -2.23499e-03 4.83262e-03
-4.88615e-01 1.41440e+00 -1.96052e-03 4.86543e-03
-4.21905e-01 1.44241e+00 -1.67665e-03 4.88087e-03
-3.55194e-01 1.47043e+00 -1.39310e-03 4.89636e-03
-2.86079e-01 1.49311e+00 -1.11379e-03 4.91158e-03
-2.16964e-01 1.51579e+00 -8.36766e-04 4.92909e-03
-1.45444e-01 1.53314e+00 -5.61513e-04 4.94970e-03
-7.39243e-02 1.55049e+00 -2.77773e-04 4.96334e-03
0.00000e+00 1.56250e+00 0.00000e+00 4.96981e-03
-1.75000e+00 0.00000e+00 -5.30446e-03 0.00000e+00
-1.73970e+00 9.12655e-02 -5.28484e-03 3.17773e-04
-1.72337e+00 1.78447e-01 -5.26863e-03 6.28535e-04
-1.70703e+00 2.65629e-01 -5.25309e-03 9.40272e-04
-1.68466e+00 3.48726e-01 -5.23433e-03 1.24448e-03
-1.66229e+00 4.31824e-01 -5.21601e-03 1.54905e-03
-1.63388e+00 5.10837e-01 -5.19047e-03 1.84638e-03
-1.60548e+00 5.89851e-01 -5.16517e-03 2.14409e-03
-1.57103e+00 6.64780e-01 -5.12232e-03 2.42769e-03
-1.53658e+00 7.39710e-01 -5.07926e-03 2.71116e-03
-1.49610e+00 8.10556e-01 -5.00939e-03 2.97266e-03
-1.45562e+00 8.81401e-01 -4.93930e-03 3.23396e-03
-1.40910e+00 9.48163e-01 -4.83709e-03 3.46840e-03
-1.36258e+00 1.01492e+00 -4.73479e-03 3.70273e-03
-1.31002e+00 1.07760e+00 -4.59763e-03 3.90769e-03
-1.25747e+00 1.14028e+00 -4.46044e-03 4.11262e-03
-1.19887e+00 1.19887e+00 -4.28665e-03 4.28665e-03
-1.14028e+00 1.25747e+00 -4.11262e-03 4.46044e-03
-1.07760e+00 1.31002e+00 -3.90769e-03 4.59763e-03
-1.01492e+00 1.36258e+00 -3.70273e-03 4.73479e-03
-9.48163e-01 1.40910e+00 -3.46840e-03 4.83709e-03
-8.81401e-01 1.45562e+00 -3.23396e-03 4.93930e-03
-8.10556e-01 1.49610e+00 -2.97266e-03 5.00939e-03
-7.39710e-01 1.53658e+00 -2.71116e-03 5.07926e-03
-6.64780e-01 1.57103e+00 -2.42769e-03 5.12232e-03
-5.89851e-01 1.60548e+00 -2.14409e-03 5.16517e-03
-5.10837e-01 1.63388e+00 -1.84638e-03 5.19047e-03
-4.31824e-01 1.66229e+00 -1.54905e-03 5.21601e-03
-3.48726e-01 1.68466e+00 -1.24448e-03 5.23433e-03
-2.65629e-01 1.70703e+00 -9.40272e-04 5.25309e-03
-1.78447e-01 1.72337e+00 -6.28535e-04 5.26863e-03
-9.12655e-02 1.73970e+00 -3.17773e-04 5.28484e-03
0.00000e+00 1.75000e+00 0.00000e+00 5.30446e-03
-1.93750e+00 0.00000e+00 -5.62267e-03 0.00000e+00
-1.92892e+00 1.08607e-01 -5.60820e-03 3.56550e-04
-1.91360e+00 2.11450e-01 -5.58960e-03 6.97197e-04
-1.89828e+00 3.14293e-01 -5.57157e-03 1.03806e-03
-1.87622e+00 4.11373e-01 -5.54961e-03 1.36684e-03
-1.85416e+00 5.08453e-01 -5.52737e-03 1.69545e-03
-1.82536e+00 5.99770e-01 -5.49413e-03 2.00898e-03
-1.79656e+00 6.91087e-01 -5.46105e-03 2.32276e-03
-1.76101e+00 7.76640e-01 -5.40968e-03 2.61734e-03
-1.72547e+00 8.62193e-01 -5.35825e-03 2.91197e-03
-1.68319e+00 9.41983e-01 -5.28100e-03 3.18167e-03
-1.64091e+00 1.02177e+00 -5.20359e-03 3.45127e-03
-1.59189e+00 1.09580e+00 -5.09534e-03 3.69172e-03
-1.54287e+00 1.16983e+00 -4.98698e-03 3.93209e-03
-1.48711e+00 1.23809e+00 -4.84517e-03 4.14109e-03
-1.43135e+00 1.30635e+00 -4.70330e-03 4.35005e-03
-1.36885e+00 1.36885e+00 -4.52672e-03 4.52672e-03
-1.30635e+00 1.43135e+00 -4.35005e-03 4.70330e-03
-1.23809e+00 1.48711e+00 -4.14109e-03 4.84517e-03
-1.16983e+00 1.54287e+00 -3.93209e-03 4.98698e-03
-1.09580e+00 1.59189e+00 -3.69172e-03 5.09534e-03
-1.02177e+00 1.64091e+00 -3.45127e-03 5.20359e-03
-9.41983e-01 1.68319e+00 -3.18167e-03 5.28100e-03
-8.62193e-01 1.72547e+00 -2.91197e-03 5.35825e-03
-7.76640e-01 1.76101e+00 -2.61734e-03 5.40968e-03
-6.91087e-01 1.79656e+00 -2.32276e-03 5.46105e-03
-5.99770e-01 1.82536e+00 -2.00898e-03 5.49413e-03
-5.08453e-01 1.85416e+00 -1.69545e-03 5.52737e-03
-4.11373e-01 1.87622e+00 -1.36684e-03 5.54961e-03
-3.14293e-01 1.89828e+00 -1.03806e-03 5.57157e-03
-2.11450e-01 1.91360e+00 -6.97197e-04 5.58960e-03
-1.08607e-01 1.92892e+00 -3.56550e-04 5.60820e-03
0.00000e+00 1.93750e+00 0.00000e+00 5.62267e-03
-2.12500e+00 0.00000e+00 -5.98780e-03 0.00000e+00
-2.11785e+00 1.31521e-01 -5.97404e-03 4.10083e-04
-2.10366e+00 2.54537e-01 -5.95798e-03 7.97396e-04
-2.08947e+00 3.77552e-01 -5.94194e-03 1.18467e-03
-2.06823e+00 4.92062e-01 -5.91900e-03 1.54950e-03
-2.04700e+00 6.06572e-01 -5.89626e-03 1.91456e-03
-2.01873e+00 7.12577e-01 -5.86017e-03 2.25515e-03
-1.99046e+00 8.18581e-01 -5.82410e-03 2.59584e-03
-1.95514e+00 9.16080e-01 -5.76752e-03 2.90794e-03
-1.91983e+00 1.01358e+00 -5.71080e-03 3.21998e-03
-1.87747e+00 1.10257e+00 -5.62777e-03 3.49937e-03
-1.83512e+00 1.19157e+00 -5.54458e-03 3.77862e-03
-1.78573e+00 1.27205e+00 -5.43192e-03 4.02294e-03
-1.73633e+00 1.35254e+00 -5.31916e-03 4.26717e-03
-1.67989e+00 1.42452e+00 -5.17585e-03 4.47596e-03
-1.62346e+00 1.49651e+00 -5.03250e-03 4.68472e-03
-1.55998e+00 1.55998e+00 -4.85856e-03 4.85856e-03
-1.49651e+00 1.62346e+00 -4.68472e-03 5.03250e-03
-1.42452e+00 1.67989e+00 -4.47596e-03 5.17585e-03
-1.35254e+00 1.73633e+00 -4.26717e-03 5.31916e-03
-1.27205e+00 1.78573e+00 -4.02294e-03 5.43192e-03
-1.19157e+00 1.83512e+00 -3.77862e-03 5.54458e-03
-1.10257e+00 1.87747e+00 -3.49937e-03 5.62777e-03
-1.01358e+00 1.91983e+00 -3.21998e-03 5.71080e-03
-9.16080e-01 1.95514e+00 -2.90794e-03 5.76752e-03
-8.18581e-01 1.99046e+00 -2.59584e-03 5.82410e-03
-7.12577e-01 2.01873e+00 -2.25515e-03 5.86017e-03
-6.06572e-01 2.04700e+00 -1.91456e-03 5.89626e-03
-4.92062e-01 2.06823e+00 -1.54950e-03 5.91900e-03
-3.77552e-01 2.08947e+00 -1.18467e-03 5.94194e-03
-2.54537e-01 2.10366e+00 -7.97396e-04 5.95798e-03
-1.31521e-01 2.11785e+00 -4.10083e-04 5.97404e-03
0.00000e+00 2.12500e+00 0.00000e+00 5.98780e-03
-2.31250e+00 0.00000e+00 -6.35134e-03 0.00000e+00
-2.30678e+00 1.54436e-01 -6.34011e-03 4.64351e-04
-2.29372e+00 2.97624e-01 -6.32529e-03 8.97055e-04
-2.28066e+00 4.40811e-01 -6.31079e-03 1.33000e-03
-2.26025e+00 5.72751e-01 -6.28737e-03 1.73130e-03
-2.23985e+00 7.04692e-01 -6.26403e-03 2.13272e-03
-2.21210e+00 8.25384e-01 -6.22482e-03 2.50008e-03
-2.18436e+00 9.46076e-01 -6.18554e-03 2.86747e-03
-2.14927e+00 1.05552e+00 -6.12376e-03 3.19714e-03
-2.11418e+00 1.16496e+00 -6.06181e-03 3.52672e-03
-2.07176e+00 1.26316e+00 -5.97321e-03 3.81602e-03
-2.02933e+00 1.36136e+00 -5.88445e-03 4.10521e-03
-1.97956e+00 1.44831e+00 -5.76763e-03 4.35362e-03
-1.92979e+00 1.53526e+00 -5.65073e-03 4.60195e-03
-1.87268e+00 1.61096e+00 -5.50613e-03 4.81064e-03
-1.81556e+00 1.68666e+00 -5.36151e-03 5.01931e-03
-1.75111e+00 1.75111e+00 -5.19027e-03 5.19027e-03
-1.68666e+00 1.81556e+00 -5.01931e-03 5.36151e-03
-1.61096e+00 1.87268e+00 -4.81064e-03 5.50613e-03
-1.53526e+00 1.92979e+00 -4.60195e-03 5.65073e-03
-1.44831e+00 1.97956e+00 -4.35362e-03 5.76763e-03
-1.36136e+00 2.02933e+00 -4.10521e-03 5.88445e-03
-1.26316e+00 2.07176e+00 -3.81602e-03 5.97321e-03
-1.16496e+00 2.11418e+00 -3.52672e-03 6.06181e-03
-1.05552e+00 2.14927e+00 -3.19714e-03 6.12376e-03
-9.46076e-01 2.18436e+00 -2.86747e-03 6.18554e-03
-8.25384e-01 2.21210e+00 -2.50008e-03 6.22482e-03
-7.04692e-01 2.23985e+00 -2.13272e-03 6.26403e-03
-5.72751e-01 2.26025e+00 -1.73130e-03 6.28737e-03
-4.40811e-01 2.28066e+00 -1.33000e-03 6.31079e-03
-2.97624e-01 2.29372e+00 -8.97055e-04 6.32529e-03
-1.54436e-01 2.30678e+00 -4.64351e-04 6.34011e-03
0.00000e+00 2.31250e+00 0.00000e+00 6.35134e-03
-2.50000e+00 0.00000e+00 -6.73936e-03 0.00000e+00
-2.49542e+00 1.82924e-01 -6.73030e-03 5.33371e-04
-2.48361e+00 3.50794e-01 -6.71803e-03 1.02449e-03
-2.47179e+00 5.18665e-01 -6.70592e-03 1.51567e-03
-2.45273e+00 6.71482e-01 -6.68389e-03 1.96365e-03
-2.43368e+00 8.24300e-01 -6.66188e-03 2.41170e-03
-2.40738e+00 9.62065e-01 -6.62227e-03 2.81351e-03
-2.38108e+00 1.09983e+00 -6.58252e-03 3.21525e-03
-2.34754e+00 1.22254e+00 -6.51933e-03 3.56768e-03
-2.31400e+00 1.34525e+00 -6.45592e-03 3.91995e-03
-2.27322e+00 1.45291e+00 -6.36650e-03 4.22187e-03
-2.23245e+00 1.56057e+00 -6.27692e-03 4.52366e-03
-2.18443e+00 1.65318e+00 -6.16146e-03 4.77633e-03
-2.13641e+00 1.74578e+00 -6.04594e-03 5.02894e-03
-2.08115e+00 1.82334e+00 -5.90600e-03 5.23498e-03
-2.02589e+00 1.90089e+00 -5.76605e-03 5.44102e-03
-1.96339e+00 1.96339e+00 -5.60336e-03 5.60336e-03
-1.90089e+00 2.02589e+00 -5.44102e-03 5.76605e-03
-1.82334e+00 2.08115e+00 -5.23498e-03 5.90600e-03
-1.74578e+00 2.13641e+00 -5.02894e-03 6.04594e-03
-1.65318e+00 2.18443e+00 -4.77633e-03 6.16146e-03
-1.56057e+00 2.23245e+00 -4.52366e-03 6.27692e-03
-1.45291e+00 2.27322e+00 -4.22187e-03 6.36650e-03
-1.34525e+00 2.31400e+00 -3.91995e-03 6.45592e-03
-1.22254e+00 2.34754e+00 -3.56768e-03 6.51933e-03
-1.09983e+00 2.38108e+00 -3.21525e-03 6.58252e-03
-9.62065e-01 2.40738e+00 -2.81351e-03 6.62227e-03
-8.24300e-01 2.43368e+00 -2.41170e-03 6.66188e-03
-6.71482e-01 2.45273e+00 -1.96365e-03 6.68389e-03
-5.18665e-01 2.47179e+00 -1.51567e-03 6.70592e-03
-3.50794e-01 2.48361e+00 -1.02449e-03 6.71803e-03
-1.82924e-01 2.49542e+00 -5.33371e-04 6.73030e-03
0.00000e+00 2.50000e+00 0.00000e+00 6.73936e-03
-2.68750e+00 0.00000e+00 -7.12709e-03 0.00000e+00
-2.68407e+00 2.11411e-01 -7.12029e-03 6.02370e-04
-2.67350e+00 4.03965e-01 -7.11045e-03 1.15170e-03
-2.66292e+00 5.96518e-01 -7.10080e-03 1.70114e-03
-2.64521e+00 7.70213e-01 -7.08009e-03 2.19571e-03
-2.62750e+00 9.43909e-01 -7.05935e-03 2.69035e-03
-2.60265e+00 1.09875e+00 -7.01928e-03 3.12656e-03
-2.57780e+00 1.25358e+00 -6.97898e-03 3.56263e-03
-2.54581e+00 1.38956e+00 -6.91430e-03 3.93781e-03
-2.51382e+00 1.52554e+00 -6.84937e-03 4.31277e-03
-2.47469e+00 1.64266e+00 -6.75910e-03 4.62734e-03
-2.43556e+00 1.75978e+00 -6.66870e-03 4.94178e-03
-2.38930e+00 1.85805e+00 -6.55467e-03 5.19877e-03
-2.34303e+00 1.95631e+00 -6.44061e-03 5.45571e-03
-2.28962e+00 2.03571e+00 -6.30542e-03 5.65912e-03
-2.23621e+00 2.11512e+00 -6.17026e-03 5.86254e-03
-2.17567e+00 2.17567e+00 -6.01618e-03 6.01618e-03
-2.11512e+00 2.23621e+00 -5.86254e-03 6.17026e-03
-2.03571e+00 2.28962e+00 -5.65912e-03 6.30542e-03
-1.95631e+00 2.34303e+00 -5.45571e-03 6.44061e-03
-1.85805e+00 2.38930e+00 -5.19877e-03 6.55467e-03
-1.75978e+00 2.43556e+00 -4.94178e-03 6.66870e-03
-1.64266e+00 2.47469e+00 -4.62734e-03 6.75910e-03
-1.52554e+00 2.51382e+00 -4.31277e-03 6.84937e-03
-1.38956e+00 2.54581e+00 -3.93781e-03 6.91430e-03
-1.25358e+00 2.57780e+00 -3.56263e-03 6.97898e-03
-1.09875e+00 2.60265e+00 -3.12656e-03 7.01928e-03
-9.43909e-01 2.62750e+00 -2.69035e-03 7.05935e-03
-7.70213e-01 2.64521e+00 -2.19571e-03 7.08009e-03
-5.96518e-01 2.66292e+00 -1.70114e-03 7.10080e-03
-4.03965e-01 2.67350e+00 -1.15170e-03 7.11045e-03
-2.11411e-01 2.68407e+00 -6.02370e-04 7.12029e-03
0.00000e+00 2.68750e+00 0.00000e+00 7.12709e-03
-2.87500e+00 0.00000e+00 -7.52926e-03 0.00000e+00
-2.87243e+00 2.45473e-01 -7.52431e-03 6.86243e-04
-2.86322e+00 4.67219e-01 -7.51714e-03 1.30614e-03
-2.85400e+00 6.88966e-01 -7.51013e-03 1.92612e-03
-2.83816e+00 8.86986e-01 -7.49170e-03 2.47675e-03
-2.82231e+00 1.08501e+00 -7.47312e-03 3.02734e-03
-2.79983e+00 1.25930e+00 -7.43475e-03 3.50457e-03
-2.77735e+00 1.43360e+00 -7.39604e-03 3.98154e-03
-2.74823e+00 1.58416e+00 -7.33378e-03 4.38374e-03
-2.71911e+00 1.73473e+00 -7.27126e-03 4.78568e-03
-2.68335e+00 1.86157e+00 -7.18579e-03 5.11518e-03
-2.64760e+00 1.98842e+00 -7.10024e-03 5.44455e-03
-2.60520e+00 2.09153e+00 -6.99434e-03 5.70592e-03
-2.56281e+00 2.19465e+00 -6.88846e-03 5.96727e-03
-2.51379e+00 2.27404e+00 -6.76491e-03 6.16533e-03
-2.46476e+00 2.35343e+00 -6.64141e-03 6.36342e-03
-2.40909e+00 2.40909e+00 -6.50221e-03 6.50221e-03
-2.35343e+00 2.46476e+00 -6.36342e-03 6.64141e-03
-2.27404e+00 2.51379e+00 -6.16533e-03 6.76491e-03
-2.19465e+00 2.56281e+00 -5.96727e-03 6.88846e-03
-2.09153e+00 2.60520e+00 -5.70592e-03 6.99434e-03
-1.98842e+00 2.64760e+00 -5.44455e-03 7.10024e-03
-1.86157e+00 2.68335e+00 -5.11518e-03 7.18579e-03
-1.73473e+00 2.71911e+00 -4.78568e-03 7.27126e-03
-1.58416e+00 2.74823e+00 -4.38374e-03 7.33378e-03
-1.43360e+00 2.77735e+00 -3.98154e-03 7.39604e-03
-1.25930e+00 2.79983e+00 -3.50457e-03 7.43475e-03
-1.08501e+00 2.82231e+00 -3.02734e-03 7.47312e-03
-8.86986e-01 2.83816e+00 -2.47675e-03 7.49170e-03
-6.88966e-01 2.85400e+00 -1.92612e-03 7.51013e-03
-4.67219e-01 2.86322e+00 -1.30614e-03 7.51714e-03
-2.45473e-01 2.87243e+00 -6.86243e-04 7.52431e-03
0.00000e+00 2.87500e+00 0.00000e+00 7.52926e-03
-3.06250e+00 0.00000e+00 -7.93136e-03 0.00000e+00
-3.06078e+00 2.79534e-01 -7.92826e-03 7.70045e-04
-3.05293e+00 5.30474e-01 -7.92377e-03 1.46045e-03
-3.04509e+00 7.81413e-01 -7.91942e-03 2.15094e-03
-3.03110e+00 1.00376e+00 -7.90322e-03 2.75762e-03
-3.01712e+00 1.22610e+00 -7.88676e-03 3.36419e-03
-2.99700e+00 1.41986e+00 -7.84997e-03 3.88248e-03
-2.97689e+00 1.61361e+00 -7.81277e-03 4.40041e-03
-2.95064e+00 1.77877e+00 -7.75283e-03 4.82967e-03
-2.92439e+00 1.94392e+00 -7.69265e-03 5.25864e-03
-2.89201e+00 2.08049e+00 -7.61197e-03 5.60307e-03
-2.85963e+00 2.21705e+00 -7.53126e-03 5.94740e-03
-2.82111e+00 2.32502e+00 -7.43355e-03 6.21311e-03
-2.78260e+00 2.43299e+00 -7.33590e-03 6.47885e-03
-2.73795e+00 2.51236e+00 -7.22406e-03 6.67148e-03
-2.69330e+00 2.59174e+00 -7.11227e-03 6.86417e-03
-2.64252e+00 2.64252e+00 -6.98803e-03 6.98803e-03
-2.59174e+00 2.69330e+00 -6.86417e-03 7.11227e-03
-2.51236e+00 2.73795e+00 -6.67148e-03 7.22406e-03
-2.43299e+00 2.78260e+00 -6.47885e-03 7.33590e-03
-2.32502e+00 2.82111e+00 -6.21311e-03 7.43355e-03
-2.21705e+00 2.85963e+00 -5.94740e-03 7.53126e-03
-2.08049e+00 2.89201e+00 -5.60307e-03 7.61197e-03
-1.94392e+00 2.92439e+00 -5.25864e-03 7.69265e-03
-1.77877e+00 2.95064e+00 -4.82967e-03 7.75283e-03
-1.61361e+00 2.97689e+00 -4.40041e-03 7.81277e-03
-1.41986e+00 2.99700e+00 -3.88248e-03 7.84997e-03
-1.22610e+00 3.01712e+00 -3.36419e-03 7.88676e-03
-1.00376e+00 3.03110e+00 -2.75762e-03 7.90322e-03
-7.81413e-01 3.04509e+00 -2.15094e-03 7.91942e-03
-5.30474e-01 3.05293e+00 -1.46045e-03 7.92377e-03
-2.79534e-01 3.06078e+00 -7.70045e-04 7.92826e-03
0.00000e+00 3.06250e+00 0.00000e+00 7.93136e-03
-3.25000e+00 0.00000e+00 -8.34206e-03 0.00000e+00
-3.24886e+00 3.19168e-01 -8.34019e-03 8.69507e-04
-3.24248e+00 6.03812e-01 -8.33793e-03 1.64314e-03
-3.23611e+00 8.88455e-01 -8.33571e-03 2.41685e-03
-3.22451e+00 1.13857e+00 -8.32213e-03 3.08881e-03
-3.21291e+00 1.38869e+00 -8.30816e-03 3.76051e-03
-3.19608e+00 1.60429e+00 -8.27521e-03 4.32572e-03
-3.17925e+00 1.81988e+00 -8.24182e-03 4.89042e-03
-3.15720e+00 2.00095e+00 -8.18879e-03 5.35014e-03
-3.13514e+00 2.18202e+00 -8.13557e-03 5.80958e-03
-3.10786e+00 2.32856e+00 -8.06599e-03 6.17039e-03
-3.08057e+00 2.47510e+00 -7.99644e-03 6.53118e-03
-3.04806e+00 2.58712e+00 -7.91389e-03 6.80066e-03
-3.01555e+00 2.69914e+00 -7.83143e-03 7.07022e-03
-2.97781e+00 2.77663e+00 -7.73806e-03 7.25439e-03
-2.94007e+00 2.85413e+00 -7.64474e-03 7.43864e-03
-2.89710e+00 2.89710e+00 -7.54155e-03 7.54155e-03
-2.85413e+00 2.94007e+00 -7.43864e-03 7.64474e-03
-2.77663e+00 2.97781e+00 -7.25439e-03 7.73806e-03
-2.69914e+00 3.01555e+00 -7.07022e-03 7.83143e-03
-2.58712e+00 3.04806e+00 -6.80066e-03 7.91389e-03
-2.47510e+00 3.08057e+00 -6.53118e-03 7.99644e-03
-2.32856e+00 3.10786e+00 -6.17039e-03 8.06599e-03
-2.18202e+00 3.13514e+00 -5.80958e-03 8.13557e-03
-2.00095e+00 3.15720e+00 -5.35014e-03 8.18879e-03
-1.81988e+00 3.17925e+00 -4.89042e-03 8.24182e-03
-1.60429e+00 3.19608e+00 -4.32572e-03 8.27521e-03
-1.38869e+00 3.21291e+00 -3.76051e-03 8.30816e-03
-1.13857e+00 3.22451e+00 -3.08881e-03 8.32213e-03
-8.88455e-01 3.23611e+00 -2.41685e-03 8.33571e-03
-6.03812e-01 3.24248e+00 -1.64314e-03 8.33793e-03
-3.19168e-01 3.24886e+00 -8.69507e-04 8.34019e-03
0.00000e+00 3.25000e+00 0.00000e+00 8.34206e-03
-3.43750e+00 0.00000e+00 -8.75275e-03 0.00000e+00
-3.43693e+00 3.58803e-01 -8.75213e-03 9.68873e-04
-3.43203e+00 6.77150e-01 -8.75212e-03 1.82567e-03
-3.42714e+00 9.95497e-01 -8.75204e-03 2.68259e-03
-3.41792e+00 1.27339e+00 -8.74094e-03 3.41996e-03
-3.40870e+00 1.55128e+00 -8.72929e-03 4.15694e-03
-3.39516e+00 1.78872e+00 -8.70001e-03 4.76925e-03
-3.38162e+00 2.02615e+00 -8.67022e-03 5.38090e-03
-3.36376e+00 2.22313e+00 -8.62406e-03 5.87118e-03
-3.34589e+00 2.42011e+00 -8.57786e-03 6.36104e-03
-3.32370e+00 2.57663e+00 -8.51950e-03 6.73821e-03
-3.30152e+00 2.73316e+00 -8.46129e-03 7.11530e-03
-3.27501e+00 2.84923e+00 -8.39406e-03 7.38844e-03
-3.24850e+00 2.96529e+00 -8.32694e-03 7.66167e-03
-3.21766e+00 3.04091e+00 -8.25209e-03 7.83731e-03
-3.18683e+00 3.11652e+00 -8.17726e-03 8.01302e-03
-3.15167e+00 3.15167e+00 -8.09503e-03 8.09503e-03
-3.11652e+00 3.18683e+00 -8.01302e-03 8.17726e-03
-3.04091e+00 3.21766e+00 -7.83731e-03 8.25209e-03
-2.96529e+00 3.24850e+00 -7.66167e-03 8.32694e-03
-2.84923e+00 3.27501e+00 -7.38844e-03 8.39406e-03
-2.73316e+00 3.30152e+00 -7.11530e-03 8.46129e-03
-2.57663e+00 3.32370e+00 -6.73821e-03 8.51950e-03
-2.42011e+00 3.34589e+00 -6.36104e-03 8.57786e-03
-2.22313e+00 3.36376e+00 -5.87118e-03 8.62406e-03
-2.02615e+00 3.38162e+00 -5.38090e-03 8.67022e-03
-1.78872e+00 3.39516e+00 -4.76925e-03 8.70001e-03
-1.55128e+00 3.40870e+00 -4.15694e-03 8.72929e-03
-1.27339e+00 3.41792e+00 -3.41996e-03 8.74094e-03
-9.95497e-01 3.42714e+00 -2.68259e-03 8.75204e-03
-6.77150e-01 3.43203e+00 -1.82567e-03 8.75212e-03
-3.58803e-01 3.43693e+00 -9.68873e-04 8.75213e-03
0.00000e+00 3.43750e+00 0.00000e+00 8.75275e-03
-3.62500e+00 0.00000e+00 -9.16802e-03 0.00000e+00
-3.62471e+00 4.04011e-01 -9.16787e-03 1.08541e-03
-3.62141e+00 7.60572e-01 -9.16879e-03 2.03898e-03
-3.61811e+00 1.11713e+00 -9.16941e-03 2.99275e-03
-3.61179e+00 1.42624e+00 -9.16134e-03 3.80428e-03
-3.60547e+00 1.73536e+00 -9.15270e-03 4.61503e-03
-3.59614e+00 1.99702e+00 -9.13076e-03 5.27859e-03
-3.58681e+00 2.25868e+00 -9.10849e-03 5.94131e-03
-3.57446e+00 2.47289e+00 -9.07534e-03 6.46362e-03
-3.56211e+00 2.68711e+00 -9.04218e-03 6.98578e-03
-3.54674e+00 2.85387e+00 -9.00169e-03 7.37964e-03
-3.53137e+00 3.02063e+00 -8.96132e-03 7.77372e-03
-3.51299e+00 3.13994e+00 -8.91546e-03 8.04982e-03
-3.49461e+00 3.25926e+00 -8.86968e-03 8.32614e-03
-3.47321e+00 3.33112e+00 -8.81877e-03 8.49076e-03
-3.45181e+00 3.40299e+00 -8.76786e-03 8.65552e-03
-3.42740e+00 3.42740e+00 -8.71163e-03 8.71163e-03
-3.40299e+00 3.45181e+00 -8.65552e-03 8.76786e-03
-3.33112e+00 3.47321e+00 -8.49076e-03 8.81877e-03
-3.25926e+00 3.49461e+00 -8.32614e-03 8.86968e-03
-3.13994e+00 3.51299e+00 -8.04982e-03 8.91546e-03
-3.02063e+00 3.53137e+00 -7.77372e-03 8.96132e-03
-2.85387e+00 3.54674e+00 -7.37964e-03 9.00169e-03
-2.68711e+00 3.56211e+00 -6.98578e-03 9.04218e-03
-2.47289e+00 3.57446e+00 -6.46362e-03 9.07534e-03
-2.25868e+00 3.58681e+00 -5.94131e-03 9.10849e-03
-1.99702e+00 3.59614e+00 -5.27859e-03 9.13076e-03
-1.73536e+00 3.60547e+00 -4.61503e-03 9.15270e-03
-1.42624e+00 3.61179e+00 -3.80428e-03 9.16134e-03
-1.11713e+00 3.61811e+00 -2.99275e-03 9.16941e-03
-7.60572e-01 3.62141e+00 -2.03898e-03 9.16879e-03
-4.04011e-01 3.62471e+00 -1.08541e-03 9.16787e-03
0.00000e+00 3.62500e+00 0.00000e+00 9.16802e-03
-3.81250e+00 0.00000e+00 -9.58333e-03 0.00000e+00
-3.81250e+00 4.49219e-01 -9.58366e-03 1.20183e-03
-3.81079e+00 8.43994e-01 -9.58557e-03 2.25208e-03
-3.80908e+00 1.23877e+00 -9.58662e-03 3.30299e-03
-3.80566e+00 1.57910e+00 -9.58140e-03 4.18887e-03
-3.80225e+00 1.91943e+00 -9.57520e-03 5.07391e-03
-3.79712e+00 2.20532e+00 -9.56053e-03 5.78905e-03
-3.79199e+00 2.49121e+00 -9.54596e-03 6.50247e-03
-3.78516e+00 2.72266e+00 -9.52607e-03 7.05712e-03
-3.77832e+00 2.95410e+00 -9.50656e-03 7.61064e-03
-3.76978e+00 3.13110e+00 -9.48433e-03 8.02134e-03
-3.76123e+00 3.30811e+00 -9.46227e-03 8.43177e-03
-3.75098e+00 3.43066e+00 -9.43789e-03 8.71088e-03
-3.74072e+00 3.55322e+00 -9.41355e-03 8.99011e-03
-3.72876e+00 3.62134e+00 -9.38630e-03 9.14387e-03
-3.71680e+00 3.68945e+00 -9.35905e-03 9.29770e-03
-3.70312e+00 3.70312e+00 -9.32836e-03 9.32836e-03
-3.68945e+00 3.71680e+00 -9.29770e-03 9.35905e-03
-3.62134e+00 3.72876e+00 -9.14387e-03 9.38630e-03
-3.55322e+00 3.74072e+00 -8.99011e-03 9.41355e-03
-3.43066e+00 3.75098e+00 -8.71088e-03 9.43789e-03
-3.30811e+00 3.76123e+00 -8.43177e-03 9.46227e-03
-3.13110e+00 3.76978e+00 -8.02134e-03 9.48433e-03
-2.95410e+00 3.77832e+00 -7.61064e-03 9.50656e-03
-2.72266e+00 3.78516e+00 -7.05712e-03 9.52607e-03
-2.49121e+00 3.79199e+00 -6.50247e-03 9.54596e-03
-2.20532e+00 3.79712e+00 -5.78905e-03 9.56053e-03
-1.91943e+00 3.80225e+00 -5.07391e-03 9.57520e-03
-1.57910e+00 3.80566e+00 -4.18887e-03 9.58140e-03
-1.23877e+00 3.80908e+00 -3.30299e-03 9.58662e-03
-8.43994e-01 3.81079e+00 -2.25208e-03 9.58557e-03
-4.49219e-01 3.81250e+00 -1.20183e-03 9.58366e-03
0.00000e+00 3.81250e+00 0.00000e+00 9.58333e-03
-4.00000e+00 0.00000e+00 -1.00000e-02 0.00000e+00
-4.00000e+00 5.00000e-01 -1.00000e-02 1.33767e-03
-4.00000e+00 9.37500e-01 -1.00000e-02 2.49992e-03
-4.00000e+00 1.37500e+00 -1.00000e-02 3.66203e-03
-4.00000e+00 1.75000e+00 -1.00000e-02 4.62889e-03
-4.00000e+00 2.12500e+00 -1.00000e-02 5.59379e-03
-4.00000e+00 2.43750e+00 -1.00000e-02 6.35942e-03
-4.00000e+00 2.75000e+00 -1.00000e-02 7.12477e-03
-4.00000e+00 3.00000e+00 -1.00000e-02 7.70992e-03
-4.00000e+00 3.25000e+00 -1.00000e-02 8.29623e-03
-4.00000e+00 3.43750e+00 -1.00000e-02 8.72389e-03
-4.00000e+00 3.62500e+00 -1.00000e-02 9.15256e-03
-4.00000e+00 3.75000e+00 -1.00000e-02 9.43496e-03
-4.00000e+00 3.87500e+00 -1.00000e-02 9.71782e-03
-4.00000e+00 3.93750e+00 -1.00000e-02 9.85883e-03
-4.00000e+00 4.00000e+00 -1.00000e-02 1.00000e-02
-4.00000e+00 4.00000e+00 -1.00000e-02 1.00000e-02
-4.00000e+00 4.00000e+00 -1.00000e-02 1.00000e-02
-3.93750e+00 4.00000e+00 -9.85883e-03 1.00000e-02
-3.87500e+00 4.00000e+00 -9.71782e-03 1.00000e-02
-3.75000e+00 4.00000e+00 -9.43496e-03 1.00000e-02
-3.62500e+00 4.00000e+00 -9.15256e-03 1.00000e-02
-3.43750e+00 4.00000e+00 -8.72389e-03 1.00000e-02
-3.25000e+00 4.00000e+00 -8.29623e-03 1.00000e-02
-3.00000e+00 4.00000e+00 -7.70992e-03 1.00000e-02
-2.75000e+00 4.00000e+00 -7.12477e-03 1.00000e-02
-2.43750e+00 4.00000e+00 -6.35942e-03 1.00000e-02
-2.12500e+00 4.00000e+00 -5.59379e-03 1.00000e-02
-1.75000e+00 4.00000e+00 -4.62889e-03 1.00000e-02
-1.37500e+00 4.00000e+00 -3.66203e-03 1.00000e-02
-9.37500e-01 4.00000e+00 -2.49992e-03 1.00000e-02
-5.00000e-01 4.00000e+00 -1.33767e-03 1.00000e-02
0.00000e+00 4.00000e+00 0.00000e+00 1.00000e-02
