-1.00000e+00 0.00000e+00 -7.65570e-05
-1.06122e+00 0.00000e+00 -6.66155e-05
-1.12245e+00 0.00000e+00 -5.78715e-05
-1.18367e+00 0.00000e+00 -5.03580e-05
-1.24490e+00 0.00000e+00 -4.40475e-05
-1.30612e+00 0.00000e+00 -3.88704e-05
-1.36734e+00 0.00000e+00 -3.47300e-05
-1.42857e+00 0.00000e+00 -3.15153e-05
-1.48979e+00 0.00000e+00 -2.91098e-05
-1.55101e+00 0.00000e+00 -2.73988e-05
-1.61224e+00 0.00000e+00 -2.62731e-05
-1.67346e+00 0.00000e+00 -2.56318e-05
-1.73469e+00 0.00000e+00 -2.53836e-05
-1.79591e+00 0.00000e+00 -2.54468e-05
-1.85713e+00 0.00000e+00 -2.57498e-05
-1.91836e+00 0.00000e+00 -2.62299e-05
-1.97958e+00 0.00000e+00 -2.68332e-05
-2.04081e+00 0.00000e+00 -2.75130e-05
-2.10203e+00 0.00000e+00 -2.82297e-05
-2.16325e+00 0.00000e+00 -2.89496e-05
-2.22448e+00 0.00000e+00 -2.96443e-05
-2.28570e+00 0.00000e+00 -3.02900e-05
-2.34693e+00 0.00000e+00 -3.08668e-05
-2.40815e+00 0.00000e+00 -3.13581e-05
-2.46937e+00 0.00000e+00 -3.17506e-05
-2.53060e+00 0.00000e+00 -3.20333e-05
-2.59182e+00 0.00000e+00 -3.21975e-05
-2.65304e+00 0.00000e+00 -3.22363e-05
-2.71427e+00 0.00000e+00 -3.21444e-05
-2.77549e+00 0.00000e+00 -3.19180e-05
-2.83672e+00 0.00000e+00 -3.15546e-05
-2.89794e+00 0.00000e+00 -3.10524e-05
-2.95916e+00 0.00000e+00 -3.04108e-05
-3.02039e+00 0.00000e+00 -2.96298e-05
-3.08161e+00 0.00000e+00 -2.87101e-05
-3.14284e+00 0.00000e+00 -2.76530e-05
-3.20406e+00 0.00000e+00 -2.64604e-05
-3.26528e+00 0.00000e+00 -2.51343e-05
-3.32651e+00 0.00000e+00 -2.36774e-05
-3.38773e+00 0.00000e+00 -2.20925e-05
-3.44896e+00 0.00000e+00 -2.03829e-05
-3.51018e+00 0.00000e+00 -1.85519e-05
-3.57140e+00 0.00000e+00 -1.66032e-05
-3.63263e+00 0.00000e+00 -1.45405e-05
-3.69385e+00 0.00000e+00 -1.23678e-05
-3.75507e+00 0.00000e+00 -1.00892e-05
-3.81630e+00 0.00000e+00 -7.70885e-06
-3.87752e+00 0.00000e+00 -5.23116e-06
-3.93875e+00 0.00000e+00 -2.66049e-06
-3.99997e+00 0.00000e+00 -1.32396e-09
-9.88986e-01 2.60897e-02 1.21122e-04
-1.05105e+00 2.75986e-02 1.13011e-04
-1.11307e+00 2.92975e-02 1.04536e-04
-1.17505e+00 3.11862e-02 9.58518e-05
-1.23698e+00 3.32643e-02 8.70982e-05
-1.29888e+00 3.55314e-02 7.83944e-05
-1.36073e+00 3.79874e-02 6.98400e-05
-1.42255e+00 4.06319e-02 6.15152e-05
-1.48433e+00 4.34646e-02 5.34829e-05
-1.54607e+00 4.64854e-02 4.57911e-05
-1.60778e+00 4.96939e-02 3.84746e-05
-1.66945e+00 5.30899e-02 3.15578e-05
-1.73109e+00 5.66731e-02 2.50567e-05
-1.79270e+00 6.04434e-02 1.89800e-05
-1.85428e+00 6.44006e-02 1.33314e-05
-1.91584e+00 6.85445e-02 8.11038e-06
-1.97736e+00 7.28748e-02 3.31307e-06
-2.03886e+00 7.73915e-02 -1.06662e-06
-2.10033e+00 8.20943e-02 -5.03654e-06
-2.16178e+00 8.69832e-02 -8.60581e-06
-2.22321e+00 9.20579e-02 -1.17844e-05
-2.28461e+00 9.73183e-02 -1.45828e-05
-2.34600e+00 1.02764e-01 -1.70119e-05
-2.40736e+00 1.08396e-01 -1.90828e-05
-2.46871e+00 1.14213e-01 -2.08063e-05
-2.53004e+00 1.20216e-01 -2.21937e-05
-2.59135e+00 1.26403e-01 -2.32556e-05
-2.65265e+00 1.32776e-01 -2.40028e-05
-2.71394e+00 1.39334e-01 -2.44458e-05
-2.77522e+00 1.46078e-01 -2.45947e-05
-2.83648e+00 1.53006e-01 -2.44597e-05
-2.89773e+00 1.60120e-01 -2.40504e-05
-2.95898e+00 1.67418e-01 -2.33763e-05
-3.02022e+00 1.74902e-01 -2.24468e-05
-3.08145e+00 1.82571e-01 -2.12709e-05
-3.14268e+00 1.90425e-01 -1.98574e-05
-3.20390e+00 1.98464e-01 -1.82149e-05
-3.26512e+00 2.06688e-01 -1.63518e-05
-3.32634e+00 2.15098e-01 -1.42763e-05
-3.38756e+00 2.23693e-01 -1.19964e-05
-3.44878e+00 2.32474e-01 -9.52000e-06
-3.51000e+00 2.41440e-01 -6.85472e-06
-3.57122e+00 2.50591e-01 -4.00810e-06
-3.63245e+00 2.59929e-01 -9.87531e-07
-3.69368e+00 2.69452e-01 2.19974e-06
-3.75492e+00 2.79161e-01 5.54660e-06
-3.81617e+00 2.89057e-01 9.04605e-06
-3.87743e+00 2.99139e-01 1.26912e-05
-3.93869e+00 3.09407e-01 1.64753e-05
-3.99997e+00 3.19862e-01 2.03916e-05
-9.77508e-01 5.22564e-02 3.04157e-04
-1.04032e+00 5.53108e-02 2.79348e-04
-1.10304e+00 5.87349e-02 2.55196e-04
-1.16568e+00 6.25277e-02 2.31937e-04
-1.22824e+00 6.66881e-02 2.09738e-04
-1.29072e+00 7.12152e-02 1.88708e-04
-1.35313e+00 7.61080e-02 1.68910e-04
-1.41547e+00 8.13657e-02 1.50372e-04
-1.47773e+00 8.69873e-02 1.33093e-04
-1.53992e+00 9.29722e-02 1.17050e-04
-1.60205e+00 9.93196e-02 1.02209e-04
-1.66412e+00 1.06029e-01 8.85243e-05
-1.72613e+00 1.13099e-01 7.59462e-05
-1.78808e+00 1.20530e-01 6.44213e-05
-1.84997e+00 1.28320e-01 5.38953e-05
-1.91182e+00 1.36470e-01 4.43147e-05
-1.97361e+00 1.44979e-01 3.56274e-05
-2.03535e+00 1.53846e-01 2.77833e-05
-2.09705e+00 1.63072e-01 2.07350e-05
-2.15870e+00 1.72655e-01 1.44376e-05
-2.22032e+00 1.82595e-01 8.84904e-06
-2.28190e+00 1.92893e-01 3.92995e-06
-2.34344e+00 2.03548e-01 -3.56451e-07
-2.40494e+00 2.14559e-01 -4.04445e-06
-2.46642e+00 2.25926e-01 -7.16597e-06
-2.52787e+00 2.37651e-01 -9.75075e-06
-2.58929e+00 2.49731e-01 -1.18265e-05
-2.65068e+00 2.62168e-01 -1.34191e-05
-2.71206e+00 2.74961e-01 -1.45526e-05
-2.77341e+00 2.88111e-01 -1.52496e-05
-2.83475e+00 3.01617e-01 -1.55312e-05
-2.89607e+00 3.15480e-01 -1.54172e-05
-2.95738e+00 3.29699e-01 -1.49263e-05
-3.01868e+00 3.44276e-01 -1.40758e-05
-3.07998e+00 3.59210e-01 -1.28823e-05
-3.14126e+00 3.74501e-01 -1.13615e-05
-3.20255e+00 3.90151e-01 -9.52816e-06
-3.26383e+00 4.06158e-01 -7.39625e-06
-3.32511e+00 4.22525e-01 -4.97916e-06
-3.38640e+00 4.39251e-01 -2.28962e-06
-3.44769e+00 4.56336e-01 6.60218e-07
-3.50900e+00 4.73782e-01 3.85871e-06
-3.57031e+00 4.91589e-01 7.29470e-06
-3.63163e+00 5.09757e-01 1.09574e-05
-3.69297e+00 5.28287e-01 1.48366e-05
-3.75433e+00 5.47180e-01 1.89223e-05
-3.81570e+00 5.66437e-01 2.32048e-05
-3.87710e+00 5.86058e-01 2.76749e-05
-3.93852e+00 6.06044e-01 3.23234e-05
-3.99997e+00 6.26396e-01 3.71417e-05
-9.65561e-01 7.84776e-02 4.73707e-04
-1.02901e+00 8.31143e-02 4.33391e-04
-1.09234e+00 8.82895e-02 3.94916e-04
-1.15556e+00 9.40010e-02 3.58502e-04
-1.21865e+00 1.00247e-01 3.24275e-04
-1.28164e+00 1.07025e-01 2.92287e-04
-1.34452e+00 1.14333e-01 2.62533e-04
-1.40729e+00 1.22171e-01 2.34967e-04
-1.46997e+00 1.30535e-01 2.09512e-04
-1.53255e+00 1.39425e-01 1.86076e-04
-1.59505e+00 1.48839e-01 1.64555e-04
-1.65745e+00 1.58776e-01 1.44839e-04
-1.71977e+00 1.69234e-01 1.26819e-04
-1.78201e+00 1.80213e-01 1.10388e-04
-1.84418e+00 1.91711e-01 9.54400e-05
-1.90628e+00 2.03727e-01 8.18780e-05
-1.96830e+00 2.16260e-01 6.96088e-05
-2.03026e+00 2.29310e-01 5.85456e-05
-2.09216e+00 2.42877e-01 4.86077e-05
-2.15401e+00 2.56958e-01 3.97207e-05
-2.21580e+00 2.71554e-01 3.18156e-05
-2.27754e+00 2.86665e-01 2.48289e-05
-2.33923e+00 3.02289e-01 1.87022e-05
-2.40088e+00 3.18428e-01 1.33817e-05
-2.46249e+00 3.35080e-01 8.81798e-06
-2.52407e+00 3.52246e-01 4.96540e-06
-2.58561e+00 3.69925e-01 1.78197e-06
-2.64712e+00 3.88117e-01 -7.71063e-07
-2.70861e+00 4.06824e-01 -2.72951e-06
-2.77007e+00 4.26045e-01 -4.12649e-06
-2.83152e+00 4.45780e-01 -4.99271e-06
-2.89295e+00 4.66030e-01 -5.35667e-06
-2.95437e+00 4.86796e-01 -5.24491e-06
-3.01578e+00 5.08077e-01 -4.68213e-06
-3.07719e+00 5.29876e-01 -3.69144e-06
-3.13859e+00 5.52192e-01 -2.29445e-06
-3.20000e+00 5.75026e-01 -5.11430e-07
-3.26141e+00 5.98380e-01 1.63854e-06
-3.32283e+00 6.22254e-01 4.13751e-06
-3.38426e+00 6.46650e-01 6.96852e-06
-3.44571e+00 6.71568e-01 1.01155e-05
-3.50717e+00 6.97011e-01 1.35633e-05
-3.56866e+00 7.22979e-01 1.72974e-05
-3.63017e+00 7.49474e-01 2.13040e-05
-3.69171e+00 7.76497e-01 2.55700e-05
-3.75329e+00 8.04051e-01 3.00828e-05
-3.81490e+00 8.32136e-01 3.48304e-05
-3.87654e+00 8.60756e-01 3.98012e-05
-3.93823e+00 8.89910e-01 4.49841e-05
-3.99997e+00 9.19603e-01 5.03684e-05
-9.53143e-01 1.04730e-01 6.30806e-04
-1.01713e+00 1.10986e-01 5.76040e-04
-1.08097e+00 1.17937e-01 5.24430e-04
-1.14466e+00 1.25581e-01 4.76107e-04
-1.20820e+00 1.33914e-01 4.31098e-04
-1.27160e+00 1.42933e-01 3.89357e-04
-1.33487e+00 1.52634e-01 3.50783e-04
-1.39801e+00 1.63015e-01 3.15239e-04
-1.46103e+00 1.74074e-01 2.82569e-04
-1.52394e+00 1.85808e-01 2.52604e-04
-1.58673e+00 1.98214e-01 2.25172e-04
-1.64941e+00 2.11290e-01 2.00103e-04
-1.71200e+00 2.25035e-01 1.77233e-04
-1.77448e+00 2.39447e-01 1.56405e-04
-1.83688e+00 2.54523e-01 1.37472e-04
-1.89919e+00 2.70264e-01 1.20296e-04
-1.96142e+00 2.86666e-01 1.04751e-04
-2.02357e+00 3.03730e-01 9.07169e-05
-2.08566e+00 3.21453e-01 7.80868e-05
-2.14767e+00 3.39835e-01 6.67609e-05
-2.20962e+00 3.58876e-01 5.66481e-05
-2.27152e+00 3.78575e-01 4.76648e-05
-2.33336e+00 3.98931e-01 3.97345e-05
-2.39516e+00 4.19945e-01 3.27873e-05
-2.45691e+00 4.41615e-01 2.67590e-05
-2.51863e+00 4.63942e-01 2.15908e-05
-2.58031e+00 4.86927e-01 1.72287e-05
-2.64196e+00 5.10569e-01 1.36232e-05
-2.70358e+00 5.34869e-01 1.07285e-05
-2.76519e+00 5.59828e-01 8.50264e-06
-2.82678e+00 5.85445e-01 6.90670e-06
-2.88836e+00 6.11723e-01 5.90476e-06
-2.94993e+00 6.38663e-01 5.46353e-06
-3.01151e+00 6.66264e-01 5.55207e-06
-3.07308e+00 6.94530e-01 6.14163e-06
-3.13466e+00 7.23460e-01 7.20539e-06
-3.19625e+00 7.53057e-01 8.71829e-06
-3.25786e+00 7.83323e-01 1.06569e-05
-3.31948e+00 8.14259e-01 1.29992e-05
-3.38114e+00 8.45867e-01 1.57245e-05
-3.44282e+00 8.78150e-01 1.88133e-05
-3.50453e+00 9.11110e-01 2.22473e-05
-3.56628e+00 9.44749e-01 2.60091e-05
-3.62807e+00 9.79070e-01 3.00821e-05
-3.68991e+00 1.01408e+00 3.44507e-05
-3.75181e+00 1.04977e+00 3.91001e-05
-3.81375e+00 1.08615e+00 4.40160e-05
-3.87576e+00 1.12323e+00 4.91848e-05
-3.93783e+00 1.16101e+00 5.45936e-05
-3.99997e+00 1.19948e+00 6.02299e-05
-9.40251e-01 1.30988e-01 7.76387e-04
-1.00467e+00 1.38900e-01 7.08109e-04
-1.06891e+00 1.47653e-01 6.44416e-04
-1.13297e+00 1.57242e-01 5.85279e-04
-1.19686e+00 1.67663e-01 5.30581e-04
-1.26059e+00 1.78910e-01 4.80144e-04
-1.32417e+00 1.90979e-01 4.33749e-04
-1.38760e+00 2.03867e-01 3.91159e-04
-1.45089e+00 2.17569e-01 3.52126e-04
-1.51405e+00 2.32082e-01 3.16405e-04
-1.57708e+00 2.47404e-01 2.83756e-04
-1.63999e+00 2.63530e-01 2.53951e-04
-1.70278e+00 2.80458e-01 2.26774e-04
-1.76547e+00 2.98185e-01 2.02025e-04
-1.82805e+00 3.16710e-01 1.79517e-04
-1.89054e+00 3.36031e-01 1.59079e-04
-1.95295e+00 3.56144e-01 1.40553e-04
-2.01526e+00 3.77050e-01 1.23795e-04
-2.07750e+00 3.98746e-01 1.08673e-04
-2.13967e+00 4.21231e-01 9.50665e-05
-2.20178e+00 4.44505e-01 8.28663e-05
-2.26383e+00 4.68567e-01 7.19719e-05
-2.32582e+00 4.93416e-01 6.22918e-05
-2.38776e+00 5.19052e-01 5.37426e-05
-2.44967e+00 5.45475e-01 4.62480e-05
-2.51153e+00 5.72685e-01 3.97383e-05
-2.57337e+00 6.00682e-01 3.41494e-05
-2.63518e+00 6.29468e-01 2.94228e-05
-2.69698e+00 6.59043e-01 2.55046e-05
-2.75876e+00 6.89408e-01 2.23453e-05
-2.82053e+00 7.20564e-01 1.98991e-05
-2.88230e+00 7.52513e-01 1.81239e-05
-2.94407e+00 7.85256e-01 1.69807e-05
-3.00585e+00 8.18795e-01 1.64333e-05
-3.06765e+00 8.53133e-01 1.64482e-05
-3.12946e+00 8.88271e-01 1.69940e-05
-3.19130e+00 9.24212e-01 1.80416e-05
-3.25317e+00 9.60959e-01 1.95639e-05
-3.31508e+00 9.98514e-01 2.15354e-05
-3.37702e+00 1.03688e+00 2.39321e-05
-3.43902e+00 1.07606e+00 2.67317e-05
-3.50106e+00 1.11606e+00 2.99130e-05
-3.56317e+00 1.15689e+00 3.34560e-05
-3.62533e+00 1.19854e+00 3.73419e-05
-3.68757e+00 1.24102e+00 4.15529e-05
-3.74988e+00 1.28433e+00 4.60721e-05
-3.81227e+00 1.32848e+00 5.08833e-05
-3.87474e+00 1.37348e+00 5.59711e-05
-3.93731e+00 1.41933e+00 6.13211e-05
-3.99997e+00 1.46603e+00 6.69191e-05
-9.26884e-01 1.57227e-01 9.11285e-04
-9.91620e-01 1.66832e-01 8.30338e-04
-1.05615e+00 1.77411e-01 7.55493e-04
-1.12049e+00 1.88957e-01 6.86509e-04
-1.18464e+00 2.01464e-01 6.23083e-04
-1.24861e+00 2.14926e-01 5.64878e-04
-1.31241e+00 2.29336e-01 5.11541e-04
-1.37605e+00 2.44691e-01 4.62723e-04
-1.43953e+00 2.60984e-01 4.18081e-04
-1.50287e+00 2.78211e-01 3.77290e-04
-1.56608e+00 2.96368e-01 3.40044e-04
-1.62915e+00 3.15452e-01 3.06057e-04
-1.69211e+00 3.35457e-01 2.75067e-04
-1.75495e+00 3.56382e-01 2.46831e-04
-1.81768e+00 3.78223e-01 2.21128e-04
-1.88031e+00 4.00977e-01 1.97757e-04
-1.94286e+00 4.24643e-01 1.76533e-04
-2.00531e+00 4.49218e-01 1.57290e-04
-2.06769e+00 4.74701e-01 1.39874e-04
-2.13000e+00 5.01090e-01 1.24150e-04
-2.19225e+00 5.28384e-01 1.09990e-04
-2.25444e+00 5.56583e-01 9.72811e-05
-2.31658e+00 5.85686e-01 8.59191e-05
-2.37868e+00 6.15692e-01 7.58093e-05
-2.44075e+00 6.46603e-01 6.68655e-05
-2.50278e+00 6.78417e-01 5.90087e-05
-2.56479e+00 7.11137e-01 5.21670e-05
-2.62679e+00 7.44763e-01 4.62740e-05
-2.68878e+00 7.79296e-01 4.12693e-05
-2.75077e+00 8.14737e-01 3.70969e-05
-2.81276e+00 8.51089e-01 3.37057e-05
-2.87476e+00 8.88354e-01 3.10482e-05
-2.93677e+00 9.26534e-01 2.90805e-05
-2.99882e+00 9.65631e-01 2.77622e-05
-3.06089e+00 1.00565e+00 2.70556e-05
-3.12300e+00 1.04659e+00 2.69258e-05
-3.18515e+00 1.08846e+00 2.73402e-05
-3.24735e+00 1.13126e+00 2.82683e-05
-3.30960e+00 1.17500e+00 2.96818e-05
-3.37192e+00 1.21967e+00 3.15541e-05
-3.43431e+00 1.26529e+00 3.38601e-05
-3.49678e+00 1.31186e+00 3.65764e-05
-3.55932e+00 1.35938e+00 3.96808e-05
-3.62195e+00 1.40786e+00 4.31526e-05
-3.68468e+00 1.45731e+00 4.69719e-05
-3.74751e+00 1.50773e+00 5.11200e-05
-3.81045e+00 1.55913e+00 5.55792e-05
-3.87350e+00 1.61151e+00 6.03326e-05
-3.93667e+00 1.66488e+00 6.53642e-05
-3.99997e+00 1.71926e+00 7.06586e-05
-9.13043e-01 1.83419e-01 1.03626e-03
-9.77978e-01 1.94754e-01 9.43401e-04
-1.04269e+00 2.07183e-01 8.58236e-04
-1.10720e+00 2.20697e-01 7.80260e-04
-1.17150e+00 2.35288e-01 7.08951e-04
-1.23562e+00 2.50950e-01 6.43791e-04
-1.29956e+00 2.67673e-01 5.84282e-04
-1.36333e+00 2.85453e-01 5.29953e-04
-1.42694e+00 3.04282e-01 4.80363e-04
-1.49039e+00 3.24155e-01 4.35107e-04
-1.55371e+00 3.45067e-01 3.93811e-04
-1.61689e+00 3.67013e-01 3.56137e-04
-1.67996e+00 3.89988e-01 3.21775e-04
-1.74290e+00 4.13989e-01 2.90446e-04
-1.80574e+00 4.39012e-01 2.61896e-04
-1.86848e+00 4.65053e-01 2.35896e-04
-1.93114e+00 4.92110e-01 2.12238e-04
-1.99371e+00 5.20181e-01 1.90737e-04
-2.05621e+00 5.49264e-01 1.71222e-04
-2.11865e+00 5.79357e-01 1.53539e-04
-2.18103e+00 6.10459e-01 1.37552e-04
-2.24336e+00 6.42568e-01 1.23132e-04
-2.30565e+00 6.75686e-01 1.10167e-04
-2.36791e+00 7.09811e-01 9.85525e-05
-2.43014e+00 7.44945e-01 8.81931e-05
-2.49236e+00 7.81087e-01 7.90029e-05
-2.55457e+00 8.18238e-01 7.09028e-05
-2.61677e+00 8.56401e-01 6.38206e-05
-2.67899e+00 8.95577e-01 5.76900e-05
-2.74121e+00 9.35767e-01 5.24500e-05
-2.80346e+00 9.76975e-01 4.80447e-05
-2.86573e+00 1.01920e+00 4.44224e-05
-2.92804e+00 1.06246e+00 4.15351e-05
-2.99039e+00 1.10673e+00 3.93388e-05
-3.05280e+00 1.15204e+00 3.77924e-05
-3.11526e+00 1.19839e+00 3.68579e-05
-3.17779e+00 1.24577e+00 3.64996e-05
-3.24039e+00 1.29420e+00 3.66846e-05
-3.30307e+00 1.34368e+00 3.73820e-05
-3.36584e+00 1.39422e+00 3.85627e-05
-3.42870e+00 1.44581e+00 4.01997e-05
-3.49166e+00 1.49848e+00 4.22675e-05
-3.55474e+00 1.55222e+00 4.47419e-05
-3.61793e+00 1.60704e+00 4.76005e-05
-3.68125e+00 1.66295e+00 5.08218e-05
-3.74470e+00 1.71996e+00 5.43856e-05
-3.80829e+00 1.77808e+00 5.82727e-05
-3.87202e+00 1.83731e+00 6.24648e-05
-3.93591e+00 1.89766e+00 6.69448e-05
-3.99997e+00 1.95915e+00 7.16960e-05
-8.98730e-01 2.09537e-01 1.15200e-03
-9.63743e-01 2.22638e-01 1.04792e-03
-1.02853e+00 2.36940e-01 9.53174e-04
-1.09310e+00 2.52432e-01 8.66964e-04
-1.15746e+00 2.69105e-01 7.88516e-04
-1.22163e+00 2.86949e-01 7.17115e-04
-1.28562e+00 3.05956e-01 6.52106e-04
-1.34943e+00 3.26117e-01 5.92891e-04
-1.41309e+00 3.47426e-01 5.38930e-04
-1.47659e+00 3.69875e-01 4.89737e-04
-1.53996e+00 3.93459e-01 4.44873e-04
-1.60319e+00 4.18171e-01 4.03947e-04
-1.66631e+00 4.44007e-01 3.66606e-04
-1.72932e+00 4.70961e-01 3.32535e-04
-1.79222e+00 4.99029e-01 3.01451e-04
-1.85504e+00 5.28209e-01 2.73099e-04
-1.91777e+00 5.58496e-01 2.47252e-04
-1.98044e+00 5.89888e-01 2.23705e-04
-2.04304e+00 6.22383e-01 2.02274e-04
-2.10559e+00 6.55979e-01 1.82791e-04
-2.16809e+00 6.90675e-01 1.65108e-04
-2.23056e+00 7.26470e-01 1.49087e-04
-2.29300e+00 7.63364e-01 1.34606e-04
-2.35543e+00 8.01356e-01 1.21552e-04
-2.41784e+00 8.40449e-01 1.09825e-04
-2.48026e+00 8.80641e-01 9.93317e-05
-2.54268e+00 9.21936e-01 8.99869e-05
-2.60512e+00 9.64335e-01 8.17134e-05
-2.66759e+00 1.00784e+00 7.44402e-05
-2.73009e+00 1.05245e+00 6.81022e-05
-2.79263e+00 1.09818e+00 6.26392e-05
-2.85522e+00 1.14502e+00 5.79960e-05
-2.91787e+00 1.19298e+00 5.41215e-05
-2.98059e+00 1.24207e+00 5.09683e-05
-3.04338e+00 1.29228e+00 4.84925e-05
-3.10625e+00 1.34363e+00 4.66534e-05
-3.16922e+00 1.39612e+00 4.54129e-05
-3.23229e+00 1.44976e+00 4.47358e-05
-3.29546e+00 1.50455e+00 4.45889e-05
-3.35876e+00 1.56050e+00 4.49412e-05
-3.42218e+00 1.61762e+00 4.57637e-05
-3.48573e+00 1.67591e+00 4.70292e-05
-3.54942e+00 1.73539e+00 4.87119e-05
-3.61327e+00 1.79607e+00 5.07877e-05
-3.67727e+00 1.85794e+00 5.32337e-05
-3.74144e+00 1.92103e+00 5.60282e-05
-3.80579e+00 1.98534e+00 5.91508e-05
-3.87032e+00 2.05088e+00 6.25820e-05
-3.93504e+00 2.11767e+00 6.63034e-05
-3.99997e+00 2.18572e+00 7.02972e-05
-8.83948e-01 2.35553e-01 1.25914e-03
-9.48917e-01 2.50457e-01 1.14445e-03
-1.01366e+00 2.66654e-01 1.04080e-03
-1.07818e+00 2.84133e-01 9.47029e-04
-1.14250e+00 3.02882e-01 8.62098e-04
-1.20662e+00 3.22891e-01 7.85081e-04
-1.27057e+00 3.44149e-01 7.15157e-04
-1.33435e+00 3.66648e-01 6.51600e-04
-1.39798e+00 3.90378e-01 5.93769e-04
-1.46146e+00 4.15331e-01 5.41098e-04
-1.52481e+00 4.41502e-01 4.93085e-04
-1.58804e+00 4.68882e-01 4.49287e-04
-1.65116e+00 4.97467e-01 4.09311e-04
-1.71418e+00 5.27250e-01 3.72808e-04
-1.77711e+00 5.58227e-01 3.39468e-04
-1.83997e+00 5.90395e-01 3.09014e-04
-1.90276e+00 6.23749e-01 2.81200e-04
-1.96549e+00 6.58286e-01 2.55804e-04
-2.02817e+00 6.94005e-01 2.32629e-04
-2.09082e+00 7.30903e-01 2.11496e-04
-2.15344e+00 7.68980e-01 1.92247e-04
-2.21604e+00 8.08234e-01 1.74735e-04
-2.27864e+00 8.48666e-01 1.58830e-04
-2.34123e+00 8.90275e-01 1.44414e-04
-2.40384e+00 9.33063e-01 1.31379e-04
-2.46647e+00 9.77031e-01 1.19626e-04
-2.52913e+00 1.02218e+00 1.09067e-04
-2.59183e+00 1.06852e+00 9.96195e-05
-2.65458e+00 1.11604e+00 9.12080e-05
-2.71739e+00 1.16475e+00 8.37641e-05
-2.78026e+00 1.21466e+00 7.72241e-05
-2.84322e+00 1.26577e+00 7.15298e-05
-2.90625e+00 1.31808e+00 6.66270e-05
-2.96939e+00 1.37160e+00 6.24657e-05
-3.03262e+00 1.42634e+00 5.89996e-05
-3.09597e+00 1.48230e+00 5.61854e-05
-3.15945e+00 1.53948e+00 5.39830e-05
-3.22305e+00 1.59791e+00 5.23549e-05
-3.28679e+00 1.65758e+00 5.12661e-05
-3.35069e+00 1.71851e+00 5.06838e-05
-3.41474e+00 1.78069e+00 5.05771e-05
-3.47897e+00 1.84415e+00 5.09171e-05
-3.54337e+00 1.90889e+00 5.16765e-05
-3.60796e+00 1.97493e+00 5.28297e-05
-3.67274e+00 2.04227e+00 5.43523e-05
-3.73774e+00 2.11092e+00 5.62214e-05
-3.80295e+00 2.18091e+00 5.84150e-05
-3.86838e+00 2.25223e+00 6.09126e-05
-3.93405e+00 2.32491e+00 6.36943e-05
-3.99997e+00 2.39896e+00 6.67413e-05
-8.68703e-01 2.61437e-01 1.35826e-03
-9.33501e-01 2.78179e-01 1.23352e-03
-9.98075e-01 2.96294e-01 1.12157e-03
-1.06244e+00 3.15768e-01 1.02084e-03
-1.12661e+00 3.36588e-01 9.30002e-04
-1.19059e+00 3.58742e-01 8.47915e-04
-1.25441e+00 3.82218e-01 7.73586e-04
-1.31807e+00 4.07007e-01 7.06158e-04
-1.38159e+00 4.33098e-01 6.44890e-04
-1.44498e+00 4.60483e-01 5.89138e-04
-1.50825e+00 4.89153e-01 5.38337e-04
-1.57142e+00 5.19102e-01 4.91997e-04
-1.63449e+00 5.50323e-01 4.49685e-04
-1.69748e+00 5.82810e-01 4.11022e-04
-1.76040e+00 6.16558e-01 3.75671e-04
-1.82326e+00 6.51562e-01 3.43337e-04
-1.88607e+00 6.87820e-01 3.13754e-04
-1.94885e+00 7.25326e-01 2.86688e-04
-2.01160e+00 7.64080e-01 2.61929e-04
-2.07433e+00 8.04080e-01 2.39289e-04
-2.13706e+00 8.45324e-01 2.18599e-04
-2.19979e+00 8.87811e-01 1.99706e-04
-2.26254e+00 9.31542e-01 1.82473e-04
-2.32532e+00 9.76518e-01 1.66776e-04
-2.38813e+00 1.02274e+00 1.52501e-04
-2.45100e+00 1.07021e+00 1.39546e-04
-2.51392e+00 1.11893e+00 1.27818e-04
-2.57690e+00 1.16890e+00 1.17229e-04
-2.63996e+00 1.22013e+00 1.07703e-04
-2.70312e+00 1.27262e+00 9.91662e-05
-2.76636e+00 1.32637e+00 9.15526e-05
-2.82972e+00 1.38140e+00 8.48009e-05
-2.89319e+00 1.43770e+00 7.88544e-05
-2.95679e+00 1.49529e+00 7.36607e-05
-3.02053e+00 1.55417e+00 6.91709e-05
-3.08442e+00 1.61435e+00 6.53398e-05
-3.14846e+00 1.67583e+00 6.21250e-05
-3.21267e+00 1.73863e+00 5.94871e-05
-3.27706e+00 1.80275e+00 5.73891e-05
-3.34163e+00 1.86821e+00 5.57963e-05
-3.40640e+00 1.93502e+00 5.46762e-05
-3.47138e+00 2.00318e+00 5.39980e-05
-3.53658e+00 2.07271e+00 5.37328e-05
-3.60201e+00 2.14362e+00 5.38534e-05
-3.66768e+00 2.21592e+00 5.43339e-05
-3.73359e+00 2.28964e+00 5.51495e-05
-3.79977e+00 2.36477e+00 5.62772e-05
-3.86622e+00 2.44135e+00 5.76945e-05
-3.93294e+00 2.51938e+00 5.93804e-05
-3.99997e+00 2.59887e+00 6.13145e-05
-8.53003e-01 2.87159e-01 1.44989e-03
-9.17500e-01 3.05775e-01 1.31562e-03
-9.81788e-01 3.25829e-01 1.19590e-03
-1.04588e+00 3.47304e-01 1.08874e-03
-1.10979e+00 3.70188e-01 9.92518e-04
-1.17354e+00 3.94466e-01 9.05840e-04
-1.23714e+00 4.20126e-01 8.27549e-04
-1.30059e+00 4.47157e-01 7.56657e-04
-1.36393e+00 4.75548e-01 6.92325e-04
-1.42715e+00 5.05289e-01 6.33831e-04
-1.49028e+00 5.36372e-01 5.80554e-04
-1.55333e+00 5.68788e-01 5.31954e-04
-1.61630e+00 6.02532e-01 4.87565e-04
-1.67921e+00 6.37596e-01 4.46976e-04
-1.74208e+00 6.73975e-01 4.09830e-04
-1.80491e+00 7.11664e-01 3.75810e-04
-1.86771e+00 7.50660e-01 3.44636e-04
-1.93051e+00 7.90959e-01 3.16062e-04
-1.99330e+00 8.32559e-01 2.89865e-04
-2.05611e+00 8.75458e-01 2.65850e-04
-2.11894e+00 9.19656e-01 2.43838e-04
-2.18181e+00 9.65151e-01 2.23672e-04
-2.24472e+00 1.01194e+00 2.05207e-04
-2.30768e+00 1.06004e+00 1.88314e-04
-2.37071e+00 1.10943e+00 1.72876e-04
-2.43382e+00 1.16013e+00 1.58785e-04
-2.49702e+00 1.21213e+00 1.45944e-04
-2.56032e+00 1.26544e+00 1.34264e-04
-2.62373e+00 1.32007e+00 1.23662e-04
-2.68726e+00 1.37602e+00 1.14065e-04
-2.75092e+00 1.43329e+00 1.05401e-04
-2.81473e+00 1.49189e+00 9.76080e-05
-2.87869e+00 1.55183e+00 9.06262e-05
-2.94281e+00 1.61312e+00 8.44007e-05
-3.00710e+00 1.67576e+00 7.88805e-05
-3.07158e+00 1.73976e+00 7.40179e-05
-3.13626e+00 1.80514e+00 6.97686e-05
-3.20115e+00 1.87190e+00 6.60909e-05
-3.26625e+00 1.94005e+00 6.29458e-05
-3.33158e+00 2.00960e+00 6.02966e-05
-3.39715e+00 2.08058e+00 5.81087e-05
-3.46297e+00 2.15298e+00 5.63496e-05
-3.52906e+00 2.22683e+00 5.49883e-05
-3.59542e+00 2.30213e+00 5.39954e-05
-3.66206e+00 2.37891e+00 5.33433e-05
-3.72900e+00 2.45717e+00 5.30053e-05
-3.79625e+00 2.53694e+00 5.29562e-05
-3.86382e+00 2.61824e+00 5.31717e-05
-3.93172e+00 2.70107e+00 5.36286e-05
-3.99997e+00 2.78546e+00 5.43046e-05
-8.36855e-01 3.12690e-01 1.53453e-03
-9.00920e-01 3.33215e-01 1.39120e-03
-9.64797e-01 3.55227e-01 1.26419e-03
-1.02850e+00 3.78711e-01 1.15109e-03
-1.09205e+00 4.03650e-01 1.04992e-03
-1.15546e+00 4.30030e-01 9.59073e-04
-1.21874e+00 4.57838e-01 8.77203e-04
-1.28191e+00 4.87061e-01 8.03199e-04
-1.34498e+00 5.17688e-01 7.36123e-04
-1.40797e+00 5.49709e-01 6.75179e-04
-1.47089e+00 5.83115e-01 6.19689e-04
-1.53375e+00 6.17897e-01 5.69072e-04
-1.59657e+00 6.54048e-01 5.22826e-04
-1.65936e+00 6.91561e-01 4.80515e-04
-1.72213e+00 7.30431e-01 4.41759e-04
-1.78490e+00 7.70653e-01 4.06223e-04
-1.84768e+00 8.12222e-01 3.73616e-04
-1.91047e+00 8.55137e-01 3.43677e-04
-1.97329e+00 8.99393e-01 3.16176e-04
-2.03616e+00 9.44991e-01 2.90908e-04
-2.09909e+00 9.91928e-01 2.67688e-04
-2.16208e+00 1.04021e+00 2.46352e-04
-2.22515e+00 1.08982e+00 2.26751e-04
-2.28831e+00 1.14078e+00 2.08751e-04
-2.35158e+00 1.19309e+00 1.92229e-04
-2.41495e+00 1.24674e+00 1.77076e-04
-2.47846e+00 1.30175e+00 1.63190e-04
-2.54209e+00 1.35810e+00 1.50478e-04
-2.60588e+00 1.41582e+00 1.38856e-04
-2.66983e+00 1.47491e+00 1.28245e-04
-2.73394e+00 1.53537e+00 1.18573e-04
-2.79824e+00 1.59720e+00 1.09775e-04
-2.86273e+00 1.66043e+00 1.01788e-04
-2.92743e+00 1.72505e+00 9.45543e-05
-2.99234e+00 1.79108e+00 8.80212e-05
-3.05748e+00 1.85852e+00 8.21383e-05
-3.12285e+00 1.92739e+00 7.68590e-05
-3.18848e+00 1.99769e+00 7.21391e-05
-3.25437e+00 2.06945e+00 6.79372e-05
-3.32054e+00 2.14267e+00 6.42144e-05
-3.38699e+00 2.21737e+00 6.09336e-05
-3.45374e+00 2.29355e+00 5.80597e-05
-3.52080e+00 2.37125e+00 5.55593e-05
-3.58818e+00 2.45046e+00 5.34005e-05
-3.65590e+00 2.53122e+00 5.15529e-05
-3.72397e+00 2.61353e+00 4.99873e-05
-3.79239e+00 2.69741e+00 4.86755e-05
-3.86119e+00 2.78289e+00 4.75903e-05
-3.93038e+00 2.86999e+00 4.67057e-05
-3.99997e+00 2.95872e+00 4.59959e-05
-8.20271e-01 3.37998e-01 1.61265e-03
-8.83768e-01 3.60466e-01 1.46066e-03
-9.47109e-01 3.84457e-01 1.32682e-03
-1.01031e+00 4.09953e-01 1.20819e-03
-1.07338e+00 4.36938e-01 1.10248e-03
-1.13635e+00 4.65397e-01 1.00782e-03
-1.19923e+00 4.95315e-01 9.22707e-04
-1.26202e+00 5.26680e-01 8.45893e-04
-1.32475e+00 5.59480e-01 7.76345e-04
-1.38743e+00 5.93704e-01 7.13199e-04
-1.45008e+00 6.29342e-01 6.55724e-04
-1.51270e+00 6.66386e-01 6.03297e-04
-1.57532e+00 7.04828e-01 5.55383e-04
-1.63793e+00 7.44662e-01 5.11523e-04
-1.70057e+00 7.85882e-01 4.71316e-04
-1.76324e+00 8.28482e-01 4.34414e-04
-1.82595e+00 8.72460e-01 4.00511e-04
-1.88872e+00 9.17812e-01 3.69336e-04
-1.95156e+00 9.64536e-01 3.40650e-04
-2.01448e+00 1.01263e+00 3.14242e-04
-2.07749e+00 1.06210e+00 2.89920e-04
-2.14061e+00 1.11293e+00 2.67514e-04
-2.20385e+00 1.16514e+00 2.46870e-04
-2.26721e+00 1.21872e+00 2.27851e-04
-2.33072e+00 1.27368e+00 2.10331e-04
-2.39438e+00 1.33001e+00 1.94194e-04
-2.45821e+00 1.38773e+00 1.79337e-04
-2.52221e+00 1.44684e+00 1.65663e-04
-2.58641e+00 1.50735e+00 1.53086e-04
-2.65081e+00 1.56925e+00 1.41525e-04
-2.71542e+00 1.63257e+00 1.30903e-04
-2.78025e+00 1.69730e+00 1.21153e-04
-2.84532e+00 1.76346e+00 1.12210e-04
-2.91065e+00 1.83105e+00 1.04013e-04
-2.97623e+00 1.90009e+00 9.65071e-05
-3.04209e+00 1.97059e+00 8.96388e-05
-3.10823e+00 2.04256e+00 8.33587e-05
-3.17467e+00 2.11600e+00 7.76200e-05
-3.24143e+00 2.19094e+00 7.23785e-05
-3.30851e+00 2.26739e+00 6.75921e-05
-3.37592e+00 2.34537e+00 6.32207e-05
-3.44368e+00 2.42489e+00 5.92259e-05
-3.51181e+00 2.50596e+00 5.55711e-05
-3.58031e+00 2.58861e+00 5.22208e-05
-3.64920e+00 2.67285e+00 4.91409e-05
-3.71849e+00 2.75870e+00 4.62983e-05
-3.78820e+00 2.84618e+00 4.36606e-05
-3.85834e+00 2.93532e+00 4.11963e-05
-3.92892e+00 3.02613e+00 3.88746e-05
-3.99997e+00 3.11865e+00 3.66649e-05
-8.03263e-01 3.63054e-01 1.68468e-03
-8.66056e-01 3.87498e-01 1.52441e-03
-9.28732e-01 4.13486e-01 1.38411e-03
-9.91308e-01 4.40999e-01 1.26034e-03
-1.05380e+00 4.70019e-01 1.15043e-03
-1.11622e+00 5.00532e-01 1.05229e-03
-1.17859e+00 5.32522e-01 9.64215e-04
-1.24093e+00 5.65976e-01 8.84850e-04
-1.30324e+00 6.00883e-01 8.13066e-04
-1.36554e+00 6.37231e-01 7.47930e-04
-1.42784e+00 6.75010e-01 6.88662e-04
-1.49017e+00 7.14212e-01 6.34599e-04
-1.55252e+00 7.54829e-01 5.85180e-04
-1.61493e+00 7.96854e-01 5.39919e-04
-1.67739e+00 8.40282e-01 4.98401e-04
-1.73993e+00 8.85108e-01 4.60261e-04
-1.80255e+00 9.31328e-01 4.25183e-04
-1.86527e+00 9.78941e-01 3.92886e-04
-1.92810e+00 1.02794e+00 3.63125e-04
-1.99106e+00 1.07833e+00 3.35679e-04
-2.05415e+00 1.13011e+00 3.10353e-04
-2.11740e+00 1.18328e+00 2.86972e-04
-2.18080e+00 1.23784e+00 2.65378e-04
-2.24438e+00 1.29380e+00 2.45428e-04
-2.30814e+00 1.35115e+00 2.26993e-04
-2.37211e+00 1.40990e+00 2.09956e-04
-2.43628e+00 1.47006e+00 1.94208e-04
-2.50068e+00 1.53163e+00 1.79652e-04
-2.56532e+00 1.59461e+00 1.66196e-04
-2.63020e+00 1.65903e+00 1.53757e-04
-2.69535e+00 1.72487e+00 1.42257e-04
-2.76076e+00 1.79216e+00 1.31624e-04
-2.82647e+00 1.86090e+00 1.21790e-04
-2.89247e+00 1.93111e+00 1.12694e-04
-2.95878e+00 2.00279e+00 1.04274e-04
-3.02542e+00 2.07596e+00 9.64770e-05
-3.09240e+00 2.15062e+00 8.92484e-05
-3.15972e+00 2.22680e+00 8.25384e-05
-3.22741e+00 2.30451e+00 7.62992e-05
-3.29548e+00 2.38376e+00 7.04850e-05
-3.36394e+00 2.46458e+00 6.50516e-05
-3.43280e+00 2.54697e+00 5.99564e-05
-3.50208e+00 2.63095e+00 5.51582e-05
-3.57179e+00 2.71655e+00 5.06165e-05
-3.64195e+00 2.80379e+00 4.62920e-05
-3.71257e+00 2.89268e+00 4.21458e-05
-3.78366e+00 2.98325e+00 3.81394e-05
-3.85525e+00 3.07552e+00 3.42345e-05
-3.92735e+00 3.16951e+00 3.03930e-05
-3.99996e+00 3.26525e+00 2.65764e-05
-7.85845e-01 3.87827e-01 1.75104e-03
-8.47795e-01 4.14280e-01 1.58281e-03
-9.09678e-01 4.42282e-01 1.43640e-03
-9.71509e-01 4.71814e-01 1.30781e-03
-1.03331e+00 5.02858e-01 1.19401e-03
-1.09508e+00 5.35399e-01 1.09266e-03
-1.15685e+00 5.69421e-01 1.00188e-03
-1.21863e+00 6.04912e-01 9.20184e-04
-1.28044e+00 6.41859e-01 8.46365e-04
-1.34229e+00 6.80251e-01 7.79421e-04
-1.40419e+00 7.20079e-01 7.18524e-04
-1.46615e+00 7.61333e-01 6.62977e-04
-1.52820e+00 8.04007e-01 6.12189e-04
-1.59034e+00 8.48094e-01 5.65657e-04
-1.65259e+00 8.93589e-01 5.22947e-04
-1.71496e+00 9.40486e-01 4.83682e-04
-1.77746e+00 9.88784e-01 4.47536e-04
-1.84011e+00 1.03848e+00 4.14220e-04
-1.90292e+00 1.08957e+00 3.83480e-04
-1.96590e+00 1.14206e+00 3.55092e-04
-2.02907e+00 1.19594e+00 3.28855e-04
-2.09244e+00 1.25122e+00 3.04589e-04
-2.15601e+00 1.30790e+00 2.82132e-04
-2.21981e+00 1.36598e+00 2.61338e-04
-2.28385e+00 1.42546e+00 2.42075e-04
-2.34813e+00 1.48636e+00 2.24222e-04
-2.41268e+00 1.54868e+00 2.07669e-04
-2.47750e+00 1.61241e+00 1.92313e-04
-2.54261e+00 1.67758e+00 1.78062e-04
-2.60801e+00 1.74419e+00 1.64828e-04
-2.67373e+00 1.81224e+00 1.52531e-04
-2.73978e+00 1.88175e+00 1.41097e-04
-2.80616e+00 1.95273e+00 1.30454e-04
-2.87290e+00 2.02519e+00 1.20537e-04
-2.94000e+00 2.09914e+00 1.11283e-04
-3.00748e+00 2.17460e+00 1.02632e-04
-3.07535e+00 2.25157e+00 9.45280e-05
-3.14363e+00 2.33008e+00 8.69163e-05
-3.21233e+00 2.41014e+00 7.97449e-05
-3.28146e+00 2.49177e+00 7.29629e-05
-3.35104e+00 2.57498e+00 6.65211e-05
-3.42109e+00 2.65979e+00 6.03712e-05
-3.49161e+00 2.74622e+00 5.44656e-05
-3.56263e+00 2.83430e+00 4.87572e-05
-3.63415e+00 2.92404e+00 4.31988e-05
-3.70620e+00 3.01547e+00 3.77433e-05
-3.77879e+00 3.10861e+00 3.23430e-05
-3.85194e+00 3.20348e+00 2.69491e-05
-3.92566e+00 3.30011e+00 2.15121e-05
-3.99996e+00 3.39853e+00 1.59805e-05
-7.68032e-01 4.12287e-01 1.81213e-03
-8.28999e-01 4.40780e-01 1.63621e-03
-8.89958e-01 4.70812e-01 1.48397e-03
-9.50923e-01 5.02364e-01 1.35085e-03
-1.01191e+00 5.35420e-01 1.23344e-03
-1.07293e+00 5.69961e-01 1.12911e-03
-1.13401e+00 6.05975e-01 1.03584e-03
-1.19515e+00 6.43448e-01 9.52009e-04
-1.25637e+00 6.82368e-01 8.76327e-04
-1.31769e+00 7.22725e-01 8.07731e-04
-1.37912e+00 7.64508e-01 7.45347e-04
-1.44066e+00 8.07709e-01 6.88444e-04
-1.50235e+00 8.52322e-01 6.36408e-04
-1.56418e+00 8.98341e-01 5.88716e-04
-1.62617e+00 9.45760e-01 5.44919e-04
-1.68834e+00 9.94575e-01 5.04630e-04
-1.75069e+00 1.04478e+00 4.67511e-04
-1.81325e+00 1.09638e+00 4.33267e-04
-1.87602e+00 1.14938e+00 4.01639e-04
-1.93901e+00 1.20376e+00 3.72397e-04
-2.00225e+00 1.25953e+00 3.45334e-04
-2.06574e+00 1.31670e+00 3.20269e-04
-2.12949e+00 1.37526e+00 2.97035e-04
-2.19352e+00 1.43522e+00 2.75482e-04
-2.25784e+00 1.49659e+00 2.55477e-04
-2.32246e+00 1.55937e+00 2.36895e-04
-2.38740e+00 1.62356e+00 2.19622e-04
-2.45267e+00 1.68918e+00 2.03556e-04
-2.51828e+00 1.75623e+00 1.88598e-04
-2.58424e+00 1.82471e+00 1.74660e-04
-2.65058e+00 1.89465e+00 1.61659e-04
-2.71730e+00 1.96605e+00 1.49515e-04
-2.78441e+00 2.03892e+00 1.38156e-04
-2.85193e+00 2.11328e+00 1.27512e-04
-2.91988e+00 2.18913e+00 1.17516e-04
-2.98826e+00 2.26650e+00 1.08105e-04
-3.05709e+00 2.34539e+00 9.92177e-05
-3.12639e+00 2.42583e+00 9.07948e-05
-3.19618e+00 2.50782e+00 8.27785e-05
-3.26645e+00 2.59139e+00 7.51122e-05
-3.33724e+00 2.67656e+00 6.77398e-05
-3.40855e+00 2.76335e+00 6.06055e-05
-3.48041e+00 2.85177e+00 5.36532e-05
-3.55282e+00 2.94185e+00 4.68263e-05
-3.62581e+00 3.03361e+00 4.00669e-05
-3.69939e+00 3.12707e+00 3.33155e-05
-3.77358e+00 3.22226e+00 2.65105e-05
-3.84839e+00 3.31921e+00 1.95874e-05
-3.92385e+00 3.41794e+00 1.24781e-05
-3.99996e+00 3.51847e+00 5.11023e-06
-7.49842e-01 4.36403e-01 1.86834e-03
-8.09685e-01 4.66966e-01 1.68493e-03
-8.69588e-01 4.99044e-01 1.52712e-03
-9.29564e-01 5.32618e-01 1.38971e-03
-9.89628e-01 5.67670e-01 1.26890e-03
-1.04979e+00 6.04185e-01 1.16180e-03
-1.11008e+00 6.42148e-01 1.06623e-03
-1.17049e+00 6.81548e-01 9.80432e-04
-1.23105e+00 7.22373e-01 9.03037e-04
-1.29176e+00 7.64612e-01 8.32924e-04
-1.35264e+00 8.08257e-01 7.69176e-04
-1.41371e+00 8.53300e-01 7.11032e-04
-1.47498e+00 8.99734e-01 6.57854e-04
-1.53645e+00 9.47554e-01 6.09100e-04
-1.59814e+00 9.96755e-01 5.64310e-04
-1.66007e+00 1.04733e+00 5.23085e-04
-1.72225e+00 1.09929e+00 4.85081e-04
-1.78469e+00 1.15262e+00 4.49994e-04
-1.84740e+00 1.20732e+00 4.17561e-04
-1.91040e+00 1.26340e+00 3.87546e-04
-1.97369e+00 1.32085e+00 3.59740e-04
-2.03730e+00 1.37968e+00 3.33957e-04
-2.10123e+00 1.43990e+00 3.10028e-04
-2.16549e+00 1.50150e+00 2.87802e-04
-2.23011e+00 1.56449e+00 2.67139e-04
-2.29509e+00 1.62888e+00 2.47915e-04
-2.36044e+00 1.69468e+00 2.30012e-04
-2.42619e+00 1.76188e+00 2.13325e-04
-2.49233e+00 1.83051e+00 1.97755e-04
-2.55889e+00 1.90057e+00 1.83209e-04
-2.62588e+00 1.97208e+00 1.69601e-04
-2.69332e+00 2.04503e+00 1.56850e-04
-2.76121e+00 2.11945e+00 1.44878e-04
-2.82957e+00 2.19535e+00 1.33613e-04
-2.89841e+00 2.27274e+00 1.22983e-04
-2.96776e+00 2.35164e+00 1.12921e-04
-3.03762e+00 2.43206e+00 1.03360e-04
-3.10801e+00 2.51402e+00 9.42362e-05
-3.17895e+00 2.59754e+00 8.54840e-05
-3.25045e+00 2.68263e+00 7.70396e-05
-3.32253e+00 2.76932e+00 6.88386e-05
-3.39519e+00 2.85763e+00 6.08151e-05
-3.46847e+00 2.94758e+00 5.29018e-05
-3.54238e+00 3.03918e+00 4.50288e-05
-3.61693e+00 3.13247e+00 3.71231e-05
-3.69214e+00 3.22747e+00 2.91072e-05
-3.76803e+00 3.32421e+00 2.08984e-05
-3.84461e+00 3.42270e+00 1.24076e-05
-3.92192e+00 3.52299e+00 3.53720e-06
-3.99996e+00 3.62510e+00 -5.81998e-06
-7.31294e-01 4.60147e-01 1.92004e-03
-7.89871e-01 4.92810e-01 1.72929e-03
-8.48585e-01 5.26947e-01 1.56609e-03
-9.07448e-01 5.62540e-01 1.42459e-03
-9.66475e-01 5.99574e-01 1.30057e-03
-1.02568e+00 6.38033e-01 1.19090e-03
-1.08507e+00 6.77904e-01 1.09317e-03
-1.14466e+00 7.19175e-01 1.00556e-03
-1.20447e+00 7.61836e-01 9.26579e-04
-1.26451e+00 8.05876e-01 8.55068e-04
-1.32478e+00 8.51289e-01 7.90067e-04
-1.38531e+00 8.98066e-01 7.30783e-04
-1.44610e+00 9.46203e-01 6.76557e-04
-1.50716e+00 9.95693e-01 6.26833e-04
-1.56852e+00 1.04653e+00 5.81135e-04
-1.63018e+00 1.09872e+00 5.39058e-04
-1.69214e+00 1.15226e+00 5.00247e-04
-1.75444e+00 1.20714e+00 4.64397e-04
-1.81707e+00 1.26337e+00 4.31237e-04
-1.88006e+00 1.32094e+00 4.00527e-04
-1.94340e+00 1.37987e+00 3.72057e-04
-2.00713e+00 1.44014e+00 3.45635e-04
-2.07124e+00 1.50178e+00 3.21092e-04
-2.13575e+00 1.56477e+00 2.98274e-04
-2.20067e+00 1.62914e+00 2.77039e-04
-2.26602e+00 1.69488e+00 2.57259e-04
-2.33182e+00 1.76200e+00 2.38817e-04
-2.39806e+00 1.83051e+00 2.21603e-04
-2.46477e+00 1.90042e+00 2.05517e-04
-2.53196e+00 1.97175e+00 1.90463e-04
-2.59965e+00 2.04449e+00 1.76353e-04
-2.66784e+00 2.11867e+00 1.63103e-04
-2.73656e+00 2.19430e+00 1.50631e-04
-2.80581e+00 2.27138e+00 1.38861e-04
-2.87561e+00 2.34995e+00 1.27719e-04
-2.94599e+00 2.43000e+00 1.17130e-04
-3.01694e+00 2.51156e+00 1.07024e-04
-3.08849e+00 2.59465e+00 9.73280e-05
-3.16066e+00 2.67928e+00 8.79706e-05
-3.23346e+00 2.76548e+00 7.88786e-05
-3.30690e+00 2.85325e+00 6.99765e-05
-3.38101e+00 2.94264e+00 6.11862e-05
-3.45580e+00 3.03365e+00 5.24250e-05
-3.53129e+00 3.12631e+00 4.36052e-05
-3.60750e+00 3.22065e+00 3.46318e-05
-3.68444e+00 3.31668e+00 2.54012e-05
-3.76214e+00 3.41445e+00 1.57987e-05
-3.84061e+00 3.51397e+00 5.69579e-06
-3.91988e+00 3.61527e+00 -5.05321e-06
-3.99996e+00 3.71839e+00 -1.66155e-05
-7.12409e-01 4.83490e-01 1.96761e-03
-7.69577e-01 5.18279e-01 1.76957e-03
-8.26969e-01 5.54488e-01 1.60112e-03
-8.84596e-01 5.92100e-01 1.45570e-03
-9.42469e-01 6.31099e-01 1.32863e-03
-1.00060e+00 6.71472e-01 1.21652e-03
-1.05900e+00 7.13207e-01 1.11679e-03
-1.11769e+00 7.56292e-01 1.02747e-03
-1.17666e+00 8.00719e-01 9.47031e-04
-1.23594e+00 8.46479e-01 8.74231e-04
-1.29554e+00 8.93565e-01 8.08076e-04
-1.35546e+00 9.41970e-01 7.47746e-04
-1.41572e+00 9.91691e-01 6.92561e-04
-1.47633e+00 1.04272e+00 6.41950e-04
-1.53731e+00 1.09506e+00 5.95427e-04
-1.59865e+00 1.14871e+00 5.52575e-04
-1.66039e+00 1.20366e+00 5.13037e-04
-1.72251e+00 1.25992e+00 4.76499e-04
-1.78505e+00 1.31748e+00 4.42687e-04
-1.84801e+00 1.37635e+00 4.11359e-04
-1.91140e+00 1.43654e+00 3.82300e-04
-1.97523e+00 1.49804e+00 3.55318e-04
-2.03952e+00 1.56086e+00 3.30240e-04
-2.10429e+00 1.62501e+00 3.06911e-04
-2.16953e+00 1.69050e+00 2.85187e-04
-2.23527e+00 1.75732e+00 2.64940e-04
-2.30152e+00 1.82549e+00 2.46049e-04
-2.36829e+00 1.89503e+00 2.28403e-04
-2.43560e+00 1.96593e+00 2.11900e-04
-2.50346e+00 2.03820e+00 1.96444e-04
-2.57188e+00 2.11188e+00 1.81941e-04
-2.64087e+00 2.18695e+00 1.68307e-04
-2.71046e+00 2.26344e+00 1.55457e-04
-2.78066e+00 2.34137e+00 1.43310e-04
-2.85148e+00 2.42074e+00 1.31788e-04
-2.92294e+00 2.50158e+00 1.20813e-04
-2.99505e+00 2.58389e+00 1.10306e-04
-3.06783e+00 2.66771e+00 1.00189e-04
-3.14130e+00 2.75304e+00 9.03816e-05
-3.21547e+00 2.83992e+00 8.07994e-05
-3.29037e+00 2.92835e+00 7.13542e-05
-3.36600e+00 3.01836e+00 6.19519e-05
-3.44239e+00 3.10998e+00 5.24900e-05
-3.51956e+00 3.20322e+00 4.28560e-05
-3.59752e+00 3.29812e+00 3.29241e-05
-3.67629e+00 3.39469e+00 2.25516e-05
-3.75591e+00 3.49298e+00 1.15741e-05
-3.83637e+00 3.59300e+00 -2.00673e-07
-3.91772e+00 3.69478e+00 -1.30009e-05
-3.99996e+00 3.79836e+00 -2.71019e-05
-6.93208e-01 5.06405e-01 2.01140e-03
-7.48825e-01 5.43346e-01 1.80605e-03
-8.04762e-01 5.81638e-01 1.63244e-03
-8.61028e-01 6.21264e-01 1.48320e-03
-9.17633e-01 6.62211e-01 1.35321e-03
-9.74587e-01 7.04467e-01 1.23878e-03
-1.03190e+00 7.48021e-01 1.13716e-03
-1.08958e+00 7.92864e-01 1.04626e-03
-1.14764e+00 8.38988e-01 9.64465e-04
-1.20609e+00 8.86385e-01 8.90476e-04
-1.26494e+00 9.35049e-01 8.23261e-04
-1.32419e+00 9.84976e-01 7.61975e-04
-1.38387e+00 1.03616e+00 7.05917e-04
-1.44398e+00 1.08860e+00 6.54501e-04
-1.50452e+00 1.14230e+00 6.07232e-04
-1.56552e+00 1.19725e+00 5.63684e-04
-1.62698e+00 1.25345e+00 5.23494e-04
-1.68892e+00 1.31091e+00 4.86343e-04
-1.75134e+00 1.36963e+00 4.51955e-04
-1.81426e+00 1.42960e+00 4.20083e-04
-1.87768e+00 1.49084e+00 3.90512e-04
-1.94162e+00 1.55335e+00 3.63047e-04
-2.00610e+00 1.61713e+00 3.37514e-04
-2.07112e+00 1.68219e+00 3.13756e-04
-2.13669e+00 1.74854e+00 2.91628e-04
-2.20284e+00 1.81619e+00 2.71001e-04
-2.26957e+00 1.88514e+00 2.51753e-04
-2.33689e+00 1.95541e+00 2.33773e-04
-2.40482e+00 2.02700e+00 2.16955e-04
-2.47338e+00 2.09993e+00 2.01203e-04
-2.54257e+00 2.17421e+00 1.86423e-04
-2.61242e+00 2.24985e+00 1.72527e-04
-2.68293e+00 2.32687e+00 1.59428e-04
-2.75412e+00 2.40529e+00 1.47042e-04
-2.82601e+00 2.48511e+00 1.35288e-04
-2.89862e+00 2.56635e+00 1.24083e-04
-2.97195e+00 2.64904e+00 1.13342e-04
-3.04603e+00 2.73319e+00 1.02980e-04
-3.12088e+00 2.81882e+00 9.29069e-05
-3.19650e+00 2.90595e+00 8.30267e-05
-3.27293e+00 2.99460e+00 7.32360e-05
-3.35017e+00 3.08479e+00 6.34208e-05
-3.42825e+00 3.17656e+00 5.34532e-05
-3.50718e+00 3.26991e+00 4.31871e-05
-3.58700e+00 3.36489e+00 3.24527e-05
-3.66771e+00 3.46151e+00 2.10482e-05
-3.74934e+00 3.55980e+00 8.73021e-06
-3.83191e+00 3.65979e+00 -4.80167e-06
-3.91544e+00 3.76151e+00 -1.99250e-05
-3.99996e+00 3.86500e+00 -3.71249e-05
-6.73715e-01 5.28865e-01 2.05177e-03
-7.27639e-01 5.67983e-01 1.83901e-03
-7.81988e-01 6.08366e-01 1.66024e-03
-8.36769e-01 6.50001e-01 1.50725e-03
-8.91990e-01 6.92878e-01 1.37443e-03
-9.47658e-01 7.36985e-01 1.25779e-03
-1.00378e+00 7.82314e-01 1.15438e-03
-1.06037e+00 8.28856e-01 1.06200e-03
-1.11743e+00 8.76606e-01 9.78944e-04
-1.17497e+00 9.25557e-01 9.03860e-04
-1.23300e+00 9.75706e-01 8.35678e-04
-1.29153e+00 1.02705e+00 7.73524e-04
-1.35056e+00 1.07958e+00 7.16679e-04
-1.41011e+00 1.13330e+00 6.64542e-04
-1.47019e+00 1.18822e+00 6.16607e-04
-1.53080e+00 1.24432e+00 5.72443e-04
-1.59196e+00 1.30161e+00 5.31678e-04
-1.65367e+00 1.36009e+00 4.93993e-04
-1.71596e+00 1.41977e+00 4.59105e-04
-1.77881e+00 1.48066e+00 4.26767e-04
-1.84226e+00 1.54274e+00 3.96762e-04
-1.90631e+00 1.60604e+00 3.68893e-04
-1.97097e+00 1.67055e+00 3.42985e-04
-2.03625e+00 1.73628e+00 3.18880e-04
-2.10217e+00 1.80325e+00 2.96434e-04
-2.16873e+00 1.87146e+00 2.75516e-04
-2.23596e+00 1.94092e+00 2.56005e-04
-2.30386e+00 2.01164e+00 2.37789e-04
-2.37245e+00 2.08363e+00 2.20762e-04
-2.44173e+00 2.15691e+00 2.04827e-04
-2.51174e+00 2.23148e+00 1.89890e-04
-2.58247e+00 2.30737e+00 1.75861e-04
-2.65395e+00 2.38458e+00 1.62652e-04
-2.72620e+00 2.46313e+00 1.50180e-04
-2.79921e+00 2.54304e+00 1.38357e-04
-2.87302e+00 2.62432e+00 1.27100e-04
-2.94764e+00 2.70699e+00 1.16318e-04
-3.02309e+00 2.79108e+00 1.05920e-04
-3.09938e+00 2.87659e+00 9.58062e-05
-3.17654e+00 2.96356e+00 8.58694e-05
-3.25457e+00 3.05200e+00 7.59893e-05
-3.33351e+00 3.14194e+00 6.60290e-05
-3.41337e+00 3.23339e+00 5.58287e-05
-3.49417e+00 3.32639e+00 4.51980e-05
-3.57593e+00 3.42096e+00 3.39039e-05
-3.65868e+00 3.51712e+00 2.16550e-05
-3.74243e+00 3.61491e+00 8.07680e-06
-3.82721e+00 3.71435e+00 -7.32455e-06
-3.91304e+00 3.81547e+00 -2.52197e-05
-3.99996e+00 3.91831e+00 -4.65494e-05
-6.53955e-01 5.50845e-01 2.08910e-03
-7.06044e-01 5.92161e-01 1.86870e-03
-7.58673e-01 6.34644e-01 1.68470e-03
-8.11845e-01 6.78283e-01 1.52798e-03
-8.65566e-01 7.23069e-01 1.39240e-03
-9.19841e-01 7.68994e-01 1.27362e-03
-9.74676e-01 8.16052e-01 1.16852e-03
-1.03008e+00 8.64236e-01 1.07475e-03
-1.08605e+00 9.13541e-01 9.90520e-04
-1.14260e+00 9.63964e-01 9.14434e-04
-1.19974e+00 1.01550e+00 8.45377e-04
-1.25748e+00 1.06815e+00 7.82445e-04
-1.31581e+00 1.12191e+00 7.24901e-04
-1.37476e+00 1.17679e+00 6.72130e-04
-1.43432e+00 1.23278e+00 6.23615e-04
-1.49450e+00 1.28988e+00 5.78918e-04
-1.55533e+00 1.34810e+00 5.37663e-04
-1.61679e+00 1.40743e+00 4.99524e-04
-1.67892e+00 1.46790e+00 4.64217e-04
-1.74170e+00 1.52949e+00 4.31495e-04
-1.80516e+00 1.59221e+00 4.01136e-04
-1.86930e+00 1.65608e+00 3.72944e-04
-1.93415e+00 1.72109e+00 3.46745e-04
-1.99969e+00 1.78727e+00 3.22379e-04
-2.06596e+00 1.85460e+00 2.99704e-04
-2.13296e+00 1.92311e+00 2.78588e-04
-2.20070e+00 1.99281e+00 2.58911e-04
-2.26920e+00 2.06370e+00 2.40561e-04
-2.33848e+00 2.13580e+00 2.23435e-04
-2.40853e+00 2.20912e+00 2.07435e-04
-2.47938e+00 2.28367e+00 1.92468e-04
-2.55105e+00 2.35947e+00 1.78445e-04
-2.62355e+00 2.43654e+00 1.65281e-04
-2.69689e+00 2.51488e+00 1.52889e-04
-2.77109e+00 2.59452e+00 1.41185e-04
-2.84616e+00 2.67546e+00 1.30083e-04
-2.92213e+00 2.75774e+00 1.19491e-04
-2.99901e+00 2.84137e+00 1.09314e-04
-3.07682e+00 2.92637e+00 9.94475e-05
-3.15559e+00 3.01275e+00 8.97736e-05
-3.23531e+00 3.10055e+00 8.01577e-05
-3.31603e+00 3.18978e+00 7.04398e-05
-3.39776e+00 3.28047e+00 6.04247e-05
-3.48051e+00 3.37264e+00 4.98667e-05
-3.56432e+00 3.46632e+00 3.84468e-05
-3.64920e+00 3.56154e+00 2.57360e-05
-3.73518e+00 3.65831e+00 1.11372e-05
-3.82228e+00 3.75667e+00 -6.21629e-06
-3.91053e+00 3.85666e+00 -2.76421e-05
-3.99996e+00 3.95829e+00 -5.52592e-05
-6.33953e-01 5.72322e-01 2.12374e-03
-6.84067e-01 6.15855e-01 1.89537e-03
-7.34844e-01 6.60443e-01 1.70601e-03
-7.86283e-01 7.06078e-01 1.54553e-03
-8.38389e-01 7.52754e-01 1.40719e-03
-8.91164e-01 8.00464e-01 1.28633e-03
-9.44611e-01 8.49204e-01 1.17961e-03
-9.98733e-01 8.98970e-01 1.08453e-03
-1.05354e+00 9.49760e-01 9.99231e-04
-1.10902e+00 1.00157e+00 9.22238e-04
-1.16520e+00 1.05441e+00 8.52400e-04
-1.22208e+00 1.10826e+00 7.88787e-04
-1.27965e+00 1.16313e+00 7.30639e-04
-1.33794e+00 1.21903e+00 6.77327e-04
-1.39693e+00 1.27595e+00 6.28324e-04
-1.45666e+00 1.33390e+00 5.83185e-04
-1.51711e+00 1.39289e+00 5.41527e-04
-1.57830e+00 1.45290e+00 5.03023e-04
-1.64024e+00 1.51396e+00 4.67386e-04
-1.70293e+00 1.57607e+00 4.34365e-04
-1.76639e+00 1.63923e+00 4.03739e-04
-1.83062e+00 1.70346e+00 3.75313e-04
-1.89565e+00 1.76875e+00 3.48911e-04
-1.96146e+00 1.83512e+00 3.24376e-04
-2.02809e+00 1.90257e+00 3.01564e-04
-2.09554e+00 1.97113e+00 2.80347e-04
-2.16381e+00 2.04079e+00 2.60606e-04
-2.23294e+00 2.11158e+00 2.42232e-04
-2.30292e+00 2.18349e+00 2.25123e-04
-2.37377e+00 2.25655e+00 2.09184e-04
-2.44551e+00 2.33077e+00 1.94326e-04
-2.51815e+00 2.40617e+00 1.80464e-04
-2.59171e+00 2.48275e+00 1.67516e-04
-2.66620e+00 2.56053e+00 1.55399e-04
-2.74163e+00 2.63954e+00 1.44034e-04
-2.81803e+00 2.71978e+00 1.33339e-04
-2.89542e+00 2.80129e+00 1.23227e-04
-2.97380e+00 2.88406e+00 1.13608e-04
-3.05320e+00 2.96813e+00 1.04379e-04
-3.13365e+00 3.05352e+00 9.54237e-05
-3.21515e+00 3.14025e+00 8.66048e-05
-3.29773e+00 3.22833e+00 7.77512e-05
-3.38141e+00 3.31780e+00 6.86432e-05
-3.46621e+00 3.40867e+00 5.89856e-05
-3.55216e+00 3.50098e+00 4.83629e-05
-3.63928e+00 3.59475e+00 3.61591e-05
-3.72759e+00 3.69000e+00 2.14072e-05
-3.81713e+00 3.78676e+00 2.47791e-06
-3.90790e+00 3.88507e+00 -2.36295e-05
-3.99995e+00 3.98495e+00 -6.31534e-05
-6.13736e-01 5.93273e-01 2.15607e-03
-6.61737e-01 6.39041e-01 1.91924e-03
-7.10530e-01 6.85739e-01 1.72430e-03
-7.60116e-01 7.33361e-01 1.55997e-03
-8.10491e-01 7.81903e-01 1.41887e-03
-8.61658e-01 8.31363e-01 1.29597e-03
-9.13617e-01 8.81739e-01 1.18769e-03
-9.66368e-01 9.33029e-01 1.09139e-03
-1.01991e+00 9.85233e-01 1.00510e-03
-1.07426e+00 1.03835e+00 9.27298e-04
-1.12940e+00 1.09239e+00 8.56781e-04
-1.18535e+00 1.14734e+00 7.92588e-04
-1.24211e+00 1.20321e+00 7.33939e-04
-1.29968e+00 1.26000e+00 6.80189e-04
-1.35807e+00 1.31772e+00 6.30800e-04
-1.41728e+00 1.37637e+00 5.85319e-04
-1.47733e+00 1.43595e+00 5.43358e-04
-1.53821e+00 1.49648e+00 5.04586e-04
-1.59994e+00 1.55796e+00 4.68715e-04
-1.66252e+00 1.62039e+00 4.35491e-04
-1.72597e+00 1.68378e+00 4.04695e-04
-1.79028e+00 1.74814e+00 3.76130e-04
-1.85548e+00 1.81349e+00 3.49622e-04
-1.92157e+00 1.87982e+00 3.25014e-04
-1.98856e+00 1.94715e+00 3.02168e-04
-2.05647e+00 2.01549e+00 2.80955e-04
-2.12530e+00 2.08486e+00 2.61261e-04
-2.19507e+00 2.15525e+00 2.42980e-04
-2.26579e+00 2.22670e+00 2.26016e-04
-2.33747e+00 2.29920e+00 2.10279e-04
-2.41013e+00 2.37277e+00 1.95687e-04
-2.48378e+00 2.44743e+00 1.82162e-04
-2.55844e+00 2.52320e+00 1.69630e-04
-2.63413e+00 2.60008e+00 1.58023e-04
-2.71086e+00 2.67810e+00 1.47270e-04
-2.78864e+00 2.75727e+00 1.37307e-04
-2.86750e+00 2.83762e+00 1.28066e-04
-2.94745e+00 2.91915e+00 1.19477e-04
-3.02852e+00 3.00189e+00 1.11466e-04
-3.11072e+00 3.08586e+00 1.03948e-04
-3.19407e+00 3.17109e+00 9.68251e-05
-3.27860e+00 3.25758e+00 8.99739e-05
-3.36433e+00 3.34537e+00 8.32291e-05
-3.45127e+00 3.43448e+00 7.63531e-05
-3.53946e+00 3.52494e+00 6.89757e-05
-3.62892e+00 3.61676e+00 6.04638e-05
-3.71967e+00 3.70998e+00 4.96042e-05
-3.81174e+00 3.80462e+00 3.36854e-05
-3.90516e+00 3.90071e+00 5.04246e-06
-3.99995e+00 3.99828e+00 -7.01215e-05
-5.93283e-01 6.13726e-01 2.15609e-03
-6.39053e-01 6.61726e-01 1.91926e-03
-6.85751e-01 7.10518e-01 1.72432e-03
-7.33374e-01 7.60103e-01 1.55998e-03
-7.81917e-01 8.10478e-01 1.41889e-03
-8.31378e-01 8.61643e-01 1.29599e-03
-8.81755e-01 9.13601e-01 1.18770e-03
-9.33046e-01 9.66351e-01 1.09140e-03
-9.85250e-01 1.01990e+00 1.00511e-03
-1.03837e+00 1.07424e+00 9.27309e-04
-1.09240e+00 1.12938e+00 8.56791e-04
-1.14736e+00 1.18533e+00 7.92598e-04
-1.20323e+00 1.24209e+00 7.33948e-04
-1.26002e+00 1.29966e+00 6.80197e-04
-1.31774e+00 1.35805e+00 6.30807e-04
-1.37639e+00 1.41726e+00 5.85326e-04
-1.43598e+00 1.47731e+00 5.43365e-04
-1.49650e+00 1.53819e+00 5.04592e-04
-1.55798e+00 1.59992e+00 4.68720e-04
-1.62041e+00 1.66250e+00 4.35497e-04
-1.68380e+00 1.72595e+00 4.04700e-04
-1.74817e+00 1.79026e+00 3.76134e-04
-1.81351e+00 1.85546e+00 3.49626e-04
-1.87984e+00 1.92155e+00 3.25018e-04
-1.94717e+00 1.98854e+00 3.02171e-04
-2.01551e+00 2.05645e+00 2.80958e-04
-2.08488e+00 2.12528e+00 2.61264e-04
-2.15527e+00 2.19505e+00 2.42982e-04
-2.22672e+00 2.26577e+00 2.26018e-04
-2.29922e+00 2.33745e+00 2.10282e-04
-2.37279e+00 2.41011e+00 1.95689e-04
-2.44745e+00 2.48376e+00 1.82164e-04
-2.52322e+00 2.55843e+00 1.69633e-04
-2.60010e+00 2.63411e+00 1.58025e-04
-2.67812e+00 2.71084e+00 1.47273e-04
-2.75729e+00 2.78863e+00 1.37310e-04
-2.83763e+00 2.86749e+00 1.28069e-04
-2.91917e+00 2.94744e+00 1.19481e-04
-3.00191e+00 3.02851e+00 1.11470e-04
-3.08588e+00 3.11071e+00 1.03953e-04
-3.17110e+00 3.19406e+00 9.68310e-05
-3.25759e+00 3.27859e+00 8.99810e-05
-3.34538e+00 3.36432e+00 8.32377e-05
-3.43449e+00 3.45126e+00 7.63637e-05
-3.52495e+00 3.53945e+00 6.89889e-05
-3.61677e+00 3.62891e+00 6.04804e-05
-3.70998e+00 3.71967e+00 4.96253e-05
-3.80462e+00 3.81174e+00 3.37119e-05
-3.90072e+00 3.90516e+00 5.07283e-06
-3.99829e+00 3.99995e+00 -7.01270e-05
-5.72332e-01 6.33943e-01 2.12377e-03
-6.15867e-01 6.84056e-01 1.89540e-03
-6.60456e-01 7.34831e-01 1.70604e-03
-7.06092e-01 7.86270e-01 1.54556e-03
-7.52768e-01 8.38375e-01 1.40722e-03
-8.00479e-01 8.91148e-01 1.28636e-03
-8.49220e-01 9.44594e-01 1.17964e-03
-8.98987e-01 9.98716e-01 1.08456e-03
-9.49778e-01 1.05352e+00 9.99259e-04
-1.00159e+00 1.10901e+00 9.22265e-04
-1.05442e+00 1.16518e+00 8.52426e-04
-1.10828e+00 1.22206e+00 7.88811e-04
-1.16315e+00 1.27963e+00 7.30662e-04
-1.21905e+00 1.33791e+00 6.77348e-04
-1.27597e+00 1.39691e+00 6.28345e-04
-1.33393e+00 1.45663e+00 5.83204e-04
-1.39291e+00 1.51709e+00 5.41545e-04
-1.45293e+00 1.57828e+00 5.03040e-04
-1.51399e+00 1.64021e+00 4.67401e-04
-1.57609e+00 1.70291e+00 4.34380e-04
-1.63926e+00 1.76637e+00 4.03753e-04
-1.70348e+00 1.83060e+00 3.75326e-04
-1.76877e+00 1.89562e+00 3.48923e-04
-1.83514e+00 1.96144e+00 3.24387e-04
-1.90260e+00 2.02807e+00 3.01574e-04
-1.97115e+00 2.09552e+00 2.80357e-04
-2.04082e+00 2.16379e+00 2.60615e-04
-2.11160e+00 2.23292e+00 2.42240e-04
-2.18351e+00 2.30290e+00 2.25130e-04
-2.25658e+00 2.37375e+00 2.09191e-04
-2.33079e+00 2.44549e+00 1.94332e-04
-2.40619e+00 2.51813e+00 1.80470e-04
-2.48277e+00 2.59169e+00 1.67520e-04
-2.56055e+00 2.66618e+00 1.55403e-04
-2.63956e+00 2.74162e+00 1.44038e-04
-2.71980e+00 2.81802e+00 1.33342e-04
-2.80131e+00 2.89540e+00 1.23230e-04
-2.88408e+00 2.97379e+00 1.13611e-04
-2.96815e+00 3.05319e+00 1.04381e-04
-3.05354e+00 3.13363e+00 9.54265e-05
-3.14026e+00 3.21514e+00 8.66075e-05
-3.22835e+00 3.29772e+00 7.77540e-05
-3.31782e+00 3.38140e+00 6.86462e-05
-3.40869e+00 3.46620e+00 5.89890e-05
-3.50100e+00 3.55216e+00 4.83666e-05
-3.59476e+00 3.63928e+00 3.61631e-05
-3.69001e+00 3.72759e+00 2.14113e-05
-3.78678e+00 3.81712e+00 2.48142e-06
-3.88508e+00 3.90790e+00 -2.36286e-05
-3.98496e+00 3.99995e+00 -6.31609e-05
-5.50856e-01 6.53945e-01 2.08914e-03
-5.92173e-01 7.06033e-01 1.86875e-03
-6.34656e-01 7.58659e-01 1.68475e-03
-6.78296e-01 8.11830e-01 1.52803e-03
-7.23084e-01 8.65549e-01 1.39244e-03
-7.69010e-01 9.19823e-01 1.27366e-03
-8.16068e-01 9.74657e-01 1.16856e-03
-8.64253e-01 1.03006e+00 1.07479e-03
-9.13559e-01 1.08603e+00 9.90562e-04
-9.63983e-01 1.14258e+00 9.14475e-04
-1.01552e+00 1.19972e+00 8.45415e-04
-1.06817e+00 1.25745e+00 7.82482e-04
-1.12194e+00 1.31579e+00 7.24936e-04
-1.17681e+00 1.37473e+00 6.72163e-04
-1.23280e+00 1.43429e+00 6.23647e-04
-1.28990e+00 1.49448e+00 5.78948e-04
-1.34812e+00 1.55530e+00 5.37691e-04
-1.40746e+00 1.61677e+00 4.99550e-04
-1.46792e+00 1.67889e+00 4.64242e-04
-1.52951e+00 1.74168e+00 4.31518e-04
-1.59224e+00 1.80514e+00 4.01157e-04
-1.65610e+00 1.86928e+00 3.72964e-04
-1.72112e+00 1.93412e+00 3.46763e-04
-1.78729e+00 1.99967e+00 3.22397e-04
-1.85463e+00 2.06594e+00 2.99720e-04
-1.92314e+00 2.13294e+00 2.78603e-04
-1.99283e+00 2.20068e+00 2.58924e-04
-2.06373e+00 2.26918e+00 2.40573e-04
-2.13583e+00 2.33845e+00 2.23446e-04
-2.20915e+00 2.40851e+00 2.07445e-04
-2.28370e+00 2.47936e+00 1.92477e-04
-2.35950e+00 2.55103e+00 1.78453e-04
-2.43656e+00 2.62353e+00 1.65288e-04
-2.51490e+00 2.69687e+00 1.52895e-04
-2.59454e+00 2.77107e+00 1.41190e-04
-2.67549e+00 2.84615e+00 1.30087e-04
-2.75777e+00 2.92212e+00 1.19494e-04
-2.84139e+00 2.99900e+00 1.09317e-04
-2.92639e+00 3.07681e+00 9.94495e-05
-3.01277e+00 3.15557e+00 8.97750e-05
-3.10057e+00 3.23530e+00 8.01586e-05
-3.18980e+00 3.31602e+00 7.04401e-05
-3.28049e+00 3.39775e+00 6.04245e-05
-3.37266e+00 3.48050e+00 4.98661e-05
-3.46634e+00 3.56431e+00 3.84456e-05
-3.56155e+00 3.64920e+00 2.57344e-05
-3.65833e+00 3.73518e+00 1.11348e-05
-3.75669e+00 3.82228e+00 -6.21984e-06
-3.85668e+00 3.91053e+00 -2.76477e-05
-3.95831e+00 3.99996e+00 -5.52686e-05
-5.28876e-01 6.73706e-01 2.05182e-03
-5.67995e-01 7.27627e-01 1.83907e-03
-6.08379e-01 7.81974e-01 1.66029e-03
-6.50015e-01 8.36752e-01 1.50731e-03
-6.92893e-01 8.91971e-01 1.37449e-03
-7.37001e-01 9.47638e-01 1.25785e-03
-7.82331e-01 1.00376e+00 1.15444e-03
-8.28874e-01 1.06035e+00 1.06206e-03
-8.76624e-01 1.11740e+00 9.78997e-04
-9.25576e-01 1.17494e+00 9.03911e-04
-9.75725e-01 1.23297e+00 8.35726e-04
-1.02707e+00 1.29150e+00 7.73570e-04
-1.07960e+00 1.35053e+00 7.16723e-04
-1.13332e+00 1.41008e+00 6.64584e-04
-1.18824e+00 1.47016e+00 6.16647e-04
-1.24434e+00 1.53077e+00 5.72480e-04
-1.30163e+00 1.59193e+00 5.31714e-04
-1.36012e+00 1.65364e+00 4.94026e-04
-1.41980e+00 1.71593e+00 4.59136e-04
-1.48068e+00 1.77879e+00 4.26797e-04
-1.54277e+00 1.84223e+00 3.96790e-04
-1.60606e+00 1.90628e+00 3.68919e-04
-1.67057e+00 1.97094e+00 3.43009e-04
-1.73631e+00 2.03622e+00 3.18902e-04
-1.80328e+00 2.10214e+00 2.96455e-04
-1.87149e+00 2.16871e+00 2.75535e-04
-1.94095e+00 2.23593e+00 2.56023e-04
-2.01167e+00 2.30383e+00 2.37805e-04
-2.08366e+00 2.37242e+00 2.20777e-04
-2.15694e+00 2.44171e+00 2.04840e-04
-2.23151e+00 2.51172e+00 1.89901e-04
-2.30739e+00 2.58245e+00 1.75871e-04
-2.38460e+00 2.65393e+00 1.62661e-04
-2.46315e+00 2.72618e+00 1.50187e-04
-2.54306e+00 2.79919e+00 1.38364e-04
-2.62434e+00 2.87301e+00 1.27105e-04
-2.70702e+00 2.94763e+00 1.16322e-04
-2.79110e+00 3.02308e+00 1.05922e-04
-2.87662e+00 3.09937e+00 9.58078e-05
-2.96359e+00 3.17652e+00 8.58701e-05
-3.05203e+00 3.25456e+00 7.59890e-05
-3.14196e+00 3.33350e+00 6.60277e-05
-3.23342e+00 3.41336e+00 5.58266e-05
-3.32641e+00 3.49416e+00 4.51949e-05
-3.42098e+00 3.57592e+00 3.39000e-05
-3.51715e+00 3.65867e+00 2.16502e-05
-3.61493e+00 3.74242e+00 8.07101e-06
-3.71437e+00 3.82721e+00 -7.33156e-06
-3.81550e+00 3.91304e+00 -2.52283e-05
-3.91833e+00 3.99996e+00 -4.65604e-05
-5.06416e-01 6.93199e-01 2.01146e-03
-5.43359e-01 7.48812e-01 1.80612e-03
-5.81651e-01 8.04746e-01 1.63251e-03
-6.21278e-01 8.61009e-01 1.48327e-03
-6.62226e-01 9.17611e-01 1.35328e-03
-7.04483e-01 9.74563e-01 1.23885e-03
-7.48038e-01 1.03187e+00 1.13723e-03
-7.92882e-01 1.08955e+00 1.04633e-03
-8.39006e-01 1.14761e+00 9.64526e-04
-8.86404e-01 1.20606e+00 8.90534e-04
-9.35069e-01 1.26490e+00 8.23317e-04
-9.84997e-01 1.32416e+00 7.62028e-04
-1.03618e+00 1.38384e+00 7.05968e-04
-1.08863e+00 1.44394e+00 6.54550e-04
-1.14232e+00 1.50449e+00 6.07278e-04
-1.19727e+00 1.56549e+00 5.63728e-04
-1.25348e+00 1.62695e+00 5.23535e-04
-1.31094e+00 1.68888e+00 4.86382e-04
-1.36965e+00 1.75130e+00 4.51992e-04
-1.42963e+00 1.81422e+00 4.20118e-04
-1.49087e+00 1.87764e+00 3.90545e-04
-1.55337e+00 1.94159e+00 3.63078e-04
-1.61716e+00 2.00606e+00 3.37543e-04
-1.68222e+00 2.07108e+00 3.13782e-04
-1.74857e+00 2.13666e+00 2.91653e-04
-1.81622e+00 2.20281e+00 2.71024e-04
-1.88517e+00 2.26954e+00 2.51774e-04
-1.95544e+00 2.33686e+00 2.33792e-04
-2.02703e+00 2.40479e+00 2.16973e-04
-2.09996e+00 2.47335e+00 2.01219e-04
-2.17424e+00 2.54255e+00 1.86437e-04
-2.24988e+00 2.61239e+00 1.72539e-04
-2.32690e+00 2.68290e+00 1.59438e-04
-2.40532e+00 2.75410e+00 1.47051e-04
-2.48514e+00 2.82599e+00 1.35296e-04
-2.56638e+00 2.89860e+00 1.24089e-04
-2.64907e+00 2.97193e+00 1.13346e-04
-2.73322e+00 3.04601e+00 1.02983e-04
-2.81885e+00 3.12086e+00 9.29085e-05
-2.90598e+00 3.19649e+00 8.30270e-05
-2.99463e+00 3.27291e+00 7.32351e-05
-3.08482e+00 3.35016e+00 6.34186e-05
-3.17659e+00 3.42824e+00 5.34499e-05
-3.26994e+00 3.50718e+00 4.31827e-05
-3.36492e+00 3.58699e+00 3.24471e-05
-3.46154e+00 3.66770e+00 2.10416e-05
-3.55983e+00 3.74933e+00 8.72237e-06
-3.65982e+00 3.83190e+00 -4.81077e-06
-3.76154e+00 3.91544e+00 -1.99355e-05
-3.86503e+00 3.99996e+00 -3.71372e-05
-4.83501e-01 7.12399e-01 1.96769e-03
-5.18292e-01 7.69563e-01 1.76965e-03
-5.54502e-01 8.26951e-01 1.60120e-03
-5.92114e-01 8.84574e-01 1.45578e-03
-6.31114e-01 9.42444e-01 1.32871e-03
-6.71488e-01 1.00057e+00 1.21659e-03
-7.13224e-01 1.05897e+00 1.11686e-03
-7.56310e-01 1.11765e+00 1.02754e-03
-8.00738e-01 1.17663e+00 9.47097e-04
-8.46499e-01 1.23590e+00 8.74295e-04
-8.93585e-01 1.29550e+00 8.08137e-04
-9.41992e-01 1.35542e+00 7.47804e-04
-9.91713e-01 1.41568e+00 6.92617e-04
-1.04274e+00 1.47629e+00 6.42003e-04
-1.09508e+00 1.53726e+00 5.95477e-04
-1.14873e+00 1.59861e+00 5.52623e-04
-1.20368e+00 1.66034e+00 5.13082e-04
-1.25994e+00 1.72247e+00 4.76542e-04
-1.31751e+00 1.78501e+00 4.42727e-04
-1.37638e+00 1.84797e+00 4.11397e-04
-1.43657e+00 1.91136e+00 3.82336e-04
-1.49807e+00 1.97519e+00 3.55352e-04
-1.56089e+00 2.03948e+00 3.30272e-04
-1.62504e+00 2.10425e+00 3.06941e-04
-1.69053e+00 2.16949e+00 2.85215e-04
-1.75735e+00 2.23523e+00 2.64965e-04
-1.82552e+00 2.30149e+00 2.46072e-04
-1.89506e+00 2.36826e+00 2.28425e-04
-1.96596e+00 2.43557e+00 2.11920e-04
-2.03824e+00 2.50342e+00 1.96461e-04
-2.11191e+00 2.57185e+00 1.81957e-04
-2.18698e+00 2.64084e+00 1.68321e-04
-2.26348e+00 2.71044e+00 1.55469e-04
-2.34140e+00 2.78064e+00 1.43320e-04
-2.42077e+00 2.85146e+00 1.31796e-04
-2.50161e+00 2.92292e+00 1.20819e-04
-2.58393e+00 2.99503e+00 1.10311e-04
-2.66774e+00 3.06781e+00 1.00193e-04
-2.75308e+00 3.14129e+00 9.03835e-05
-2.83995e+00 3.21546e+00 8.07997e-05
-2.92838e+00 3.29036e+00 7.13531e-05
-3.01839e+00 3.36599e+00 6.19493e-05
-3.11001e+00 3.44238e+00 5.24861e-05
-3.20326e+00 3.51955e+00 4.28508e-05
-3.29815e+00 3.59751e+00 3.29176e-05
-3.39473e+00 3.67629e+00 2.25438e-05
-3.49301e+00 3.75590e+00 1.15650e-05
-3.59303e+00 3.83637e+00 -2.11138e-07
-3.69481e+00 3.91772e+00 -1.30128e-05
-3.79839e+00 3.99996e+00 -2.71154e-05
-4.60158e-01 7.31285e-01 1.92014e-03
-4.92822e-01 7.89856e-01 1.72938e-03
-5.26960e-01 8.48565e-01 1.56618e-03
-5.62555e-01 9.07423e-01 1.42468e-03
-5.99589e-01 9.66446e-01 1.30066e-03
-6.38049e-01 1.02564e+00 1.19098e-03
-6.77921e-01 1.08503e+00 1.09325e-03
-7.19194e-01 1.14462e+00 1.00563e-03
-7.61855e-01 1.20443e+00 9.26649e-04
-8.05896e-01 1.26446e+00 8.55135e-04
-8.51310e-01 1.32473e+00 7.90131e-04
-8.98088e-01 1.38526e+00 7.30844e-04
-9.46225e-01 1.44605e+00 6.76615e-04
-9.95717e-01 1.50711e+00 6.26888e-04
-1.04656e+00 1.56847e+00 5.81188e-04
-1.09875e+00 1.63012e+00 5.39108e-04
-1.15228e+00 1.69209e+00 5.00295e-04
-1.20717e+00 1.75439e+00 4.64443e-04
-1.26339e+00 1.81702e+00 4.31280e-04
-1.32097e+00 1.88001e+00 4.00568e-04
-1.37989e+00 1.94336e+00 3.72095e-04
-1.44017e+00 2.00708e+00 3.45672e-04
-1.50181e+00 2.07119e+00 3.21127e-04
-1.56480e+00 2.13570e+00 2.98306e-04
-1.62917e+00 2.20063e+00 2.77068e-04
-1.69491e+00 2.26598e+00 2.57286e-04
-1.76203e+00 2.33177e+00 2.38842e-04
-1.83054e+00 2.39802e+00 2.21626e-04
-1.90046e+00 2.46473e+00 2.05538e-04
-1.97178e+00 2.53193e+00 1.90482e-04
-2.04452e+00 2.59961e+00 1.76370e-04
-2.11870e+00 2.66781e+00 1.63118e-04
-2.19433e+00 2.73653e+00 1.50644e-04
-2.27142e+00 2.80578e+00 1.38873e-04
-2.34998e+00 2.87559e+00 1.27728e-04
-2.43004e+00 2.94596e+00 1.17138e-04
-2.51160e+00 3.01692e+00 1.07030e-04
-2.59469e+00 3.08847e+00 9.73321e-05
-2.67932e+00 3.16064e+00 8.79730e-05
-2.76551e+00 3.23344e+00 7.88792e-05
-2.85329e+00 3.30689e+00 6.99756e-05
-2.94268e+00 3.38100e+00 6.11836e-05
-3.03369e+00 3.45579e+00 5.24209e-05
-3.12635e+00 3.53128e+00 4.35996e-05
-3.22069e+00 3.60749e+00 3.46248e-05
-3.31672e+00 3.68443e+00 2.53928e-05
-3.41449e+00 3.76213e+00 1.57888e-05
-3.51401e+00 3.84061e+00 5.68444e-06
-3.61531e+00 3.91988e+00 -5.06605e-06
-3.71843e+00 3.99996e+00 -1.66299e-05
-4.36415e-01 7.49833e-01 1.86846e-03
-4.66979e-01 8.09669e-01 1.68504e-03
-4.99058e-01 8.69565e-01 1.52722e-03
-5.32632e-01 9.29536e-01 1.38981e-03
-5.67685e-01 9.89595e-01 1.26899e-03
-6.04201e-01 1.04976e+00 1.16189e-03
-6.42166e-01 1.11004e+00 1.06631e-03
-6.81567e-01 1.17044e+00 9.80508e-04
-7.22393e-01 1.23100e+00 9.03109e-04
-7.64633e-01 1.29171e+00 8.32992e-04
-8.08279e-01 1.35259e+00 7.69241e-04
-8.53322e-01 1.41366e+00 7.11094e-04
-8.99757e-01 1.47492e+00 6.57913e-04
-9.47578e-01 1.53639e+00 6.09157e-04
-9.96779e-01 1.59808e+00 5.64364e-04
-1.04736e+00 1.66001e+00 5.23136e-04
-1.09931e+00 1.72219e+00 4.85129e-04
-1.15264e+00 1.78463e+00 4.50040e-04
-1.20735e+00 1.84734e+00 4.17605e-04
-1.26343e+00 1.91034e+00 3.87588e-04
-1.32088e+00 1.97363e+00 3.59780e-04
-1.37971e+00 2.03724e+00 3.33994e-04
-1.43993e+00 2.10117e+00 3.10063e-04
-1.50153e+00 2.16544e+00 2.87835e-04
-1.56452e+00 2.23006e+00 2.67170e-04
-1.62892e+00 2.29504e+00 2.47943e-04
-1.69471e+00 2.36040e+00 2.30039e-04
-1.76192e+00 2.42614e+00 2.13350e-04
-1.83055e+00 2.49229e+00 1.97777e-04
-1.90061e+00 2.55885e+00 1.83229e-04
-1.97211e+00 2.62584e+00 1.69619e-04
-2.04507e+00 2.69328e+00 1.56866e-04
-2.11949e+00 2.76117e+00 1.44892e-04
-2.19539e+00 2.82954e+00 1.33625e-04
-2.27278e+00 2.89838e+00 1.22993e-04
-2.35168e+00 2.96773e+00 1.12930e-04
-2.43210e+00 3.03760e+00 1.03367e-04
-2.51406e+00 3.10799e+00 9.42410e-05
-2.59758e+00 3.17893e+00 8.54870e-05
-2.68267e+00 3.25043e+00 7.70408e-05
-2.76937e+00 3.32251e+00 6.88380e-05
-2.85767e+00 3.39518e+00 6.08128e-05
-2.94762e+00 3.46846e+00 5.28978e-05
-3.03923e+00 3.54237e+00 4.50232e-05
-3.13252e+00 3.61692e+00 3.71159e-05
-3.22752e+00 3.69213e+00 2.90984e-05
-3.32426e+00 3.76802e+00 2.08881e-05
-3.42275e+00 3.84461e+00 1.23957e-05
-3.52304e+00 3.92192e+00 3.52373e-06
-3.62514e+00 3.99996e+00 -5.83508e-06
-4.12298e-01 7.68023e-01 1.81227e-03
-4.40793e-01 8.28982e-01 1.63634e-03
-4.70826e-01 8.89933e-01 1.48409e-03
-5.02379e-01 9.50892e-01 1.35096e-03
-5.35435e-01 1.01187e+00 1.23353e-03
-5.69978e-01 1.07289e+00 1.12920e-03
-6.05993e-01 1.13396e+00 1.03592e-03
-6.43467e-01 1.19510e+00 9.52086e-04
-6.82388e-01 1.25632e+00 8.76399e-04
-7.22745e-01 1.31763e+00 8.07799e-04
-7.64529e-01 1.37906e+00 7.45411e-04
-8.07732e-01 1.44060e+00 6.88505e-04
-8.52346e-01 1.50228e+00 6.36466e-04
-8.98365e-01 1.56411e+00 5.88772e-04
-9.45785e-01 1.62610e+00 5.44972e-04
-9.94601e-01 1.68827e+00 5.04680e-04
-1.04481e+00 1.75062e+00 4.67559e-04
-1.09641e+00 1.81318e+00 4.33313e-04
-1.14940e+00 1.87595e+00 4.01683e-04
-1.20379e+00 1.93895e+00 3.72439e-04
-1.25956e+00 2.00218e+00 3.45374e-04
-1.31673e+00 2.06567e+00 3.20306e-04
-1.37529e+00 2.12943e+00 2.97070e-04
-1.43526e+00 2.19346e+00 2.75516e-04
-1.49662e+00 2.25778e+00 2.55509e-04
-1.55940e+00 2.32240e+00 2.36924e-04
-1.62360e+00 2.38735e+00 2.19650e-04
-1.68921e+00 2.45262e+00 2.03581e-04
-1.75626e+00 2.51823e+00 1.88621e-04
-1.82475e+00 2.58420e+00 1.74682e-04
-1.89469e+00 2.65053e+00 1.61678e-04
-1.96609e+00 2.71725e+00 1.49533e-04
-2.03896e+00 2.78437e+00 1.38172e-04
-2.11332e+00 2.85190e+00 1.27525e-04
-2.18917e+00 2.91984e+00 1.17528e-04
-2.26654e+00 2.98823e+00 1.08115e-04
-2.34543e+00 3.05707e+00 9.92253e-05
-2.42587e+00 3.12637e+00 9.08005e-05
-2.50787e+00 3.19615e+00 8.27823e-05
-2.59144e+00 3.26643e+00 7.51141e-05
-2.67661e+00 3.33722e+00 6.77399e-05
-2.76339e+00 3.40854e+00 6.06038e-05
-2.85182e+00 3.48040e+00 5.36497e-05
-2.94190e+00 3.55281e+00 4.68210e-05
-3.03366e+00 3.62580e+00 4.00598e-05
-3.12712e+00 3.69939e+00 3.33068e-05
-3.22231e+00 3.77357e+00 2.65001e-05
-3.31926e+00 3.84839e+00 1.95753e-05
-3.41799e+00 3.92385e+00 1.24643e-05
-3.51853e+00 3.99996e+00 5.09471e-06
-3.87839e-01 7.85836e-01 1.75120e-03
-4.14293e-01 8.47777e-01 1.58295e-03
-4.42296e-01 9.09651e-01 1.43652e-03
-4.71829e-01 9.71475e-01 1.30792e-03
-5.02874e-01 1.03326e+00 1.19411e-03
-5.35416e-01 1.09503e+00 1.09275e-03
-5.69439e-01 1.15680e+00 1.00196e-03
-6.04931e-01 1.21858e+00 9.20261e-04
-6.41879e-01 1.28038e+00 8.46436e-04
-6.80272e-01 1.34222e+00 7.79488e-04
-7.20101e-01 1.40412e+00 7.18587e-04
-7.61356e-01 1.46608e+00 6.63036e-04
-8.04031e-01 1.52813e+00 6.12245e-04
-8.48119e-01 1.59026e+00 5.65711e-04
-8.93614e-01 1.65251e+00 5.22998e-04
-9.40513e-01 1.71488e+00 4.83731e-04
-9.88812e-01 1.77738e+00 4.47583e-04
-1.03851e+00 1.84003e+00 4.14265e-04
-1.08960e+00 1.90285e+00 3.83523e-04
-1.14209e+00 1.96583e+00 3.55133e-04
-1.19597e+00 2.02900e+00 3.28894e-04
-1.25125e+00 2.09237e+00 3.04626e-04
-1.30793e+00 2.15594e+00 2.82167e-04
-1.36601e+00 2.21975e+00 2.61372e-04
-1.42550e+00 2.28378e+00 2.42107e-04
-1.48640e+00 2.34807e+00 2.24252e-04
-1.54871e+00 2.41262e+00 2.07696e-04
-1.61245e+00 2.47744e+00 1.92339e-04
-1.67762e+00 2.54255e+00 1.78086e-04
-1.74423e+00 2.60796e+00 1.64850e-04
-1.81228e+00 2.67369e+00 1.52552e-04
-1.88180e+00 2.73973e+00 1.41115e-04
-1.95278e+00 2.80612e+00 1.30471e-04
-2.02524e+00 2.87286e+00 1.20552e-04
-2.09919e+00 2.93996e+00 1.11295e-04
-2.17465e+00 3.00745e+00 1.02643e-04
-2.25162e+00 3.07532e+00 9.45365e-05
-2.33013e+00 3.14360e+00 8.69230e-05
-2.41019e+00 3.21231e+00 7.97496e-05
-2.49182e+00 3.28144e+00 7.29657e-05
-2.57503e+00 3.35103e+00 6.65220e-05
-2.65984e+00 3.42107e+00 6.03702e-05
-2.74628e+00 3.49160e+00 5.44627e-05
-2.83436e+00 3.56262e+00 4.87524e-05
-2.92410e+00 3.63415e+00 4.31922e-05
-3.01553e+00 3.70620e+00 3.77349e-05
-3.10867e+00 3.77879e+00 3.23327e-05
-3.20354e+00 3.85193e+00 2.69371e-05
-3.30017e+00 3.92565e+00 2.14982e-05
-3.39859e+00 3.99996e+00 1.59648e-05
-3.63067e-01 8.03255e-01 1.68485e-03
-3.87512e-01 8.66037e-01 1.52456e-03
-4.13500e-01 9.28704e-01 1.38424e-03
-4.41014e-01 9.91271e-01 1.26045e-03
-4.70035e-01 1.05376e+00 1.15053e-03
-5.00549e-01 1.11617e+00 1.05238e-03
-5.32540e-01 1.17854e+00 9.64298e-04
-5.65996e-01 1.24086e+00 8.84925e-04
-6.00903e-01 1.30317e+00 8.13135e-04
-6.37252e-01 1.36546e+00 7.47995e-04
-6.75032e-01 1.42777e+00 6.88722e-04
-7.14235e-01 1.49009e+00 6.34656e-04
-7.54853e-01 1.55244e+00 5.85233e-04
-7.96879e-01 1.61484e+00 5.39970e-04
-8.40308e-01 1.67731e+00 4.98449e-04
-8.85135e-01 1.73984e+00 4.60308e-04
-9.31357e-01 1.80246e+00 4.25227e-04
-9.78970e-01 1.86519e+00 3.92929e-04
-1.02797e+00 1.92802e+00 3.63166e-04
-1.07837e+00 1.99098e+00 3.35718e-04
-1.13015e+00 2.05407e+00 3.10391e-04
-1.18332e+00 2.11732e+00 2.87008e-04
-1.23788e+00 2.18072e+00 2.65412e-04
-1.29383e+00 2.24430e+00 2.45461e-04
-1.35118e+00 2.30807e+00 2.27024e-04
-1.40994e+00 2.37204e+00 2.09985e-04
-1.47010e+00 2.43622e+00 1.94236e-04
-1.53167e+00 2.50062e+00 1.79678e-04
-1.59465e+00 2.56526e+00 1.66220e-04
-1.65907e+00 2.63015e+00 1.53779e-04
-1.72492e+00 2.69529e+00 1.42277e-04
-1.79221e+00 2.76072e+00 1.31643e-04
-1.86095e+00 2.82642e+00 1.21807e-04
-1.93116e+00 2.89243e+00 1.12709e-04
-2.00284e+00 2.95875e+00 1.04288e-04
-2.07601e+00 3.02539e+00 9.64885e-05
-2.15067e+00 3.09237e+00 8.92580e-05
-2.22686e+00 3.15970e+00 8.25461e-05
-2.30457e+00 3.22739e+00 7.63050e-05
-2.38382e+00 3.29546e+00 7.04888e-05
-2.46463e+00 3.36392e+00 6.50534e-05
-2.54702e+00 3.43278e+00 5.99563e-05
-2.63101e+00 3.50206e+00 5.51561e-05
-2.71661e+00 3.57178e+00 5.06125e-05
-2.80385e+00 3.64194e+00 4.62860e-05
-2.89274e+00 3.71256e+00 4.21379e-05
-2.98331e+00 3.78366e+00 3.81295e-05
-3.07558e+00 3.85525e+00 3.42228e-05
-3.16958e+00 3.92735e+00 3.03794e-05
-3.26532e+00 3.99996e+00 2.65608e-05
-3.38011e-01 8.20263e-01 1.61284e-03
-3.60479e-01 8.83749e-01 1.46083e-03
-3.84471e-01 9.47079e-01 1.32695e-03
-4.09968e-01 1.01027e+00 1.20831e-03
-4.36955e-01 1.07334e+00 1.10258e-03
-4.65414e-01 1.13630e+00 1.00791e-03
-4.95334e-01 1.19916e+00 9.22789e-04
-5.26699e-01 1.26195e+00 8.45967e-04
-5.59500e-01 1.32468e+00 7.76413e-04
-5.93725e-01 1.38735e+00 7.13261e-04
-6.29364e-01 1.45000e+00 6.55782e-04
-6.66409e-01 1.51262e+00 6.03350e-04
-7.04853e-01 1.57523e+00 5.55433e-04
-7.44688e-01 1.63785e+00 5.11571e-04
-7.85908e-01 1.70048e+00 4.71362e-04
-8.28510e-01 1.76315e+00 4.34458e-04
-8.72489e-01 1.82586e+00 4.00552e-04
-9.17842e-01 1.88863e+00 3.69376e-04
-9.64568e-01 1.95147e+00 3.40689e-04
-1.01266e+00 2.01439e+00 3.14278e-04
-1.06213e+00 2.07741e+00 2.89955e-04
-1.11297e+00 2.14053e+00 2.67548e-04
-1.16517e+00 2.20376e+00 2.46903e-04
-1.21876e+00 2.26713e+00 2.27883e-04
-1.27371e+00 2.33064e+00 2.10361e-04
-1.33005e+00 2.39431e+00 1.94222e-04
-1.38777e+00 2.45814e+00 1.79364e-04
-1.44689e+00 2.52215e+00 1.65689e-04
-1.50739e+00 2.58635e+00 1.53111e-04
-1.56930e+00 2.65075e+00 1.41547e-04
-1.63262e+00 2.71536e+00 1.30925e-04
-1.69735e+00 2.78020e+00 1.21173e-04
-1.76351e+00 2.84527e+00 1.12228e-04
-1.83110e+00 2.91060e+00 1.04029e-04
-1.90015e+00 2.97619e+00 9.65214e-05
-1.97064e+00 3.04205e+00 8.96513e-05
-2.04261e+00 3.10820e+00 8.33693e-05
-2.11606e+00 3.17464e+00 7.76288e-05
-2.19100e+00 3.24140e+00 7.23853e-05
-2.26745e+00 3.30848e+00 6.75969e-05
-2.34543e+00 3.37590e+00 6.32235e-05
-2.42495e+00 3.44367e+00 5.92268e-05
-2.50602e+00 3.51179e+00 5.55700e-05
-2.58867e+00 3.58030e+00 5.22177e-05
-2.67291e+00 3.64919e+00 4.91358e-05
-2.75877e+00 3.71848e+00 4.62911e-05
-2.84625e+00 3.78820e+00 4.36514e-05
-2.93539e+00 3.85834e+00 4.11851e-05
-3.02621e+00 3.92892e+00 3.88614e-05
-3.11872e+00 3.99997e+00 3.66498e-05
-3.12702e-01 8.36847e-01 1.53474e-03
-3.33228e-01 9.00900e-01 1.39137e-03
-3.55241e-01 9.64765e-01 1.26434e-03
-3.78726e-01 1.02846e+00 1.15121e-03
-4.03666e-01 1.09200e+00 1.05003e-03
-4.30047e-01 1.15540e+00 9.59166e-04
-4.57856e-01 1.21867e+00 8.77285e-04
-4.87080e-01 1.28184e+00 8.03272e-04
-5.17709e-01 1.34490e+00 7.36188e-04
-5.49731e-01 1.40789e+00 6.75238e-04
-5.83138e-01 1.47080e+00 6.19744e-04
-6.17921e-01 1.53366e+00 5.69123e-04
-6.54073e-01 1.59648e+00 5.22874e-04
-6.91587e-01 1.65927e+00 4.80560e-04
-7.30458e-01 1.72204e+00 4.41801e-04
-7.70681e-01 1.78480e+00 4.06263e-04
-8.12252e-01 1.84758e+00 3.73654e-04
-8.55168e-01 1.91037e+00 3.43714e-04
-8.99426e-01 1.97320e+00 3.16212e-04
-9.45024e-01 2.03607e+00 2.90942e-04
-9.91963e-01 2.09900e+00 2.67721e-04
-1.04024e+00 2.16199e+00 2.46384e-04
-1.08986e+00 2.22506e+00 2.26782e-04
-1.14082e+00 2.28823e+00 2.08781e-04
-1.19313e+00 2.35149e+00 1.92258e-04
-1.24678e+00 2.41487e+00 1.77104e-04
-1.30179e+00 2.47838e+00 1.63217e-04
-1.35815e+00 2.54202e+00 1.50503e-04
-1.41587e+00 2.60581e+00 1.38880e-04
-1.47495e+00 2.66976e+00 1.28268e-04
-1.53541e+00 2.73388e+00 1.18595e-04
-1.59725e+00 2.79818e+00 1.09795e-04
-1.66048e+00 2.86268e+00 1.01806e-04
-1.72510e+00 2.92738e+00 9.45713e-05
-1.79113e+00 2.99229e+00 8.80364e-05
-1.85857e+00 3.05744e+00 8.21519e-05
-1.92745e+00 3.12282e+00 7.68707e-05
-1.99775e+00 3.18845e+00 7.21489e-05
-2.06951e+00 3.25435e+00 6.79452e-05
-2.14273e+00 3.32051e+00 6.42204e-05
-2.21743e+00 3.38697e+00 6.09376e-05
-2.29362e+00 3.45372e+00 5.80617e-05
-2.37132e+00 3.52079e+00 5.55592e-05
-2.45053e+00 3.58817e+00 5.33984e-05
-2.53129e+00 3.65589e+00 5.15487e-05
-2.61360e+00 3.72396e+00 4.99810e-05
-2.69749e+00 3.79239e+00 4.86671e-05
-2.78297e+00 3.86119e+00 4.75799e-05
-2.87007e+00 3.93038e+00 4.66932e-05
-2.95880e+00 3.99997e+00 4.59815e-05
-2.87172e-01 8.52995e-01 1.45010e-03
-3.05789e-01 9.17479e-01 1.31580e-03
-3.25843e-01 9.81755e-01 1.19605e-03
-3.47320e-01 1.04584e+00 1.08887e-03
-3.70205e-01 1.10974e+00 9.92626e-04
-3.94484e-01 1.17348e+00 9.05934e-04
-4.20145e-01 1.23707e+00 8.27630e-04
-4.47177e-01 1.30052e+00 7.56729e-04
-4.75569e-01 1.36385e+00 6.92389e-04
-5.05311e-01 1.42707e+00 6.33889e-04
-5.36395e-01 1.49019e+00 5.80606e-04
-5.68813e-01 1.55323e+00 5.32002e-04
-6.02557e-01 1.61620e+00 4.87609e-04
-6.37622e-01 1.67911e+00 4.47018e-04
-6.74003e-01 1.74197e+00 4.09869e-04
-7.11693e-01 1.80480e+00 3.75847e-04
-7.50690e-01 1.86761e+00 3.44672e-04
-7.90991e-01 1.93041e+00 3.16096e-04
-8.32592e-01 1.99320e+00 2.89898e-04
-8.75493e-01 2.05601e+00 2.65882e-04
-9.19692e-01 2.11885e+00 2.43869e-04
-9.65188e-01 2.18171e+00 2.23702e-04
-1.01198e+00 2.24462e+00 2.05236e-04
-1.06008e+00 2.30759e+00 1.88343e-04
-1.10947e+00 2.37063e+00 1.72904e-04
-1.16017e+00 2.43374e+00 1.58812e-04
-1.21217e+00 2.49694e+00 1.45970e-04
-1.26549e+00 2.56025e+00 1.34289e-04
-1.32012e+00 2.62366e+00 1.23687e-04
-1.37607e+00 2.68719e+00 1.14088e-04
-1.43334e+00 2.75086e+00 1.05423e-04
-1.49194e+00 2.81467e+00 9.76285e-05
-1.55189e+00 2.87863e+00 9.06453e-05
-1.61318e+00 2.94276e+00 8.44183e-05
-1.67582e+00 3.00706e+00 7.88966e-05
-1.73982e+00 3.07154e+00 7.40324e-05
-1.80520e+00 3.13623e+00 6.97813e-05
-1.87196e+00 3.20111e+00 6.61019e-05
-1.94011e+00 3.26622e+00 6.29549e-05
-2.00967e+00 3.33156e+00 6.03038e-05
-2.08065e+00 3.39713e+00 5.81140e-05
-2.15305e+00 3.46296e+00 5.63528e-05
-2.22690e+00 3.52905e+00 5.49894e-05
-2.30221e+00 3.59541e+00 5.39945e-05
-2.37899e+00 3.66205e+00 5.33403e-05
-2.45725e+00 3.72900e+00 5.30002e-05
-2.53703e+00 3.79625e+00 5.29490e-05
-2.61832e+00 3.86382e+00 5.31624e-05
-2.70115e+00 3.93172e+00 5.36172e-05
-2.78555e+00 3.99997e+00 5.42911e-05
-2.61450e-01 8.68696e-01 1.35847e-03
-2.78192e-01 9.33480e-01 1.23370e-03
-2.96308e-01 9.98042e-01 1.12171e-03
-3.15783e-01 1.06239e+00 1.02096e-03
-3.36604e-01 1.12655e+00 9.30111e-04
-3.58759e-01 1.19053e+00 8.48009e-04
-3.82237e-01 1.25434e+00 7.73667e-04
-4.07026e-01 1.31800e+00 7.06230e-04
-4.33119e-01 1.38151e+00 6.44953e-04
-4.60505e-01 1.44489e+00 5.89194e-04
-4.89177e-01 1.50816e+00 5.38388e-04
-5.19127e-01 1.57132e+00 4.92043e-04
-5.50349e-01 1.63439e+00 4.49727e-04
-5.82837e-01 1.69738e+00 4.11061e-04
-6.16586e-01 1.76030e+00 3.75708e-04
-6.51592e-01 1.82316e+00 3.43371e-04
-6.87851e-01 1.88597e+00 3.13787e-04
-7.25359e-01 1.94874e+00 2.86720e-04
-7.64114e-01 2.01149e+00 2.61960e-04
-8.04115e-01 2.07423e+00 2.39319e-04
-8.45360e-01 2.13696e+00 2.18628e-04
-8.87849e-01 2.19969e+00 1.99734e-04
-9.31582e-01 2.26245e+00 1.82501e-04
-9.76560e-01 2.32523e+00 1.66803e-04
-1.02278e+00 2.38805e+00 1.52528e-04
-1.07025e+00 2.45091e+00 1.39572e-04
-1.11897e+00 2.51383e+00 1.27843e-04
-1.16895e+00 2.57682e+00 1.17254e-04
-1.22018e+00 2.63989e+00 1.07727e-04
-1.27267e+00 2.70305e+00 9.91891e-05
-1.32643e+00 2.76630e+00 9.15745e-05
-1.38146e+00 2.82966e+00 8.48217e-05
-1.43776e+00 2.89314e+00 7.88740e-05
-1.49535e+00 2.95674e+00 7.36790e-05
-1.55423e+00 3.02048e+00 6.91878e-05
-1.61441e+00 3.08437e+00 6.53552e-05
-1.67590e+00 3.14842e+00 6.21388e-05
-1.73870e+00 3.21264e+00 5.94992e-05
-1.80282e+00 3.27703e+00 5.73994e-05
-1.86828e+00 3.34161e+00 5.58047e-05
-1.93509e+00 3.40638e+00 5.46826e-05
-2.00325e+00 3.47137e+00 5.40025e-05
-2.07279e+00 3.53657e+00 5.37353e-05
-2.14370e+00 3.60200e+00 5.38538e-05
-2.21601e+00 3.66767e+00 5.43321e-05
-2.28972e+00 3.73359e+00 5.51457e-05
-2.36486e+00 3.79976e+00 5.62712e-05
-2.44144e+00 3.86621e+00 5.76864e-05
-2.51947e+00 3.93294e+00 5.93702e-05
-2.59897e+00 3.99997e+00 6.13023e-05
-2.35566e-01 8.83941e-01 1.25935e-03
-2.50470e-01 9.48896e-01 1.14462e-03
-2.66668e-01 1.01362e+00 1.04095e-03
-2.84149e-01 1.07813e+00 9.47156e-04
-3.02899e-01 1.14244e+00 8.62208e-04
-3.22909e-01 1.20656e+00 7.85176e-04
-3.44168e-01 1.27050e+00 7.15239e-04
-3.66667e-01 1.33427e+00 6.51672e-04
-3.90399e-01 1.39789e+00 5.93832e-04
-4.15354e-01 1.46137e+00 5.41154e-04
-4.41525e-01 1.52471e+00 4.93135e-04
-4.68907e-01 1.58794e+00 4.49332e-04
-4.97493e-01 1.65106e+00 4.09352e-04
-5.27277e-01 1.71408e+00 3.72846e-04
-5.58256e-01 1.77701e+00 3.39503e-04
-5.90425e-01 1.83986e+00 3.09047e-04
-6.23780e-01 1.90265e+00 2.81231e-04
-6.58319e-01 1.96538e+00 2.55834e-04
-6.94040e-01 2.02807e+00 2.32657e-04
-7.30940e-01 2.09071e+00 2.11524e-04
-7.69018e-01 2.15334e+00 1.92274e-04
-8.08274e-01 2.21594e+00 1.74761e-04
-8.48707e-01 2.27854e+00 1.58856e-04
-8.90318e-01 2.34114e+00 1.44440e-04
-9.33108e-01 2.40375e+00 1.31404e-04
-9.77078e-01 2.46639e+00 1.19651e-04
-1.02223e+00 2.52905e+00 1.09092e-04
-1.06857e+00 2.59175e+00 9.96434e-05
-1.11609e+00 2.65451e+00 9.12313e-05
-1.16480e+00 2.71732e+00 8.37867e-05
-1.21471e+00 2.78020e+00 7.72459e-05
-1.26582e+00 2.84315e+00 7.15507e-05
-1.31814e+00 2.90620e+00 6.66469e-05
-1.37166e+00 2.96933e+00 6.24845e-05
-1.42640e+00 3.03258e+00 5.90171e-05
-1.48236e+00 3.09593e+00 5.62015e-05
-1.53955e+00 3.15941e+00 5.39977e-05
-1.59798e+00 3.22302e+00 5.23680e-05
-1.65765e+00 3.28676e+00 5.12775e-05
-1.71858e+00 3.35066e+00 5.06934e-05
-1.78077e+00 3.41472e+00 5.05848e-05
-1.84423e+00 3.47895e+00 5.09229e-05
-1.90898e+00 3.54336e+00 5.16803e-05
-1.97501e+00 3.60795e+00 5.28314e-05
-2.04235e+00 3.67274e+00 5.43520e-05
-2.11101e+00 3.73773e+00 5.62189e-05
-2.18100e+00 3.80294e+00 5.84105e-05
-2.25233e+00 3.86838e+00 6.09059e-05
-2.32501e+00 3.93405e+00 6.36855e-05
-2.39906e+00 3.99997e+00 6.67305e-05
-2.09550e-01 8.98722e-01 1.15219e-03
-2.22652e-01 9.63722e-01 1.04808e-03
-2.36955e-01 1.02850e+00 9.53317e-04
-2.52448e-01 1.09305e+00 8.67090e-04
-2.69122e-01 1.15741e+00 7.88626e-04
-2.86967e-01 1.22157e+00 7.17212e-04
-3.05975e-01 1.28555e+00 6.52190e-04
-3.26137e-01 1.34935e+00 5.92965e-04
-3.47447e-01 1.41300e+00 5.38995e-04
-3.69898e-01 1.47650e+00 4.89794e-04
-3.93483e-01 1.53986e+00 4.44924e-04
-4.18196e-01 1.60310e+00 4.03993e-04
-4.44033e-01 1.66621e+00 3.66647e-04
-4.70988e-01 1.72921e+00 3.32572e-04
-4.99058e-01 1.79212e+00 3.01485e-04
-5.28239e-01 1.85493e+00 2.73131e-04
-5.58528e-01 1.91767e+00 2.47282e-04
-5.89922e-01 1.98033e+00 2.23733e-04
-6.22418e-01 2.04293e+00 2.02301e-04
-6.56016e-01 2.10548e+00 1.82817e-04
-6.90714e-01 2.16799e+00 1.65133e-04
-7.26510e-01 2.23046e+00 1.49112e-04
-7.63406e-01 2.29291e+00 1.34630e-04
-8.01401e-01 2.35533e+00 1.21577e-04
-8.40495e-01 2.41775e+00 1.09849e-04
-8.80689e-01 2.48017e+00 9.93554e-05
-9.21986e-01 2.54260e+00 9.00102e-05
-9.64387e-01 2.60504e+00 8.17364e-05
-1.00789e+00 2.66751e+00 7.44628e-05
-1.05251e+00 2.73002e+00 6.81242e-05
-1.09824e+00 2.79256e+00 6.26607e-05
-1.14508e+00 2.85516e+00 5.80168e-05
-1.19304e+00 2.91781e+00 5.41414e-05
-1.24213e+00 2.98053e+00 5.09873e-05
-1.29235e+00 3.04333e+00 4.85104e-05
-1.34370e+00 3.10621e+00 4.66701e-05
-1.39620e+00 3.16918e+00 4.54283e-05
-1.44983e+00 3.23226e+00 4.47497e-05
-1.50463e+00 3.29544e+00 4.46012e-05
-1.56058e+00 3.35873e+00 4.49519e-05
-1.61770e+00 3.42215e+00 4.57727e-05
-1.67600e+00 3.48571e+00 4.70363e-05
-1.73548e+00 3.54941e+00 4.87171e-05
-1.79616e+00 3.61325e+00 5.07909e-05
-1.85803e+00 3.67726e+00 5.32348e-05
-1.92113e+00 3.74143e+00 5.60273e-05
-1.98544e+00 3.80578e+00 5.91479e-05
-2.05099e+00 3.87031e+00 6.25770e-05
-2.11778e+00 3.93504e+00 6.62963e-05
-2.18583e+00 3.99997e+00 7.02882e-05
-1.83432e-01 9.13036e-01 1.03642e-03
-1.94768e-01 9.77957e-01 9.43550e-04
-2.07197e-01 1.04266e+00 8.58371e-04
-2.20712e-01 1.10715e+00 7.80382e-04
-2.35305e-01 1.17145e+00 7.09061e-04
-2.50967e-01 1.23556e+00 6.43889e-04
-2.67692e-01 1.29949e+00 5.84369e-04
-2.85473e-01 1.36325e+00 5.30030e-04
-3.04303e-01 1.42685e+00 4.80431e-04
-3.24178e-01 1.49031e+00 4.35167e-04
-3.45091e-01 1.55362e+00 3.93865e-04
-3.67038e-01 1.61680e+00 3.56185e-04
-3.90015e-01 1.67986e+00 3.21818e-04
-4.14017e-01 1.74280e+00 2.90484e-04
-4.39041e-01 1.80564e+00 2.61930e-04
-4.65084e-01 1.86838e+00 2.35927e-04
-4.92143e-01 1.93103e+00 2.12268e-04
-5.20216e-01 1.99361e+00 1.90764e-04
-5.49300e-01 2.05611e+00 1.71247e-04
-5.79395e-01 2.11855e+00 1.53564e-04
-6.10498e-01 2.18093e+00 1.37576e-04
-6.42610e-01 2.24326e+00 1.23156e-04
-6.75730e-01 2.30556e+00 1.10190e-04
-7.09857e-01 2.36782e+00 9.85750e-05
-7.44992e-01 2.43005e+00 8.82154e-05
-7.81136e-01 2.49228e+00 7.90249e-05
-8.18290e-01 2.55449e+00 7.09247e-05
-8.56455e-01 2.61670e+00 6.38422e-05
-8.95633e-01 2.67891e+00 5.77114e-05
-9.35826e-01 2.74114e+00 5.24711e-05
-9.77036e-01 2.80339e+00 4.80654e-05
-1.01927e+00 2.86567e+00 4.44425e-05
-1.06252e+00 2.92799e+00 4.15547e-05
-1.10680e+00 2.99034e+00 3.93576e-05
-1.15211e+00 3.05275e+00 3.78104e-05
-1.19846e+00 3.11522e+00 3.68748e-05
-1.24585e+00 3.17775e+00 3.65154e-05
-1.29428e+00 3.24036e+00 3.66992e-05
-1.34376e+00 3.30304e+00 3.73951e-05
-1.39430e+00 3.36581e+00 3.85744e-05
-1.44590e+00 3.42868e+00 4.02098e-05
-1.49857e+00 3.49165e+00 4.22758e-05
-1.55231e+00 3.55472e+00 4.47485e-05
-1.60714e+00 3.61792e+00 4.76052e-05
-1.66305e+00 3.68124e+00 5.08245e-05
-1.72007e+00 3.74469e+00 5.43864e-05
-1.77818e+00 3.80828e+00 5.82715e-05
-1.83742e+00 3.87202e+00 6.24617e-05
-1.89778e+00 3.93591e+00 6.69397e-05
-1.95927e+00 3.99997e+00 7.16890e-05
-1.57240e-01 9.26878e-01 9.11415e-04
-1.66845e-01 9.91601e-01 8.30468e-04
-1.77425e-01 1.05612e+00 7.55618e-04
-1.88973e-01 1.12045e+00 6.86628e-04
-2.01481e-01 1.18458e+00 6.23193e-04
-2.14943e-01 1.24855e+00 5.64979e-04
-2.29355e-01 1.31234e+00 5.11633e-04
-2.44711e-01 1.37597e+00 4.62805e-04
-2.61005e-01 1.43945e+00 4.18155e-04
-2.78234e-01 1.50279e+00 3.77356e-04
-2.96392e-01 1.56599e+00 3.40102e-04
-3.15477e-01 1.62906e+00 3.06108e-04
-3.35484e-01 1.69201e+00 2.75112e-04
-3.56410e-01 1.75485e+00 2.46871e-04
-3.78253e-01 1.81758e+00 2.21164e-04
-4.01009e-01 1.88022e+00 1.97789e-04
-4.24676e-01 1.94276e+00 1.76562e-04
-4.49253e-01 2.00522e+00 1.57316e-04
-4.74738e-01 2.06760e+00 1.39899e-04
-5.01129e-01 2.12991e+00 1.24173e-04
-5.28425e-01 2.19216e+00 1.10012e-04
-5.56625e-01 2.25435e+00 9.73024e-05
-5.85730e-01 2.31649e+00 8.59398e-05
-6.15739e-01 2.37860e+00 7.58296e-05
-6.46651e-01 2.44066e+00 6.68855e-05
-6.78468e-01 2.50270e+00 5.90287e-05
-7.11190e-01 2.56472e+00 5.21868e-05
-7.44818e-01 2.62672e+00 4.62938e-05
-7.79354e-01 2.68871e+00 4.12889e-05
-8.14798e-01 2.75070e+00 3.71165e-05
-8.51152e-01 2.81269e+00 3.37250e-05
-8.88419e-01 2.87470e+00 3.10672e-05
-9.26602e-01 2.93672e+00 2.90992e-05
-9.65702e-01 2.99877e+00 2.77804e-05
-1.00572e+00 3.06084e+00 2.70732e-05
-1.04667e+00 3.12296e+00 2.69426e-05
-1.08854e+00 3.18511e+00 2.73560e-05
-1.13134e+00 3.24732e+00 2.82831e-05
-1.17508e+00 3.30958e+00 2.96955e-05
-1.21976e+00 3.37190e+00 3.15664e-05
-1.26538e+00 3.43429e+00 3.38711e-05
-1.31195e+00 3.49676e+00 3.65858e-05
-1.35948e+00 3.55931e+00 3.96887e-05
-1.40796e+00 3.62194e+00 4.31587e-05
-1.45741e+00 3.68467e+00 4.69762e-05
-1.50784e+00 3.74751e+00 5.11225e-05
-1.55924e+00 3.81044e+00 5.55799e-05
-1.61162e+00 3.87350e+00 6.03315e-05
-1.66500e+00 3.93667e+00 6.53612e-05
-1.71938e+00 3.99997e+00 7.06539e-05
-1.31001e-01 9.40245e-01 7.76478e-04
-1.38914e-01 1.00465e+00 7.08216e-04
-1.47668e-01 1.06888e+00 6.44528e-04
-1.57258e-01 1.13293e+00 5.85392e-04
-1.67679e-01 1.19682e+00 5.30691e-04
-1.78927e-01 1.26054e+00 4.80248e-04
-1.90998e-01 1.32411e+00 4.33846e-04
-2.03887e-01 1.38754e+00 3.91248e-04
-2.17590e-01 1.45082e+00 3.52207e-04
-2.32105e-01 1.51397e+00 3.16477e-04
-2.47428e-01 1.57700e+00 2.83820e-04
-2.63555e-01 1.63990e+00 2.54007e-04
-2.80485e-01 1.70270e+00 2.26824e-04
-2.98214e-01 1.76538e+00 2.02068e-04
-3.16741e-01 1.82796e+00 1.79555e-04
-3.36063e-01 1.89045e+00 1.59112e-04
-3.56178e-01 1.95286e+00 1.40582e-04
-3.77085e-01 2.01517e+00 1.23821e-04
-3.98783e-01 2.07742e+00 1.08696e-04
-4.21271e-01 2.13959e+00 9.50882e-05
-4.44547e-01 2.20169e+00 8.28864e-05
-4.68610e-01 2.26374e+00 7.19908e-05
-4.93461e-01 2.32574e+00 6.23098e-05
-5.19100e-01 2.38768e+00 5.37601e-05
-5.45525e-01 2.44959e+00 4.62652e-05
-5.72737e-01 2.51146e+00 3.97552e-05
-6.00737e-01 2.57330e+00 3.41663e-05
-6.29526e-01 2.63512e+00 2.94398e-05
-6.59103e-01 2.69691e+00 2.55217e-05
-6.89471e-01 2.75870e+00 2.23624e-05
-7.20629e-01 2.82047e+00 1.99163e-05
-7.52581e-01 2.88225e+00 1.81411e-05
-7.85327e-01 2.94402e+00 1.69978e-05
-8.18869e-01 3.00581e+00 1.64502e-05
-8.53209e-01 3.06761e+00 1.64647e-05
-8.88350e-01 3.12943e+00 1.70100e-05
-9.24294e-01 3.19127e+00 1.80571e-05
-9.61044e-01 3.25314e+00 1.95786e-05
-9.98602e-01 3.31505e+00 2.15492e-05
-1.03697e+00 3.37700e+00 2.39449e-05
-1.07616e+00 3.43900e+00 2.67434e-05
-1.11616e+00 3.50105e+00 2.99234e-05
-1.15699e+00 3.56316e+00 3.34650e-05
-1.19864e+00 3.62533e+00 3.73495e-05
-1.24112e+00 3.68756e+00 4.15589e-05
-1.28444e+00 3.74988e+00 4.60765e-05
-1.32860e+00 3.81227e+00 5.08860e-05
-1.37360e+00 3.87474e+00 5.59721e-05
-1.41945e+00 3.93731e+00 6.13203e-05
-1.46616e+00 3.99997e+00 6.69167e-05
-1.04743e-01 9.53137e-01 6.30854e-04
-1.10999e-01 1.01712e+00 5.76119e-04
-1.17952e-01 1.08094e+00 5.24529e-04
-1.25597e-01 1.14462e+00 4.76215e-04
-1.33931e-01 1.20816e+00 4.31210e-04
-1.42950e-01 1.27155e+00 3.89467e-04
-1.52653e-01 1.33482e+00 3.50887e-04
-1.63035e-01 1.39795e+00 3.15337e-04
-1.74095e-01 1.46097e+00 2.82658e-04
-1.85830e-01 1.52387e+00 2.52684e-04
-1.98238e-01 1.58666e+00 2.25243e-04
-2.11316e-01 1.64934e+00 2.00166e-04
-2.25062e-01 1.71192e+00 1.77287e-04
-2.39476e-01 1.77441e+00 1.56452e-04
-2.54554e-01 1.83680e+00 1.37513e-04
-2.70296e-01 1.89911e+00 1.20331e-04
-2.86700e-01 1.96134e+00 1.04780e-04
-3.03766e-01 2.02350e+00 9.07425e-05
-3.21491e-01 2.08558e+00 7.81090e-05
-3.39876e-01 2.14759e+00 6.67803e-05
-3.58919e-01 2.20955e+00 5.66653e-05
-3.78620e-01 2.27144e+00 4.76803e-05
-3.98978e-01 2.33329e+00 3.97489e-05
-4.19994e-01 2.39509e+00 3.28009e-05
-4.41667e-01 2.45684e+00 2.67721e-05
-4.63996e-01 2.51856e+00 2.16038e-05
-4.86984e-01 2.58024e+00 1.72417e-05
-5.10628e-01 2.64190e+00 1.36363e-05
-5.34931e-01 2.70353e+00 1.07419e-05
-5.59892e-01 2.76514e+00 8.51632e-06
-5.85513e-01 2.82673e+00 6.92069e-06
-6.11794e-01 2.88832e+00 5.91903e-06
-6.38736e-01 2.94989e+00 5.47803e-06
-6.66340e-01 3.01147e+00 5.56671e-06
-6.94609e-01 3.07304e+00 6.15631e-06
-7.23542e-01 3.13463e+00 7.21998e-06
-7.53143e-01 3.19622e+00 8.73267e-06
-7.83411e-01 3.25783e+00 1.06709e-05
-8.14351e-01 3.31946e+00 1.30127e-05
-8.45963e-01 3.38112e+00 1.57373e-05
-8.78249e-01 3.44280e+00 1.88254e-05
-9.11212e-01 3.50452e+00 2.22584e-05
-9.44855e-01 3.56627e+00 2.60191e-05
-9.79180e-01 3.62807e+00 3.00909e-05
-1.01419e+00 3.68991e+00 3.44583e-05
-1.04989e+00 3.75180e+00 3.91063e-05
-1.08627e+00 3.81375e+00 4.40207e-05
-1.12336e+00 3.87576e+00 4.91880e-05
-1.16114e+00 3.93783e+00 5.45953e-05
-1.19962e+00 3.99997e+00 6.02300e-05
-7.84905e-02 9.65555e-01 4.73707e-04
-8.31280e-02 1.02900e+00 4.33441e-04
-8.83040e-02 1.09232e+00 3.94999e-04
-9.40165e-02 1.15553e+00 3.58605e-04
-1.00263e-01 1.21862e+00 3.24389e-04
-1.07042e-01 1.28160e+00 2.92404e-04
-1.14352e-01 1.34447e+00 2.62648e-04
-1.22191e-01 1.40725e+00 2.35075e-04
-1.30556e-01 1.46992e+00 2.09612e-04
-1.39448e-01 1.53250e+00 1.86166e-04
-1.48863e-01 1.59499e+00 1.64635e-04
-1.58802e-01 1.65739e+00 1.44909e-04
-1.69262e-01 1.71971e+00 1.26880e-04
-1.80242e-01 1.78195e+00 1.10439e-04
-1.91742e-01 1.84412e+00 9.54833e-05
-2.03760e-01 1.90621e+00 8.19141e-05
-2.16295e-01 1.96824e+00 6.96385e-05
-2.29347e-01 2.03020e+00 5.85698e-05
-2.42915e-01 2.09210e+00 4.86275e-05
-2.56999e-01 2.15394e+00 3.97368e-05
-2.71597e-01 2.21574e+00 3.18287e-05
-2.86710e-01 2.27748e+00 2.48398e-05
-3.02337e-01 2.33917e+00 1.87116e-05
-3.18478e-01 2.40082e+00 1.33900e-05
-3.35133e-01 2.46244e+00 8.82571e-06
-3.52301e-01 2.52401e+00 4.97291e-06
-3.69983e-01 2.58556e+00 1.78956e-06
-3.88178e-01 2.64707e+00 -7.63172e-07
-4.06888e-01 2.70856e+00 -2.72114e-06
-4.26111e-01 2.77003e+00 -4.11753e-06
-4.45850e-01 2.83148e+00 -4.98311e-06
-4.66103e-01 2.89291e+00 -5.34641e-06
-4.86871e-01 2.95434e+00 -5.23401e-06
-5.08156e-01 3.01575e+00 -4.67066e-06
-5.29958e-01 3.07716e+00 -3.67948e-06
-5.52277e-01 3.13857e+00 -2.28212e-06
-5.75115e-01 3.19998e+00 -4.98865e-07
-5.98472e-01 3.26139e+00 1.65120e-06
-6.22350e-01 3.32281e+00 4.15011e-06
-6.46749e-01 3.38425e+00 6.98090e-06
-6.71671e-01 3.44570e+00 1.01275e-05
-6.97118e-01 3.50716e+00 1.35747e-05
-7.23090e-01 3.56865e+00 1.73081e-05
-7.49589e-01 3.63017e+00 2.13139e-05
-7.76616e-01 3.69171e+00 2.55789e-05
-8.04174e-01 3.75329e+00 3.00906e-05
-8.32264e-01 3.81490e+00 3.48370e-05
-8.60887e-01 3.87654e+00 3.98066e-05
-8.90046e-01 3.93823e+00 4.49882e-05
-9.19743e-01 3.99997e+00 5.03711e-05
-5.22692e-02 9.77502e-01 3.04109e-04
-5.53244e-02 1.04031e+00 2.79370e-04
-5.87494e-02 1.10303e+00 2.55267e-04
-6.25431e-02 1.16566e+00 2.32038e-04
-6.67045e-02 1.22822e+00 2.09856e-04
-7.12327e-02 1.29070e+00 1.88833e-04
-7.61267e-02 1.35310e+00 1.69036e-04
-8.13856e-02 1.41543e+00 1.50493e-04
-8.70087e-02 1.47769e+00 1.33205e-04
-9.29950e-02 1.53988e+00 1.17151e-04
-9.93438e-02 1.60201e+00 1.02298e-04
-1.06055e-01 1.66408e+00 8.86022e-05
-1.13126e-01 1.72608e+00 7.60125e-05
-1.20559e-01 1.78803e+00 6.44766e-05
-1.28351e-01 1.84993e+00 5.39406e-05
-1.36503e-01 1.91177e+00 4.43509e-05
-1.45014e-01 1.97356e+00 3.56557e-05
-1.53884e-01 2.03530e+00 2.78048e-05
-1.63111e-01 2.09700e+00 2.07508e-05
-1.72697e-01 2.15866e+00 1.44488e-05
-1.82639e-01 2.22027e+00 8.85656e-06
-1.92939e-01 2.28185e+00 3.93468e-06
-2.03596e-01 2.34339e+00 -3.53742e-07
-2.14610e-01 2.40490e+00 -4.04306e-06
-2.25981e-01 2.46638e+00 -7.16532e-06
-2.37707e-01 2.52783e+00 -9.75033e-06
-2.49791e-01 2.58925e+00 -1.18259e-05
-2.62230e-01 2.65065e+00 -1.34180e-05
-2.75027e-01 2.71202e+00 -1.45507e-05
-2.88179e-01 2.77338e+00 -1.52468e-05
-3.01689e-01 2.83472e+00 -1.55274e-05
-3.15554e-01 2.89605e+00 -1.54123e-05
-3.29777e-01 2.95736e+00 -1.49202e-05
-3.44357e-01 3.01866e+00 -1.40686e-05
-3.59295e-01 3.07996e+00 -1.28742e-05
-3.74590e-01 3.14125e+00 -1.13524e-05
-3.90243e-01 3.20253e+00 -9.51829e-06
-4.06254e-01 3.26382e+00 -7.38575e-06
-4.22625e-01 3.32510e+00 -4.96819e-06
-4.39354e-01 3.38639e+00 -2.27836e-06
-4.56444e-01 3.44769e+00 6.71595e-07
-4.73894e-01 3.50899e+00 3.87002e-06
-4.91704e-01 3.57030e+00 7.30577e-06
-5.09877e-01 3.63163e+00 1.09681e-05
-5.28411e-01 3.69297e+00 1.48467e-05
-5.47309e-01 3.75432e+00 1.89317e-05
-5.66570e-01 3.81570e+00 2.32134e-05
-5.86195e-01 3.87710e+00 2.76825e-05
-6.06186e-01 3.93852e+00 3.23300e-05
-6.26543e-01 3.99997e+00 3.71471e-05
-2.61025e-02 9.88980e-01 1.21030e-04
-2.76122e-02 1.05104e+00 1.13009e-04
-2.93119e-02 1.11306e+00 1.04596e-04
-3.12015e-02 1.17504e+00 9.59534e-05
-3.32806e-02 1.23697e+00 8.72241e-05
-3.55489e-02 1.29886e+00 7.85318e-05
-3.80060e-02 1.36071e+00 6.99792e-05
-4.06518e-02 1.42253e+00 6.16496e-05
-4.34860e-02 1.48431e+00 5.36080e-05
-4.65082e-02 1.54605e+00 4.59039e-05
-4.97182e-02 1.60775e+00 3.85738e-05
-5.31158e-02 1.66943e+00 3.16430e-05
-5.67008e-02 1.73107e+00 2.51279e-05
-6.04730e-02 1.79268e+00 1.90380e-05
-6.44321e-02 1.85426e+00 1.33773e-05
-6.85779e-02 1.91581e+00 8.14525e-06
-7.29104e-02 1.97733e+00 3.33831e-06
-7.74292e-02 2.03883e+00 -1.04964e-06
-8.21343e-02 2.10031e+00 -5.02650e-06
-8.70255e-02 2.16175e+00 -8.60144e-06
-9.21026e-02 2.22318e+00 -1.17845e-05
-9.73656e-02 2.28459e+00 -1.45863e-05
-1.02814e-01 2.34597e+00 -1.70178e-05
-1.08449e-01 2.40734e+00 -1.90902e-05
-1.14268e-01 2.46869e+00 -2.08146e-05
-1.20274e-01 2.53002e+00 -2.22021e-05
-1.26464e-01 2.59133e+00 -2.32637e-05
-1.32840e-01 2.65263e+00 -2.40102e-05
-1.39402e-01 2.71392e+00 -2.44520e-05
-1.46148e-01 2.77520e+00 -2.45996e-05
-1.53080e-01 2.83646e+00 -2.44630e-05
-1.60197e-01 2.89772e+00 -2.40521e-05
-1.67499e-01 2.95897e+00 -2.33764e-05
-1.74986e-01 3.02021e+00 -2.24452e-05
-1.82659e-01 3.08144e+00 -2.12677e-05
-1.90516e-01 3.14267e+00 -1.98526e-05
-1.98559e-01 3.20389e+00 -1.82087e-05
-2.06788e-01 3.26511e+00 -1.63444e-05
-2.15202e-01 3.32633e+00 -1.42678e-05
-2.23801e-01 3.38755e+00 -1.19871e-05
-2.32585e-01 3.44877e+00 -9.50994e-06
-2.41556e-01 3.50999e+00 -6.84417e-06
-2.50712e-01 3.57122e+00 -3.99727e-06
-2.60054e-01 3.63245e+00 -9.76604e-07
-2.69582e-01 3.69368e+00 2.21058e-06
-2.79296e-01 3.75492e+00 5.55718e-06
-2.89196e-01 3.81617e+00 9.05621e-06
-2.99282e-01 3.87743e+00 1.27008e-05
-3.09556e-01 3.93869e+00 1.64842e-05
-3.20016e-01 3.99997e+00 2.03998e-05
-1.27618e-05 9.99995e-01 -7.66843e-05
-1.34922e-05 1.06122e+00 -6.66344e-05
-1.43181e-05 1.12244e+00 -5.78141e-05
-1.52397e-05 1.18367e+00 -5.02502e-05
-1.62567e-05 1.24489e+00 -4.39099e-05
-1.73691e-05 1.30612e+00 -3.87185e-05
-1.85769e-05 1.36734e+00 -3.45754e-05
-1.98800e-05 1.42856e+00 -3.13660e-05
-2.12784e-05 1.48979e+00 -2.89715e-05
-2.27721e-05 1.55101e+00 -2.72749e-05
-2.43609e-05 1.61224e+00 -2.61654e-05
-2.60448e-05 1.67346e+00 -2.55409e-05
-2.78237e-05 1.73469e+00 -2.53092e-05
-2.96977e-05 1.79591e+00 -2.53881e-05
-3.16666e-05 1.85713e+00 -2.57056e-05
-3.37305e-05 1.91836e+00 -2.61987e-05
-3.58892e-05 1.97958e+00 -2.68134e-05
-3.81427e-05 2.04081e+00 -2.75029e-05
-4.04909e-05 2.10203e+00 -2.82278e-05
-4.29339e-05 2.16325e+00 -2.89544e-05
-4.54715e-05 2.22448e+00 -2.96543e-05
-4.81037e-05 2.28570e+00 -3.03039e-05
-5.08304e-05 2.34693e+00 -3.08834e-05
-5.36516e-05 2.40815e+00 -3.13765e-05
-5.65672e-05 2.46937e+00 -3.17698e-05
-5.95773e-05 2.53060e+00 -3.20526e-05
-6.26816e-05 2.59182e+00 -3.22161e-05
-6.58803e-05 2.65304e+00 -3.22538e-05
-6.91732e-05 2.71427e+00 -3.21604e-05
-7.25602e-05 2.77549e+00 -3.19321e-05
-7.60414e-05 2.83672e+00 -3.15666e-05
-7.96166e-05 2.89794e+00 -3.10622e-05
-8.32859e-05 2.95916e+00 -3.04182e-05
-8.70491e-05 3.02039e+00 -2.96349e-05
-9.09063e-05 3.08161e+00 -2.87129e-05
-9.48573e-05 3.14284e+00 -2.76537e-05
-9.89021e-05 3.20406e+00 -2.64590e-05
-1.03041e-04 3.26528e+00 -2.51310e-05
-1.07273e-04 3.32651e+00 -2.36723e-05
-1.11599e-04 3.38773e+00 -2.20859e-05
-1.16018e-04 3.44896e+00 -2.03750e-05
-1.20532e-04 3.51018e+00 -1.85429e-05
-1.25138e-04 3.57140e+00 -1.65933e-05
-1.29838e-04 3.63263e+00 -1.45299e-05
-1.34632e-04 3.69385e+00 -1.23567e-05
-1.39518e-04 3.75507e+00 -1.00778e-05
-1.44498e-04 3.81630e+00 -7.69744e-06
-1.49572e-04 3.87752e+00 -5.21980e-06
-1.54738e-04 3.93875e+00 -2.64931e-06
-1.59998e-04 3.99997e+00 9.57530e-09
