-1.00000e+00 0.00000e+00 -4.96210e-05
-1.06122e+00 0.00000e+00 -5.26383e-05
-1.12245e+00 0.00000e+00 -5.13754e-05
-1.18367e+00 0.00000e+00 -4.70287e-05
-1.24490e+00 0.00000e+00 -4.06288e-05
-1.30612e+00 0.00000e+00 -3.30295e-05
-1.36734e+00 0.00000e+00 -2.49121e-05
-1.42857e+00 0.00000e+00 -1.68012e-05
-1.48979e+00 0.00000e+00 -9.08490e-06
-1.55101e+00 0.00000e+00 -2.03787e-06
-1.61224e+00 0.00000e+00 4.15731e-06
-1.67346e+00 0.00000e+00 9.39022e-06
-1.73469e+00 0.00000e+00 1.36056e-05
-1.79591e+00 0.00000e+00 1.67890e-05
-1.85713e+00 0.00000e+00 1.89558e-05
-1.91836e+00 0.00000e+00 2.01412e-05
-1.97958e+00 0.00000e+00 2.03942e-05
-2.04081e+00 0.00000e+00 1.97714e-05
-2.10203e+00 0.00000e+00 1.83337e-05
-2.16325e+00 0.00000e+00 1.61427e-05
-2.22448e+00 0.00000e+00 1.32593e-05
-2.28570e+00 0.00000e+00 9.74158e-06
-2.34693e+00 0.00000e+00 5.64441e-06
-2.40815e+00 0.00000e+00 1.01858e-06
-2.46937e+00 0.00000e+00 -4.08947e-06
-2.53060e+00 0.00000e+00 -1.03550e-05
-2.59182e+00 0.00000e+00 -8.07194e-06
-2.65304e+00 0.00000e+00 -6.27487e-06
-2.71427e+00 0.00000e+00 -4.88277e-06
-2.77549e+00 0.00000e+00 -3.82583e-06
-2.83672e+00 0.00000e+00 -3.04388e-06
-2.89794e+00 0.00000e+00 -2.48507e-06
-2.95916e+00 0.00000e+00 -2.10469e-06
-3.02039e+00 0.00000e+00 -1.86422e-06
-3.08161e+00 0.00000e+00 -1.73045e-06
-3.14284e+00 0.00000e+00 -1.67480e-06
-3.20406e+00 0.00000e+00 -1.67265e-06
-3.26528e+00 0.00000e+00 -1.70285e-06
-3.32651e+00 0.00000e+00 -1.74723e-06
-3.38773e+00 0.00000e+00 -1.79019e-06
-3.44896e+00 0.00000e+00 -1.81841e-06
-3.51018e+00 0.00000e+00 -1.82049e-06
-3.57140e+00 0.00000e+00 -1.78676e-06
-3.63263e+00 0.00000e+00 -1.70899e-06
-3.69385e+00 0.00000e+00 -1.58025e-06
-3.75507e+00 0.00000e+00 -1.39474e-06
-3.81630e+00 0.00000e+00 -1.14761e-06
-3.87752e+00 0.00000e+00 -8.34873e-07
-3.93875e+00 0.00000e+00 -4.53286e-07
-3.99997e+00 0.00000e+00 -2.39866e-10
-9.88409e-01 2.74464e-02 3.16879e-04
-1.05026e+00 2.88937e-02 2.47754e-04
-1.11208e+00 3.05275e-02 1.90333e-04
-1.17386e+00 3.23479e-02 1.43259e-04
-1.23561e+00 3.43547e-02 1.05184e-04
-1.29733e+00 3.65478e-02 7.48237e-05
-1.35901e+00 3.89274e-02 5.10021e-05
-1.42067e+00 4.14933e-02 3.26701e-05
-1.48230e+00 4.42455e-02 1.89130e-05
-1.54391e+00 4.71841e-02 8.94765e-06
-1.60549e+00 5.03090e-02 2.11300e-06
-1.66704e+00 5.36202e-02 -2.14162e-06
-1.72857e+00 5.71179e-02 -4.27025e-06
-1.79008e+00 6.08020e-02 -4.64378e-06
-1.85157e+00 6.46725e-02 -3.56273e-06
-1.91304e+00 6.87296e-02 -1.26875e-06
-1.97449e+00 7.29734e-02 2.04514e-06
-2.03593e+00 7.74039e-02 6.22586e-06
-2.09735e+00 8.20212e-02 1.11527e-05
-2.15875e+00 8.68254e-02 1.67313e-05
-2.22014e+00 9.18166e-02 2.28880e-05
-2.28152e+00 9.69951e-02 2.95662e-05
-2.34289e+00 1.02361e-01 3.67223e-05
-2.40425e+00 1.07914e-01 4.43229e-05
-2.46560e+00 1.13655e-01 5.23429e-05
-2.52706e+00 1.19637e-01 2.70590e-06
-2.58862e+00 1.25858e-01 4.31477e-06
-2.65016e+00 1.32265e-01 5.52043e-06
-2.71167e+00 1.38858e-01 6.38336e-06
-2.77316e+00 1.45635e-01 6.95599e-06
-2.83462e+00 1.52598e-01 7.28370e-06
-2.89607e+00 1.59745e-01 7.40583e-06
-2.95750e+00 1.67076e-01 7.35645e-06
-3.01891e+00 1.74593e-01 7.16509e-06
-3.08030e+00 1.82293e-01 6.85731e-06
-3.14167e+00 1.90178e-01 6.45524e-06
-3.20304e+00 1.98247e-01 5.97804e-06
-3.26439e+00 2.06500e-01 5.44225e-06
-3.32572e+00 2.14936e-01 4.86217e-06
-3.38705e+00 2.23557e-01 4.25011e-06
-3.44836e+00 2.32361e-01 3.61669e-06
-3.50967e+00 2.41349e-01 2.97099e-06
-3.57097e+00 2.50521e-01 2.32080e-06
-3.63227e+00 2.59876e-01 1.67276e-06
-3.69356e+00 2.69415e-01 1.03251e-06
-3.75484e+00 2.79137e-01 4.04797e-07
-3.81612e+00 2.89043e-01 -2.06392e-07
-3.87741e+00 2.99133e-01 -7.97750e-07
-3.93869e+00 3.09406e-01 -1.36656e-06
-3.99997e+00 3.19862e-01 -1.91064e-06
-9.76371e-01 5.48637e-02 6.21486e-04
-1.03876e+00 5.77906e-02 4.99988e-04
-1.10107e+00 6.10801e-02 3.96600e-04
-1.16333e+00 6.47316e-02 3.09522e-04
-1.22552e+00 6.87447e-02 2.36927e-04
-1.28766e+00 7.31191e-02 1.77046e-04
-1.34973e+00 7.78542e-02 1.28229e-04
-1.41176e+00 8.29498e-02 8.89751e-05
-1.47373e+00 8.84056e-02 5.79501e-05
-1.53565e+00 9.42213e-02 3.39846e-05
-1.59753e+00 1.00397e-01 1.60686e-05
-1.65936e+00 1.06932e-01 3.33878e-06
-1.72115e+00 1.13826e-01 -4.93639e-06
-1.78290e+00 1.21080e-01 -9.37238e-06
-1.84462e+00 1.28693e-01 -1.04839e-05
-1.90630e+00 1.36666e-01 -8.69949e-06
-1.96795e+00 1.44997e-01 -4.37412e-06
-2.02957e+00 1.53689e-01 2.19884e-06
-2.09117e+00 1.62739e-01 1.07778e-05
-2.15273e+00 1.72150e-01 2.11644e-05
-2.21428e+00 1.81921e-01 3.31957e-05
-2.27581e+00 1.92051e-01 4.67387e-05
-2.33732e+00 2.02543e-01 6.16843e-05
-2.39881e+00 2.13395e-01 7.79435e-05
-2.46030e+00 2.24608e-01 9.54437e-05
-2.52200e+00 2.36297e-01 1.75183e-05
-2.58391e+00 2.48459e-01 1.83565e-05
-2.64577e+00 2.60978e-01 1.88853e-05
-2.70758e+00 2.73853e-01 1.91449e-05
-2.76936e+00 2.87084e-01 1.91701e-05
-2.83109e+00 3.00670e-01 1.89913e-05
-2.89279e+00 3.14612e-01 1.86346e-05
-2.95446e+00 3.28910e-01 1.81232e-05
-3.01610e+00 3.43562e-01 1.74767e-05
-3.07771e+00 3.58570e-01 1.67126e-05
-3.13929e+00 3.73934e-01 1.58458e-05
-3.20085e+00 3.89652e-01 1.48892e-05
-3.26238e+00 4.05726e-01 1.38543e-05
-3.32390e+00 4.22155e-01 1.27507e-05
-3.38540e+00 4.38939e-01 1.15869e-05
-3.44688e+00 4.56080e-01 1.03700e-05
-3.50835e+00 4.73576e-01 9.10639e-06
-3.56982e+00 4.91428e-01 7.80127e-06
-3.63127e+00 5.09637e-01 6.45921e-06
-3.69272e+00 5.28202e-01 5.08404e-06
-3.75417e+00 5.47125e-01 3.67896e-06
-3.81561e+00 5.66405e-01 2.24666e-06
-3.87706e+00 5.86044e-01 7.89337e-07
-3.93851e+00 6.06040e-01 -6.91233e-07
-3.99997e+00 6.26396e-01 -2.19364e-06
-9.63884e-01 8.22262e-02 8.72145e-04
-1.02671e+00 8.66653e-02 7.10398e-04
-1.08943e+00 9.16321e-02 5.72138e-04
-1.15207e+00 9.71251e-02 4.54937e-04
-1.21462e+00 1.03143e-01 3.56403e-04
-1.27709e+00 1.09686e-01 2.74271e-04
-1.33948e+00 1.16751e-01 2.06453e-04
-1.40180e+00 1.24338e-01 1.51071e-04
-1.46405e+00 1.32447e-01 1.06461e-04
-1.52623e+00 1.41077e-01 7.11708e-05
-1.58835e+00 1.50227e-01 4.39465e-05
-1.65040e+00 1.59896e-01 2.37146e-05
-1.71241e+00 1.70085e-01 9.56303e-06
-1.77436e+00 1.80792e-01 7.21280e-07
-1.83626e+00 1.92018e-01 -3.45817e-06
-1.89812e+00 2.03763e-01 -3.51743e-06
-1.95994e+00 2.16026e-01 9.12348e-08
-2.02172e+00 2.28807e-01 6.99160e-06
-2.08347e+00 2.42107e-01 1.68714e-05
-2.14518e+00 2.55925e-01 2.94722e-05
-2.20687e+00 2.70263e-01 4.45803e-05
-2.26854e+00 2.85120e-01 6.20194e-05
-2.33019e+00 3.00497e-01 8.16441e-05
-2.39182e+00 3.16394e-01 1.03335e-04
-2.45345e+00 3.32813e-01 1.26993e-04
-2.51540e+00 3.49935e-01 3.37790e-05
-2.57766e+00 3.67757e-01 3.37597e-05
-2.63986e+00 3.86092e-01 3.35337e-05
-2.70200e+00 4.04940e-01 3.31211e-05
-2.76408e+00 4.24301e-01 3.25393e-05
-2.82612e+00 4.44175e-01 3.18035e-05
-2.88811e+00 4.64562e-01 3.09266e-05
-2.95005e+00 4.85461e-01 2.99201e-05
-3.01196e+00 5.06872e-01 2.87938e-05
-3.07383e+00 5.28797e-01 2.75560e-05
-3.13567e+00 5.51235e-01 2.62142e-05
-3.19748e+00 5.74186e-01 2.47744e-05
-3.25927e+00 5.97652e-01 2.32421e-05
-3.32103e+00 6.21632e-01 2.16219e-05
-3.38278e+00 6.46126e-01 1.99177e-05
-3.44451e+00 6.71137e-01 1.81326e-05
-3.50622e+00 6.96665e-01 1.62694e-05
-3.56793e+00 7.22709e-01 1.43304e-05
-3.62964e+00 7.49273e-01 1.23174e-05
-3.69134e+00 7.76355e-01 1.02318e-05
-3.75305e+00 8.03959e-01 8.07491e-06
-3.81476e+00 8.32084e-01 5.84742e-06
-3.87649e+00 8.60732e-01 3.54997e-06
-3.93822e+00 8.89904e-01 1.18293e-06
-3.99997e+00 9.19603e-01 -1.25353e-06
-9.50948e-01 1.09507e-01 1.07648e-03
-1.01411e+00 1.15491e-01 8.85058e-04
-1.07715e+00 1.22157e-01 7.21462e-04
-1.14008e+00 1.29501e-01 5.82548e-04
-1.20290e+00 1.37522e-01 4.65336e-04
-1.26563e+00 1.46218e-01 3.67087e-04
-1.32826e+00 1.55587e-01 2.85331e-04
-1.39079e+00 1.65627e-01 2.17885e-04
-1.45325e+00 1.76337e-01 1.62838e-04
-1.51562e+00 1.87716e-01 1.18541e-04
-1.57792e+00 1.99762e-01 8.35822e-05
-1.64016e+00 2.12475e-01 5.67581e-05
-1.70232e+00 2.25853e-01 3.70522e-05
-1.76443e+00 2.39896e-01 2.36090e-05
-1.82648e+00 2.54604e-01 1.57110e-05
-1.88848e+00 2.69976e-01 1.27592e-05
-1.95044e+00 2.86012e-01 1.42545e-05
-2.01236e+00 3.02712e-01 1.97827e-05
-2.07424e+00 3.20076e-01 2.90003e-05
-2.13609e+00 3.38103e-01 4.16237e-05
-2.19791e+00 3.56796e-01 5.74189e-05
-2.25972e+00 3.76153e-01 7.61935e-05
-2.32150e+00 3.96176e-01 9.77896e-05
-2.38328e+00 4.16866e-01 1.22078e-04
-2.44504e+00 4.38223e-01 1.48953e-04
-2.50726e+00 4.60506e-01 5.11901e-05
-2.56988e+00 4.83706e-01 5.02360e-05
-2.63243e+00 5.07563e-01 4.91842e-05
-2.69491e+00 5.32077e-01 4.80355e-05
-2.75733e+00 5.57246e-01 4.67903e-05
-2.81969e+00 5.83072e-01 4.54484e-05
-2.88201e+00 6.09553e-01 4.40098e-05
-2.94427e+00 6.36692e-01 4.24740e-05
-3.00649e+00 6.64487e-01 4.08403e-05
-3.06868e+00 6.92940e-01 3.91080e-05
-3.13083e+00 7.22051e-01 3.72762e-05
-3.19295e+00 7.51822e-01 3.53438e-05
-3.25504e+00 7.82252e-01 3.33096e-05
-3.31712e+00 8.13344e-01 3.11726e-05
-3.37918e+00 8.45099e-01 2.89312e-05
-3.44124e+00 8.77518e-01 2.65843e-05
-3.50328e+00 9.10602e-01 2.41304e-05
-3.56533e+00 9.44354e-01 2.15681e-05
-3.62737e+00 9.78776e-01 1.88958e-05
-3.68943e+00 1.01387e+00 1.61121e-05
-3.75149e+00 1.04963e+00 1.32154e-05
-3.81358e+00 1.08608e+00 1.02040e-05
-3.87568e+00 1.12320e+00 7.07654e-06
-3.93781e+00 1.16100e+00 3.83125e-06
-3.99997e+00 1.19948e+00 4.66540e-07
-9.37566e-01 1.36678e-01 1.24190e-03
-1.00096e+00 1.44241e-01 1.02983e-03
-1.06421e+00 1.52627e-01 8.48915e-04
-1.12734e+00 1.61831e-01 6.95273e-04
-1.19035e+00 1.71852e-01 5.65366e-04
-1.25325e+00 1.82686e-01 4.56032e-04
-1.31604e+00 1.94331e-01 3.64490e-04
-1.37872e+00 2.06783e-01 2.88321e-04
-1.44132e+00 2.20040e-01 2.25448e-04
-1.50382e+00 2.34102e-01 1.74094e-04
-1.56625e+00 2.48965e-01 1.32758e-04
-1.62860e+00 2.64628e-01 1.00170e-04
-1.69088e+00 2.81090e-01 7.52676e-05
-1.75310e+00 2.98351e-01 5.71610e-05
-1.81526e+00 3.16408e-01 4.51098e-05
-1.87738e+00 3.35262e-01 3.84991e-05
-1.93944e+00 3.54912e-01 3.68199e-05
-2.00147e+00 3.75358e-01 3.96521e-05
-2.06347e+00 3.96599e-01 4.66500e-05
-2.12544e+00 4.18637e-01 5.75301e-05
-2.18739e+00 4.41472e-01 7.20604e-05
-2.24932e+00 4.65104e-01 9.00523e-05
-2.31124e+00 4.89534e-01 1.11353e-04
-2.37316e+00 5.14764e-01 1.35838e-04
-2.43508e+00 5.40795e-01 1.63411e-04
-2.49757e+00 5.67965e-01 6.94685e-05
-2.56056e+00 5.96264e-01 6.75113e-05
-2.62347e+00 6.25349e-01 6.55695e-05
-2.68632e+00 6.55220e-01 6.36253e-05
-2.74910e+00 6.85877e-01 6.16625e-05
-2.81182e+00 7.17320e-01 5.96663e-05
-2.87448e+00 7.49550e-01 5.76235e-05
-2.93711e+00 7.82567e-01 5.55216e-05
-2.99969e+00 8.16372e-01 5.33496e-05
-3.06223e+00 8.50968e-01 5.10969e-05
-3.12475e+00 8.86353e-01 4.87542e-05
-3.18724e+00 9.22531e-01 4.63125e-05
-3.24971e+00 9.59504e-01 4.37637e-05
-3.31217e+00 9.97272e-01 4.11003e-05
-3.37462e+00 1.03584e+00 3.83151e-05
-3.43707e+00 1.07521e+00 3.54015e-05
-3.49953e+00 1.11538e+00 3.23534e-05
-3.56199e+00 1.15635e+00 2.91649e-05
-3.62447e+00 1.19814e+00 2.58304e-05
-3.68697e+00 1.24073e+00 2.23449e-05
-3.74950e+00 1.28415e+00 1.87033e-05
-3.81205e+00 1.32838e+00 1.49010e-05
-3.87465e+00 1.37344e+00 1.09335e-05
-3.93728e+00 1.41932e+00 6.79653e-06
-3.99997e+00 1.46603e+00 2.48597e-06
-9.23739e-01 1.63711e-01 1.37562e-03
-9.87255e-01 1.72886e-01 1.15040e-03
-1.05063e+00 1.83013e-01 9.58687e-04
-1.11386e+00 1.94087e-01 7.95910e-04
-1.17696e+00 2.06104e-01 6.58047e-04
-1.23995e+00 2.19059e-01 5.41591e-04
-1.30281e+00 2.32950e-01 4.43524e-04
-1.36558e+00 2.47772e-01 3.61269e-04
-1.42824e+00 2.63522e-01 2.92646e-04
-1.49082e+00 2.80198e-01 2.35814e-04
-1.55331e+00 2.97797e-01 1.89234e-04
-1.61573e+00 3.16317e-01 1.51619e-04
-1.67808e+00 3.35756e-01 1.21900e-04
-1.74037e+00 3.56113e-01 9.91902e-05
-1.80260e+00 3.77386e-01 8.27571e-05
-1.86479e+00 3.99575e-01 7.19974e-05
-1.92694e+00 4.22679e-01 6.64159e-05
-1.98906e+00 4.46698e-01 6.56073e-05
-2.05115e+00 4.71632e-01 6.92417e-05
-2.11323e+00 4.97481e-01 7.70511e-05
-2.17529e+00 5.24246e-01 8.88199e-05
-2.23734e+00 5.51928e-01 1.04375e-04
-2.29940e+00 5.80528e-01 1.23580e-04
-2.36147e+00 6.10046e-01 1.46326e-04
-2.42355e+00 6.40487e-01 1.72530e-04
-2.48632e+00 6.72273e-01 8.83543e-05
-2.54969e+00 7.05390e-01 8.53342e-05
-2.61298e+00 7.39409e-01 8.24441e-05
-2.67621e+00 7.74331e-01 7.96488e-05
-2.73937e+00 8.10155e-01 7.69163e-05
-2.80248e+00 8.46883e-01 7.42176e-05
-2.86554e+00 8.84515e-01 7.15264e-05
-2.92856e+00 9.23052e-01 6.88185e-05
-2.99154e+00 9.62497e-01 6.60721e-05
-3.05450e+00 1.00285e+00 6.32670e-05
-3.11743e+00 1.04411e+00 6.03848e-05
-3.18035e+00 1.08629e+00 5.74083e-05
-3.24326e+00 1.12938e+00 5.43220e-05
-3.30617e+00 1.17339e+00 5.11112e-05
-3.36909e+00 1.21833e+00 4.77625e-05
-3.43202e+00 1.26419e+00 4.42634e-05
-3.49496e+00 1.31097e+00 4.06021e-05
-3.55793e+00 1.35869e+00 3.67677e-05
-3.62093e+00 1.40735e+00 3.27499e-05
-3.68397e+00 1.45695e+00 2.85391e-05
-3.74706e+00 1.50750e+00 2.41261e-05
-3.81019e+00 1.55899e+00 1.95024e-05
-3.87338e+00 1.61145e+00 1.46597e-05
-3.93664e+00 1.66487e+00 9.59024e-06
-3.99997e+00 1.71926e+00 4.28669e-06
-9.09472e-01 1.90577e-01 1.48478e-03
-9.73006e-01 2.01397e-01 1.25233e-03
-1.03639e+00 2.13286e-01 1.05483e-03
-1.09963e+00 2.26238e-01 8.87137e-04
-1.16273e+00 2.40246e-01 7.44842e-04
-1.22572e+00 2.55306e-01 6.24186e-04
-1.28859e+00 2.71412e-01 5.21995e-04
-1.35135e+00 2.88560e-01 4.35606e-04
-1.41402e+00 3.06747e-01 3.62790e-04
-1.47660e+00 3.25968e-01 3.01693e-04
-1.53910e+00 3.46220e-01 2.50779e-04
-1.60153e+00 3.67501e-01 2.08775e-04
-1.66390e+00 3.89809e-01 1.74634e-04
-1.72621e+00 4.13141e-01 1.47493e-04
-1.78848e+00 4.37496e-01 1.26645e-04
-1.85072e+00 4.62873e-01 1.11514e-04
-1.91292e+00 4.89271e-01 1.01629e-04
-1.97511e+00 5.16690e-01 9.66092e-05
-2.03728e+00 5.45130e-01 9.61490e-05
-2.09944e+00 5.74591e-01 1.00002e-04
-2.16161e+00 6.05075e-01 1.07975e-04
-2.22378e+00 6.36581e-01 1.19914e-04
-2.28598e+00 6.69113e-01 1.35702e-04
-2.34820e+00 7.02671e-01 1.55250e-04
-2.41046e+00 7.37258e-01 1.78493e-04
-2.47351e+00 7.73388e-01 1.07619e-04
-2.53727e+00 8.11044e-01 1.03483e-04
-2.60096e+00 8.49705e-01 9.95924e-05
-2.66459e+00 8.89371e-01 9.58939e-05
-2.72816e+00 9.30045e-01 9.23409e-05
-2.79169e+00 9.71725e-01 8.88908e-05
-2.85517e+00 1.01442e+00 8.55045e-05
-2.91863e+00 1.05812e+00 8.21464e-05
-2.98206e+00 1.10283e+00 7.87837e-05
-3.04548e+00 1.14856e+00 7.53864e-05
-3.10888e+00 1.19531e+00 7.19267e-05
-3.17229e+00 1.24307e+00 6.83791e-05
-3.23571e+00 1.29187e+00 6.47198e-05
-3.29913e+00 1.34169e+00 6.09267e-05
-3.36259e+00 1.39255e+00 5.69794e-05
-3.42607e+00 1.44444e+00 5.28585e-05
-3.48958e+00 1.49738e+00 4.85462e-05
-3.55315e+00 1.55137e+00 4.40256e-05
-3.61676e+00 1.60641e+00 3.92806e-05
-3.68043e+00 1.66251e+00 3.42964e-05
-3.74418e+00 1.71967e+00 2.90586e-05
-3.80799e+00 1.77791e+00 2.35537e-05
-3.87189e+00 1.83724e+00 1.77689e-05
-3.93588e+00 1.89765e+00 1.16917e-05
-3.99997e+00 1.95915e+00 5.31055e-06
-8.94772e-01 2.17245e-01 1.57645e-03
-9.58211e-01 2.29744e-01 1.34104e-03
-1.02150e+00 2.43416e-01 1.14126e-03
-1.08464e+00 2.58253e-01 9.71509e-04
-1.14766e+00 2.74247e-01 8.27118e-04
-1.21056e+00 2.91392e-01 7.04176e-04
-1.27334e+00 3.09683e-01 5.99434e-04
-1.33603e+00 3.29113e-01 5.10199e-04
-1.39863e+00 3.49678e-01 4.34249e-04
-1.46115e+00 3.71374e-01 3.69749e-04
-1.52360e+00 3.94196e-01 3.15193e-04
-1.58599e+00 4.18142e-01 2.69342e-04
-1.64834e+00 4.43209e-01 2.31183e-04
-1.71063e+00 4.69394e-01 1.99886e-04
-1.77290e+00 4.96696e-01 1.74777e-04
-1.83515e+00 5.25112e-01 1.55307e-04
-1.89738e+00 5.54644e-01 1.41032e-04
-1.95960e+00 5.85289e-01 1.31597e-04
-2.02183e+00 6.17049e-01 1.26716e-04
-2.08408e+00 6.49924e-01 1.26163e-04
-2.14634e+00 6.83914e-01 1.29763e-04
-2.20864e+00 7.19022e-01 1.37380e-04
-2.27097e+00 7.55249e-01 1.48913e-04
-2.33335e+00 7.92597e-01 1.64288e-04
-2.39578e+00 8.31070e-01 1.83455e-04
-2.45913e+00 8.71275e-01 1.27071e-04
-2.52329e+00 9.13189e-01 1.21775e-04
-2.58740e+00 9.56199e-01 1.16835e-04
-2.65145e+00 1.00031e+00 1.12184e-04
-2.71546e+00 1.04551e+00 1.07761e-04
-2.77943e+00 1.09181e+00 1.03509e-04
-2.84338e+00 1.13922e+00 9.93778e-05
-2.90731e+00 1.18773e+00 9.53199e-05
-2.97124e+00 1.23734e+00 9.12918e-05
-3.03516e+00 1.28807e+00 8.72535e-05
-3.09910e+00 1.33991e+00 8.31677e-05
-3.16305e+00 1.39286e+00 7.89997e-05
-3.22703e+00 1.44694e+00 7.47173e-05
-3.29105e+00 1.50215e+00 7.02904e-05
-3.35511e+00 1.55849e+00 6.56905e-05
-3.41922e+00 1.61597e+00 6.08910e-05
-3.48339e+00 1.67459e+00 5.58668e-05
-3.54763e+00 1.73437e+00 5.05941e-05
-3.61195e+00 1.79530e+00 4.50504e-05
-3.67635e+00 1.85740e+00 3.92140e-05
-3.74085e+00 1.92068e+00 3.30645e-05
-3.80546e+00 1.98514e+00 2.65822e-05
-3.87017e+00 2.05079e+00 1.97482e-05
-3.93500e+00 2.11765e+00 1.25444e-05
-3.99997e+00 2.18572e+00 4.95318e-06
-8.79646e-01 2.43685e-01 1.65769e-03
-9.42875e-01 2.57897e-01 1.42189e-03
-1.00596e+00 2.73372e-01 1.22177e-03
-1.06891e+00 2.90101e-01 1.05146e-03
-1.13174e+00 3.08075e-01 9.06143e-04
-1.19446e+00 3.27287e-01 7.81852e-04
-1.25709e+00 3.47729e-01 6.75333e-04
-1.31962e+00 3.69396e-01 5.83916e-04
-1.38208e+00 3.92281e-01 5.05416e-04
-1.44448e+00 4.16380e-01 4.38043e-04
-1.50682e+00 4.41687e-01 3.80331e-04
-1.56912e+00 4.68201e-01 3.31082e-04
-1.63138e+00 4.95916e-01 2.89317e-04
-1.69363e+00 5.24831e-01 2.54239e-04
-1.75585e+00 5.54943e-01 2.25198e-04
-1.81808e+00 5.86252e-01 2.01666e-04
-1.88031e+00 6.18755e-01 1.83218e-04
-1.94255e+00 6.52454e-01 1.69512e-04
-2.00483e+00 6.87348e-01 1.60273e-04
-2.06713e+00 7.23437e-01 1.55286e-04
-2.12949e+00 7.60724e-01 1.54382e-04
-2.19189e+00 7.99209e-01 1.57434e-04
-2.25436e+00 8.38896e-01 1.64345e-04
-2.31691e+00 8.79787e-01 1.75047e-04
-2.37953e+00 9.21886e-01 1.89496e-04
-2.44319e+00 9.65896e-01 1.46561e-04
-2.50776e+00 1.01179e+00 1.40066e-04
-2.57229e+00 1.05886e+00 1.34035e-04
-2.63679e+00 1.10710e+00 1.28385e-04
-2.70126e+00 1.15652e+00 1.23041e-04
-2.76571e+00 1.20711e+00 1.17936e-04
-2.83016e+00 1.25889e+00 1.13006e-04
-2.89461e+00 1.31186e+00 1.08193e-04
-2.95907e+00 1.36601e+00 1.03442e-04
-3.02356e+00 1.42135e+00 9.87039e-05
-3.08808e+00 1.47789e+00 9.39305e-05
-3.15264e+00 1.53563e+00 8.90782e-05
-3.21725e+00 1.59458e+00 8.41054e-05
-3.28192e+00 1.65474e+00 7.89733e-05
-3.34666e+00 1.71613e+00 7.36448e-05
-3.41148e+00 1.77874e+00 6.80848e-05
-3.47639e+00 1.84259e+00 6.22602e-05
-3.54139e+00 1.90768e+00 5.61389e-05
-3.60650e+00 1.97403e+00 4.96904e-05
-3.67173e+00 2.04163e+00 4.28854e-05
-3.73709e+00 2.11051e+00 3.56956e-05
-3.80258e+00 2.18067e+00 2.80937e-05
-3.86822e+00 2.25213e+00 2.00529e-05
-3.93401e+00 2.32488e+00 1.15476e-05
-3.99997e+00 2.39896e+00 2.55236e-06
-8.64104e-01 2.69866e-01 1.73560e-03
-9.27007e-01 2.85825e-01 1.50013e-03
-9.89778e-01 3.03123e-01 1.30003e-03
-1.05243e+00 3.21751e-01 1.12929e-03
-1.11498e+00 3.41698e-01 9.83073e-04
-1.17744e+00 3.62955e-01 8.57428e-04
-1.23981e+00 3.85516e-01 7.49147e-04
-1.30212e+00 4.09372e-01 6.55619e-04
-1.36437e+00 4.34518e-01 5.74713e-04
-1.42658e+00 4.60947e-01 5.04687e-04
-1.48875e+00 4.88655e-01 4.44116e-04
-1.55090e+00 5.17637e-01 3.91836e-04
-1.61304e+00 5.47890e-01 3.46892e-04
-1.67518e+00 5.79411e-01 3.08501e-04
-1.73733e+00 6.12198e-01 2.76024e-04
-1.79950e+00 6.46250e-01 2.48939e-04
-1.86170e+00 6.81565e-01 2.26818e-04
-1.92395e+00 7.18143e-01 2.09315e-04
-1.98625e+00 7.55985e-01 1.96152e-04
-2.04861e+00 7.95091e-01 1.87104e-04
-2.11104e+00 8.35464e-01 1.81992e-04
-2.17356e+00 8.77106e-01 1.80678e-04
-2.23616e+00 9.20018e-01 1.83055e-04
-2.29888e+00 9.64206e-01 1.89044e-04
-2.36170e+00 1.00967e+00 1.98589e-04
-2.42567e+00 1.05722e+00 1.65988e-04
-2.49067e+00 1.10681e+00 1.58263e-04
-2.55564e+00 1.15765e+00 1.51100e-04
-2.62060e+00 1.20972e+00 1.44407e-04
-2.68556e+00 1.26304e+00 1.38094e-04
-2.75052e+00 1.31760e+00 1.32081e-04
-2.81551e+00 1.37341e+00 1.26295e-04
-2.88052e+00 1.43048e+00 1.20664e-04
-2.94556e+00 1.48880e+00 1.15125e-04
-3.01066e+00 1.54838e+00 1.09615e-04
-3.07582e+00 1.60924e+00 1.04079e-04
-3.14104e+00 1.67136e+00 9.84609e-05
-3.20635e+00 1.73477e+00 9.27107e-05
-3.27174e+00 1.79947e+00 8.67792e-05
-3.33724e+00 1.86546e+00 8.06198e-05
-3.40284e+00 1.93276e+00 7.41880e-05
-3.46857e+00 2.00137e+00 6.74408e-05
-3.53442e+00 2.07130e+00 6.03368e-05
-3.60042e+00 2.14257e+00 5.28358e-05
-3.66657e+00 2.21519e+00 4.48989e-05
-3.73289e+00 2.28916e+00 3.64879e-05
-3.79937e+00 2.36450e+00 2.75657e-05
-3.86604e+00 2.44123e+00 1.80957e-05
-3.93290e+00 2.51934e+00 8.04189e-06
-3.99997e+00 2.59887e+00 -2.63139e-06
-8.48156e-01 2.95757e-01 1.81730e-03
-9.10613e-01 3.13496e-01 1.58095e-03
-9.72961e-01 3.32637e-01 1.37957e-03
-1.03521e+00 3.53169e-01 1.20717e-03
-1.09738e+00 3.75081e-01 1.05895e-03
-1.15948e+00 3.98364e-01 9.31036e-04
-1.22153e+00 4.23009e-01 8.20292e-04
-1.28353e+00 4.49007e-01 7.24171e-04
-1.34550e+00 4.76353e-01 6.40594e-04
-1.40745e+00 5.05039e-01 5.67857e-04
-1.46939e+00 5.35060e-01 5.04559e-04
-1.53134e+00 5.66413e-01 4.49545e-04
-1.59331e+00 5.99092e-01 4.01862e-04
-1.65530e+00 6.33096e-01 3.60720e-04
-1.71734e+00 6.68421e-01 3.25463e-04
-1.77942e+00 7.05067e-01 2.95547e-04
-1.84157e+00 7.43032e-01 2.70521e-04
-1.90379e+00 7.82317e-01 2.50009e-04
-1.96610e+00 8.22921e-01 2.33701e-04
-2.02849e+00 8.64848e-01 2.21340e-04
-2.09100e+00 9.08098e-01 2.12715e-04
-2.15362e+00 9.52674e-01 2.07652e-04
-2.21637e+00 9.98579e-01 2.06012e-04
-2.27926e+00 1.04582e+00 2.07681e-04
-2.34229e+00 1.09440e+00 2.12571e-04
-2.40659e+00 1.14521e+00 1.85300e-04
-2.47202e+00 1.19823e+00 1.76318e-04
-2.53745e+00 1.25254e+00 1.67991e-04
-2.60290e+00 1.30814e+00 1.60211e-04
-2.66837e+00 1.36504e+00 1.52880e-04
-2.73387e+00 1.42324e+00 1.45904e-04
-2.79943e+00 1.48275e+00 1.39198e-04
-2.86503e+00 1.54356e+00 1.32681e-04
-2.93071e+00 1.60569e+00 1.26276e-04
-2.99647e+00 1.66915e+00 1.19912e-04
-3.06232e+00 1.73392e+00 1.13521e-04
-3.12827e+00 1.80004e+00 1.07038e-04
-3.19433e+00 1.86749e+00 1.00400e-04
-3.26052e+00 1.93630e+00 9.35485e-05
-3.32684e+00 2.00647e+00 8.64254e-05
-3.39331e+00 2.07800e+00 7.89749e-05
-3.45994e+00 2.15092e+00 7.11429e-05
-3.52673e+00 2.22523e+00 6.28763e-05
-3.59371e+00 2.30094e+00 5.41231e-05
-3.66087e+00 2.37807e+00 4.48322e-05
-3.72824e+00 2.45663e+00 3.49530e-05
-3.79582e+00 2.53664e+00 2.44355e-05
-3.86363e+00 2.61810e+00 1.32297e-05
-3.93167e+00 2.70103e+00 1.28589e-06
-3.99997e+00 2.78546e+00 -1.14459e-05
-8.31816e-01 3.21327e-01 1.91000e-03
-8.93707e-01 3.40879e-01 1.66946e-03
-9.55517e-01 3.61882e-01 1.46381e-03
-1.01726e+00 3.84324e-01 1.28713e-03
-1.07895e+00 4.08194e-01 1.13470e-03
-1.14061e+00 4.33480e-01 1.00273e-03
-1.20223e+00 4.60173e-01 8.88140e-04
-1.26385e+00 4.88266e-01 7.88435e-04
-1.32546e+00 5.17750e-01 7.01555e-04
-1.38709e+00 5.48619e-01 6.25800e-04
-1.44875e+00 5.80867e-01 5.59760e-04
-1.51044e+00 6.14490e-01 5.02256e-04
-1.57219e+00 6.49484e-01 4.52299e-04
-1.63399e+00 6.85845e-01 4.09058e-04
-1.69587e+00 7.23572e-01 3.71827e-04
-1.75784e+00 7.62663e-01 3.40008e-04
-1.81991e+00 8.03118e-01 3.13092e-04
-1.88208e+00 8.44937e-01 2.90644e-04
-1.94437e+00 8.88120e-01 2.72292e-04
-2.00680e+00 9.32670e-01 2.57716e-04
-2.06937e+00 9.78588e-01 2.46642e-04
-2.13209e+00 1.02588e+00 2.38835e-04
-2.19498e+00 1.07455e+00 2.34091e-04
-2.25805e+00 1.12459e+00 2.32238e-04
-2.32131e+00 1.17603e+00 2.33126e-04
-2.38594e+00 1.22984e+00 2.04498e-04
-2.45181e+00 1.28601e+00 1.94239e-04
-2.51772e+00 1.34350e+00 1.84717e-04
-2.58367e+00 1.40233e+00 1.75812e-04
-2.64968e+00 1.46250e+00 1.67414e-04
-2.71576e+00 1.52401e+00 1.59417e-04
-2.78192e+00 1.58688e+00 1.51724e-04
-2.84817e+00 1.65109e+00 1.44243e-04
-2.91452e+00 1.71667e+00 1.36887e-04
-2.98099e+00 1.78362e+00 1.29571e-04
-3.04758e+00 1.85194e+00 1.22216e-04
-3.11432e+00 1.92164e+00 1.14745e-04
-3.18120e+00 1.99273e+00 1.07085e-04
-3.24825e+00 2.06523e+00 9.91616e-05
-3.31547e+00 2.13914e+00 9.09056e-05
-3.38288e+00 2.21447e+00 8.22477e-05
-3.45049e+00 2.29124e+00 7.31198e-05
-3.51831e+00 2.36945e+00 6.34544e-05
-3.58635e+00 2.44913e+00 5.31846e-05
-3.65463e+00 2.53028e+00 4.22435e-05
-3.72315e+00 2.61292e+00 3.05642e-05
-3.79193e+00 2.69707e+00 1.80792e-05
-3.86099e+00 2.78274e+00 4.72033e-06
-3.93033e+00 2.86995e+00 -9.58134e-06
-3.99997e+00 2.95872e+00 -2.48961e-05
-8.15735e-01 3.45600e-01 1.90863e-03
-8.76929e-01 3.66997e-01 1.67657e-03
-9.38079e-01 3.89882e-01 1.47974e-03
-9.99198e-01 4.14241e-01 1.31142e-03
-1.06030e+00 4.40061e-01 1.16644e-03
-1.12140e+00 4.67332e-01 1.04077e-03
-1.18251e+00 4.96043e-01 9.31252e-04
-1.24365e+00 5.26187e-01 8.35384e-04
-1.30482e+00 5.57755e-01 7.51160e-04
-1.36605e+00 5.90740e-01 6.76964e-04
-1.42733e+00 6.25137e-01 6.11487e-04
-1.48870e+00 6.60941e-01 5.53662e-04
-1.55015e+00 6.98148e-01 5.02614e-04
-1.61171e+00 7.36754e-01 4.57624e-04
-1.67338e+00 7.76759e-01 4.18098e-04
-1.73517e+00 8.18160e-01 3.83544e-04
-1.79711e+00 8.60958e-01 3.53556e-04
-1.85919e+00 9.05153e-01 3.27797e-04
-1.92143e+00 9.50745e-01 3.05987e-04
-1.98385e+00 9.97739e-01 2.87897e-04
-2.04646e+00 1.04613e+00 2.73336e-04
-2.10926e+00 1.09594e+00 2.62152e-04
-2.17227e+00 1.14715e+00 2.54219e-04
-2.23550e+00 1.19979e+00 2.49439e-04
-2.29896e+00 1.25384e+00 2.47736e-04
-2.36392e+00 1.31043e+00 2.22609e-04
-2.43023e+00 1.36950e+00 2.12717e-04
-2.49661e+00 1.42994e+00 2.02886e-04
-2.56307e+00 1.49174e+00 1.93121e-04
-2.62963e+00 1.55492e+00 1.83425e-04
-2.69630e+00 1.61946e+00 1.73798e-04
-2.76308e+00 1.68538e+00 1.64235e-04
-2.83000e+00 1.75269e+00 1.54733e-04
-2.89706e+00 1.82140e+00 1.45282e-04
-2.96428e+00 1.89150e+00 1.35874e-04
-3.03167e+00 1.96301e+00 1.26497e-04
-3.09924e+00 2.03594e+00 1.17140e-04
-3.16701e+00 2.11029e+00 1.07789e-04
-3.23498e+00 2.18609e+00 9.84290e-05
-3.30317e+00 2.26333e+00 8.90446e-05
-3.37159e+00 2.34204e+00 7.96189e-05
-3.44026e+00 2.42222e+00 7.01340e-05
-3.50918e+00 2.50390e+00 6.05712e-05
-3.57837e+00 2.58707e+00 5.09106e-05
-3.64785e+00 2.67177e+00 4.11315e-05
-3.71763e+00 2.75800e+00 3.12121e-05
-3.78771e+00 2.84579e+00 2.11295e-05
-3.85812e+00 2.93514e+00 1.08596e-05
-3.92887e+00 3.02609e+00 3.77355e-07
-3.99997e+00 3.11865e+00 -1.03438e-05
-7.99415e-01 3.69387e-01 1.93947e-03
-8.59793e-01 3.92660e-01 1.71254e-03
-9.20169e-01 4.17442e-01 1.51996e-03
-9.80556e-01 4.43720e-01 1.35498e-03
-1.04097e+00 4.71481e-01 1.21250e-03
-1.10142e+00 5.00713e-01 1.08859e-03
-1.16193e+00 5.31407e-01 9.80182e-04
-1.22251e+00 5.63554e-01 8.84853e-04
-1.28316e+00 5.97145e-01 8.00682e-04
-1.34391e+00 6.32174e-01 7.26122e-04
-1.40477e+00 6.68635e-01 6.59920e-04
-1.46575e+00 7.06523e-01 6.01055e-04
-1.52686e+00 7.45834e-01 5.48689e-04
-1.58812e+00 7.86566e-01 5.02132e-04
-1.64953e+00 8.28716e-01 4.60812e-04
-1.71112e+00 8.72285e-01 4.24254e-04
-1.77289e+00 9.17270e-01 3.92064e-04
-1.83485e+00 9.63675e-01 3.63913e-04
-1.89703e+00 1.01150e+00 3.39526e-04
-1.95942e+00 1.06075e+00 3.18676e-04
-2.02204e+00 1.11142e+00 3.01173e-04
-2.08491e+00 1.16353e+00 2.86863e-04
-2.14804e+00 1.21707e+00 2.75619e-04
-2.21143e+00 1.27205e+00 2.67340e-04
-2.27511e+00 1.32848e+00 2.61944e-04
-2.34039e+00 1.38758e+00 2.39718e-04
-2.40714e+00 1.44930e+00 2.28385e-04
-2.47401e+00 1.51239e+00 2.17130e-04
-2.54100e+00 1.57686e+00 2.05973e-04
-2.60813e+00 1.64273e+00 1.94926e-04
-2.67541e+00 1.70998e+00 1.84001e-04
-2.74286e+00 1.77863e+00 1.73204e-04
-2.81048e+00 1.84869e+00 1.62538e-04
-2.87829e+00 1.92016e+00 1.52005e-04
-2.94631e+00 1.99305e+00 1.41604e-04
-3.01454e+00 2.06737e+00 1.31331e-04
-3.08300e+00 2.14313e+00 1.21182e-04
-3.15171e+00 2.22034e+00 1.11151e-04
-3.22067e+00 2.29902e+00 1.01230e-04
-3.28990e+00 2.37917e+00 9.14117e-05
-3.35941e+00 2.46081e+00 8.16849e-05
-3.42921e+00 2.54396e+00 7.20394e-05
-3.49933e+00 2.62862e+00 6.24632e-05
-3.56976e+00 2.71482e+00 5.29437e-05
-3.64054e+00 2.80257e+00 4.34671e-05
-3.71166e+00 2.89189e+00 3.40186e-05
-3.78316e+00 2.98280e+00 2.45828e-05
-3.85503e+00 3.07531e+00 1.51428e-05
-3.92729e+00 3.16946e+00 5.68101e-06
-3.99996e+00 3.26525e+00 -3.82147e-06
-7.82642e-01 3.93004e-01 1.96522e-03
-8.42085e-01 4.18181e-01 1.74338e-03
-9.01576e-01 4.44876e-01 1.55501e-03
-9.61128e-01 4.73074e-01 1.39336e-03
-1.02076e+00 5.02764e-01 1.25340e-03
-1.08047e+00 5.33933e-01 1.13128e-03
-1.14030e+00 5.66571e-01 1.02403e-03
-1.20024e+00 6.00670e-01 9.29326e-04
-1.26031e+00 6.36221e-01 8.45316e-04
-1.32052e+00 6.73217e-01 7.70520e-04
-1.38089e+00 7.11654e-01 7.03739e-04
-1.44143e+00 7.51525e-01 6.43997e-04
-1.50215e+00 7.92829e-01 5.90492e-04
-1.56307e+00 8.35561e-01 5.42561e-04
-1.62420e+00 8.79722e-01 4.99655e-04
-1.68555e+00 9.25309e-01 4.61316e-04
-1.74713e+00 9.72324e-01 4.27159e-04
-1.80895e+00 1.02077e+00 3.96865e-04
-1.87104e+00 1.07064e+00 3.70164e-04
-1.93339e+00 1.12195e+00 3.46833e-04
-1.99603e+00 1.17470e+00 3.26681e-04
-2.05896e+00 1.22889e+00 3.09555e-04
-2.12221e+00 1.28453e+00 2.95324e-04
-2.18577e+00 1.34162e+00 2.83885e-04
-2.24967e+00 1.40018e+00 2.75154e-04
-2.31529e+00 1.46152e+00 2.54820e-04
-2.38250e+00 1.52558e+00 2.42080e-04
-2.44986e+00 1.59103e+00 2.29450e-04
-2.51740e+00 1.65786e+00 2.16958e-04
-2.58513e+00 1.72609e+00 2.04623e-04
-2.65306e+00 1.79571e+00 1.92462e-04
-2.72120e+00 1.86674e+00 1.80489e-04
-2.78957e+00 1.93919e+00 1.68714e-04
-2.85818e+00 2.01305e+00 1.57142e-04
-2.92704e+00 2.08835e+00 1.45780e-04
-2.99617e+00 2.16509e+00 1.34630e-04
-3.06559e+00 2.24328e+00 1.23693e-04
-3.13530e+00 2.32294e+00 1.12971e-04
-3.20531e+00 2.40407e+00 1.02460e-04
-3.27565e+00 2.48669e+00 9.21600e-05
-3.34633e+00 2.57082e+00 8.20667e-05
-3.41735e+00 2.65647e+00 7.21765e-05
-3.48875e+00 2.74365e+00 6.24847e-05
-3.56052e+00 2.83239e+00 5.29860e-05
-3.63268e+00 2.92270e+00 4.36746e-05
-3.70526e+00 3.01460e+00 3.45441e-05
-3.77826e+00 3.10811e+00 2.55877e-05
-3.85170e+00 3.20326e+00 1.67979e-05
-3.92560e+00 3.30005e+00 8.16709e-06
-3.99996e+00 3.39853e+00 -3.13163e-07
-7.65426e-01 4.16424e-01 1.98635e-03
-8.23815e-01 4.43532e-01 1.76947e-03
-8.82309e-01 4.72154e-01 1.58519e-03
-9.40922e-01 5.02273e-01 1.42680e-03
-9.99668e-01 5.33879e-01 1.28930e-03
-1.05856e+00 5.66958e-01 1.16897e-03
-1.11761e+00 6.01502e-01 1.06290e-03
-1.17684e+00 6.37500e-01 9.68876e-04
-1.23625e+00 6.74947e-01 8.85105e-04
-1.29587e+00 7.13834e-01 8.10176e-04
-1.35569e+00 7.54158e-01 7.42940e-04
-1.41574e+00 7.95912e-01 6.82466e-04
-1.47603e+00 8.39095e-01 6.27984e-04
-1.53657e+00 8.83704e-01 5.78859e-04
-1.59737e+00 9.29739e-01 5.34563e-04
-1.65845e+00 9.77198e-01 4.94653e-04
-1.71982e+00 1.02608e+00 4.58757e-04
-1.78148e+00 1.07639e+00 4.26564e-04
-1.84346e+00 1.12814e+00 3.97809e-04
-1.90577e+00 1.18131e+00 3.72271e-04
-1.96842e+00 1.23593e+00 3.49763e-04
-2.03142e+00 1.29199e+00 3.30129e-04
-2.09478e+00 1.34950e+00 3.13238e-04
-2.15852e+00 1.40847e+00 2.98984e-04
-2.22265e+00 1.46890e+00 2.87280e-04
-2.28862e+00 1.53221e+00 2.68037e-04
-2.35629e+00 1.59833e+00 2.53928e-04
-2.42417e+00 1.66583e+00 2.39979e-04
-2.49228e+00 1.73471e+00 2.26218e-04
-2.56063e+00 1.80497e+00 2.12667e-04
-2.62924e+00 1.87664e+00 1.99347e-04
-2.69811e+00 1.94970e+00 1.86272e-04
-2.76727e+00 2.02417e+00 1.73456e-04
-2.83672e+00 2.10007e+00 1.60909e-04
-2.90648e+00 2.17739e+00 1.48639e-04
-2.97657e+00 2.25616e+00 1.36654e-04
-3.04699e+00 2.33638e+00 1.24957e-04
-3.11777e+00 2.41806e+00 1.13555e-04
-3.18891e+00 2.50123e+00 1.02450e-04
-3.26043e+00 2.58588e+00 9.16459e-05
-3.33235e+00 2.67205e+00 8.11449e-05
-3.40468e+00 2.75974e+00 7.09495e-05
-3.47744e+00 2.84898e+00 6.10620e-05
-3.55063e+00 2.93978e+00 5.14848e-05
-3.62429e+00 3.03215e+00 4.22205e-05
-3.69841e+00 3.12613e+00 3.32721e-05
-3.77303e+00 3.22173e+00 2.46428e-05
-3.84814e+00 3.31897e+00 1.63368e-05
-3.92378e+00 3.41788e+00 8.35898e-06
-3.99996e+00 3.51847e+00 7.15125e-07
-7.47782e-01 4.39616e-01 2.00335e-03
-8.04995e-01 4.68684e-01 1.79120e-03
-8.62379e-01 4.99246e-01 1.61084e-03
-9.19948e-01 5.31286e-01 1.45554e-03
-9.77715e-01 5.64794e-01 1.32042e-03
-1.03569e+00 5.99757e-01 1.20181e-03
-1.09389e+00 6.36166e-01 1.09692e-03
-1.15233e+00 6.74013e-01 1.00359e-03
-1.21102e+00 7.13290e-01 9.20112e-04
-1.26996e+00 7.53991e-01 8.45129e-04
-1.32918e+00 7.96112e-01 7.77544e-04
-1.38869e+00 8.39649e-01 7.16465e-04
-1.44850e+00 8.84599e-01 6.61154e-04
-1.50862e+00 9.30960e-01 6.11003e-04
-1.56906e+00 9.78733e-01 5.65502e-04
-1.62984e+00 1.02792e+00 5.24224e-04
-1.69096e+00 1.07851e+00 4.86810e-04
-1.75245e+00 1.13052e+00 4.52954e-04
-1.81431e+00 1.18395e+00 4.22399e-04
-1.87656e+00 1.23881e+00 3.94926e-04
-1.93921e+00 1.29509e+00 3.70350e-04
-2.00227e+00 1.35280e+00 3.48515e-04
-2.06575e+00 1.41196e+00 3.29288e-04
-2.12967e+00 1.47256e+00 3.12562e-04
-2.19405e+00 1.53462e+00 2.98247e-04
-2.26038e+00 1.59964e+00 2.79485e-04
-2.32852e+00 1.66752e+00 2.64054e-04
-2.39693e+00 1.73677e+00 2.48848e-04
-2.46563e+00 1.80738e+00 2.33893e-04
-2.53463e+00 1.87936e+00 2.19210e-04
-2.60395e+00 1.95273e+00 2.04817e-04
-2.67359e+00 2.02748e+00 1.90730e-04
-2.74357e+00 2.10363e+00 1.76960e-04
-2.81391e+00 2.18118e+00 1.63518e-04
-2.88463e+00 2.26016e+00 1.50414e-04
-2.95572e+00 2.34056e+00 1.37655e-04
-3.02722e+00 2.42241e+00 1.25249e-04
-3.09912e+00 2.50571e+00 1.13203e-04
-3.17146e+00 2.59048e+00 1.01524e-04
-3.24424e+00 2.67674e+00 9.02178e-05
-3.31748e+00 2.76450e+00 7.92920e-05
-3.39120e+00 2.85378e+00 6.87543e-05
-3.46540e+00 2.94460e+00 5.86133e-05
-3.54012e+00 3.03697e+00 4.88786e-05
-3.61535e+00 3.13092e+00 3.95614e-05
-3.69112e+00 3.22647e+00 3.06745e-05
-3.76746e+00 3.32364e+00 2.22329e-05
-3.84436e+00 3.42245e+00 1.42542e-05
-3.92186e+00 3.52293e+00 6.75887e-06
-3.99996e+00 3.62510e+00 -2.28633e-07
-7.29724e-01 4.62553e-01 2.01675e-03
-7.85640e-01 4.93608e-01 1.80898e-03
-8.41801e-01 5.26122e-01 1.63226e-03
-8.98220e-01 5.60082e-01 1.47986e-03
-9.54909e-01 5.95477e-01 1.34696e-03
-1.01188e+00 6.32296e-01 1.22998e-03
-1.06914e+00 6.70531e-01 1.12621e-03
-1.12671e+00 7.10173e-01 1.03357e-03
-1.18460e+00 7.51216e-01 9.50413e-04
-1.24282e+00 7.93654e-01 8.75438e-04
-1.30138e+00 8.37484e-01 8.07593e-04
-1.36029e+00 8.82702e-01 7.46022e-04
-1.41957e+00 9.29306e-01 6.90019e-04
-1.47922e+00 9.77296e-01 6.38998e-04
-1.53927e+00 1.02667e+00 5.92468e-04
-1.59971e+00 1.07743e+00 5.50017e-04
-1.66057e+00 1.12958e+00 5.11295e-04
-1.72186e+00 1.18312e+00 4.76007e-04
-1.78359e+00 1.23806e+00 4.43899e-04
-1.84576e+00 1.29439e+00 4.14756e-04
-1.90841e+00 1.35214e+00 3.88394e-04
-1.97152e+00 1.41129e+00 3.64659e-04
-2.03513e+00 1.47187e+00 3.43417e-04
-2.09924e+00 1.53388e+00 3.24559e-04
-2.16387e+00 1.59732e+00 3.07992e-04
-2.23057e+00 1.66377e+00 2.89278e-04
-2.29919e+00 1.73313e+00 2.72576e-04
-2.36815e+00 1.80382e+00 2.56183e-04
-2.43746e+00 1.87585e+00 2.40117e-04
-2.50714e+00 1.94923e+00 2.24395e-04
-2.57719e+00 2.02396e+00 2.09030e-04
-2.64764e+00 2.10006e+00 1.94031e-04
-2.71849e+00 2.17753e+00 1.79409e-04
-2.78977e+00 2.25638e+00 1.65171e-04
-2.86148e+00 2.33662e+00 1.51326e-04
-2.93364e+00 2.41828e+00 1.37878e-04
-3.00626e+00 2.50135e+00 1.24837e-04
-3.07937e+00 2.58586e+00 1.12207e-04
-3.15297e+00 2.67182e+00 9.99978e-05
-3.22708e+00 2.75925e+00 8.82169e-05
-3.30172e+00 2.84816e+00 7.68743e-05
-3.37690e+00 2.93857e+00 6.59813e-05
-3.45264e+00 3.03050e+00 5.55514e-05
-3.52896e+00 3.12398e+00 4.56006e-05
-3.60587e+00 3.21901e+00 3.61477e-05
-3.68340e+00 3.31563e+00 2.72157e-05
-3.76155e+00 3.41385e+00 1.88317e-05
-3.84035e+00 3.51370e+00 1.10287e-05
-3.91981e+00 3.61520e+00 3.84641e-06
-3.99996e+00 3.71839e+00 -2.66702e-06
-7.11269e-01 4.85207e-01 2.02714e-03
-7.65766e-01 5.18273e-01 1.82326e-03
-8.20591e-01 5.52751e-01 1.64979e-03
-8.75753e-01 5.88630e-01 1.50001e-03
-9.31265e-01 6.25898e-01 1.36912e-03
-9.87137e-01 6.64545e-01 1.25364e-03
-1.04338e+00 7.04565e-01 1.15091e-03
-1.10000e+00 7.45949e-01 1.05893e-03
-1.15702e+00 7.88692e-01 9.76098e-04
-1.21444e+00 8.32790e-01 9.01175e-04
-1.27228e+00 8.78240e-01 8.33145e-04
-1.33054e+00 9.25038e-01 7.71185e-04
-1.38925e+00 9.73184e-01 7.14615e-04
-1.44840e+00 1.02268e+00 6.62871e-04
-1.50801e+00 1.07352e+00 6.15479e-04
-1.56809e+00 1.12571e+00 5.72041e-04
-1.62866e+00 1.17926e+00 5.32216e-04
-1.68972e+00 1.23416e+00 4.95716e-04
-1.75130e+00 1.29042e+00 4.62295e-04
-1.81339e+00 1.34805e+00 4.31739e-04
-1.87602e+00 1.40706e+00 4.03868e-04
-1.93919e+00 1.46744e+00 3.78526e-04
-2.00293e+00 1.52921e+00 3.55582e-04
-2.06723e+00 1.59239e+00 3.34923e-04
-2.13213e+00 1.65697e+00 3.16456e-04
-2.19920e+00 1.72458e+00 2.97516e-04
-2.26832e+00 1.79513e+00 2.79604e-04
-2.33784e+00 1.86697e+00 2.62102e-04
-2.40778e+00 1.94011e+00 2.45018e-04
-2.47815e+00 2.01457e+00 2.28360e-04
-2.54898e+00 2.09033e+00 2.12132e-04
-2.62026e+00 2.16743e+00 1.96338e-04
-2.69202e+00 2.24586e+00 1.80981e-04
-2.76428e+00 2.32564e+00 1.66064e-04
-2.83703e+00 2.40679e+00 1.51589e-04
-2.91031e+00 2.48930e+00 1.37559e-04
-2.98413e+00 2.57321e+00 1.23978e-04
-3.05849e+00 2.65852e+00 1.10851e-04
-3.13343e+00 2.74525e+00 9.81824e-05
-3.20894e+00 2.83341e+00 8.59811e-05
-3.28506e+00 2.92303e+00 7.42567e-05
-3.36179e+00 3.01411e+00 6.30217e-05
-3.43915e+00 3.10669e+00 5.22921e-05
-3.51717e+00 3.20079e+00 4.20878e-05
-3.59585e+00 3.29641e+00 3.24339e-05
-3.67522e+00 3.39359e+00 2.33619e-05
-3.75530e+00 3.49235e+00 1.49110e-05
-3.83610e+00 3.59271e+00 7.13039e-06
-3.91765e+00 3.69471e+00 8.18602e-08
-3.99996e+00 3.79836e+00 -6.15643e-06
-6.92434e-01 5.07549e-01 2.03512e-03
-7.45391e-01 5.42652e-01 1.83449e-03
-7.98766e-01 5.79106e-01 1.66379e-03
-8.52566e-01 6.16900e-01 1.51625e-03
-9.06802e-01 6.56024e-01 1.38713e-03
-9.61484e-01 6.96472e-01 1.27295e-03
-1.01662e+00 7.38235e-01 1.17116e-03
-1.07222e+00 7.81308e-01 1.07977e-03
-1.12830e+00 8.25686e-01 9.97264e-04
-1.18486e+00 8.71367e-01 9.22422e-04
-1.24191e+00 9.18347e-01 8.54270e-04
-1.29947e+00 9.66625e-01 7.92011e-04
-1.35755e+00 1.01620e+00 7.34991e-04
-1.41615e+00 1.06708e+00 6.82663e-04
-1.47529e+00 1.11925e+00 6.34569e-04
-1.53498e+00 1.17273e+00 5.90321e-04
-1.59523e+00 1.22751e+00 5.49590e-04
-1.65604e+00 1.28361e+00 5.12094e-04
-1.71745e+00 1.34102e+00 4.77590e-04
-1.77945e+00 1.39975e+00 4.45870e-04
-1.84205e+00 1.45982e+00 4.16755e-04
-1.90528e+00 1.52122e+00 3.90092e-04
-1.96914e+00 1.58397e+00 3.65749e-04
-2.03365e+00 1.64807e+00 3.43613e-04
-2.09881e+00 1.71355e+00 3.23590e-04
-2.16628e+00 1.78206e+00 3.04290e-04
-2.23589e+00 1.85351e+00 2.85236e-04
-2.30599e+00 1.92620e+00 2.66711e-04
-2.37658e+00 2.00014e+00 2.48710e-04
-2.44768e+00 2.07535e+00 2.31229e-04
-2.51930e+00 2.15182e+00 2.14261e-04
-2.59146e+00 2.22957e+00 1.97801e-04
-2.66417e+00 2.30862e+00 1.81842e-04
-2.73744e+00 2.38897e+00 1.66379e-04
-2.81130e+00 2.47063e+00 1.51408e-04
-2.88575e+00 2.55363e+00 1.36925e-04
-2.96082e+00 2.63797e+00 1.22927e-04
-3.03651e+00 2.72367e+00 1.09415e-04
-3.11284e+00 2.81074e+00 9.63894e-05
-3.18983e+00 2.89921e+00 8.38535e-05
-3.26750e+00 2.98909e+00 7.18143e-05
-3.34586e+00 3.08040e+00 6.02818e-05
-3.42494e+00 3.17317e+00 4.92708e-05
-3.50474e+00 3.26740e+00 3.88015e-05
-3.58529e+00 3.36313e+00 2.89012e-05
-3.66661e+00 3.46037e+00 1.96062e-05
-3.74872e+00 3.55915e+00 1.09647e-05
-3.83163e+00 3.65950e+00 3.04035e-06
-3.91537e+00 3.76144e+00 -4.08213e-06
-3.99996e+00 3.86500e+00 -1.02891e-05
-6.73241e-01 5.29554e-01 2.04134e-03
-7.24536e-01 5.66716e-01 1.84314e-03
-7.76346e-01 6.05155e-01 1.67461e-03
-8.28678e-01 6.44861e-01 1.52888e-03
-8.81540e-01 6.85827e-01 1.40118e-03
-9.34939e-01 7.28045e-01 1.28810e-03
-9.88883e-01 7.71511e-01 1.18709e-03
-1.04338e+00 8.16219e-01 1.09623e-03
-1.09844e+00 8.62167e-01 1.01401e-03
-1.15407e+00 9.09352e-01 9.39269e-04
-1.21029e+00 9.57774e-01 8.71046e-04
-1.26709e+00 1.00743e+00 8.08572e-04
-1.32449e+00 1.05833e+00 7.51209e-04
-1.38250e+00 1.11046e+00 6.98429e-04
-1.44113e+00 1.16383e+00 6.49784e-04
-1.50039e+00 1.21845e+00 6.04898e-04
-1.56029e+00 1.27432e+00 5.63450e-04
-1.62084e+00 1.33144e+00 5.25162e-04
-1.68205e+00 1.38982e+00 4.89798e-04
-1.74394e+00 1.44947e+00 4.57154e-04
-1.80652e+00 1.51040e+00 4.27052e-04
-1.86980e+00 1.57261e+00 3.99342e-04
-1.93378e+00 1.63611e+00 3.73891e-04
-1.99849e+00 1.70092e+00 3.50590e-04
-2.06394e+00 1.76704e+00 3.29342e-04
-2.13180e+00 1.83618e+00 3.09674e-04
-2.20192e+00 1.90824e+00 2.89555e-04
-2.27261e+00 1.98149e+00 2.70103e-04
-2.34387e+00 2.05592e+00 2.51296e-04
-2.41571e+00 2.13156e+00 2.33115e-04
-2.48817e+00 2.20841e+00 2.15542e-04
-2.56123e+00 2.28648e+00 1.98557e-04
-2.63493e+00 2.36579e+00 1.82145e-04
-2.70927e+00 2.44634e+00 1.66291e-04
-2.78428e+00 2.52815e+00 1.50980e-04
-2.85996e+00 2.61124e+00 1.36199e-04
-2.93633e+00 2.69562e+00 1.21938e-04
-3.01341e+00 2.78130e+00 1.08189e-04
-3.09121e+00 2.86831e+00 9.49432e-05
-3.16975e+00 2.95665e+00 8.21982e-05
-3.24905e+00 3.04636e+00 6.99526e-05
-3.32913e+00 3.13744e+00 5.82095e-05
-3.40999e+00 3.22992e+00 4.69766e-05
-3.49168e+00 3.32381e+00 3.62678e-05
-3.57419e+00 3.41915e+00 2.61051e-05
-3.65756e+00 3.51596e+00 1.65212e-05
-3.74180e+00 3.61425e+00 7.56367e-06
-3.82693e+00 3.71405e+00 -6.98751e-07
-3.91297e+00 3.81540e+00 -8.16668e-06
-3.99996e+00 3.91831e+00 -1.46941e-05
-6.53710e-01 5.51195e-01 2.04650e-03
-7.03223e-01 5.90439e-01 1.84972e-03
-7.53355e-01 6.30871e-01 1.68261e-03
-8.04112e-01 6.72485e-01 1.53815e-03
-8.55500e-01 7.15274e-01 1.41151e-03
-9.07524e-01 7.59234e-01 1.29925e-03
-9.60191e-01 8.04361e-01 1.19886e-03
-1.01351e+00 8.50651e-01 1.10841e-03
-1.06748e+00 8.98104e-01 1.02645e-03
-1.12212e+00 9.46717e-01 9.51807e-04
-1.17742e+00 9.96492e-01 8.83555e-04
-1.23341e+00 1.04743e+00 8.20939e-04
-1.29009e+00 1.09953e+00 7.63336e-04
-1.34746e+00 1.15280e+00 7.10227e-04
-1.40554e+00 1.20724e+00 6.61178e-04
-1.46434e+00 1.26285e+00 6.15818e-04
-1.52386e+00 1.31965e+00 5.73832e-04
-1.58412e+00 1.37763e+00 5.34951e-04
-1.64513e+00 1.43681e+00 4.98941e-04
-1.70690e+00 1.49719e+00 4.65602e-04
-1.76943e+00 1.55878e+00 4.34759e-04
-1.83275e+00 1.62158e+00 4.06264e-04
-1.89686e+00 1.68562e+00 3.79986e-04
-1.96178e+00 1.75090e+00 3.55817e-04
-2.02752e+00 1.81743e+00 3.33663e-04
-2.09578e+00 1.88694e+00 3.13724e-04
-2.16642e+00 1.95933e+00 2.92630e-04
-2.23770e+00 2.03283e+00 2.72355e-04
-2.30965e+00 2.10744e+00 2.52862e-04
-2.38227e+00 2.18320e+00 2.34116e-04
-2.45558e+00 2.26009e+00 2.16083e-04
-2.52959e+00 2.33814e+00 1.98733e-04
-2.60431e+00 2.41735e+00 1.82036e-04
-2.67977e+00 2.49775e+00 1.65966e-04
-2.75597e+00 2.57934e+00 1.50497e-04
-2.83293e+00 2.66214e+00 1.35607e-04
-2.91066e+00 2.74616e+00 1.21274e-04
-2.98919e+00 2.83142e+00 1.07477e-04
-3.06853e+00 2.91793e+00 9.42009e-05
-3.14870e+00 3.00573e+00 8.14287e-05
-3.22970e+00 3.09481e+00 6.91477e-05
-3.31157e+00 3.18521e+00 5.73474e-05
-3.39432e+00 3.27694e+00 4.60209e-05
-3.47798e+00 3.37003e+00 3.51655e-05
-3.56255e+00 3.46449e+00 2.47841e-05
-3.64806e+00 3.56035e+00 1.48876e-05
-3.73454e+00 3.65764e+00 5.49890e-06
-3.82200e+00 3.75637e+00 -3.34105e-06
-3.91046e+00 3.85658e+00 -1.15611e-05
-3.99996e+00 3.95829e+00 -1.90375e-05
-6.33864e-01 5.72447e-01 2.05130e-03
-6.81474e-01 6.13793e-01 1.85472e-03
-7.29816e-01 6.56227e-01 1.68817e-03
-7.78893e-01 6.99743e-01 1.54436e-03
-8.28707e-01 7.44339e-01 1.41832e-03
-8.79264e-01 7.90010e-01 1.30658e-03
-9.30568e-01 8.36756e-01 1.20660e-03
-9.82622e-01 8.84575e-01 1.11645e-03
-1.03543e+00 9.33466e-01 1.03468e-03
-1.08901e+00 9.83432e-01 9.60128e-04
-1.14335e+00 1.03447e+00 8.91881e-04
-1.19847e+00 1.08659e+00 8.29190e-04
-1.25437e+00 1.13979e+00 7.71440e-04
-1.31106e+00 1.19407e+00 7.18122e-04
-1.36855e+00 1.24945e+00 6.68806e-04
-1.42685e+00 1.30592e+00 6.23129e-04
-1.48597e+00 1.36349e+00 5.80781e-04
-1.54591e+00 1.42216e+00 5.41495e-04
-1.60669e+00 1.48196e+00 5.05043e-04
-1.66831e+00 1.54288e+00 4.71227e-04
-1.73080e+00 1.60493e+00 4.39877e-04
-1.79415e+00 1.66813e+00 4.10846e-04
-1.85839e+00 1.73248e+00 3.84007e-04
-1.92352e+00 1.79800e+00 3.59254e-04
-1.98956e+00 1.86470e+00 3.36497e-04
-2.05823e+00 1.93432e+00 3.16474e-04
-2.12939e+00 2.00675e+00 2.94504e-04
-2.20129e+00 2.08020e+00 2.73522e-04
-2.27394e+00 2.15470e+00 2.53475e-04
-2.34735e+00 2.23024e+00 2.34310e-04
-2.42154e+00 2.30685e+00 2.15979e-04
-2.49653e+00 2.38454e+00 1.98439e-04
-2.57232e+00 2.46332e+00 1.81647e-04
-2.64893e+00 2.54319e+00 1.65565e-04
-2.72637e+00 2.62418e+00 1.50156e-04
-2.80467e+00 2.70631e+00 1.35386e-04
-2.88383e+00 2.78958e+00 1.21222e-04
-2.96387e+00 2.87401e+00 1.07634e-04
-3.04481e+00 2.95962e+00 9.45903e-05
-3.12667e+00 3.04643e+00 8.20630e-05
-3.20946e+00 3.13446e+00 7.00230e-05
-3.29321e+00 3.22373e+00 5.84414e-05
-3.37793e+00 3.31425e+00 4.72882e-05
-3.46364e+00 3.40604e+00 3.65311e-05
-3.55036e+00 3.49914e+00 2.61333e-05
-3.63812e+00 3.59356e+00 1.60499e-05
-3.72694e+00 3.68933e+00 6.22099e-06
-3.81683e+00 3.78646e+00 -3.44258e-06
-3.90783e+00 3.88500e+00 -1.30913e-05
-3.99995e+00 3.98495e+00 -2.30214e-05
-6.13726e-01 5.93287e-01 2.05653e-03
-6.59315e-01 6.36753e-01 1.85869e-03
-7.05755e-01 6.81195e-01 1.69168e-03
-7.53046e-01 7.26608e-01 1.54778e-03
-8.01190e-01 7.72991e-01 1.42184e-03
-8.50188e-01 8.20345e-01 1.31027e-03
-9.00041e-01 8.68668e-01 1.21045e-03
-9.50754e-01 9.17961e-01 1.12046e-03
-1.00233e+00 9.68228e-01 1.03880e-03
-1.05477e+00 1.01947e+00 9.64325e-04
-1.10809e+00 1.07169e+00 8.96105e-04
-1.16228e+00 1.12489e+00 8.33398e-04
-1.21735e+00 1.17908e+00 7.75591e-04
-1.27332e+00 1.23425e+00 7.22175e-04
-1.33018e+00 1.29043e+00 6.72725e-04
-1.38794e+00 1.34761e+00 6.26881e-04
-1.44662e+00 1.40580e+00 5.84335e-04
-1.50622e+00 1.46501e+00 5.44825e-04
-1.56675e+00 1.52525e+00 5.08124e-04
-1.62822e+00 1.58653e+00 4.74040e-04
-1.69064e+00 1.64885e+00 4.42403e-04
-1.75402e+00 1.71224e+00 4.13072e-04
-1.81838e+00 1.77669e+00 3.85922e-04
-1.88373e+00 1.84222e+00 3.60853e-04
-1.95007e+00 1.90884e+00 3.37778e-04
-2.01916e+00 1.97831e+00 3.17934e-04
-2.09084e+00 2.05049e+00 2.95199e-04
-2.16336e+00 2.12360e+00 2.73638e-04
-2.23673e+00 2.19767e+00 2.53180e-04
-2.31096e+00 2.27270e+00 2.33756e-04
-2.38607e+00 2.34870e+00 2.15305e-04
-2.46206e+00 2.42568e+00 1.97771e-04
-2.53895e+00 2.50367e+00 1.81101e-04
-2.61676e+00 2.58266e+00 1.65246e-04
-2.69550e+00 2.66269e+00 1.50160e-04
-2.77518e+00 2.74376e+00 1.35801e-04
-2.85582e+00 2.82588e+00 1.22127e-04
-2.93744e+00 2.90908e+00 1.09100e-04
-3.02005e+00 2.99337e+00 9.66813e-05
-3.10367e+00 3.07877e+00 8.48330e-05
-3.18833e+00 3.16530e+00 7.35168e-05
-3.27403e+00 3.25298e+00 6.26917e-05
-3.36081e+00 3.34182e+00 5.23117e-05
-3.44867e+00 3.43186e+00 4.23203e-05
-3.53764e+00 3.52310e+00 3.26420e-05
-3.62775e+00 3.61557e+00 2.31608e-05
-3.71900e+00 3.70931e+00 1.36715e-05
-3.81144e+00 3.80432e+00 3.73634e-06
-3.90508e+00 3.90064e+00 -7.85366e-06
-3.99995e+00 3.99828e+00 -2.63774e-05
-5.93297e-01 6.13716e-01 2.05653e-03
-6.36765e-01 6.59304e-01 1.85869e-03
-6.81207e-01 7.05743e-01 1.69168e-03
-7.26621e-01 7.53033e-01 1.54778e-03
-7.73005e-01 8.01176e-01 1.42184e-03
-8.20359e-01 8.50173e-01 1.31027e-03
-8.68683e-01 9.00026e-01 1.21045e-03
-9.17978e-01 9.50738e-01 1.12046e-03
-9.68244e-01 1.00231e+00 1.03880e-03
-1.01949e+00 1.05475e+00 9.64323e-04
-1.07171e+00 1.10807e+00 8.96104e-04
-1.12491e+00 1.16226e+00 8.33397e-04
-1.17909e+00 1.21733e+00 7.75590e-04
-1.23427e+00 1.27330e+00 7.22174e-04
-1.29045e+00 1.33016e+00 6.72724e-04
-1.34763e+00 1.38792e+00 6.26880e-04
-1.40582e+00 1.44660e+00 5.84334e-04
-1.46503e+00 1.50620e+00 5.44824e-04
-1.52527e+00 1.56673e+00 5.08124e-04
-1.58655e+00 1.62820e+00 4.74040e-04
-1.64888e+00 1.69062e+00 4.42403e-04
-1.71226e+00 1.75400e+00 4.13071e-04
-1.77671e+00 1.81836e+00 3.85922e-04
-1.84224e+00 1.88371e+00 3.60852e-04
-1.90886e+00 1.95005e+00 3.37777e-04
-1.97833e+00 2.01914e+00 3.17933e-04
-2.05051e+00 2.09082e+00 2.95198e-04
-2.12362e+00 2.16334e+00 2.73637e-04
-2.19769e+00 2.23671e+00 2.53179e-04
-2.27272e+00 2.31094e+00 2.33755e-04
-2.34872e+00 2.38605e+00 2.15304e-04
-2.42570e+00 2.46204e+00 1.97770e-04
-2.50369e+00 2.53893e+00 1.81100e-04
-2.58268e+00 2.61674e+00 1.65246e-04
-2.66271e+00 2.69548e+00 1.50160e-04
-2.74377e+00 2.77516e+00 1.35801e-04
-2.82590e+00 2.85580e+00 1.22128e-04
-2.90909e+00 2.93742e+00 1.09101e-04
-2.99339e+00 3.02004e+00 9.66828e-05
-3.07879e+00 3.10366e+00 8.48350e-05
-3.16531e+00 3.18832e+00 7.35193e-05
-3.25299e+00 3.27402e+00 6.26949e-05
-3.34183e+00 3.36080e+00 5.23154e-05
-3.43187e+00 3.44866e+00 4.23248e-05
-3.52311e+00 3.53763e+00 3.26472e-05
-3.61558e+00 3.62774e+00 2.31668e-05
-3.70931e+00 3.71900e+00 1.36784e-05
-3.80432e+00 3.81144e+00 3.74389e-06
-3.90064e+00 3.90508e+00 -7.84639e-06
-3.99829e+00 3.99995e+00 -2.63792e-05
-5.72457e-01 6.33854e-01 2.05131e-03
-6.13804e-01 6.81463e-01 1.85473e-03
-6.56239e-01 7.29803e-01 1.68818e-03
-6.99756e-01 7.78879e-01 1.54436e-03
-7.44353e-01 8.28693e-01 1.41833e-03
-7.90025e-01 8.79249e-01 1.30659e-03
-8.36772e-01 9.30551e-01 1.20660e-03
-8.84591e-01 9.82605e-01 1.11646e-03
-9.33484e-01 1.03542e+00 1.03468e-03
-9.83450e-01 1.08899e+00 9.60134e-04
-1.03449e+00 1.14333e+00 8.91886e-04
-1.08661e+00 1.19845e+00 8.29195e-04
-1.13981e+00 1.25435e+00 7.71445e-04
-1.19409e+00 1.31104e+00 7.18127e-04
-1.24947e+00 1.36853e+00 6.68810e-04
-1.30594e+00 1.42683e+00 6.23133e-04
-1.36351e+00 1.48594e+00 5.80784e-04
-1.42219e+00 1.54589e+00 5.41498e-04
-1.48198e+00 1.60667e+00 5.05046e-04
-1.54290e+00 1.66829e+00 4.71230e-04
-1.60496e+00 1.73078e+00 4.39880e-04
-1.66815e+00 1.79413e+00 4.10848e-04
-1.73251e+00 1.85837e+00 3.84009e-04
-1.79802e+00 1.92350e+00 3.59255e-04
-1.86472e+00 1.98954e+00 3.36498e-04
-1.93434e+00 2.05821e+00 3.16475e-04
-2.00677e+00 2.12937e+00 2.94504e-04
-2.08022e+00 2.20127e+00 2.73523e-04
-2.15472e+00 2.27392e+00 2.53475e-04
-2.23027e+00 2.34733e+00 2.34310e-04
-2.30688e+00 2.42153e+00 2.15979e-04
-2.38456e+00 2.49651e+00 1.98439e-04
-2.46334e+00 2.57230e+00 1.81647e-04
-2.54321e+00 2.64891e+00 1.65565e-04
-2.62421e+00 2.72636e+00 1.50156e-04
-2.70633e+00 2.80465e+00 1.35386e-04
-2.78960e+00 2.88381e+00 1.21222e-04
-2.87403e+00 2.96386e+00 1.07634e-04
-2.95964e+00 3.04480e+00 9.45909e-05
-3.04645e+00 3.12666e+00 8.20638e-05
-3.13448e+00 3.20945e+00 7.00240e-05
-3.22374e+00 3.29320e+00 5.84426e-05
-3.31426e+00 3.37792e+00 4.72896e-05
-3.40606e+00 3.46363e+00 3.65327e-05
-3.49915e+00 3.55036e+00 2.61350e-05
-3.59357e+00 3.63812e+00 1.60516e-05
-3.68934e+00 3.72694e+00 6.22251e-06
-3.78647e+00 3.81683e+00 -3.44154e-06
-3.88501e+00 3.90783e+00 -1.30913e-05
-3.98496e+00 3.99995e+00 -2.30236e-05
-5.51205e-01 6.53700e-01 2.04650e-03
-5.90450e-01 7.03211e-01 1.84972e-03
-6.30884e-01 7.53342e-01 1.68262e-03
-6.72499e-01 8.04097e-01 1.53816e-03
-7.15289e-01 8.55484e-01 1.41152e-03
-7.59249e-01 9.07507e-01 1.29927e-03
-8.04377e-01 9.60172e-01 1.19887e-03
-8.50668e-01 1.01349e+00 1.10843e-03
-8.98121e-01 1.06746e+00 1.02646e-03
-9.46735e-01 1.12209e+00 9.51820e-04
-9.96511e-01 1.17740e+00 8.83567e-04
-1.04745e+00 1.23339e+00 8.20951e-04
-1.09955e+00 1.29007e+00 7.63347e-04
-1.15282e+00 1.34744e+00 7.10238e-04
-1.20726e+00 1.40552e+00 6.61187e-04
-1.26288e+00 1.46432e+00 6.15827e-04
-1.31967e+00 1.52384e+00 5.73841e-04
-1.37766e+00 1.58410e+00 5.34959e-04
-1.43683e+00 1.64510e+00 4.98948e-04
-1.49721e+00 1.70687e+00 4.65608e-04
-1.55880e+00 1.76941e+00 4.34765e-04
-1.62161e+00 1.83272e+00 4.06269e-04
-1.68564e+00 1.89684e+00 3.79991e-04
-1.75092e+00 1.96176e+00 3.55820e-04
-1.81745e+00 2.02750e+00 3.33666e-04
-1.88697e+00 2.09576e+00 3.13727e-04
-1.95935e+00 2.16640e+00 2.92632e-04
-2.03285e+00 2.23768e+00 2.72357e-04
-2.10747e+00 2.30963e+00 2.52863e-04
-2.18322e+00 2.38225e+00 2.34117e-04
-2.26011e+00 2.45556e+00 2.16084e-04
-2.33816e+00 2.52957e+00 1.98733e-04
-2.41738e+00 2.60429e+00 1.82036e-04
-2.49777e+00 2.67975e+00 1.65966e-04
-2.57936e+00 2.75595e+00 1.50497e-04
-2.66216e+00 2.83291e+00 1.35607e-04
-2.74618e+00 2.91065e+00 1.21274e-04
-2.83144e+00 2.98918e+00 1.07477e-04
-2.91796e+00 3.06852e+00 9.42009e-05
-3.00575e+00 3.14868e+00 8.14287e-05
-3.09483e+00 3.22969e+00 6.91477e-05
-3.18523e+00 3.31156e+00 5.73475e-05
-3.27696e+00 3.39432e+00 4.60210e-05
-3.37005e+00 3.47797e+00 3.51655e-05
-3.46451e+00 3.56254e+00 2.47841e-05
-3.56037e+00 3.64806e+00 1.48875e-05
-3.65766e+00 3.73453e+00 5.49849e-06
-3.75639e+00 3.82199e+00 -3.34188e-06
-3.85660e+00 3.91046e+00 -1.15626e-05
-3.95831e+00 3.99996e+00 -1.90400e-05
-5.29564e-01 6.73232e-01 2.04134e-03
-5.66728e-01 7.24524e-01 1.84315e-03
-6.05168e-01 7.76332e-01 1.67462e-03
-6.44875e-01 8.28662e-01 1.52889e-03
-6.85841e-01 8.81521e-01 1.40120e-03
-7.28060e-01 9.34919e-01 1.28812e-03
-7.71527e-01 9.88861e-01 1.18711e-03
-8.16236e-01 1.04336e+00 1.09625e-03
-8.62185e-01 1.09842e+00 1.01403e-03
-9.09371e-01 1.15405e+00 9.39290e-04
-9.57793e-01 1.21026e+00 8.71066e-04
-1.00745e+00 1.26706e+00 8.08591e-04
-1.05835e+00 1.32446e+00 7.51227e-04
-1.11048e+00 1.38247e+00 6.98446e-04
-1.16385e+00 1.44110e+00 6.49800e-04
-1.21847e+00 1.50036e+00 6.04913e-04
-1.27434e+00 1.56026e+00 5.63464e-04
-1.33146e+00 1.62081e+00 5.25175e-04
-1.38985e+00 1.68203e+00 4.89810e-04
-1.44950e+00 1.74391e+00 4.57165e-04
-1.51042e+00 1.80649e+00 4.27062e-04
-1.57263e+00 1.86977e+00 3.99350e-04
-1.63613e+00 1.93375e+00 3.73899e-04
-1.70094e+00 1.99847e+00 3.50596e-04
-1.76706e+00 2.06392e+00 3.29347e-04
-1.83621e+00 2.13178e+00 3.09679e-04
-1.90827e+00 2.20190e+00 2.89559e-04
-1.98151e+00 2.27258e+00 2.70106e-04
-2.05595e+00 2.34384e+00 2.51299e-04
-2.13159e+00 2.41569e+00 2.33118e-04
-2.20844e+00 2.48814e+00 2.15543e-04
-2.28651e+00 2.56121e+00 1.98558e-04
-2.36581e+00 2.63491e+00 1.82146e-04
-2.44637e+00 2.70925e+00 1.66291e-04
-2.52818e+00 2.78426e+00 1.50980e-04
-2.61127e+00 2.85994e+00 1.36199e-04
-2.69564e+00 2.93631e+00 1.21938e-04
-2.78133e+00 3.01339e+00 1.08188e-04
-2.86833e+00 3.09119e+00 9.49429e-05
-2.95668e+00 3.16974e+00 8.21978e-05
-3.04638e+00 3.24904e+00 6.99521e-05
-3.13746e+00 3.32911e+00 5.82089e-05
-3.22994e+00 3.40999e+00 4.69759e-05
-3.32384e+00 3.49167e+00 3.62670e-05
-3.41918e+00 3.57418e+00 2.61042e-05
-3.51598e+00 3.65755e+00 1.65201e-05
-3.61427e+00 3.74179e+00 7.56237e-06
-3.71408e+00 3.82692e+00 -7.00378e-07
-3.81542e+00 3.91297e+00 -8.16874e-06
-3.91833e+00 3.99996e+00 -1.46967e-05
-5.07560e-01 6.92425e-01 2.03512e-03
-5.42664e-01 7.45379e-01 1.83450e-03
-5.79118e-01 7.98750e-01 1.66381e-03
-6.16913e-01 8.52548e-01 1.51628e-03
-6.56039e-01 9.06781e-01 1.38715e-03
-6.96487e-01 9.61460e-01 1.27298e-03
-7.38251e-01 1.01659e+00 1.17119e-03
-7.81325e-01 1.07219e+00 1.07980e-03
-8.25704e-01 1.12827e+00 9.97294e-04
-8.71386e-01 1.18483e+00 9.22452e-04
-9.18366e-01 1.24188e+00 8.54298e-04
-9.66645e-01 1.29944e+00 7.92039e-04
-1.01622e+00 1.35751e+00 7.35017e-04
-1.06710e+00 1.41612e+00 6.82688e-04
-1.11927e+00 1.47525e+00 6.34592e-04
-1.17275e+00 1.53494e+00 5.90343e-04
-1.22754e+00 1.59519e+00 5.49611e-04
-1.28363e+00 1.65601e+00 5.12113e-04
-1.34104e+00 1.71741e+00 4.77607e-04
-1.39978e+00 1.77941e+00 4.45885e-04
-1.45984e+00 1.84202e+00 4.16769e-04
-1.52124e+00 1.90525e+00 3.90104e-04
-1.58399e+00 1.96911e+00 3.65759e-04
-1.64810e+00 2.03361e+00 3.43621e-04
-1.71357e+00 2.09878e+00 3.23596e-04
-1.78209e+00 2.16625e+00 3.04297e-04
-1.85354e+00 2.23586e+00 2.85242e-04
-1.92623e+00 2.30596e+00 2.66716e-04
-2.00017e+00 2.37655e+00 2.48715e-04
-2.07538e+00 2.44765e+00 2.31233e-04
-2.15185e+00 2.51927e+00 2.14264e-04
-2.22960e+00 2.59143e+00 1.97803e-04
-2.30865e+00 2.66415e+00 1.81843e-04
-2.38900e+00 2.73742e+00 1.66380e-04
-2.47066e+00 2.81128e+00 1.51409e-04
-2.55366e+00 2.88573e+00 1.36925e-04
-2.63800e+00 2.96080e+00 1.22928e-04
-2.72370e+00 3.03649e+00 1.09415e-04
-2.81077e+00 3.11282e+00 9.63891e-05
-2.89924e+00 3.18982e+00 8.38530e-05
-2.98912e+00 3.26749e+00 7.18135e-05
-3.08043e+00 3.34585e+00 6.02809e-05
-3.17320e+00 3.42493e+00 4.92697e-05
-3.26743e+00 3.50473e+00 3.88003e-05
-3.36316e+00 3.58529e+00 2.88998e-05
-3.46040e+00 3.66661e+00 1.96047e-05
-3.55918e+00 3.74871e+00 1.09630e-05
-3.65953e+00 3.83163e+00 3.03838e-06
-3.76147e+00 3.91537e+00 -4.08439e-06
-3.86503e+00 3.99996e+00 -1.02917e-05
-4.85218e-01 7.11259e-01 2.02714e-03
-5.18285e-01 7.65752e-01 1.82328e-03
-5.52764e-01 8.20573e-01 1.64982e-03
-5.88644e-01 8.75732e-01 1.50004e-03
-6.25913e-01 9.31241e-01 1.36916e-03
-6.64561e-01 9.87110e-01 1.25368e-03
-7.04581e-01 1.04335e+00 1.15095e-03
-7.45966e-01 1.09997e+00 1.05897e-03
-7.88711e-01 1.15699e+00 9.76137e-04
-8.32809e-01 1.21441e+00 9.01213e-04
-8.78259e-01 1.27224e+00 8.33182e-04
-9.25058e-01 1.33051e+00 7.71221e-04
-9.73205e-01 1.38921e+00 7.14649e-04
-1.02270e+00 1.44835e+00 6.62904e-04
-1.07354e+00 1.50796e+00 6.15510e-04
-1.12574e+00 1.56805e+00 5.72070e-04
-1.17928e+00 1.62862e+00 5.32243e-04
-1.23418e+00 1.68968e+00 4.95742e-04
-1.29045e+00 1.75125e+00 4.62318e-04
-1.34808e+00 1.81335e+00 4.31760e-04
-1.40708e+00 1.87598e+00 4.03886e-04
-1.46747e+00 1.93915e+00 3.78542e-04
-1.52924e+00 2.00289e+00 3.55595e-04
-1.59241e+00 2.06719e+00 3.34934e-04
-1.65700e+00 2.13209e+00 3.16464e-04
-1.72461e+00 2.19917e+00 2.97526e-04
-1.79516e+00 2.26828e+00 2.79612e-04
-1.86700e+00 2.33780e+00 2.62109e-04
-1.94015e+00 2.40774e+00 2.45024e-04
-2.01460e+00 2.47812e+00 2.28365e-04
-2.09037e+00 2.54895e+00 2.12136e-04
-2.16746e+00 2.62023e+00 1.96341e-04
-2.24589e+00 2.69200e+00 1.80984e-04
-2.32568e+00 2.76425e+00 1.66066e-04
-2.40682e+00 2.83701e+00 1.51590e-04
-2.48934e+00 2.91029e+00 1.37560e-04
-2.57324e+00 2.98411e+00 1.23979e-04
-2.65855e+00 3.05848e+00 1.10851e-04
-2.74528e+00 3.13341e+00 9.81822e-05
-2.83344e+00 3.20893e+00 8.59806e-05
-2.92306e+00 3.28504e+00 7.42560e-05
-3.01415e+00 3.36178e+00 6.30208e-05
-3.10673e+00 3.43914e+00 5.22909e-05
-3.20082e+00 3.51716e+00 4.20865e-05
-3.29645e+00 3.59585e+00 3.24324e-05
-3.39363e+00 3.67522e+00 2.33603e-05
-3.49239e+00 3.75530e+00 1.49092e-05
-3.59275e+00 3.83610e+00 7.12837e-06
-3.69474e+00 3.91765e+00 7.96326e-08
-3.79839e+00 3.99996e+00 -6.15888e-06
-4.62564e-01 7.29715e-01 2.01676e-03
-4.93620e-01 7.85625e-01 1.80901e-03
-5.26135e-01 8.41782e-01 1.63229e-03
-5.60096e-01 8.98196e-01 1.47990e-03
-5.95492e-01 9.54881e-01 1.34701e-03
-6.32312e-01 1.01185e+00 1.23003e-03
-6.70548e-01 1.06911e+00 1.12626e-03
-7.10191e-01 1.12668e+00 1.03362e-03
-7.51234e-01 1.18456e+00 9.50462e-04
-7.93674e-01 1.24278e+00 8.75486e-04
-8.37504e-01 1.30133e+00 8.07640e-04
-8.82723e-01 1.36024e+00 7.46068e-04
-9.29328e-01 1.41952e+00 6.90063e-04
-9.77318e-01 1.47917e+00 6.39040e-04
-1.02669e+00 1.53922e+00 5.92508e-04
-1.07746e+00 1.59966e+00 5.50055e-04
-1.12961e+00 1.66052e+00 5.11330e-04
-1.18315e+00 1.72181e+00 4.76039e-04
-1.23808e+00 1.78354e+00 4.43928e-04
-1.29442e+00 1.84572e+00 4.14782e-04
-1.35216e+00 1.90836e+00 3.88418e-04
-1.41132e+00 1.97148e+00 3.64679e-04
-1.47190e+00 2.03509e+00 3.43434e-04
-1.53390e+00 2.09920e+00 3.24572e-04
-1.59735e+00 2.16383e+00 3.08001e-04
-1.66380e+00 2.23053e+00 2.89291e-04
-1.73316e+00 2.29915e+00 2.72587e-04
-1.80385e+00 2.36811e+00 2.56193e-04
-1.87589e+00 2.43743e+00 2.40126e-04
-1.94927e+00 2.50710e+00 2.24402e-04
-2.02400e+00 2.57716e+00 2.09035e-04
-2.10009e+00 2.64761e+00 1.94036e-04
-2.17756e+00 2.71846e+00 1.79413e-04
-2.25641e+00 2.78974e+00 1.65175e-04
-2.33666e+00 2.86145e+00 1.51328e-04
-2.41831e+00 2.93361e+00 1.37880e-04
-2.50139e+00 3.00624e+00 1.24838e-04
-2.58590e+00 3.07935e+00 1.12208e-04
-2.67186e+00 3.15295e+00 9.99980e-05
-2.75929e+00 3.22706e+00 8.82167e-05
-2.84820e+00 3.30170e+00 7.68738e-05
-2.93861e+00 3.37689e+00 6.59805e-05
-3.03054e+00 3.45263e+00 5.55504e-05
-3.12402e+00 3.52895e+00 4.55994e-05
-3.21905e+00 3.60587e+00 3.61463e-05
-3.31567e+00 3.68339e+00 2.72141e-05
-3.41389e+00 3.76154e+00 1.88300e-05
-3.51374e+00 3.84034e+00 1.10269e-05
-3.61525e+00 3.91981e+00 3.84443e-06
-3.71843e+00 3.99996e+00 -2.66913e-06
-4.39627e-01 7.47773e-01 2.00336e-03
-4.68697e-01 8.04979e-01 1.79123e-03
-4.99259e-01 8.62358e-01 1.61088e-03
-5.31300e-01 9.19921e-01 1.45559e-03
-5.64809e-01 9.77683e-01 1.32048e-03
-5.99773e-01 1.03566e+00 1.20187e-03
-6.36183e-01 1.09385e+00 1.09698e-03
-6.74030e-01 1.15229e+00 1.00365e-03
-7.13309e-01 1.21097e+00 9.20172e-04
-7.54011e-01 1.26991e+00 8.45188e-04
-7.96133e-01 1.32913e+00 7.77602e-04
-8.39671e-01 1.38864e+00 7.16521e-04
-8.84621e-01 1.44844e+00 6.61208e-04
-9.30983e-01 1.50856e+00 6.11055e-04
-9.78756e-01 1.56900e+00 5.65551e-04
-1.02794e+00 1.62978e+00 5.24270e-04
-1.07854e+00 1.69091e+00 4.86853e-04
-1.13055e+00 1.75239e+00 4.52994e-04
-1.18398e+00 1.81426e+00 4.22436e-04
-1.23883e+00 1.87650e+00 3.94959e-04
-1.29511e+00 1.93915e+00 3.70379e-04
-1.35283e+00 2.00221e+00 3.48539e-04
-1.41199e+00 2.06570e+00 3.29309e-04
-1.47259e+00 2.12962e+00 3.12578e-04
-1.53465e+00 2.19400e+00 2.98258e-04
-1.59967e+00 2.26033e+00 2.79501e-04
-1.66756e+00 2.32847e+00 2.64068e-04
-1.73680e+00 2.39689e+00 2.48860e-04
-1.80741e+00 2.46559e+00 2.33903e-04
-1.87940e+00 2.53459e+00 2.19219e-04
-1.95276e+00 2.60391e+00 2.04825e-04
-2.02751e+00 2.67355e+00 1.90736e-04
-2.10366e+00 2.74354e+00 1.76965e-04
-2.18122e+00 2.81388e+00 1.63522e-04
-2.26019e+00 2.88460e+00 1.50417e-04
-2.34060e+00 2.95569e+00 1.37658e-04
-2.42245e+00 3.02719e+00 1.25251e-04
-2.50575e+00 3.09910e+00 1.13205e-04
-2.59052e+00 3.17144e+00 1.01525e-04
-2.67678e+00 3.24423e+00 9.02181e-05
-2.76454e+00 3.31747e+00 7.92919e-05
-2.85382e+00 3.39119e+00 6.87539e-05
-2.94464e+00 3.46539e+00 5.86126e-05
-3.03702e+00 3.54011e+00 4.88777e-05
-3.13097e+00 3.61534e+00 3.95604e-05
-3.22652e+00 3.69112e+00 3.06733e-05
-3.32369e+00 3.76745e+00 2.22316e-05
-3.42250e+00 3.84436e+00 1.42527e-05
-3.52297e+00 3.92185e+00 6.75736e-06
-3.62514e+00 3.99996e+00 -2.30198e-07
-4.16435e-01 7.65418e-01 1.98637e-03
-4.43545e-01 8.23798e-01 1.76951e-03
-4.72167e-01 8.82285e-01 1.58525e-03
-5.02287e-01 9.40892e-01 1.42686e-03
-5.33894e-01 9.99632e-01 1.28937e-03
-5.66974e-01 1.05852e+00 1.16904e-03
-6.01519e-01 1.11757e+00 1.06298e-03
-6.37518e-01 1.17679e+00 9.68948e-04
-6.74966e-01 1.23620e+00 8.85178e-04
-7.13854e-01 1.29581e+00 8.10247e-04
-7.54178e-01 1.35563e+00 7.43010e-04
-7.95934e-01 1.41568e+00 6.82533e-04
-8.39118e-01 1.47597e+00 6.28049e-04
-8.83728e-01 1.53650e+00 5.78921e-04
-9.29763e-01 1.59731e+00 5.34622e-04
-9.77223e-01 1.65838e+00 4.94708e-04
-1.02611e+00 1.71975e+00 4.58809e-04
-1.07642e+00 1.78142e+00 4.26612e-04
-1.12817e+00 1.84340e+00 3.97853e-04
-1.18134e+00 1.90571e+00 3.72311e-04
-1.23596e+00 1.96835e+00 3.49798e-04
-1.29202e+00 2.03135e+00 3.30158e-04
-1.34953e+00 2.09472e+00 3.13262e-04
-1.40850e+00 2.15846e+00 2.99002e-04
-1.46893e+00 2.22259e+00 2.87292e-04
-1.53225e+00 2.28856e+00 2.68056e-04
-1.59837e+00 2.35623e+00 2.53945e-04
-1.66586e+00 2.42412e+00 2.39994e-04
-1.73474e+00 2.49223e+00 2.26230e-04
-1.80501e+00 2.56058e+00 2.12678e-04
-1.87667e+00 2.62919e+00 1.99356e-04
-1.94974e+00 2.69807e+00 1.86280e-04
-2.02421e+00 2.76723e+00 1.73463e-04
-2.10011e+00 2.83668e+00 1.60915e-04
-2.17743e+00 2.90645e+00 1.48644e-04
-2.25620e+00 2.97654e+00 1.36657e-04
-2.33642e+00 3.04696e+00 1.24960e-04
-2.41811e+00 3.11774e+00 1.13557e-04
-2.50127e+00 3.18889e+00 1.02452e-04
-2.58593e+00 3.26041e+00 9.16468e-05
-2.67210e+00 3.33234e+00 8.11454e-05
-2.75979e+00 3.40467e+00 7.09496e-05
-2.84903e+00 3.47743e+00 6.10619e-05
-2.93983e+00 3.55063e+00 5.14845e-05
-3.03220e+00 3.62428e+00 4.22200e-05
-3.12618e+00 3.69841e+00 3.32714e-05
-3.22178e+00 3.77302e+00 2.46421e-05
-3.31902e+00 3.84814e+00 1.63360e-05
-3.41793e+00 3.92378e+00 8.35818e-06
-3.51853e+00 3.99996e+00 7.14326e-07
-3.93016e-01 7.82633e-01 1.96526e-03
-4.18193e-01 8.42068e-01 1.74344e-03
-4.44889e-01 9.01550e-01 1.55507e-03
-4.73088e-01 9.61095e-01 1.39343e-03
-5.02779e-01 1.02072e+00 1.25348e-03
-5.33949e-01 1.08043e+00 1.13136e-03
-5.66588e-01 1.14025e+00 1.02412e-03
-6.00688e-01 1.20018e+00 9.29412e-04
-6.36240e-01 1.26025e+00 8.45402e-04
-6.73237e-01 1.32046e+00 7.70604e-04
-7.11675e-01 1.38082e+00 7.03822e-04
-7.51547e-01 1.44136e+00 6.44077e-04
-7.92852e-01 1.50208e+00 5.90569e-04
-8.35585e-01 1.56300e+00 5.42635e-04
-8.79746e-01 1.62412e+00 4.99725e-04
-9.25335e-01 1.68547e+00 4.61381e-04
-9.72350e-01 1.74705e+00 4.27220e-04
-1.02079e+00 1.80888e+00 3.96921e-04
-1.07067e+00 1.87096e+00 3.70216e-04
-1.12198e+00 1.93332e+00 3.46878e-04
-1.17473e+00 1.99596e+00 3.26721e-04
-1.22892e+00 2.05889e+00 3.09588e-04
-1.28456e+00 2.12214e+00 2.95351e-04
-1.34165e+00 2.18570e+00 2.83905e-04
-1.40021e+00 2.24960e+00 2.75167e-04
-1.46155e+00 2.31523e+00 2.54842e-04
-1.52562e+00 2.38243e+00 2.42099e-04
-1.59107e+00 2.44980e+00 2.29468e-04
-1.65790e+00 2.51735e+00 2.16973e-04
-1.72613e+00 2.58508e+00 2.04636e-04
-1.79575e+00 2.65301e+00 1.92474e-04
-1.86679e+00 2.72115e+00 1.80499e-04
-1.93923e+00 2.78953e+00 1.68722e-04
-2.01310e+00 2.85814e+00 1.57149e-04
-2.08840e+00 2.92701e+00 1.45785e-04
-2.16514e+00 2.99614e+00 1.34634e-04
-2.24333e+00 3.06556e+00 1.23697e-04
-2.32298e+00 3.13527e+00 1.12974e-04
-2.40412e+00 3.20529e+00 1.02463e-04
-2.48674e+00 3.27563e+00 9.21617e-05
-2.57087e+00 3.34631e+00 8.20680e-05
-2.65652e+00 3.41734e+00 7.21774e-05
-2.74371e+00 3.48873e+00 6.24853e-05
-2.83245e+00 3.56051e+00 5.29864e-05
-2.92276e+00 3.63268e+00 4.36749e-05
-3.01466e+00 3.70525e+00 3.45443e-05
-3.10817e+00 3.77826e+00 2.55878e-05
-3.20332e+00 3.85170e+00 1.67981e-05
-3.30011e+00 3.92559e+00 8.16724e-06
-3.39859e+00 3.99996e+00 -3.12958e-07
-3.69399e-01 7.99407e-01 1.93952e-03
-3.92672e-01 8.59775e-01 1.71261e-03
-4.17455e-01 9.20141e-01 1.52004e-03
-4.43734e-01 9.80520e-01 1.35507e-03
-4.71496e-01 1.04093e+00 1.21260e-03
-5.00730e-01 1.10137e+00 1.08869e-03
-5.31425e-01 1.16187e+00 9.80282e-04
-5.63572e-01 1.22244e+00 8.84954e-04
-5.97165e-01 1.28310e+00 8.00783e-04
-6.32194e-01 1.34384e+00 7.26221e-04
-6.68656e-01 1.40470e+00 6.60017e-04
-7.06545e-01 1.46567e+00 6.01148e-04
-7.45857e-01 1.52678e+00 5.48779e-04
-7.86590e-01 1.58804e+00 5.02217e-04
-8.28742e-01 1.64945e+00 4.60893e-04
-8.72311e-01 1.71104e+00 4.24330e-04
-9.17298e-01 1.77281e+00 3.92135e-04
-9.63703e-01 1.83477e+00 3.63978e-04
-1.01153e+00 1.89695e+00 3.39585e-04
-1.06078e+00 1.95934e+00 3.18728e-04
-1.11145e+00 2.02196e+00 3.01219e-04
-1.16356e+00 2.08483e+00 2.86902e-04
-1.21710e+00 2.14796e+00 2.75650e-04
-1.27208e+00 2.21136e+00 2.67362e-04
-1.32852e+00 2.27503e+00 2.61958e-04
-1.38762e+00 2.34032e+00 2.39743e-04
-1.44933e+00 2.40708e+00 2.28407e-04
-1.51243e+00 2.47395e+00 2.17150e-04
-1.57691e+00 2.54094e+00 2.05990e-04
-1.64277e+00 2.60807e+00 1.94941e-04
-1.71002e+00 2.67536e+00 1.84014e-04
-1.77868e+00 2.74281e+00 1.73215e-04
-1.84873e+00 2.81043e+00 1.62548e-04
-1.92020e+00 2.87825e+00 1.52013e-04
-1.99310e+00 2.94627e+00 1.41611e-04
-2.06742e+00 3.01451e+00 1.31337e-04
-2.14318e+00 3.08297e+00 1.21187e-04
-2.22039e+00 3.15168e+00 1.11155e-04
-2.29907e+00 3.22064e+00 1.01234e-04
-2.37923e+00 3.28987e+00 9.14145e-05
-2.46087e+00 3.35939e+00 8.16872e-05
-2.54402e+00 3.42920e+00 7.20413e-05
-2.62868e+00 3.49931e+00 6.24649e-05
-2.71488e+00 3.56975e+00 5.29451e-05
-2.80263e+00 3.64053e+00 4.34684e-05
-2.89195e+00 3.71166e+00 3.40199e-05
-2.98286e+00 3.78315e+00 2.45840e-05
-3.07538e+00 3.85502e+00 1.51441e-05
-3.16952e+00 3.92729e+00 5.68239e-06
-3.26532e+00 3.99996e+00 -3.82000e-06
-3.45612e-01 8.15727e-01 1.90870e-03
-3.67010e-01 8.76910e-01 1.67665e-03
-3.89896e-01 9.38050e-01 1.47984e-03
-4.14255e-01 9.99160e-01 1.31153e-03
-4.40076e-01 1.06025e+00 1.16655e-03
-4.67348e-01 1.12135e+00 1.04088e-03
-4.96061e-01 1.18245e+00 9.31369e-04
-5.26205e-01 1.24358e+00 8.35502e-04
-5.57774e-01 1.30475e+00 7.51276e-04
-5.90761e-01 1.36597e+00 6.77078e-04
-6.25159e-01 1.42725e+00 6.11599e-04
-6.60963e-01 1.48862e+00 5.53770e-04
-6.98171e-01 1.55007e+00 5.02718e-04
-7.36779e-01 1.61162e+00 4.57723e-04
-7.76785e-01 1.67329e+00 4.18191e-04
-8.18187e-01 1.73508e+00 3.83631e-04
-8.60986e-01 1.79702e+00 3.53637e-04
-9.05182e-01 1.85910e+00 3.27871e-04
-9.50776e-01 1.92134e+00 3.06054e-04
-9.97770e-01 1.98376e+00 2.87956e-04
-1.04617e+00 2.04637e+00 2.73387e-04
-1.09597e+00 2.10917e+00 2.62195e-04
-1.14719e+00 2.17218e+00 2.54253e-04
-1.19982e+00 2.23542e+00 2.49463e-04
-1.25388e+00 2.29888e+00 2.47750e-04
-1.31047e+00 2.36384e+00 2.22638e-04
-1.36954e+00 2.43016e+00 2.12743e-04
-1.42998e+00 2.49654e+00 2.02908e-04
-1.49179e+00 2.56301e+00 1.93141e-04
-1.55496e+00 2.62957e+00 1.83442e-04
-1.61951e+00 2.69624e+00 1.73813e-04
-1.68543e+00 2.76303e+00 1.64249e-04
-1.75274e+00 2.82995e+00 1.54744e-04
-1.82145e+00 2.89702e+00 1.45292e-04
-1.89155e+00 2.96424e+00 1.35882e-04
-1.96306e+00 3.03163e+00 1.26504e-04
-2.03599e+00 3.09921e+00 1.17146e-04
-2.11035e+00 3.16697e+00 1.07794e-04
-2.18615e+00 3.23495e+00 9.84337e-05
-2.26339e+00 3.30314e+00 8.90487e-05
-2.34210e+00 3.37157e+00 7.96225e-05
-2.42228e+00 3.44024e+00 7.01373e-05
-2.50396e+00 3.50917e+00 6.05742e-05
-2.58714e+00 3.57836e+00 5.09134e-05
-2.67183e+00 3.64784e+00 4.11342e-05
-2.75807e+00 3.71762e+00 3.12148e-05
-2.84586e+00 3.78771e+00 2.11322e-05
-2.93521e+00 3.85812e+00 1.08624e-05
-3.02616e+00 3.92887e+00 3.80250e-07
-3.11872e+00 3.99997e+00 -1.03408e-05
-3.21339e-01 8.31808e-01 1.91013e-03
-3.40892e-01 8.93686e-01 1.66959e-03
-3.61896e-01 9.55486e-01 1.46394e-03
-3.84339e-01 1.01722e+00 1.28726e-03
-4.08210e-01 1.07890e+00 1.13483e-03
-4.33497e-01 1.14055e+00 1.00286e-03
-4.60191e-01 1.20217e+00 8.88267e-04
-4.88285e-01 1.26378e+00 7.88559e-04
-5.17770e-01 1.32539e+00 7.01676e-04
-5.48640e-01 1.38701e+00 6.25918e-04
-5.80889e-01 1.44866e+00 5.59874e-04
-6.14513e-01 1.51035e+00 5.02366e-04
-6.49508e-01 1.57210e+00 4.52405e-04
-6.85871e-01 1.63390e+00 4.09159e-04
-7.23599e-01 1.69578e+00 3.71923e-04
-7.62691e-01 1.75775e+00 3.40099e-04
-8.03147e-01 1.81981e+00 3.13177e-04
-8.44967e-01 1.88198e+00 2.90723e-04
-8.88151e-01 1.94428e+00 2.72364e-04
-9.32702e-01 2.00671e+00 2.57780e-04
-9.78622e-01 2.06928e+00 2.46698e-04
-1.02591e+00 2.13200e+00 2.38881e-04
-1.07458e+00 2.19490e+00 2.34128e-04
-1.12463e+00 2.25797e+00 2.32264e-04
-1.17607e+00 2.32122e+00 2.33140e-04
-1.22989e+00 2.38586e+00 2.04525e-04
-1.28605e+00 2.45174e+00 1.94263e-04
-1.34354e+00 2.51765e+00 1.84739e-04
-1.40237e+00 2.58360e+00 1.75832e-04
-1.46255e+00 2.64962e+00 1.67431e-04
-1.52406e+00 2.71570e+00 1.59433e-04
-1.58693e+00 2.78186e+00 1.51738e-04
-1.65115e+00 2.84811e+00 1.44256e-04
-1.71672e+00 2.91447e+00 1.36898e-04
-1.78367e+00 2.98094e+00 1.29581e-04
-1.85199e+00 3.04754e+00 1.22225e-04
-1.92170e+00 3.11428e+00 1.14753e-04
-1.99279e+00 3.18117e+00 1.07091e-04
-2.06529e+00 3.24822e+00 9.91671e-05
-2.13920e+00 3.31545e+00 9.09102e-05
-2.21453e+00 3.38286e+00 8.22513e-05
-2.29130e+00 3.45048e+00 7.31223e-05
-2.36952e+00 3.51830e+00 6.34559e-05
-2.44920e+00 3.58634e+00 5.31850e-05
-2.53035e+00 3.65462e+00 4.22428e-05
-2.61299e+00 3.72315e+00 3.05622e-05
-2.69714e+00 3.79193e+00 1.80757e-05
-2.78282e+00 3.86099e+00 4.71524e-06
-2.87003e+00 3.93033e+00 -9.58827e-06
-2.95880e+00 3.99997e+00 -2.49051e-05
-2.95770e-01 8.48148e-01 1.81743e-03
-3.13509e-01 9.10593e-01 1.58108e-03
-3.32651e-01 9.72929e-01 1.37971e-03
-3.53184e-01 1.03517e+00 1.20731e-03
-3.75098e-01 1.09733e+00 1.05909e-03
-3.98382e-01 1.15942e+00 9.31170e-04
-4.23027e-01 1.22146e+00 8.20424e-04
-4.49027e-01 1.28345e+00 7.24302e-04
-4.76373e-01 1.34542e+00 6.40722e-04
-5.05060e-01 1.40736e+00 5.67981e-04
-5.35083e-01 1.46930e+00 5.04679e-04
-5.66436e-01 1.53125e+00 4.49662e-04
-5.99117e-01 1.59321e+00 4.01974e-04
-6.33122e-01 1.65521e+00 3.60827e-04
-6.68448e-01 1.71724e+00 3.25564e-04
-7.05095e-01 1.77932e+00 2.95642e-04
-7.43062e-01 1.84147e+00 2.70608e-04
-7.82348e-01 1.90369e+00 2.50089e-04
-8.22954e-01 1.96599e+00 2.33774e-04
-8.64882e-01 2.02840e+00 2.21404e-04
-9.08133e-01 2.09090e+00 2.12770e-04
-9.52710e-01 2.15353e+00 2.07697e-04
-9.98617e-01 2.21628e+00 2.06046e-04
-1.04586e+00 2.27917e+00 2.07703e-04
-1.09444e+00 2.34221e+00 2.12581e-04
-1.14525e+00 2.40650e+00 1.85329e-04
-1.19827e+00 2.47194e+00 1.76344e-04
-1.25258e+00 2.53738e+00 1.68014e-04
-1.30819e+00 2.60283e+00 1.60232e-04
-1.36509e+00 2.66830e+00 1.52899e-04
-1.42329e+00 2.73381e+00 1.45921e-04
-1.48280e+00 2.79937e+00 1.39213e-04
-1.54362e+00 2.86498e+00 1.32694e-04
-1.60575e+00 2.93066e+00 1.26288e-04
-1.66920e+00 2.99642e+00 1.19923e-04
-1.73398e+00 3.06228e+00 1.13531e-04
-1.80010e+00 3.12823e+00 1.07046e-04
-1.86756e+00 3.19430e+00 1.00408e-04
-1.93636e+00 3.26049e+00 9.35551e-05
-2.00653e+00 3.32682e+00 8.64310e-05
-2.07807e+00 3.39329e+00 7.89797e-05
-2.15099e+00 3.45992e+00 7.11467e-05
-2.22530e+00 3.52672e+00 6.28791e-05
-2.30102e+00 3.59369e+00 5.41249e-05
-2.37815e+00 3.66086e+00 4.48329e-05
-2.45671e+00 3.72823e+00 3.49525e-05
-2.53672e+00 3.79582e+00 2.44337e-05
-2.61818e+00 3.86363e+00 1.32265e-05
-2.70112e+00 3.93167e+00 1.28103e-06
-2.78555e+00 3.99997e+00 -1.14526e-05
-2.69879e-01 8.64096e-01 1.73573e-03
-2.85838e-01 9.26986e-01 1.50027e-03
-3.03138e-01 9.89745e-01 1.30016e-03
-3.21766e-01 1.05239e+00 1.12943e-03
-3.41714e-01 1.11493e+00 9.83210e-04
-3.62973e-01 1.17738e+00 8.57563e-04
-3.85534e-01 1.23974e+00 7.49280e-04
-4.09392e-01 1.30204e+00 6.55750e-04
-4.34538e-01 1.36429e+00 5.74841e-04
-4.60969e-01 1.42649e+00 5.04811e-04
-4.88678e-01 1.48866e+00 4.44237e-04
-5.17661e-01 1.55081e+00 3.91952e-04
-5.47915e-01 1.61294e+00 3.47003e-04
-5.79438e-01 1.67508e+00 3.08607e-04
-6.12226e-01 1.73723e+00 2.76124e-04
-6.46279e-01 1.79940e+00 2.49032e-04
-6.81595e-01 1.86160e+00 2.26904e-04
-7.18175e-01 1.92384e+00 2.09394e-04
-7.56018e-01 1.98614e+00 1.96222e-04
-7.95126e-01 2.04850e+00 1.87165e-04
-8.35500e-01 2.11094e+00 1.82044e-04
-8.77143e-01 2.17346e+00 1.80719e-04
-9.20058e-01 2.23607e+00 1.83085e-04
-9.64247e-01 2.29878e+00 1.89062e-04
-1.00971e+00 2.36161e+00 1.98594e-04
-1.05726e+00 2.42558e+00 1.66017e-04
-1.10686e+00 2.49059e+00 1.58289e-04
-1.15769e+00 2.55556e+00 1.51124e-04
-1.20977e+00 2.62053e+00 1.44428e-04
-1.26309e+00 2.68549e+00 1.38113e-04
-1.31765e+00 2.75046e+00 1.32099e-04
-1.37347e+00 2.81544e+00 1.26310e-04
-1.43053e+00 2.88046e+00 1.20678e-04
-1.48886e+00 2.94551e+00 1.15137e-04
-1.54844e+00 3.01061e+00 1.09627e-04
-1.60930e+00 3.07577e+00 1.04089e-04
-1.67143e+00 3.14100e+00 9.84701e-05
-1.73484e+00 3.20631e+00 9.27189e-05
-1.79954e+00 3.27171e+00 8.67864e-05
-1.86553e+00 3.33721e+00 8.06262e-05
-1.93283e+00 3.40282e+00 7.41935e-05
-2.00144e+00 3.46855e+00 6.74454e-05
-2.07138e+00 3.53441e+00 6.03405e-05
-2.14265e+00 3.60041e+00 5.28385e-05
-2.21527e+00 3.66656e+00 4.49006e-05
-2.28925e+00 3.73288e+00 3.64886e-05
-2.36459e+00 3.79937e+00 2.75653e-05
-2.44132e+00 3.86604e+00 1.80940e-05
-2.51944e+00 3.93290e+00 8.03873e-06
-2.59897e+00 3.99997e+00 -2.63617e-06
-2.43698e-01 8.79639e-01 1.65784e-03
-2.57911e-01 9.42854e-01 1.42204e-03
-2.73387e-01 1.00593e+00 1.22191e-03
-2.90117e-01 1.06887e+00 1.05160e-03
-3.08092e-01 1.13169e+00 9.06280e-04
-3.27304e-01 1.19440e+00 7.81986e-04
-3.47748e-01 1.25702e+00 6.75463e-04
-3.69415e-01 1.31954e+00 5.84043e-04
-3.92302e-01 1.38200e+00 5.05540e-04
-4.16402e-01 1.44439e+00 4.38162e-04
-4.41711e-01 1.50673e+00 3.80446e-04
-4.68225e-01 1.56902e+00 3.31192e-04
-4.95942e-01 1.63128e+00 2.89423e-04
-5.24858e-01 1.69352e+00 2.54339e-04
-5.54972e-01 1.75575e+00 2.25292e-04
-5.86281e-01 1.81797e+00 2.01754e-04
-6.18787e-01 1.88020e+00 1.83299e-04
-6.52487e-01 1.94245e+00 1.69585e-04
-6.87382e-01 2.00472e+00 1.60338e-04
-7.23473e-01 2.06703e+00 1.55342e-04
-7.60761e-01 2.12938e+00 1.54429e-04
-7.99248e-01 2.19179e+00 1.57470e-04
-8.38937e-01 2.25426e+00 1.64370e-04
-8.79829e-01 2.31681e+00 1.75060e-04
-9.21930e-01 2.37944e+00 1.89497e-04
-9.65941e-01 2.44310e+00 1.46589e-04
-1.01184e+00 2.50768e+00 1.40091e-04
-1.05891e+00 2.57221e+00 1.34057e-04
-1.10715e+00 2.63671e+00 1.28405e-04
-1.15657e+00 2.70118e+00 1.23060e-04
-1.20717e+00 2.76564e+00 1.17953e-04
-1.25895e+00 2.83009e+00 1.13021e-04
-1.31192e+00 2.89455e+00 1.08207e-04
-1.36607e+00 2.95902e+00 1.03455e-04
-1.42141e+00 3.02351e+00 9.87151e-05
-1.47796e+00 3.08803e+00 9.39406e-05
-1.53570e+00 3.15260e+00 8.90873e-05
-1.59465e+00 3.21721e+00 8.41137e-05
-1.65482e+00 3.28189e+00 7.89807e-05
-1.71620e+00 3.34663e+00 7.36514e-05
-1.77882e+00 3.41146e+00 6.80907e-05
-1.84267e+00 3.47637e+00 6.22652e-05
-1.90776e+00 3.54138e+00 5.61431e-05
-1.97411e+00 3.60649e+00 4.96938e-05
-2.04172e+00 3.67173e+00 4.28880e-05
-2.11060e+00 3.73708e+00 3.56973e-05
-2.18076e+00 3.80258e+00 2.80943e-05
-2.25222e+00 3.86822e+00 2.00524e-05
-2.32498e+00 3.93401e+00 1.15458e-05
-2.39906e+00 3.99997e+00 2.54921e-06
-2.17258e-01 8.94765e-01 1.57661e-03
-2.29758e-01 9.58190e-01 1.34120e-03
-2.43431e-01 1.02146e+00 1.14140e-03
-2.58268e-01 1.08460e+00 9.71650e-04
-2.74264e-01 1.14761e+00 8.27254e-04
-2.91410e-01 1.21049e+00 7.04306e-04
-3.09702e-01 1.27327e+00 5.99559e-04
-3.29133e-01 1.33595e+00 5.10319e-04
-3.49699e-01 1.39855e+00 4.34364e-04
-3.71396e-01 1.46106e+00 3.69860e-04
-3.94220e-01 1.52351e+00 3.15299e-04
-4.18167e-01 1.58590e+00 2.69443e-04
-4.43235e-01 1.64823e+00 2.31278e-04
-4.69421e-01 1.71053e+00 1.99976e-04
-4.96724e-01 1.77280e+00 1.74862e-04
-5.25143e-01 1.83504e+00 1.55386e-04
-5.54676e-01 1.89727e+00 1.41105e-04
-5.85323e-01 1.95950e+00 1.31663e-04
-6.17084e-01 2.02173e+00 1.26774e-04
-6.49960e-01 2.08397e+00 1.26213e-04
-6.83952e-01 2.14624e+00 1.29804e-04
-7.19062e-01 2.20853e+00 1.37411e-04
-7.55290e-01 2.27087e+00 1.48933e-04
-7.92640e-01 2.33325e+00 1.64297e-04
-8.31115e-01 2.39569e+00 1.83452e-04
-8.71322e-01 2.45904e+00 1.27096e-04
-9.13238e-01 2.52321e+00 1.21798e-04
-9.56250e-01 2.58731e+00 1.16856e-04
-1.00036e+00 2.65137e+00 1.12203e-04
-1.04557e+00 2.71538e+00 1.07778e-04
-1.09187e+00 2.77936e+00 1.03525e-04
-1.13928e+00 2.84332e+00 9.93919e-05
-1.18779e+00 2.90725e+00 9.53327e-05
-1.23741e+00 2.97118e+00 9.13035e-05
-1.28813e+00 3.03512e+00 8.72641e-05
-1.33997e+00 3.09906e+00 8.31773e-05
-1.39293e+00 3.16301e+00 7.90085e-05
-1.44702e+00 3.22700e+00 7.47254e-05
-1.50222e+00 3.29102e+00 7.02977e-05
-1.55857e+00 3.35508e+00 6.56971e-05
-1.61605e+00 3.41920e+00 6.08969e-05
-1.67467e+00 3.48337e+00 5.58721e-05
-1.73445e+00 3.54762e+00 5.05987e-05
-1.79539e+00 3.61194e+00 4.50542e-05
-1.85750e+00 3.67635e+00 3.92171e-05
-1.92078e+00 3.74085e+00 3.30668e-05
-1.98524e+00 3.80545e+00 2.65837e-05
-2.05090e+00 3.87017e+00 1.97487e-05
-2.11776e+00 3.93500e+00 1.25438e-05
-2.18583e+00 3.99997e+00 4.95138e-06
-1.90590e-01 9.09465e-01 1.48495e-03
-2.01411e-01 9.72986e-01 1.25249e-03
-2.13301e-01 1.03636e+00 1.05498e-03
-2.26253e-01 1.09958e+00 8.87278e-04
-2.40263e-01 1.16268e+00 7.44973e-04
-2.55323e-01 1.22565e+00 6.24309e-04
-2.71431e-01 1.28852e+00 5.22111e-04
-2.88580e-01 1.35127e+00 4.35715e-04
-3.06768e-01 1.41393e+00 3.62893e-04
-3.25990e-01 1.47651e+00 3.01791e-04
-3.46244e-01 1.53901e+00 2.50871e-04
-3.67526e-01 1.60143e+00 2.08863e-04
-3.89835e-01 1.66380e+00 1.74716e-04
-4.13169e-01 1.72611e+00 1.47570e-04
-4.37525e-01 1.78838e+00 1.26718e-04
-4.62904e-01 1.85061e+00 1.11581e-04
-4.89303e-01 1.91282e+00 1.01690e-04
-5.16724e-01 1.97500e+00 9.66649e-05
-5.45166e-01 2.03717e+00 9.61980e-05
-5.74629e-01 2.09934e+00 1.00044e-04
-6.05114e-01 2.16151e+00 1.08009e-04
-6.36622e-01 2.22369e+00 1.19939e-04
-6.69155e-01 2.28588e+00 1.35718e-04
-7.02715e-01 2.34811e+00 1.55255e-04
-7.37304e-01 2.41037e+00 1.78487e-04
-7.73437e-01 2.47342e+00 1.07642e-04
-8.11095e-01 2.53719e+00 1.03504e-04
-8.49758e-01 2.60088e+00 9.96112e-05
-8.89427e-01 2.66451e+00 9.59109e-05
-9.30102e-01 2.72809e+00 9.23564e-05
-9.71785e-01 2.79162e+00 8.89048e-05
-1.01448e+00 2.85511e+00 8.55173e-05
-1.05818e+00 2.91857e+00 8.21580e-05
-1.10290e+00 2.98201e+00 7.87944e-05
-1.14863e+00 3.04543e+00 7.53961e-05
-1.19538e+00 3.10884e+00 7.19357e-05
-1.24315e+00 3.17225e+00 6.83873e-05
-1.29195e+00 3.23567e+00 6.47274e-05
-1.34177e+00 3.29911e+00 6.09337e-05
-1.39263e+00 3.36256e+00 5.69858e-05
-1.44453e+00 3.42604e+00 5.28644e-05
-1.49747e+00 3.48957e+00 4.85515e-05
-1.55146e+00 3.55313e+00 4.40303e-05
-1.60650e+00 3.61675e+00 3.92847e-05
-1.66261e+00 3.68043e+00 3.42999e-05
-1.71978e+00 3.74417e+00 2.90614e-05
-1.77802e+00 3.80799e+00 2.35558e-05
-1.83734e+00 3.87189e+00 1.77701e-05
-1.89776e+00 3.93588e+00 1.16921e-05
-1.95927e+00 3.99997e+00 5.30984e-06
-1.63725e-01 9.23732e-01 1.37580e-03
-1.72900e-01 9.87236e-01 1.15057e-03
-1.83028e-01 1.05060e+00 9.58838e-04
-1.94103e-01 1.11382e+00 7.96049e-04
-2.06121e-01 1.17691e+00 6.58174e-04
-2.19077e-01 1.23989e+00 5.41707e-04
-2.32969e-01 1.30275e+00 4.43629e-04
-2.47792e-01 1.36550e+00 3.61366e-04
-2.63543e-01 1.42816e+00 2.92735e-04
-2.80220e-01 1.49073e+00 2.35896e-04
-2.97821e-01 1.55322e+00 1.89310e-04
-3.16342e-01 1.61564e+00 1.51690e-04
-3.35782e-01 1.67798e+00 1.21966e-04
-3.56141e-01 1.74027e+00 9.92517e-05
-3.77416e-01 1.80250e+00 8.28144e-05
-3.99606e-01 1.86469e+00 7.20506e-05
-4.22712e-01 1.92684e+00 6.64647e-05
-4.46733e-01 1.98896e+00 6.56515e-05
-4.71669e-01 2.05105e+00 6.92808e-05
-4.97520e-01 2.11313e+00 7.70846e-05
-5.24286e-01 2.17519e+00 8.88470e-05
-5.51970e-01 2.23725e+00 1.04395e-04
-5.80572e-01 2.29931e+00 1.23592e-04
-6.10093e-01 2.36138e+00 1.46329e-04
-6.40535e-01 2.42347e+00 1.72523e-04
-6.72323e-01 2.48624e+00 8.83742e-05
-7.05442e-01 2.54961e+00 8.53521e-05
-7.39464e-01 2.61291e+00 8.24604e-05
-7.74388e-01 2.67614e+00 7.96636e-05
-8.10215e-01 2.73931e+00 7.69298e-05
-8.46945e-01 2.80242e+00 7.42300e-05
-8.84580e-01 2.86548e+00 7.15377e-05
-9.23120e-01 2.92851e+00 6.88289e-05
-9.62567e-01 2.99149e+00 6.60817e-05
-1.00292e+00 3.05445e+00 6.32759e-05
-1.04419e+00 3.11739e+00 6.03929e-05
-1.08637e+00 3.18032e+00 5.74159e-05
-1.12946e+00 3.24323e+00 5.43290e-05
-1.17348e+00 3.30615e+00 5.11177e-05
-1.21841e+00 3.36907e+00 4.77686e-05
-1.26428e+00 3.43200e+00 4.42690e-05
-1.31107e+00 3.49495e+00 4.06072e-05
-1.35879e+00 3.55792e+00 3.67723e-05
-1.40745e+00 3.62092e+00 3.27541e-05
-1.45705e+00 3.68397e+00 2.85427e-05
-1.50760e+00 3.74705e+00 2.41292e-05
-1.55910e+00 3.81019e+00 1.95048e-05
-1.61156e+00 3.87338e+00 1.46614e-05
-1.66499e+00 3.93664e+00 9.59123e-06
-1.71938e+00 3.99997e+00 4.28681e-06
-1.36692e-01 9.37559e-01 1.24207e-03
-1.44255e-01 1.00094e+00 1.02999e-03
-1.52641e-01 1.06418e+00 8.49064e-04
-1.61847e-01 1.12730e+00 6.95408e-04
-1.71869e-01 1.19030e+00 5.65487e-04
-1.82704e-01 1.25319e+00 4.56140e-04
-1.94349e-01 1.31597e+00 3.64584e-04
-2.06803e-01 1.37866e+00 2.88405e-04
-2.20062e-01 1.44125e+00 2.25521e-04
-2.34124e-01 1.50375e+00 1.74159e-04
-2.48989e-01 1.56617e+00 1.32816e-04
-2.64653e-01 1.62852e+00 1.00222e-04
-2.81117e-01 1.69080e+00 7.53150e-05
-2.98379e-01 1.75301e+00 5.72046e-05
-3.16438e-01 1.81517e+00 4.51501e-05
-3.35294e-01 1.87729e+00 3.85364e-05
-3.54945e-01 1.93935e+00 3.68545e-05
-3.75393e-01 2.00138e+00 3.96839e-05
-3.96636e-01 2.06338e+00 4.66787e-05
-4.18676e-01 2.12535e+00 5.75552e-05
-4.41513e-01 2.18730e+00 7.20814e-05
-4.65147e-01 2.24923e+00 9.00684e-05
-4.89580e-01 2.31116e+00 1.11363e-04
-5.14812e-01 2.37308e+00 1.35842e-04
-5.40844e-01 2.43500e+00 1.63407e-04
-5.68017e-01 2.49749e+00 6.94848e-05
-5.96319e-01 2.56049e+00 6.75262e-05
-6.25406e-01 2.62340e+00 6.55831e-05
-6.55279e-01 2.68625e+00 6.36378e-05
-6.85939e-01 2.74903e+00 6.16739e-05
-7.17385e-01 2.81176e+00 5.96769e-05
-7.49617e-01 2.87443e+00 5.76332e-05
-7.82637e-01 2.93706e+00 5.55307e-05
-8.16446e-01 2.99964e+00 5.33580e-05
-8.51043e-01 3.06219e+00 5.11047e-05
-8.86432e-01 3.12471e+00 4.87615e-05
-9.22613e-01 3.18721e+00 4.63193e-05
-9.59589e-01 3.24968e+00 4.37701e-05
-9.97360e-01 3.31215e+00 4.11063e-05
-1.03593e+00 3.37460e+00 3.83207e-05
-1.07530e+00 3.43706e+00 3.54068e-05
-1.11547e+00 3.49951e+00 3.23582e-05
-1.15645e+00 3.56198e+00 2.91693e-05
-1.19824e+00 3.62446e+00 2.58345e-05
-1.24084e+00 3.68696e+00 2.23485e-05
-1.28426e+00 3.74949e+00 1.87064e-05
-1.32850e+00 3.81205e+00 1.49036e-05
-1.37356e+00 3.87465e+00 1.09355e-05
-1.41944e+00 3.93728e+00 6.79791e-06
-1.46616e+00 3.99997e+00 2.48665e-06
-1.09520e-01 9.50942e-01 1.07664e-03
-1.15505e-01 1.01409e+00 8.85211e-04
-1.22172e-01 1.07712e+00 7.21605e-04
-1.29517e-01 1.14004e+00 5.82678e-04
-1.37539e-01 1.20286e+00 4.65451e-04
-1.46236e-01 1.26558e+00 3.67185e-04
-1.55606e-01 1.32820e+00 2.85415e-04
-1.65647e-01 1.39074e+00 2.17954e-04
-1.76359e-01 1.45318e+00 1.62895e-04
-1.87739e-01 1.51556e+00 1.18588e-04
-1.99786e-01 1.57785e+00 8.36208e-05
-2.12500e-01 1.64008e+00 5.67903e-05
-2.25880e-01 1.70225e+00 3.70798e-05
-2.39925e-01 1.76435e+00 2.36332e-05
-2.54635e-01 1.82640e+00 1.57330e-05
-2.70009e-01 1.88840e+00 1.27798e-05
-2.86046e-01 1.95036e+00 1.42742e-05
-3.02748e-01 2.01228e+00 1.98018e-05
-3.20113e-01 2.07416e+00 2.90187e-05
-3.38143e-01 2.13601e+00 4.16412e-05
-3.56838e-01 2.19784e+00 5.74351e-05
-3.76197e-01 2.25964e+00 7.62076e-05
-3.96222e-01 2.32143e+00 9.78008e-05
-4.16914e-01 2.38320e+00 1.22085e-04
-4.38274e-01 2.44497e+00 1.48955e-04
-4.60559e-01 2.50720e+00 5.12027e-05
-4.83762e-01 2.56982e+00 5.02477e-05
-5.07622e-01 2.63237e+00 4.91951e-05
-5.32138e-01 2.69485e+00 4.80457e-05
-5.57310e-01 2.75728e+00 4.67997e-05
-5.83138e-01 2.81964e+00 4.54573e-05
-6.09623e-01 2.88196e+00 4.40181e-05
-6.36764e-01 2.94423e+00 4.24817e-05
-6.64563e-01 3.00645e+00 4.08476e-05
-6.93019e-01 3.06864e+00 3.91149e-05
-7.22133e-01 3.13079e+00 3.72827e-05
-7.51907e-01 3.19292e+00 3.53499e-05
-7.82341e-01 3.25502e+00 3.33154e-05
-8.13436e-01 3.31710e+00 3.11780e-05
-8.45195e-01 3.37917e+00 2.89363e-05
-8.77617e-01 3.44122e+00 2.65891e-05
-9.10705e-01 3.50327e+00 2.41349e-05
-9.44461e-01 3.56532e+00 2.15722e-05
-9.78886e-01 3.62737e+00 1.88995e-05
-1.01398e+00 3.68942e+00 1.61154e-05
-1.04975e+00 3.75149e+00 1.32183e-05
-1.08620e+00 3.81357e+00 1.02065e-05
-1.12332e+00 3.87568e+00 7.07856e-06
-1.16113e+00 3.93781e+00 3.83275e-06
-1.19962e+00 3.99997e+00 4.67476e-07
-8.22396e-02 9.63878e-01 8.72277e-04
-8.66795e-02 1.02669e+00 7.10538e-04
-9.16470e-02 1.08941e+00 5.72275e-04
-9.71410e-02 1.15204e+00 4.55062e-04
-1.03160e-01 1.21459e+00 3.56512e-04
-1.09703e-01 1.27705e+00 2.74362e-04
-1.16770e-01 1.33944e+00 2.06526e-04
-1.24359e-01 1.40175e+00 1.51127e-04
-1.32469e-01 1.46400e+00 1.06502e-04
-1.41100e-01 1.52617e+00 7.11997e-05
-1.50251e-01 1.58829e+00 4.39658e-05
-1.59922e-01 1.65034e+00 2.37267e-05
-1.70112e-01 1.71234e+00 9.57027e-06
-1.80821e-01 1.77429e+00 7.25778e-07
-1.92049e-01 1.83620e+00 -3.45469e-06
-2.03795e-01 1.89805e+00 -3.51361e-06
-2.16060e-01 1.95987e+00 9.63858e-08
-2.28843e-01 2.02165e+00 6.99869e-06
-2.42145e-01 2.08340e+00 1.68808e-05
-2.55966e-01 2.14512e+00 2.94837e-05
-2.70306e-01 2.20681e+00 4.45936e-05
-2.85165e-01 2.26848e+00 6.20339e-05
-3.00544e-01 2.33013e+00 8.16590e-05
-3.16444e-01 2.39177e+00 1.03349e-04
-3.32865e-01 2.45339e+00 1.27006e-04
-3.49990e-01 2.51535e+00 3.37877e-05
-3.67815e-01 2.57761e+00 3.37681e-05
-3.86153e-01 2.63981e+00 3.35418e-05
-4.05004e-01 2.70195e+00 3.31289e-05
-4.24368e-01 2.76404e+00 3.25468e-05
-4.44244e-01 2.82608e+00 3.18107e-05
-4.64634e-01 2.88807e+00 3.09335e-05
-4.85536e-01 2.95002e+00 2.99267e-05
-5.06951e-01 3.01193e+00 2.88000e-05
-5.28879e-01 3.07380e+00 2.75620e-05
-5.51320e-01 3.13565e+00 2.62198e-05
-5.74275e-01 3.19746e+00 2.47798e-05
-5.97744e-01 3.25925e+00 2.32472e-05
-6.21727e-01 3.32101e+00 2.16267e-05
-6.46226e-01 3.38276e+00 1.99221e-05
-6.71241e-01 3.44449e+00 1.81368e-05
-6.96772e-01 3.50621e+00 1.62733e-05
-7.22820e-01 3.56793e+00 1.43340e-05
-7.49388e-01 3.62963e+00 1.23206e-05
-7.76474e-01 3.69134e+00 1.02347e-05
-8.04082e-01 3.75305e+00 8.07744e-06
-8.32211e-01 3.81476e+00 5.84957e-06
-8.60863e-01 3.87648e+00 3.55172e-06
-8.90040e-01 3.93822e+00 1.18426e-06
-9.19743e-01 3.99997e+00 -1.25264e-06
-5.48772e-02 9.76365e-01 6.21593e-04
-5.78048e-02 1.03874e+00 5.00116e-04
-6.10950e-02 1.10106e+00 3.96732e-04
-6.47475e-02 1.16331e+00 3.09645e-04
-6.87616e-02 1.22550e+00 2.37033e-04
-7.31370e-02 1.28763e+00 1.77132e-04
-7.78733e-02 1.34970e+00 1.28293e-04
-8.29701e-02 1.41172e+00 8.90199e-05
-8.84272e-02 1.47369e+00 5.79772e-05
-9.42444e-02 1.53561e+00 3.39969e-05
-1.00421e-01 1.59748e+00 1.60695e-05
-1.06958e-01 1.65932e+00 3.33163e-06
-1.13854e-01 1.72111e+00 -4.94848e-06
-1.21109e-01 1.78286e+00 -9.38657e-06
-1.28724e-01 1.84457e+00 -1.04978e-05
-1.36699e-01 1.90625e+00 -8.71107e-06
-1.45032e-01 1.96790e+00 -4.38192e-06
-1.53726e-01 2.02952e+00 2.19586e-06
-1.62779e-01 2.09112e+00 1.07803e-05
-1.72192e-01 2.15269e+00 2.11724e-05
-1.81964e-01 2.21423e+00 3.32090e-05
-1.92097e-01 2.27576e+00 4.67568e-05
-2.02591e-01 2.33727e+00 6.17063e-05
-2.13446e-01 2.39877e+00 7.79684e-05
-2.24662e-01 2.46025e+00 9.54700e-05
-2.36354e-01 2.52196e+00 1.75230e-05
-2.48519e-01 2.58387e+00 1.83616e-05
-2.61040e-01 2.64573e+00 1.88907e-05
-2.73918e-01 2.70755e+00 1.91505e-05
-2.87152e-01 2.76932e+00 1.91758e-05
-3.00742e-01 2.83106e+00 1.89969e-05
-3.14687e-01 2.89277e+00 1.86402e-05
-3.28988e-01 2.95444e+00 1.81287e-05
-3.43644e-01 3.01608e+00 1.74820e-05
-3.58655e-01 3.07769e+00 1.67177e-05
-3.74022e-01 3.13927e+00 1.58507e-05
-3.89744e-01 3.20083e+00 1.48939e-05
-4.05822e-01 3.26237e+00 1.38587e-05
-4.22254e-01 3.32388e+00 1.27549e-05
-4.39043e-01 3.38539e+00 1.15908e-05
-4.56187e-01 3.44687e+00 1.03736e-05
-4.73687e-01 3.50835e+00 9.10965e-06
-4.91544e-01 3.56981e+00 7.80421e-06
-5.09757e-01 3.63127e+00 6.46182e-06
-5.28326e-01 3.69272e+00 5.08630e-06
-5.47253e-01 3.75416e+00 3.68088e-06
-5.66538e-01 3.81561e+00 2.24823e-06
-5.86181e-01 3.87706e+00 7.90549e-07
-6.06183e-01 3.93851e+00 -6.90381e-07
-6.26543e-01 3.99997e+00 -2.19315e-06
-2.74598e-02 9.88403e-01 3.16966e-04
-2.89078e-02 1.05025e+00 2.47877e-04
-3.05425e-02 1.11207e+00 1.90465e-04
-3.23637e-02 1.17385e+00 1.43384e-04
-3.43715e-02 1.23559e+00 1.05292e-04
-3.65658e-02 1.29731e+00 7.49087e-05
-3.89465e-02 1.35899e+00 5.10626e-05
-4.15136e-02 1.42065e+00 3.27070e-05
-4.42672e-02 1.48228e+00 1.89290e-05
-4.72072e-02 1.54388e+00 8.94624e-06
-5.03336e-02 1.60546e+00 2.09838e-06
-5.36464e-02 1.66702e+00 -2.16524e-06
-5.71458e-02 1.72855e+00 -4.29884e-06
-6.08316e-02 1.79006e+00 -4.67370e-06
-6.47041e-02 1.85154e+00 -3.59083e-06
-6.87631e-02 1.91301e+00 -1.29245e-06
-7.30089e-02 1.97447e+00 2.02785e-06
-7.74415e-02 2.03590e+00 6.21638e-06
-8.20610e-02 2.09732e+00 1.11519e-05
-8.68676e-02 2.15873e+00 1.67394e-05
-9.18612e-02 2.22012e+00 2.29050e-05
-9.70421e-02 2.28150e+00 2.95914e-05
-1.02410e-01 2.34287e+00 3.67547e-05
-1.07966e-01 2.40423e+00 4.43613e-05
-1.13710e-01 2.46558e+00 5.23857e-05
-1.19695e-01 2.52704e+00 2.70649e-06
-1.25919e-01 2.58860e+00 4.31661e-06
-1.32329e-01 2.65014e+00 5.52321e-06
-1.38925e-01 2.71165e+00 6.38685e-06
-1.45706e-01 2.77314e+00 6.95997e-06
-1.52671e-01 2.83461e+00 7.28801e-06
-1.59822e-01 2.89606e+00 7.41032e-06
-1.67157e-01 2.95748e+00 7.36102e-06
-1.74677e-01 3.01889e+00 7.16964e-06
-1.82381e-01 3.08029e+00 6.86177e-06
-1.90270e-01 3.14166e+00 6.45954e-06
-1.98342e-01 3.20303e+00 5.98213e-06
-2.06599e-01 3.26438e+00 5.44609e-06
-2.15040e-01 3.32572e+00 4.86572e-06
-2.23665e-01 3.38704e+00 4.25336e-06
-2.32473e-01 3.44836e+00 3.61960e-06
-2.41465e-01 3.50967e+00 2.97355e-06
-2.50641e-01 3.57097e+00 2.32301e-06
-2.60001e-01 3.63226e+00 1.67461e-06
-2.69544e-01 3.69355e+00 1.03399e-06
-2.79271e-01 3.75484e+00 4.05914e-07
-2.89182e-01 3.81612e+00 -2.05636e-07
-2.99276e-01 3.87741e+00 -7.97347e-07
-3.09554e-01 3.93869e+00 -1.36650e-06
-3.20016e-01 3.99997e+00 -1.91091e-06
-1.34519e-05 9.99994e-01 -4.95326e-05
-1.41532e-05 1.06122e+00 -5.25066e-05
-1.49485e-05 1.12244e+00 -5.12305e-05
-1.58377e-05 1.18367e+00 -4.68912e-05
-1.68210e-05 1.24489e+00 -4.05116e-05
-1.78984e-05 1.30612e+00 -3.29390e-05
-1.90701e-05 1.36734e+00 -2.48505e-05
-2.03360e-05 1.42856e+00 -1.67673e-05
-2.16962e-05 1.48979e+00 -9.07544e-06
-2.31508e-05 1.55101e+00 -2.04832e-06
-2.46999e-05 1.61224e+00 4.13204e-06
-2.63435e-05 1.67346e+00 9.35531e-06
-2.80818e-05 1.73468e+00 1.35659e-05
-2.99147e-05 1.79591e+00 1.67491e-05
-3.18424e-05 1.85713e+00 1.89193e-05
-3.38649e-05 1.91836e+00 2.01113e-05
-3.59822e-05 1.97958e+00 2.03733e-05
-3.81945e-05 2.04080e+00 1.97612e-05
-4.05019e-05 2.10203e+00 1.83351e-05
-4.29043e-05 2.16325e+00 1.61561e-05
-4.54019e-05 2.22448e+00 1.32843e-05
-4.79947e-05 2.28570e+00 9.77752e-06
-5.06828e-05 2.34692e+00 5.69008e-06
-5.34663e-05 2.40815e+00 1.07237e-06
-5.63452e-05 2.46937e+00 -4.02951e-06
-5.93436e-05 2.53060e+00 -1.03586e-05
-6.24611e-05 2.59182e+00 -8.07339e-06
-6.56730e-05 2.65304e+00 -6.27464e-06
-6.89792e-05 2.71427e+00 -4.88126e-06
-7.23798e-05 2.77549e+00 -3.82336e-06
-7.58744e-05 2.83672e+00 -3.04074e-06
-7.94631e-05 2.89794e+00 -2.48148e-06
-8.31457e-05 2.95916e+00 -2.10084e-06
-8.69220e-05 3.02039e+00 -1.86026e-06
-9.07920e-05 3.08161e+00 -1.72650e-06
-9.47555e-05 3.14284e+00 -1.67097e-06
-9.88124e-05 3.20406e+00 -1.66903e-06
-1.02963e-04 3.26528e+00 -1.69950e-06
-1.07206e-04 3.32651e+00 -1.74419e-06
-1.11542e-04 3.38773e+00 -1.78752e-06
-1.15972e-04 3.44896e+00 -1.81613e-06
-1.20494e-04 3.51018e+00 -1.81862e-06
-1.25109e-04 3.57140e+00 -1.78531e-06
-1.29816e-04 3.63263e+00 -1.70797e-06
-1.34616e-04 3.69385e+00 -1.57967e-06
-1.39508e-04 3.75507e+00 -1.39458e-06
-1.44493e-04 3.81630e+00 -1.14787e-06
-1.49569e-04 3.87752e+00 -8.35533e-07
-1.54738e-04 3.93875e+00 -4.54326e-07
-1.59998e-04 3.99997e+00 -1.63542e-09
