-1.00000e+00 0.00000e+00 1.39318e-04
-1.06122e+00 0.00000e+00 2.57378e-04
-1.12245e+00 0.00000e+00 3.72146e-04
-1.18367e+00 0.00000e+00 4.83621e-04
-1.24490e+00 0.00000e+00 5.91803e-04
-1.30612e+00 0.00000e+00 6.96693e-04
-1.36734e+00 0.00000e+00 7.98291e-04
-1.42857e+00 0.00000e+00 8.96596e-04
-1.48979e+00 0.00000e+00 9.91609e-04
-1.55101e+00 0.00000e+00 1.08333e-03
-1.61224e+00 0.00000e+00 1.17176e-03
-1.67346e+00 0.00000e+00 1.25689e-03
-1.73469e+00 0.00000e+00 1.33873e-03
-1.79591e+00 0.00000e+00 1.41728e-03
-1.85713e+00 0.00000e+00 1.49254e-03
-1.91836e+00 0.00000e+00 1.56451e-03
-1.97958e+00 0.00000e+00 1.63318e-03
-2.04081e+00 0.00000e+00 1.69856e-03
-2.10203e+00 0.00000e+00 1.76065e-03
-2.16325e+00 0.00000e+00 1.81944e-03
-2.22448e+00 0.00000e+00 1.87494e-03
-2.28570e+00 0.00000e+00 1.92715e-03
-2.34693e+00 0.00000e+00 1.97607e-03
-2.40815e+00 0.00000e+00 2.02170e-03
-2.46937e+00 0.00000e+00 2.06403e-03
-2.53060e+00 0.00000e+00 2.10307e-03
-2.59182e+00 0.00000e+00 2.13882e-03
-2.65304e+00 0.00000e+00 2.17127e-03
-2.71427e+00 0.00000e+00 2.20043e-03
-2.77549e+00 0.00000e+00 2.22630e-03
-2.83672e+00 0.00000e+00 2.24888e-03
-2.89794e+00 0.00000e+00 2.26817e-03
-2.95916e+00 0.00000e+00 2.28416e-03
-3.02039e+00 0.00000e+00 2.29686e-03
-3.08161e+00 0.00000e+00 2.30627e-03
-3.14284e+00 0.00000e+00 2.31238e-03
-3.20406e+00 0.00000e+00 2.31520e-03
-3.26528e+00 0.00000e+00 2.31473e-03
-3.32651e+00 0.00000e+00 2.31097e-03
-3.38773e+00 0.00000e+00 2.30392e-03
-3.44896e+00 0.00000e+00 2.29357e-03
-3.51018e+00 0.00000e+00 2.27993e-03
-3.57140e+00 0.00000e+00 2.26300e-03
-3.63263e+00 0.00000e+00 2.24277e-03
-3.69385e+00 0.00000e+00 2.21925e-03
-3.75507e+00 0.00000e+00 2.19244e-03
-3.81630e+00 0.00000e+00 2.16234e-03
-3.87752e+00 0.00000e+00 2.12895e-03
-3.93875e+00 0.00000e+00 2.09226e-03
-3.99997e+00 0.00000e+00 2.05228e-03
-9.88986e-01 2.60897e-02 1.15966e-04
-1.05105e+00 2.75986e-02 2.36159e-04
-1.11307e+00 2.92975e-02 3.52953e-04
-1.17505e+00 3.11862e-02 4.66349e-04
-1.23698e+00 3.32643e-02 5.76346e-04
-1.29888e+00 3.55314e-02 6.82946e-04
-1.36073e+00 3.79874e-02 7.86146e-04
-1.42255e+00 4.06319e-02 8.85947e-04
-1.48433e+00 4.34646e-02 9.82347e-04
-1.54607e+00 4.64854e-02 1.07535e-03
-1.60778e+00 4.96939e-02 1.16495e-03
-1.66945e+00 5.30899e-02 1.25115e-03
-1.73109e+00 5.66731e-02 1.33394e-03
-1.79270e+00 6.04434e-02 1.41335e-03
-1.85428e+00 6.44006e-02 1.48935e-03
-1.91584e+00 6.85445e-02 1.56196e-03
-1.97736e+00 7.28748e-02 1.63118e-03
-2.03886e+00 7.73915e-02 1.69700e-03
-2.10033e+00 8.20943e-02 1.75944e-03
-2.16178e+00 8.69832e-02 1.81848e-03
-2.22321e+00 9.20579e-02 1.87415e-03
-2.28461e+00 9.73183e-02 1.92643e-03
-2.34600e+00 1.02764e-01 1.97533e-03
-2.40736e+00 1.08396e-01 2.02086e-03
-2.46871e+00 1.14213e-01 2.06301e-03
-2.53004e+00 1.20216e-01 2.10179e-03
-2.59135e+00 1.26403e-01 2.13719e-03
-2.65265e+00 1.32776e-01 2.16924e-03
-2.71394e+00 1.39334e-01 2.19791e-03
-2.77522e+00 1.46078e-01 2.22323e-03
-2.83648e+00 1.53006e-01 2.24518e-03
-2.89773e+00 1.60120e-01 2.26378e-03
-2.95898e+00 1.67418e-01 2.27902e-03
-3.02022e+00 1.74902e-01 2.29090e-03
-3.08145e+00 1.82571e-01 2.29944e-03
-3.14268e+00 1.90425e-01 2.30462e-03
-3.20390e+00 1.98464e-01 2.30646e-03
-3.26512e+00 2.06688e-01 2.30496e-03
-3.32634e+00 2.15098e-01 2.30011e-03
-3.38756e+00 2.23693e-01 2.29191e-03
-3.44878e+00 2.32474e-01 2.28038e-03
-3.51000e+00 2.41440e-01 2.26551e-03
-3.57122e+00 2.50591e-01 2.24730e-03
-3.63245e+00 2.59929e-01 2.22576e-03
-3.69368e+00 2.69452e-01 2.20088e-03
-3.75492e+00 2.79161e-01 2.17267e-03
-3.81617e+00 2.89057e-01 2.14113e-03
-3.87743e+00 2.99139e-01 2.10625e-03
-3.93869e+00 3.09407e-01 2.06805e-03
-3.99997e+00 3.19862e-01 2.02652e-03
-9.77508e-01 5.22564e-02 1.05464e-04
-1.04032e+00 5.53108e-02 2.26555e-04
-1.10304e+00 5.87349e-02 3.44059e-04
-1.16568e+00 6.25277e-02 4.58024e-04
-1.22824e+00 6.66881e-02 5.68484e-04
-1.29072e+00 7.12152e-02 6.75470e-04
-1.35313e+00 7.61080e-02 7.79000e-04
-1.41547e+00 8.13657e-02 8.79089e-04
-1.47773e+00 8.69873e-02 9.75748e-04
-1.53992e+00 9.29722e-02 1.06898e-03
-1.60205e+00 9.93196e-02 1.15880e-03
-1.66412e+00 1.06029e-01 1.24520e-03
-1.72613e+00 1.13099e-01 1.32818e-03
-1.78808e+00 1.20530e-01 1.40774e-03
-1.84997e+00 1.28320e-01 1.48390e-03
-1.91182e+00 1.36470e-01 1.55663e-03
-1.97361e+00 1.44979e-01 1.62596e-03
-2.03535e+00 1.53846e-01 1.69187e-03
-2.09705e+00 1.63072e-01 1.75436e-03
-2.15870e+00 1.72655e-01 1.81344e-03
-2.22032e+00 1.82595e-01 1.86911e-03
-2.28190e+00 1.92893e-01 1.92137e-03
-2.34344e+00 2.03548e-01 1.97022e-03
-2.40494e+00 2.14559e-01 2.01566e-03
-2.46642e+00 2.25926e-01 2.05769e-03
-2.52787e+00 2.37651e-01 2.09631e-03
-2.58929e+00 2.49731e-01 2.13154e-03
-2.65068e+00 2.62168e-01 2.16336e-03
-2.71206e+00 2.74961e-01 2.19178e-03
-2.77341e+00 2.88111e-01 2.21680e-03
-2.83475e+00 3.01617e-01 2.23842e-03
-2.89607e+00 3.15480e-01 2.25666e-03
-2.95738e+00 3.29699e-01 2.27150e-03
-3.01868e+00 3.44276e-01 2.28295e-03
-3.07998e+00 3.59210e-01 2.29101e-03
-3.14126e+00 3.74501e-01 2.29569e-03
-3.20255e+00 3.90151e-01 2.29699e-03
-3.26383e+00 4.06158e-01 2.29490e-03
-3.32511e+00 4.22525e-01 2.28944e-03
-3.38640e+00 4.39251e-01 2.28059e-03
-3.44769e+00 4.56336e-01 2.26837e-03
-3.50900e+00 4.73782e-01 2.25278e-03
-3.57031e+00 4.91589e-01 2.23382e-03
-3.63163e+00 5.09757e-01 2.21148e-03
-3.69297e+00 5.28287e-01 2.18577e-03
-3.75433e+00 5.47180e-01 2.15670e-03
-3.81570e+00 5.66437e-01 2.12426e-03
-3.87710e+00 5.86058e-01 2.08845e-03
-3.93852e+00 6.06044e-01 2.04928e-03
-3.99997e+00 6.26396e-01 2.00674e-03
-9.65561e-01 7.84776e-02 1.07135e-04
-1.02901e+00 8.31143e-02 2.28012e-04
-1.09234e+00 8.82895e-02 3.45069e-04
-1.15556e+00 9.40010e-02 4.58426e-04
-1.21865e+00 1.00247e-01 5.68182e-04
-1.28164e+00 1.07025e-01 6.74411e-04
-1.34452e+00 1.14333e-01 7.77168e-04
-1.40729e+00 1.22171e-01 8.76495e-04
-1.46997e+00 1.30535e-01 9.72421e-04
-1.53255e+00 1.39425e-01 1.06496e-03
-1.59505e+00 1.48839e-01 1.15414e-03
-1.65745e+00 1.58776e-01 1.23995e-03
-1.71977e+00 1.69234e-01 1.32240e-03
-1.78201e+00 1.80213e-01 1.40149e-03
-1.84418e+00 1.91711e-01 1.47721e-03
-1.90628e+00 2.03727e-01 1.54958e-03
-1.96830e+00 2.16260e-01 1.61857e-03
-2.03026e+00 2.29310e-01 1.68419e-03
-2.09216e+00 2.42877e-01 1.74644e-03
-2.15401e+00 2.56958e-01 1.80531e-03
-2.21580e+00 2.71554e-01 1.86080e-03
-2.27754e+00 2.86665e-01 1.91290e-03
-2.33923e+00 3.02289e-01 1.96161e-03
-2.40088e+00 3.18428e-01 2.00694e-03
-2.46249e+00 3.35080e-01 2.04887e-03
-2.52407e+00 3.52246e-01 2.08740e-03
-2.58561e+00 3.69925e-01 2.12254e-03
-2.64712e+00 3.88117e-01 2.15428e-03
-2.70861e+00 4.06824e-01 2.18263e-03
-2.77007e+00 4.26045e-01 2.20757e-03
-2.83152e+00 4.45780e-01 2.22912e-03
-2.89295e+00 4.66030e-01 2.24727e-03
-2.95437e+00 4.86796e-01 2.26202e-03
-3.01578e+00 5.08077e-01 2.27336e-03
-3.07719e+00 5.29876e-01 2.28131e-03
-3.13859e+00 5.52192e-01 2.28586e-03
-3.20000e+00 5.75026e-01 2.28701e-03
-3.26141e+00 5.98380e-01 2.28477e-03
-3.32283e+00 6.22254e-01 2.27912e-03
-3.38426e+00 6.46650e-01 2.27007e-03
-3.44571e+00 6.71568e-01 2.25763e-03
-3.50717e+00 6.97011e-01 2.24178e-03
-3.56866e+00 7.22979e-01 2.22254e-03
-3.63017e+00 7.49474e-01 2.19990e-03
-3.69171e+00 7.76497e-01 2.17385e-03
-3.75329e+00 8.04051e-01 2.14441e-03
-3.81490e+00 8.32136e-01 2.11157e-03
-3.87654e+00 8.60756e-01 2.07533e-03
-3.93823e+00 8.89910e-01 2.03568e-03
-3.99997e+00 9.19603e-01 1.99264e-03
-9.53143e-01 1.04730e-01 1.20402e-04
-1.01713e+00 1.10986e-01 2.40048e-04
-1.08097e+00 1.17937e-01 3.55626e-04
-1.14466e+00 1.25581e-01 4.67351e-04
-1.20820e+00 1.33914e-01 5.75394e-04
-1.27160e+00 1.42933e-01 6.79884e-04
-1.33487e+00 1.52634e-01 7.80923e-04
-1.39801e+00 1.63015e-01 8.78583e-04
-1.46103e+00 1.74074e-01 9.72917e-04
-1.52394e+00 1.85808e-01 1.06396e-03
-1.58673e+00 1.98214e-01 1.15173e-03
-1.64941e+00 2.11290e-01 1.23625e-03
-1.71200e+00 2.25035e-01 1.31752e-03
-1.77448e+00 2.39447e-01 1.39554e-03
-1.83688e+00 2.54523e-01 1.47031e-03
-1.89919e+00 2.70264e-01 1.54181e-03
-1.96142e+00 2.86666e-01 1.61006e-03
-2.02357e+00 3.03730e-01 1.67503e-03
-2.08566e+00 3.21453e-01 1.73671e-03
-2.14767e+00 3.39835e-01 1.79511e-03
-2.20962e+00 3.58876e-01 1.85020e-03
-2.27152e+00 3.78575e-01 1.90198e-03
-2.33336e+00 3.98931e-01 1.95044e-03
-2.39516e+00 4.19945e-01 1.99558e-03
-2.45691e+00 4.41615e-01 2.03738e-03
-2.51863e+00 4.63942e-01 2.07584e-03
-2.58031e+00 4.86927e-01 2.11096e-03
-2.64196e+00 5.10569e-01 2.14272e-03
-2.70358e+00 5.34869e-01 2.17112e-03
-2.76519e+00 5.59828e-01 2.19615e-03
-2.82678e+00 5.85445e-01 2.21781e-03
-2.88836e+00 6.11723e-01 2.23611e-03
-2.94993e+00 6.38663e-01 2.25102e-03
-3.01151e+00 6.66264e-01 2.26254e-03
-3.07308e+00 6.94530e-01 2.27069e-03
-3.13466e+00 7.23460e-01 2.27544e-03
-3.19625e+00 7.53057e-01 2.27679e-03
-3.25786e+00 7.83323e-01 2.27475e-03
-3.31948e+00 8.14259e-01 2.26930e-03
-3.38114e+00 8.45867e-01 2.26045e-03
-3.44282e+00 8.78150e-01 2.24819e-03
-3.50453e+00 9.11110e-01 2.23252e-03
-3.56628e+00 9.44749e-01 2.21344e-03
-3.62807e+00 9.79070e-01 2.19093e-03
-3.68991e+00 1.01408e+00 2.16500e-03
-3.75181e+00 1.04977e+00 2.13564e-03
-3.81375e+00 1.08615e+00 2.10285e-03
-3.87576e+00 1.12323e+00 2.06663e-03
-3.93783e+00 1.16101e+00 2.02696e-03
-3.99997e+00 1.19948e+00 1.98386e-03
-9.40251e-01 1.30988e-01 1.44768e-04
-1.00467e+00 1.38900e-01 2.62240e-04
-1.06891e+00 1.47653e-01 3.75416e-04
-1.13297e+00 1.57242e-01 4.84609e-04
-1.19686e+00 1.67663e-01 5.90066e-04
-1.26059e+00 1.78910e-01 6.91979e-04
-1.32417e+00 1.90979e-01 7.90492e-04
-1.38760e+00 2.03867e-01 8.85713e-04
-1.45089e+00 2.17569e-01 9.77719e-04
-1.51405e+00 2.32082e-01 1.06656e-03
-1.57708e+00 2.47404e-01 1.15228e-03
-1.63999e+00 2.63530e-01 1.23489e-03
-1.70278e+00 2.80458e-01 1.31440e-03
-1.76547e+00 2.98185e-01 1.39082e-03
-1.82805e+00 3.16710e-01 1.46413e-03
-1.89054e+00 3.36031e-01 1.53434e-03
-1.95295e+00 3.56144e-01 1.60143e-03
-2.01526e+00 3.77050e-01 1.66538e-03
-2.07750e+00 3.98746e-01 1.72619e-03
-2.13967e+00 4.21231e-01 1.78384e-03
-2.20178e+00 4.44505e-01 1.83831e-03
-2.26383e+00 4.68567e-01 1.88958e-03
-2.32582e+00 4.93416e-01 1.93765e-03
-2.38776e+00 5.19052e-01 1.98250e-03
-2.44967e+00 5.45475e-01 2.02411e-03
-2.51153e+00 5.72685e-01 2.06247e-03
-2.57337e+00 6.00682e-01 2.09756e-03
-2.63518e+00 6.29468e-01 2.12938e-03
-2.69698e+00 6.59043e-01 2.15792e-03
-2.75876e+00 6.89408e-01 2.18316e-03
-2.82053e+00 7.20564e-01 2.20508e-03
-2.88230e+00 7.52513e-01 2.22369e-03
-2.94407e+00 7.85256e-01 2.23896e-03
-3.00585e+00 8.18795e-01 2.25090e-03
-3.06765e+00 8.53133e-01 2.25948e-03
-3.12946e+00 8.88271e-01 2.26471e-03
-3.19130e+00 9.24212e-01 2.26657e-03
-3.25317e+00 9.60959e-01 2.26504e-03
-3.31508e+00 9.98514e-01 2.26014e-03
-3.37702e+00 1.03688e+00 2.25183e-03
-3.43902e+00 1.07606e+00 2.24012e-03
-3.50106e+00 1.11606e+00 2.22500e-03
-3.56317e+00 1.15689e+00 2.20645e-03
-3.62533e+00 1.19854e+00 2.18447e-03
-3.68757e+00 1.24102e+00 2.15905e-03
-3.74988e+00 1.28433e+00 2.13018e-03
-3.81227e+00 1.32848e+00 2.09785e-03
-3.87474e+00 1.37348e+00 2.06205e-03
-3.93731e+00 1.41933e+00 2.02277e-03
-3.99997e+00 1.46603e+00 1.98000e-03
-9.26884e-01 1.57227e-01 1.79814e-04
-9.91620e-01 1.66832e-01 2.94222e-04
-1.05615e+00 1.77411e-01 4.04155e-04
-1.12049e+00 1.88957e-01 5.10020e-04
-1.18464e+00 2.01464e-01 6.12137e-04
-1.24861e+00 2.14926e-01 7.10755e-04
-1.31241e+00 2.29336e-01 8.06060e-04
-1.37605e+00 2.44691e-01 8.98192e-04
-1.43953e+00 2.60984e-01 9.87250e-04
-1.50287e+00 2.78211e-01 1.07330e-03
-1.56608e+00 2.96368e-01 1.15640e-03
-1.62915e+00 3.15452e-01 1.23657e-03
-1.69211e+00 3.35457e-01 1.31382e-03
-1.75495e+00 3.56382e-01 1.38817e-03
-1.81768e+00 3.78223e-01 1.45959e-03
-1.88031e+00 4.00977e-01 1.52809e-03
-1.94286e+00 4.24643e-01 1.59365e-03
-2.00531e+00 4.49218e-01 1.65625e-03
-2.06769e+00 4.74701e-01 1.71587e-03
-2.13000e+00 5.01090e-01 1.77250e-03
-2.19225e+00 5.28384e-01 1.82610e-03
-2.25444e+00 5.56583e-01 1.87667e-03
-2.31658e+00 5.85686e-01 1.92417e-03
-2.37868e+00 6.15692e-01 1.96859e-03
-2.44075e+00 6.46603e-01 2.00991e-03
-2.50278e+00 6.78417e-01 2.04810e-03
-2.56479e+00 7.11137e-01 2.08315e-03
-2.62679e+00 7.44763e-01 2.11503e-03
-2.68878e+00 7.79296e-01 2.14373e-03
-2.75077e+00 8.14737e-01 2.16923e-03
-2.81276e+00 8.51089e-01 2.19151e-03
-2.87476e+00 8.88354e-01 2.21055e-03
-2.93677e+00 9.26534e-01 2.22633e-03
-2.99882e+00 9.65631e-01 2.23885e-03
-3.06089e+00 1.00565e+00 2.24807e-03
-3.12300e+00 1.04659e+00 2.25399e-03
-3.18515e+00 1.08846e+00 2.25659e-03
-3.24735e+00 1.13126e+00 2.25584e-03
-3.30960e+00 1.17500e+00 2.25175e-03
-3.37192e+00 1.21967e+00 2.24428e-03
-3.43431e+00 1.26529e+00 2.23342e-03
-3.49678e+00 1.31186e+00 2.21917e-03
-3.55932e+00 1.35938e+00 2.20149e-03
-3.62195e+00 1.40786e+00 2.18038e-03
-3.68468e+00 1.45731e+00 2.15581e-03
-3.74751e+00 1.50773e+00 2.12778e-03
-3.81045e+00 1.55913e+00 2.09626e-03
-3.87350e+00 1.61151e+00 2.06124e-03
-3.93667e+00 1.66488e+00 2.02269e-03
-3.99997e+00 1.71926e+00 1.98061e-03
-9.13043e-01 1.83419e-01 2.25186e-04
-9.77978e-01 1.94754e-01 3.35678e-04
-1.04269e+00 2.07183e-01 4.41592e-04
-1.10720e+00 2.20697e-01 5.43418e-04
-1.17150e+00 2.35288e-01 6.41540e-04
-1.23562e+00 2.50950e-01 7.36251e-04
-1.29956e+00 2.67673e-01 8.27773e-04
-1.36333e+00 2.85453e-01 9.16271e-04
-1.42694e+00 3.04282e-01 1.00186e-03
-1.49039e+00 3.24155e-01 1.08464e-03
-1.55371e+00 3.45067e-01 1.16464e-03
-1.61689e+00 3.67013e-01 1.24192e-03
-1.67996e+00 3.89988e-01 1.31649e-03
-1.74290e+00 4.13989e-01 1.38835e-03
-1.80574e+00 4.39012e-01 1.45750e-03
-1.86848e+00 4.65053e-01 1.52392e-03
-1.93114e+00 4.92110e-01 1.58761e-03
-1.99371e+00 5.20181e-01 1.64854e-03
-2.05621e+00 5.49264e-01 1.70668e-03
-2.11865e+00 5.79357e-01 1.76202e-03
-2.18103e+00 6.10459e-01 1.81452e-03
-2.24336e+00 6.42568e-01 1.86416e-03
-2.30565e+00 6.75686e-01 1.91092e-03
-2.36791e+00 7.09811e-01 1.95475e-03
-2.43014e+00 7.44945e-01 1.99565e-03
-2.49236e+00 7.81087e-01 2.03357e-03
-2.55457e+00 8.18238e-01 2.06849e-03
-2.61677e+00 8.56401e-01 2.10039e-03
-2.67899e+00 8.95577e-01 2.12924e-03
-2.74121e+00 9.35767e-01 2.15501e-03
-2.80346e+00 9.76975e-01 2.17768e-03
-2.86573e+00 1.01920e+00 2.19721e-03
-2.92804e+00 1.06246e+00 2.21360e-03
-2.99039e+00 1.10673e+00 2.22680e-03
-3.05280e+00 1.15204e+00 2.23680e-03
-3.11526e+00 1.19839e+00 2.24357e-03
-3.17779e+00 1.24577e+00 2.24709e-03
-3.24039e+00 1.29420e+00 2.24732e-03
-3.30307e+00 1.34368e+00 2.24426e-03
-3.36584e+00 1.39422e+00 2.23786e-03
-3.42870e+00 1.44581e+00 2.22811e-03
-3.49166e+00 1.49848e+00 2.21499e-03
-3.55474e+00 1.55222e+00 2.19845e-03
-3.61793e+00 1.60704e+00 2.17849e-03
-3.68125e+00 1.66295e+00 2.15508e-03
-3.74470e+00 1.71996e+00 2.12818e-03
-3.80829e+00 1.77808e+00 2.09777e-03
-3.87202e+00 1.83731e+00 2.06382e-03
-3.93591e+00 1.89766e+00 2.02632e-03
-3.99997e+00 1.95915e+00 1.98522e-03
-8.98730e-01 2.09537e-01 2.80589e-04
-9.63743e-01 2.22638e-01 3.86334e-04
-1.02853e+00 2.36940e-01 4.87503e-04
-1.09310e+00 2.52432e-01 5.84650e-04
-1.15746e+00 2.69105e-01 6.78201e-04
-1.22163e+00 2.86949e-01 7.68483e-04
-1.28562e+00 3.05956e-01 8.55740e-04
-1.34943e+00 3.26117e-01 9.40155e-04
-1.41309e+00 3.47426e-01 1.02186e-03
-1.47659e+00 3.69875e-01 1.10094e-03
-1.53996e+00 3.93459e-01 1.17747e-03
-1.60319e+00 4.18171e-01 1.25149e-03
-1.66631e+00 4.44007e-01 1.32301e-03
-1.72932e+00 4.70961e-01 1.39204e-03
-1.79222e+00 4.99029e-01 1.45857e-03
-1.85504e+00 5.28209e-01 1.52261e-03
-1.91777e+00 5.58496e-01 1.58412e-03
-1.98044e+00 5.89888e-01 1.64308e-03
-2.04304e+00 6.22383e-01 1.69948e-03
-2.10559e+00 6.55979e-01 1.75327e-03
-2.16809e+00 6.90675e-01 1.80443e-03
-2.23056e+00 7.26470e-01 1.85293e-03
-2.29300e+00 7.63364e-01 1.89874e-03
-2.35543e+00 8.01356e-01 1.94181e-03
-2.41784e+00 8.40449e-01 1.98213e-03
-2.48026e+00 8.80641e-01 2.01965e-03
-2.54268e+00 9.21936e-01 2.05434e-03
-2.60512e+00 9.64335e-01 2.08617e-03
-2.66759e+00 1.00784e+00 2.11510e-03
-2.73009e+00 1.05245e+00 2.14111e-03
-2.79263e+00 1.09818e+00 2.16415e-03
-2.85522e+00 1.14502e+00 2.18419e-03
-2.91787e+00 1.19298e+00 2.20121e-03
-2.98059e+00 1.24207e+00 2.21516e-03
-3.04338e+00 1.29228e+00 2.22601e-03
-3.10625e+00 1.34363e+00 2.23373e-03
-3.16922e+00 1.39612e+00 2.23829e-03
-3.23229e+00 1.44976e+00 2.23965e-03
-3.29546e+00 1.50455e+00 2.23777e-03
-3.35876e+00 1.56050e+00 2.23262e-03
-3.42218e+00 1.61762e+00 2.22417e-03
-3.48573e+00 1.67591e+00 2.21238e-03
-3.54942e+00 1.73539e+00 2.19721e-03
-3.61327e+00 1.79607e+00 2.17863e-03
-3.67727e+00 1.85794e+00 2.15660e-03
-3.74144e+00 1.92103e+00 2.13108e-03
-3.80579e+00 1.98534e+00 2.10203e-03
-3.87032e+00 2.05088e+00 2.06941e-03
-3.93504e+00 2.11767e+00 2.03319e-03
-3.99997e+00 2.18572e+00 1.99331e-03
-8.83948e-01 2.35553e-01 3.45781e-04
-9.48917e-01 2.50457e-01 4.45954e-04
-1.01366e+00 2.66654e-01 5.41688e-04
-1.07818e+00 2.84133e-01 6.33569e-04
-1.14250e+00 3.02882e-01 7.22043e-04
-1.20662e+00 3.22891e-01 8.07448e-04
-1.27057e+00 3.44149e-01 8.90038e-04
-1.33435e+00 3.66648e-01 9.70000e-04
-1.39798e+00 3.90378e-01 1.04747e-03
-1.46146e+00 4.15331e-01 1.12254e-03
-1.52481e+00 4.41502e-01 1.19528e-03
-1.58804e+00 4.68882e-01 1.26573e-03
-1.65116e+00 4.97467e-01 1.33390e-03
-1.71418e+00 5.27250e-01 1.39982e-03
-1.77711e+00 5.58227e-01 1.46346e-03
-1.83997e+00 5.90395e-01 1.52483e-03
-1.90276e+00 6.23749e-01 1.58389e-03
-1.96549e+00 6.58286e-01 1.64063e-03
-2.02817e+00 6.94005e-01 1.69503e-03
-2.09082e+00 7.30903e-01 1.74703e-03
-2.15344e+00 7.68980e-01 1.79662e-03
-2.21604e+00 8.08234e-01 1.84377e-03
-2.27864e+00 8.48666e-01 1.88842e-03
-2.34123e+00 8.90275e-01 1.93055e-03
-2.40384e+00 9.33063e-01 1.97011e-03
-2.46647e+00 9.77031e-01 2.00707e-03
-2.52913e+00 1.02218e+00 2.04139e-03
-2.59183e+00 1.06852e+00 2.07303e-03
-2.65458e+00 1.11604e+00 2.10195e-03
-2.71739e+00 1.16475e+00 2.12811e-03
-2.78026e+00 1.21466e+00 2.15146e-03
-2.84322e+00 1.26577e+00 2.17198e-03
-2.90625e+00 1.31808e+00 2.18960e-03
-2.96939e+00 1.37160e+00 2.20430e-03
-3.03262e+00 1.42634e+00 2.21603e-03
-3.09597e+00 1.48230e+00 2.22475e-03
-3.15945e+00 1.53948e+00 2.23041e-03
-3.22305e+00 1.59791e+00 2.23297e-03
-3.28679e+00 1.65758e+00 2.23238e-03
-3.35069e+00 1.71851e+00 2.22860e-03
-3.41474e+00 1.78069e+00 2.22158e-03
-3.47897e+00 1.84415e+00 2.21127e-03
-3.54337e+00 1.90889e+00 2.19763e-03
-3.60796e+00 1.97493e+00 2.18060e-03
-3.67274e+00 2.04227e+00 2.16013e-03
-3.73774e+00 2.11092e+00 2.13618e-03
-3.80295e+00 2.18091e+00 2.10868e-03
-3.86838e+00 2.25223e+00 2.07758e-03
-3.93405e+00 2.32491e+00 2.04284e-03
-3.99997e+00 2.39896e+00 2.00437e-03
-8.68703e-01 2.61437e-01 4.20568e-04
-9.33501e-01 2.78179e-01 5.14339e-04
-9.98075e-01 2.96294e-01 6.03970e-04
-1.06244e+00 3.15768e-01 6.90040e-04
-1.12661e+00 3.36588e-01 7.72983e-04
-1.19059e+00 3.58742e-01 8.53126e-04
-1.25441e+00 3.82218e-01 9.30713e-04
-1.31807e+00 4.07007e-01 1.00592e-03
-1.38159e+00 4.33098e-01 1.07888e-03
-1.44498e+00 4.60483e-01 1.14968e-03
-1.50825e+00 4.89153e-01 1.21838e-03
-1.57142e+00 5.19102e-01 1.28502e-03
-1.63449e+00 5.50323e-01 1.34961e-03
-1.69748e+00 5.82810e-01 1.41217e-03
-1.76040e+00 6.16558e-01 1.47269e-03
-1.82326e+00 6.51562e-01 1.53116e-03
-1.88607e+00 6.87820e-01 1.58755e-03
-1.94885e+00 7.25326e-01 1.64184e-03
-2.01160e+00 7.64080e-01 1.69400e-03
-2.07433e+00 8.04080e-01 1.74400e-03
-2.13706e+00 8.45324e-01 1.79180e-03
-2.19979e+00 8.87811e-01 1.83737e-03
-2.26254e+00 9.31542e-01 1.88067e-03
-2.32532e+00 9.76518e-01 1.92165e-03
-2.38813e+00 1.02274e+00 1.96027e-03
-2.45100e+00 1.07021e+00 1.99650e-03
-2.51392e+00 1.11893e+00 2.03029e-03
-2.57690e+00 1.16890e+00 2.06159e-03
-2.63996e+00 1.22013e+00 2.09036e-03
-2.70312e+00 1.27262e+00 2.11655e-03
-2.76636e+00 1.32637e+00 2.14011e-03
-2.82972e+00 1.38140e+00 2.16101e-03
-2.89319e+00 1.43770e+00 2.17918e-03
-2.95679e+00 1.49529e+00 2.19458e-03
-3.02053e+00 1.55417e+00 2.20715e-03
-3.08442e+00 1.61435e+00 2.21685e-03
-3.14846e+00 1.67583e+00 2.22362e-03
-3.21267e+00 1.73863e+00 2.22741e-03
-3.27706e+00 1.80275e+00 2.22815e-03
-3.34163e+00 1.86821e+00 2.22580e-03
-3.40640e+00 1.93502e+00 2.22029e-03
-3.47138e+00 2.00318e+00 2.21156e-03
-3.53658e+00 2.07271e+00 2.19954e-03
-3.60201e+00 2.14362e+00 2.18419e-03
-3.66768e+00 2.21592e+00 2.16541e-03
-3.73359e+00 2.28964e+00 2.14316e-03
-3.79977e+00 2.36477e+00 2.11736e-03
-3.86622e+00 2.44135e+00 2.08793e-03
-3.93294e+00 2.51938e+00 2.05480e-03
-3.99997e+00 2.59887e+00 2.01789e-03
-8.53003e-01 2.87159e-01 5.04794e-04
-9.17500e-01 3.05775e-01 5.91319e-04
-9.81788e-01 3.25829e-01 6.74193e-04
-1.04588e+00 3.47304e-01 7.53936e-04
-1.10979e+00 3.70188e-01 8.30937e-04
-1.17354e+00 3.94466e-01 9.05482e-04
-1.23714e+00 4.20126e-01 9.77783e-04
-1.30059e+00 4.47157e-01 1.04799e-03
-1.36393e+00 4.75548e-01 1.11622e-03
-1.42715e+00 5.05289e-01 1.18255e-03
-1.49028e+00 5.36372e-01 1.24701e-03
-1.55333e+00 5.68788e-01 1.30966e-03
-1.61630e+00 6.02532e-01 1.37049e-03
-1.67921e+00 6.37596e-01 1.42951e-03
-1.74208e+00 6.73975e-01 1.48672e-03
-1.80491e+00 7.11664e-01 1.54209e-03
-1.86771e+00 7.50660e-01 1.59561e-03
-1.93051e+00 7.90959e-01 1.64725e-03
-1.99330e+00 8.32559e-01 1.69698e-03
-2.05611e+00 8.75458e-01 1.74476e-03
-2.11894e+00 9.19656e-01 1.79057e-03
-2.18181e+00 9.65151e-01 1.83436e-03
-2.24472e+00 1.01194e+00 1.87609e-03
-2.30768e+00 1.06004e+00 1.91573e-03
-2.37071e+00 1.10943e+00 1.95322e-03
-2.43382e+00 1.16013e+00 1.98852e-03
-2.49702e+00 1.21213e+00 2.02159e-03
-2.56032e+00 1.26544e+00 2.05238e-03
-2.62373e+00 1.32007e+00 2.08084e-03
-2.68726e+00 1.37602e+00 2.10691e-03
-2.75092e+00 1.43329e+00 2.13055e-03
-2.81473e+00 1.49189e+00 2.15169e-03
-2.87869e+00 1.55183e+00 2.17030e-03
-2.94281e+00 1.61312e+00 2.18630e-03
-3.00710e+00 1.67576e+00 2.19964e-03
-3.07158e+00 1.73976e+00 2.21026e-03
-3.13626e+00 1.80514e+00 2.21809e-03
-3.20115e+00 1.87190e+00 2.22308e-03
-3.26625e+00 1.94005e+00 2.22514e-03
-3.33158e+00 2.00960e+00 2.22422e-03
-3.39715e+00 2.08058e+00 2.22024e-03
-3.46297e+00 2.15298e+00 2.21313e-03
-3.52906e+00 2.22683e+00 2.20280e-03
-3.59542e+00 2.30213e+00 2.18918e-03
-3.66206e+00 2.37891e+00 2.17218e-03
-3.72900e+00 2.45717e+00 2.15172e-03
-3.79625e+00 2.53694e+00 2.12770e-03
-3.86382e+00 2.61824e+00 2.10003e-03
-3.93172e+00 2.70107e+00 2.06861e-03
-3.99997e+00 2.78546e+00 2.03334e-03
-8.36855e-01 3.12690e-01 5.98339e-04
-9.00920e-01 3.33215e-01 6.76751e-04
-9.64797e-01 3.55227e-01 7.52216e-04
-1.02850e+00 3.78711e-01 8.25139e-04
-1.09205e+00 4.03650e-01 8.95818e-04
-1.15546e+00 4.30030e-01 9.64468e-04
-1.21874e+00 4.57838e-01 1.03124e-03
-1.28191e+00 4.87061e-01 1.09626e-03
-1.34498e+00 5.17688e-01 1.15958e-03
-1.40797e+00 5.49709e-01 1.22128e-03
-1.47089e+00 5.83115e-01 1.28137e-03
-1.53375e+00 6.17897e-01 1.33988e-03
-1.59657e+00 6.54048e-01 1.39680e-03
-1.65936e+00 6.91561e-01 1.45214e-03
-1.72213e+00 7.30431e-01 1.50588e-03
-1.78490e+00 7.70653e-01 1.55800e-03
-1.84768e+00 8.12222e-01 1.60848e-03
-1.91047e+00 8.55137e-01 1.65730e-03
-1.97329e+00 8.99393e-01 1.70442e-03
-2.03616e+00 9.44991e-01 1.74981e-03
-2.09909e+00 9.91928e-01 1.79343e-03
-2.16208e+00 1.04021e+00 1.83525e-03
-2.22515e+00 1.08982e+00 1.87522e-03
-2.28831e+00 1.14078e+00 1.91331e-03
-2.35158e+00 1.19309e+00 1.94947e-03
-2.41495e+00 1.24674e+00 1.98365e-03
-2.47846e+00 1.30175e+00 2.01581e-03
-2.54209e+00 1.35810e+00 2.04589e-03
-2.60588e+00 1.41582e+00 2.07384e-03
-2.66983e+00 1.47491e+00 2.09961e-03
-2.73394e+00 1.53537e+00 2.12315e-03
-2.79824e+00 1.59720e+00 2.14439e-03
-2.86273e+00 1.66043e+00 2.16328e-03
-2.92743e+00 1.72505e+00 2.17975e-03
-2.99234e+00 1.79108e+00 2.19373e-03
-3.05748e+00 1.85852e+00 2.20516e-03
-3.12285e+00 1.92739e+00 2.21396e-03
-3.18848e+00 1.99769e+00 2.22007e-03
-3.25437e+00 2.06945e+00 2.22340e-03
-3.32054e+00 2.14267e+00 2.22386e-03
-3.38699e+00 2.21737e+00 2.22138e-03
-3.45374e+00 2.29355e+00 2.21587e-03
-3.52080e+00 2.37125e+00 2.20723e-03
-3.58818e+00 2.45046e+00 2.19536e-03
-3.65590e+00 2.53122e+00 2.18017e-03
-3.72397e+00 2.61353e+00 2.16153e-03
-3.79239e+00 2.69741e+00 2.13934e-03
-3.86119e+00 2.78289e+00 2.11348e-03
-3.93038e+00 2.86999e+00 2.08382e-03
-3.99997e+00 2.95872e+00 2.05024e-03
-8.20271e-01 3.37998e-01 7.01113e-04
-8.83768e-01 3.60466e-01 7.70512e-04
-9.47109e-01 3.84457e-01 8.37914e-04
-1.01031e+00 4.09953e-01 9.03539e-04
-1.07338e+00 4.36938e-01 9.67540e-04
-1.13635e+00 4.65397e-01 1.03003e-03
-1.19923e+00 4.95315e-01 1.09107e-03
-1.26202e+00 5.26680e-01 1.15072e-03
-1.32475e+00 5.59480e-01 1.20902e-03
-1.38743e+00 5.93704e-01 1.26596e-03
-1.45008e+00 6.29342e-01 1.32157e-03
-1.51270e+00 6.66386e-01 1.37583e-03
-1.57532e+00 7.04828e-01 1.42874e-03
-1.63793e+00 7.44662e-01 1.48028e-03
-1.70057e+00 7.85882e-01 1.53044e-03
-1.76324e+00 8.28482e-01 1.57918e-03
-1.82595e+00 8.72460e-01 1.62650e-03
-1.88872e+00 9.17812e-01 1.67234e-03
-1.95156e+00 9.64536e-01 1.71670e-03
-2.01448e+00 1.01263e+00 1.75953e-03
-2.07749e+00 1.06210e+00 1.80079e-03
-2.14061e+00 1.11293e+00 1.84046e-03
-2.20385e+00 1.16514e+00 1.87848e-03
-2.26721e+00 1.21872e+00 1.91483e-03
-2.33072e+00 1.27368e+00 1.94945e-03
-2.39438e+00 1.33001e+00 1.98230e-03
-2.45821e+00 1.38773e+00 2.01334e-03
-2.52221e+00 1.44684e+00 2.04251e-03
-2.58641e+00 1.50735e+00 2.06975e-03
-2.65081e+00 1.56925e+00 2.09503e-03
-2.71542e+00 1.63257e+00 2.11827e-03
-2.78025e+00 1.69730e+00 2.13941e-03
-2.84532e+00 1.76346e+00 2.15840e-03
-2.91065e+00 1.83105e+00 2.17515e-03
-2.97623e+00 1.90009e+00 2.18962e-03
-3.04209e+00 1.97059e+00 2.20171e-03
-3.10823e+00 2.04256e+00 2.21134e-03
-3.17467e+00 2.11600e+00 2.21845e-03
-3.24143e+00 2.19094e+00 2.22293e-03
-3.30851e+00 2.26739e+00 2.22469e-03
-3.37592e+00 2.34537e+00 2.22364e-03
-3.44368e+00 2.42489e+00 2.21967e-03
-3.51181e+00 2.50596e+00 2.21268e-03
-3.58031e+00 2.58861e+00 2.20253e-03
-3.64920e+00 2.67285e+00 2.18912e-03
-3.71849e+00 2.75870e+00 2.17231e-03
-3.78820e+00 2.84618e+00 2.15195e-03
-3.85834e+00 2.93532e+00 2.12790e-03
-3.92892e+00 3.02613e+00 2.10001e-03
-3.99997e+00 3.11865e+00 2.06810e-03
-8.03263e-01 3.63054e-01 8.13052e-04
-8.66056e-01 3.87498e-01 8.72501e-04
-9.28732e-01 4.13486e-01 9.31177e-04
-9.91308e-01 4.40999e-01 9.89030e-04
-1.05380e+00 4.70019e-01 1.04601e-03
-1.11622e+00 5.00532e-01 1.10209e-03
-1.17859e+00 5.32522e-01 1.15722e-03
-1.24093e+00 5.65976e-01 1.21138e-03
-1.30324e+00 6.00883e-01 1.26453e-03
-1.36554e+00 6.37231e-01 1.31664e-03
-1.42784e+00 6.75010e-01 1.36768e-03
-1.49017e+00 7.14212e-01 1.41762e-03
-1.55252e+00 7.54829e-01 1.46644e-03
-1.61493e+00 7.96854e-01 1.51410e-03
-1.67739e+00 8.40282e-01 1.56058e-03
-1.73993e+00 8.85108e-01 1.60585e-03
-1.80255e+00 9.31328e-01 1.64988e-03
-1.86527e+00 9.78941e-01 1.69264e-03
-1.92810e+00 1.02794e+00 1.73410e-03
-1.99106e+00 1.07833e+00 1.77421e-03
-2.05415e+00 1.13011e+00 1.81296e-03
-2.11740e+00 1.18328e+00 1.85030e-03
-2.18080e+00 1.23784e+00 1.88620e-03
-2.24438e+00 1.29380e+00 1.92062e-03
-2.30814e+00 1.35115e+00 1.95351e-03
-2.37211e+00 1.40990e+00 1.98483e-03
-2.43628e+00 1.47006e+00 2.01453e-03
-2.50068e+00 1.53163e+00 2.04257e-03
-2.56532e+00 1.59461e+00 2.06890e-03
-2.63020e+00 1.65903e+00 2.09345e-03
-2.69535e+00 1.72487e+00 2.11617e-03
-2.76076e+00 1.79216e+00 2.13700e-03
-2.82647e+00 1.86090e+00 2.15588e-03
-2.89247e+00 1.93111e+00 2.17272e-03
-2.95878e+00 2.00279e+00 2.18747e-03
-3.02542e+00 2.07596e+00 2.20003e-03
-3.09240e+00 2.15062e+00 2.21033e-03
-3.15972e+00 2.22680e+00 2.21827e-03
-3.22741e+00 2.30451e+00 2.22375e-03
-3.29548e+00 2.38376e+00 2.22668e-03
-3.36394e+00 2.46458e+00 2.22694e-03
-3.43280e+00 2.54697e+00 2.22442e-03
-3.50208e+00 2.63095e+00 2.21898e-03
-3.57179e+00 2.71655e+00 2.21049e-03
-3.64195e+00 2.80379e+00 2.19880e-03
-3.71257e+00 2.89268e+00 2.18377e-03
-3.78366e+00 2.98325e+00 2.16520e-03
-3.85525e+00 3.07552e+00 2.14294e-03
-3.92735e+00 3.16951e+00 2.11677e-03
-3.99996e+00 3.26525e+00 2.08648e-03
-7.85845e-01 3.87827e-01 9.34107e-04
-8.47795e-01 4.14280e-01 9.82630e-04
-9.09678e-01 4.42282e-01 1.03190e-03
-9.71509e-01 4.71814e-01 1.08151e-03
-1.03331e+00 5.02858e-01 1.13115e-03
-1.09508e+00 5.35399e-01 1.18059e-03
-1.15685e+00 5.69421e-01 1.22965e-03
-1.21863e+00 6.04912e-01 1.27819e-03
-1.28044e+00 6.41859e-01 1.32610e-03
-1.34229e+00 6.80251e-01 1.37331e-03
-1.40419e+00 7.20079e-01 1.41972e-03
-1.46615e+00 7.61333e-01 1.46529e-03
-1.52820e+00 8.04007e-01 1.50996e-03
-1.59034e+00 8.48094e-01 1.55369e-03
-1.65259e+00 8.93589e-01 1.59642e-03
-1.71496e+00 9.40486e-01 1.63814e-03
-1.77746e+00 9.88784e-01 1.67880e-03
-1.84011e+00 1.03848e+00 1.71836e-03
-1.90292e+00 1.08957e+00 1.75680e-03
-1.96590e+00 1.14206e+00 1.79408e-03
-2.02907e+00 1.19594e+00 1.83017e-03
-2.09244e+00 1.25122e+00 1.86503e-03
-2.15601e+00 1.30790e+00 1.89863e-03
-2.21981e+00 1.36598e+00 1.93093e-03
-2.28385e+00 1.42546e+00 1.96190e-03
-2.34813e+00 1.48636e+00 1.99148e-03
-2.41268e+00 1.54868e+00 2.01965e-03
-2.47750e+00 1.61241e+00 2.04634e-03
-2.54261e+00 1.67758e+00 2.07151e-03
-2.60801e+00 1.74419e+00 2.09512e-03
-2.67373e+00 1.81224e+00 2.11709e-03
-2.73978e+00 1.88175e+00 2.13738e-03
-2.80616e+00 1.95273e+00 2.15591e-03
-2.87290e+00 2.02519e+00 2.17262e-03
-2.94000e+00 2.09914e+00 2.18742e-03
-3.00748e+00 2.17460e+00 2.20024e-03
-3.07535e+00 2.25157e+00 2.21098e-03
-3.14363e+00 2.33008e+00 2.21956e-03
-3.21233e+00 2.41014e+00 2.22587e-03
-3.28146e+00 2.49177e+00 2.22979e-03
-3.35104e+00 2.57498e+00 2.23121e-03
-3.42109e+00 2.65979e+00 2.22999e-03
-3.49161e+00 2.74622e+00 2.22598e-03
-3.56263e+00 2.83430e+00 2.21904e-03
-3.63415e+00 2.92404e+00 2.20899e-03
-3.70620e+00 3.01547e+00 2.19565e-03
-3.77879e+00 3.10861e+00 2.17881e-03
-3.85194e+00 3.20348e+00 2.15825e-03
-3.92566e+00 3.30011e+00 2.13373e-03
-3.99996e+00 3.39853e+00 2.10497e-03
-7.68032e-01 4.12287e-01 1.06425e-03
-8.28999e-01 4.40780e-01 1.10082e-03
-8.89958e-01 4.70812e-01 1.14000e-03
-9.50923e-01 5.02364e-01 1.18090e-03
-1.01191e+00 5.35420e-01 1.22286e-03
-1.07293e+00 5.69961e-01 1.26544e-03
-1.13401e+00 6.05975e-01 1.30827e-03
-1.19515e+00 6.43448e-01 1.35109e-03
-1.25637e+00 6.82368e-01 1.39370e-03
-1.31769e+00 7.22725e-01 1.43594e-03
-1.37912e+00 7.64508e-01 1.47769e-03
-1.44066e+00 8.07709e-01 1.51885e-03
-1.50235e+00 8.52322e-01 1.55933e-03
-1.56418e+00 8.98341e-01 1.59907e-03
-1.62617e+00 9.45760e-01 1.63801e-03
-1.68834e+00 9.94575e-01 1.67611e-03
-1.75069e+00 1.04478e+00 1.71332e-03
-1.81325e+00 1.09638e+00 1.74961e-03
-1.87602e+00 1.14938e+00 1.78493e-03
-1.93901e+00 1.20376e+00 1.81926e-03
-2.00225e+00 1.25953e+00 1.85256e-03
-2.06574e+00 1.31670e+00 1.88480e-03
-2.12949e+00 1.37526e+00 1.91595e-03
-2.19352e+00 1.43522e+00 1.94596e-03
-2.25784e+00 1.49659e+00 1.97482e-03
-2.32246e+00 1.55937e+00 2.00247e-03
-2.38740e+00 1.62356e+00 2.02888e-03
-2.45267e+00 1.68918e+00 2.05401e-03
-2.51828e+00 1.75623e+00 2.07781e-03
-2.58424e+00 1.82471e+00 2.10022e-03
-2.65058e+00 1.89465e+00 2.12121e-03
-2.71730e+00 1.96605e+00 2.14070e-03
-2.78441e+00 2.03892e+00 2.15864e-03
-2.85193e+00 2.11328e+00 2.17496e-03
-2.91988e+00 2.18913e+00 2.18957e-03
-2.98826e+00 2.26650e+00 2.20241e-03
-3.05709e+00 2.34539e+00 2.21337e-03
-3.12639e+00 2.42583e+00 2.22236e-03
-3.19618e+00 2.50782e+00 2.22927e-03
-3.26645e+00 2.59139e+00 2.23399e-03
-3.33724e+00 2.67656e+00 2.23637e-03
-3.40855e+00 2.76335e+00 2.23628e-03
-3.48041e+00 2.85177e+00 2.23356e-03
-3.55282e+00 2.94185e+00 2.22802e-03
-3.62581e+00 3.03361e+00 2.21948e-03
-3.69939e+00 3.12707e+00 2.20772e-03
-3.77358e+00 3.22226e+00 2.19250e-03
-3.84839e+00 3.31921e+00 2.17354e-03
-3.92385e+00 3.41794e+00 2.15055e-03
-3.99996e+00 3.51847e+00 2.12319e-03
-7.49842e-01 4.36403e-01 1.20344e-03
-8.09685e-01 4.66966e-01 1.22701e-03
-8.69588e-01 4.99044e-01 1.25539e-03
-9.29564e-01 5.32618e-01 1.28709e-03
-9.89628e-01 5.67670e-01 1.32107e-03
-1.04979e+00 6.04185e-01 1.35656e-03
-1.11008e+00 6.42148e-01 1.39302e-03
-1.17049e+00 6.81548e-01 1.43002e-03
-1.23105e+00 7.22373e-01 1.46726e-03
-1.29176e+00 7.64612e-01 1.50449e-03
-1.35264e+00 8.08257e-01 1.54154e-03
-1.41371e+00 8.53300e-01 1.57825e-03
-1.47498e+00 8.99734e-01 1.61452e-03
-1.53645e+00 9.47554e-01 1.65024e-03
-1.59814e+00 9.96755e-01 1.68535e-03
-1.66007e+00 1.04733e+00 1.71978e-03
-1.72225e+00 1.09929e+00 1.75349e-03
-1.78469e+00 1.15262e+00 1.78642e-03
-1.84740e+00 1.20732e+00 1.81854e-03
-1.91040e+00 1.26340e+00 1.84982e-03
-1.97369e+00 1.32085e+00 1.88021e-03
-2.03730e+00 1.37968e+00 1.90970e-03
-2.10123e+00 1.43990e+00 1.93824e-03
-2.16549e+00 1.50150e+00 1.96582e-03
-2.23011e+00 1.56449e+00 1.99238e-03
-2.29509e+00 1.62888e+00 2.01791e-03
-2.36044e+00 1.69468e+00 2.04237e-03
-2.42619e+00 1.76188e+00 2.06571e-03
-2.49233e+00 1.83051e+00 2.08791e-03
-2.55889e+00 1.90057e+00 2.10890e-03
-2.62588e+00 1.97208e+00 2.12865e-03
-2.69332e+00 2.04503e+00 2.14710e-03
-2.76121e+00 2.11945e+00 2.16419e-03
-2.82957e+00 2.19535e+00 2.17985e-03
-2.89841e+00 2.27274e+00 2.19402e-03
-2.96776e+00 2.35164e+00 2.20660e-03
-3.03762e+00 2.43206e+00 2.21752e-03
-3.10801e+00 2.51402e+00 2.22668e-03
-3.17895e+00 2.59754e+00 2.23395e-03
-3.25045e+00 2.68263e+00 2.23923e-03
-3.32253e+00 2.76932e+00 2.24236e-03
-3.39519e+00 2.85763e+00 2.24320e-03
-3.46847e+00 2.94758e+00 2.24157e-03
-3.54238e+00 3.03918e+00 2.23728e-03
-3.61693e+00 3.13247e+00 2.23010e-03
-3.69214e+00 3.22747e+00 2.21978e-03
-3.76803e+00 3.32421e+00 2.20604e-03
-3.84461e+00 3.42270e+00 2.18855e-03
-3.92192e+00 3.52299e+00 2.16694e-03
-3.99996e+00 3.62510e+00 2.14078e-03
-7.31294e-01 4.60147e-01 1.35166e-03
-7.89871e-01 4.92810e-01 1.36111e-03
-8.48585e-01 5.26947e-01 1.37797e-03
-9.07448e-01 5.62540e-01 1.40000e-03
-9.66475e-01 5.99574e-01 1.42567e-03
-1.02568e+00 6.38033e-01 1.45387e-03
-1.08507e+00 6.77904e-01 1.48380e-03
-1.14466e+00 7.19175e-01 1.51489e-03
-1.20447e+00 7.61836e-01 1.54670e-03
-1.26451e+00 8.05876e-01 1.57888e-03
-1.32478e+00 8.51289e-01 1.61119e-03
-1.38531e+00 8.98066e-01 1.64344e-03
-1.44610e+00 9.46203e-01 1.67546e-03
-1.50716e+00 9.95693e-01 1.70714e-03
-1.56852e+00 1.04653e+00 1.73838e-03
-1.63018e+00 1.09872e+00 1.76911e-03
-1.69214e+00 1.15226e+00 1.79925e-03
-1.75444e+00 1.20714e+00 1.82877e-03
-1.81707e+00 1.26337e+00 1.85762e-03
-1.88006e+00 1.32094e+00 1.88575e-03
-1.94340e+00 1.37987e+00 1.91314e-03
-2.00713e+00 1.44014e+00 1.93976e-03
-2.07124e+00 1.50178e+00 1.96557e-03
-2.13575e+00 1.56477e+00 1.99054e-03
-2.20067e+00 1.62914e+00 2.01466e-03
-2.26602e+00 1.69488e+00 2.03789e-03
-2.33182e+00 1.76200e+00 2.06019e-03
-2.39806e+00 1.83051e+00 2.08154e-03
-2.46477e+00 1.90042e+00 2.10191e-03
-2.53196e+00 1.97175e+00 2.12124e-03
-2.59965e+00 2.04449e+00 2.13951e-03
-2.66784e+00 2.11867e+00 2.15665e-03
-2.73656e+00 2.19430e+00 2.17263e-03
-2.80581e+00 2.27138e+00 2.18737e-03
-2.87561e+00 2.34995e+00 2.20081e-03
-2.94599e+00 2.43000e+00 2.21287e-03
-3.01694e+00 2.51156e+00 2.22347e-03
-3.08849e+00 2.59465e+00 2.23252e-03
-3.16066e+00 2.67928e+00 2.23989e-03
-3.23346e+00 2.76548e+00 2.24548e-03
-3.30690e+00 2.85325e+00 2.24912e-03
-3.38101e+00 2.94264e+00 2.25067e-03
-3.45580e+00 3.03365e+00 2.24993e-03
-3.53129e+00 3.12631e+00 2.24669e-03
-3.60750e+00 3.22065e+00 2.24070e-03
-3.68444e+00 3.31668e+00 2.23167e-03
-3.76214e+00 3.41445e+00 2.21926e-03
-3.84061e+00 3.51397e+00 2.20308e-03
-3.91988e+00 3.61527e+00 2.18267e-03
-3.99996e+00 3.71839e+00 2.15746e-03
-7.12409e-01 4.83490e-01 1.50886e-03
-7.69577e-01 5.18279e-01 1.50308e-03
-8.26969e-01 5.54488e-01 1.50767e-03
-8.84596e-01 5.92100e-01 1.51955e-03
-9.42469e-01 6.31099e-01 1.53658e-03
-1.00060e+00 6.71472e-01 1.55727e-03
-1.05900e+00 7.13207e-01 1.58054e-03
-1.11769e+00 7.56292e-01 1.60562e-03
-1.17666e+00 8.00719e-01 1.63192e-03
-1.23594e+00 8.46479e-01 1.65901e-03
-1.29554e+00 8.93565e-01 1.68656e-03
-1.35546e+00 9.41970e-01 1.71431e-03
-1.41572e+00 9.91691e-01 1.74207e-03
-1.47633e+00 1.04272e+00 1.76968e-03
-1.53731e+00 1.09506e+00 1.79702e-03
-1.59865e+00 1.14871e+00 1.82401e-03
-1.66039e+00 1.20366e+00 1.85056e-03
-1.72251e+00 1.25992e+00 1.87661e-03
-1.78505e+00 1.31748e+00 1.90211e-03
-1.84801e+00 1.37635e+00 1.92703e-03
-1.91140e+00 1.43654e+00 1.95132e-03
-1.97523e+00 1.49804e+00 1.97495e-03
-2.03952e+00 1.56086e+00 1.99791e-03
-2.10429e+00 1.62501e+00 2.02015e-03
-2.16953e+00 1.69050e+00 2.04166e-03
-2.23527e+00 1.75732e+00 2.06242e-03
-2.30152e+00 1.82549e+00 2.08239e-03
-2.36829e+00 1.89503e+00 2.10155e-03
-2.43560e+00 1.96593e+00 2.11987e-03
-2.50346e+00 2.03820e+00 2.13731e-03
-2.57188e+00 2.11188e+00 2.15385e-03
-2.64087e+00 2.18695e+00 2.16944e-03
-2.71046e+00 2.26344e+00 2.18403e-03
-2.78066e+00 2.34137e+00 2.19757e-03
-2.85148e+00 2.42074e+00 2.21000e-03
-2.92294e+00 2.50158e+00 2.22126e-03
-2.99505e+00 2.58389e+00 2.23125e-03
-3.06783e+00 2.66771e+00 2.23990e-03
-3.14130e+00 2.75304e+00 2.24710e-03
-3.21547e+00 2.83992e+00 2.25272e-03
-3.29037e+00 2.92835e+00 2.25661e-03
-3.36600e+00 3.01836e+00 2.25862e-03
-3.44239e+00 3.10998e+00 2.25855e-03
-3.51956e+00 3.20322e+00 2.25615e-03
-3.59752e+00 3.29812e+00 2.25117e-03
-3.67629e+00 3.39469e+00 2.24325e-03
-3.75591e+00 3.49298e+00 2.23201e-03
-3.83637e+00 3.59300e+00 2.21697e-03
-3.91772e+00 3.69478e+00 2.19752e-03
-3.99996e+00 3.79836e+00 2.17295e-03
-6.93208e-01 5.06405e-01 1.67501e-03
-7.48825e-01 5.43346e-01 1.65282e-03
-8.04762e-01 5.81638e-01 1.64441e-03
-8.61028e-01 6.21264e-01 1.64565e-03
-9.17633e-01 6.62211e-01 1.65372e-03
-9.74587e-01 7.04467e-01 1.66668e-03
-1.03190e+00 7.48021e-01 1.68314e-03
-1.08958e+00 7.92864e-01 1.70211e-03
-1.14764e+00 8.38988e-01 1.72284e-03
-1.20609e+00 8.86385e-01 1.74479e-03
-1.26494e+00 9.35049e-01 1.76753e-03
-1.32419e+00 9.84976e-01 1.79076e-03
-1.38387e+00 1.03616e+00 1.81423e-03
-1.44398e+00 1.08860e+00 1.83775e-03
-1.50452e+00 1.14230e+00 1.86117e-03
-1.56552e+00 1.19725e+00 1.88438e-03
-1.62698e+00 1.25345e+00 1.90729e-03
-1.68892e+00 1.31091e+00 1.92982e-03
-1.75134e+00 1.36963e+00 1.95193e-03
-1.81426e+00 1.42960e+00 1.97355e-03
-1.87768e+00 1.49084e+00 1.99466e-03
-1.94162e+00 1.55335e+00 2.01523e-03
-2.00610e+00 1.61713e+00 2.03521e-03
-2.07112e+00 1.68219e+00 2.05460e-03
-2.13669e+00 1.74854e+00 2.07337e-03
-2.20284e+00 1.81619e+00 2.09150e-03
-2.26957e+00 1.88514e+00 2.10896e-03
-2.33689e+00 1.95541e+00 2.12574e-03
-2.40482e+00 2.02700e+00 2.14180e-03
-2.47338e+00 2.09993e+00 2.15714e-03
-2.54257e+00 2.17421e+00 2.17171e-03
-2.61242e+00 2.24985e+00 2.18549e-03
-2.68293e+00 2.32687e+00 2.19843e-03
-2.75412e+00 2.40529e+00 2.21050e-03
-2.82601e+00 2.48511e+00 2.22164e-03
-2.89862e+00 2.56635e+00 2.23180e-03
-2.97195e+00 2.64904e+00 2.24089e-03
-3.04603e+00 2.73319e+00 2.24885e-03
-3.12088e+00 2.81882e+00 2.25557e-03
-3.19650e+00 2.90595e+00 2.26094e-03
-3.27293e+00 2.99460e+00 2.26481e-03
-3.35017e+00 3.08479e+00 2.26703e-03
-3.42825e+00 3.17656e+00 2.26738e-03
-3.50718e+00 3.26991e+00 2.26562e-03
-3.58700e+00 3.36489e+00 2.26145e-03
-3.66771e+00 3.46151e+00 2.25448e-03
-3.74934e+00 3.55980e+00 2.24425e-03
-3.83191e+00 3.65979e+00 2.23015e-03
-3.91544e+00 3.76151e+00 2.21141e-03
-3.99996e+00 3.86500e+00 2.18701e-03
-6.73715e-01 5.28865e-01 1.85003e-03
-7.27639e-01 5.67983e-01 1.81024e-03
-7.81988e-01 6.08366e-01 1.78810e-03
-8.36769e-01 6.50001e-01 1.77821e-03
-8.91990e-01 6.92878e-01 1.77700e-03
-9.47658e-01 7.36985e-01 1.78201e-03
-1.00378e+00 7.82314e-01 1.79151e-03
-1.06037e+00 8.28856e-01 1.80425e-03
-1.11743e+00 8.76606e-01 1.81934e-03
-1.17497e+00 9.25557e-01 1.83609e-03
-1.23300e+00 9.75706e-01 1.85399e-03
-1.29153e+00 1.02705e+00 1.87266e-03
-1.35056e+00 1.07958e+00 1.89181e-03
-1.41011e+00 1.13330e+00 1.91121e-03
-1.47019e+00 1.18822e+00 1.93068e-03
-1.53080e+00 1.24432e+00 1.95009e-03
-1.59196e+00 1.30161e+00 1.96932e-03
-1.65367e+00 1.36009e+00 1.98830e-03
-1.71596e+00 1.41977e+00 2.00695e-03
-1.77881e+00 1.48066e+00 2.02522e-03
-1.84226e+00 1.54274e+00 2.04308e-03
-1.90631e+00 1.60604e+00 2.06049e-03
-1.97097e+00 1.67055e+00 2.07741e-03
-2.03625e+00 1.73628e+00 2.09383e-03
-2.10217e+00 1.80325e+00 2.10973e-03
-2.16873e+00 1.87146e+00 2.12509e-03
-2.23596e+00 1.94092e+00 2.13988e-03
-2.30386e+00 2.01164e+00 2.15410e-03
-2.37245e+00 2.08363e+00 2.16773e-03
-2.44173e+00 2.15691e+00 2.18075e-03
-2.51174e+00 2.23148e+00 2.19313e-03
-2.58247e+00 2.30737e+00 2.20486e-03
-2.65395e+00 2.38458e+00 2.21590e-03
-2.72620e+00 2.46313e+00 2.22622e-03
-2.79921e+00 2.54304e+00 2.23579e-03
-2.87302e+00 2.62432e+00 2.24455e-03
-2.94764e+00 2.70699e+00 2.25244e-03
-3.02309e+00 2.79108e+00 2.25941e-03
-3.09938e+00 2.87659e+00 2.26535e-03
-3.17654e+00 2.96356e+00 2.27017e-03
-3.25457e+00 3.05200e+00 2.27374e-03
-3.33351e+00 3.14194e+00 2.27589e-03
-3.41337e+00 3.23339e+00 2.27643e-03
-3.49417e+00 3.32639e+00 2.27510e-03
-3.57593e+00 3.42096e+00 2.27157e-03
-3.65868e+00 3.51712e+00 2.26540e-03
-3.74243e+00 3.61491e+00 2.25604e-03
-3.82721e+00 3.71435e+00 2.24272e-03
-3.91304e+00 3.81547e+00 2.22436e-03
-3.99996e+00 3.91831e+00 2.19947e-03
-6.53955e-01 5.50845e-01 2.03381e-03
-7.06044e-01 5.92161e-01 1.97526e-03
-7.58673e-01 6.34644e-01 1.93864e-03
-8.11845e-01 6.78283e-01 1.91715e-03
-8.65566e-01 7.23069e-01 1.90634e-03
-9.19841e-01 7.68994e-01 1.90317e-03
-9.74676e-01 8.16052e-01 1.90555e-03
-1.03008e+00 8.64236e-01 1.91196e-03
-1.08605e+00 9.13541e-01 1.92131e-03
-1.14260e+00 9.63964e-01 1.93279e-03
-1.19974e+00 1.01550e+00 1.94580e-03
-1.25748e+00 1.06815e+00 1.95988e-03
-1.31581e+00 1.12191e+00 1.97468e-03
-1.37476e+00 1.17679e+00 1.98992e-03
-1.43432e+00 1.23278e+00 2.00541e-03
-1.49450e+00 1.28988e+00 2.02098e-03
-1.55533e+00 1.34810e+00 2.03650e-03
-1.61679e+00 1.40743e+00 2.05188e-03
-1.67892e+00 1.46790e+00 2.06703e-03
-1.74170e+00 1.52949e+00 2.08191e-03
-1.80516e+00 1.59221e+00 2.09645e-03
-1.86930e+00 1.65608e+00 2.11062e-03
-1.93415e+00 1.72109e+00 2.12440e-03
-1.99969e+00 1.78727e+00 2.13775e-03
-2.06596e+00 1.85460e+00 2.15067e-03
-2.13296e+00 1.92311e+00 2.16313e-03
-2.20070e+00 1.99281e+00 2.17512e-03
-2.26920e+00 2.06370e+00 2.18663e-03
-2.33848e+00 2.13580e+00 2.19764e-03
-2.40853e+00 2.20912e+00 2.20815e-03
-2.47938e+00 2.28367e+00 2.21813e-03
-2.55105e+00 2.35947e+00 2.22758e-03
-2.62355e+00 2.43654e+00 2.23648e-03
-2.69689e+00 2.51488e+00 2.24480e-03
-2.77109e+00 2.59452e+00 2.25251e-03
-2.84616e+00 2.67546e+00 2.25959e-03
-2.92213e+00 2.75774e+00 2.26599e-03
-2.99901e+00 2.84137e+00 2.27165e-03
-3.07682e+00 2.92637e+00 2.27651e-03
-3.15559e+00 3.01275e+00 2.28049e-03
-3.23531e+00 3.10055e+00 2.28346e-03
-3.31603e+00 3.18978e+00 2.28529e-03
-3.39776e+00 3.28047e+00 2.28579e-03
-3.48051e+00 3.37264e+00 2.28470e-03
-3.56432e+00 3.46632e+00 2.28168e-03
-3.64920e+00 3.56154e+00 2.27624e-03
-3.73518e+00 3.65831e+00 2.26771e-03
-3.82228e+00 3.75667e+00 2.25506e-03
-3.91053e+00 3.85666e+00 2.23672e-03
-3.99996e+00 3.95829e+00 2.21015e-03
-6.33953e-01 5.72322e-01 2.22620e-03
-6.84067e-01 6.15855e-01 2.14773e-03
-7.34844e-01 6.60443e-01 2.09592e-03
-7.86283e-01 7.06078e-01 2.06237e-03
-8.38389e-01 7.52754e-01 2.04163e-03
-8.91164e-01 8.00464e-01 2.03007e-03
-9.44611e-01 8.49204e-01 2.02516e-03
-9.98733e-01 8.98970e-01 2.02511e-03
-1.05354e+00 9.49760e-01 2.02864e-03
-1.10902e+00 1.00157e+00 2.03478e-03
-1.16520e+00 1.05441e+00 2.04284e-03
-1.22208e+00 1.10826e+00 2.05227e-03
-1.27965e+00 1.16313e+00 2.06267e-03
-1.33794e+00 1.21903e+00 2.07373e-03
-1.39693e+00 1.27595e+00 2.08520e-03
-1.45666e+00 1.33390e+00 2.09690e-03
-1.51711e+00 1.39289e+00 2.10867e-03
-1.57830e+00 1.45290e+00 2.12041e-03
-1.64024e+00 1.51396e+00 2.13202e-03
-1.70293e+00 1.57607e+00 2.14345e-03
-1.76639e+00 1.63923e+00 2.15462e-03
-1.83062e+00 1.70346e+00 2.16550e-03
-1.89565e+00 1.76875e+00 2.17606e-03
-1.96146e+00 1.83512e+00 2.18626e-03
-2.02809e+00 1.90257e+00 2.19611e-03
-2.09554e+00 1.97113e+00 2.20556e-03
-2.16381e+00 2.04079e+00 2.21463e-03
-2.23294e+00 2.11158e+00 2.22329e-03
-2.30292e+00 2.18349e+00 2.23153e-03
-2.37377e+00 2.25655e+00 2.23936e-03
-2.44551e+00 2.33077e+00 2.24676e-03
-2.51815e+00 2.40617e+00 2.25373e-03
-2.59171e+00 2.48275e+00 2.26026e-03
-2.66620e+00 2.56053e+00 2.26633e-03
-2.74163e+00 2.63954e+00 2.27194e-03
-2.81803e+00 2.71978e+00 2.27706e-03
-2.89542e+00 2.80129e+00 2.28167e-03
-2.97380e+00 2.88406e+00 2.28573e-03
-3.05320e+00 2.96813e+00 2.28921e-03
-3.13365e+00 3.05352e+00 2.29204e-03
-3.21515e+00 3.14025e+00 2.29414e-03
-3.29773e+00 3.22833e+00 2.29541e-03
-3.38141e+00 3.31780e+00 2.29567e-03
-3.46621e+00 3.40867e+00 2.29472e-03
-3.55216e+00 3.50098e+00 2.29222e-03
-3.63928e+00 3.59475e+00 2.28765e-03
-3.72759e+00 3.69000e+00 2.28021e-03
-3.81713e+00 3.78676e+00 2.26849e-03
-3.90790e+00 3.88507e+00 2.24988e-03
-3.99995e+00 3.98495e+00 2.21893e-03
-6.13736e-01 5.93273e-01 2.42703e-03
-6.61737e-01 6.39041e-01 2.32751e-03
-7.10530e-01 6.85739e-01 2.25983e-03
-7.60116e-01 7.33361e-01 2.21377e-03
-8.10491e-01 7.81903e-01 2.18280e-03
-8.61658e-01 8.31363e-01 2.16262e-03
-9.13617e-01 8.81739e-01 2.15025e-03
-9.66368e-01 9.33029e-01 2.14362e-03
-1.01991e+00 9.85233e-01 2.14121e-03
-1.07426e+00 1.03835e+00 2.14193e-03
-1.12940e+00 1.09239e+00 2.14497e-03
-1.18535e+00 1.14734e+00 2.14970e-03
-1.24211e+00 1.20321e+00 2.15565e-03
-1.29968e+00 1.26000e+00 2.16247e-03
-1.35807e+00 1.31772e+00 2.16988e-03
-1.41728e+00 1.37637e+00 2.17767e-03
-1.47733e+00 1.43595e+00 2.18566e-03
-1.53821e+00 1.49648e+00 2.19372e-03
-1.59994e+00 1.55796e+00 2.20176e-03
-1.66252e+00 1.62039e+00 2.20969e-03
-1.72597e+00 1.68378e+00 2.21744e-03
-1.79028e+00 1.74814e+00 2.22498e-03
-1.85548e+00 1.81349e+00 2.23226e-03
-1.92157e+00 1.87982e+00 2.23926e-03
-1.98856e+00 1.94715e+00 2.24595e-03
-2.05647e+00 2.01549e+00 2.25232e-03
-2.12530e+00 2.08486e+00 2.25836e-03
-2.19507e+00 2.15525e+00 2.26407e-03
-2.26579e+00 2.22670e+00 2.26942e-03
-2.33747e+00 2.29920e+00 2.27443e-03
-2.41013e+00 2.37277e+00 2.27909e-03
-2.48378e+00 2.44743e+00 2.28341e-03
-2.55844e+00 2.52320e+00 2.28737e-03
-2.63413e+00 2.60008e+00 2.29098e-03
-2.71086e+00 2.67810e+00 2.29425e-03
-2.78864e+00 2.75727e+00 2.29716e-03
-2.86750e+00 2.83762e+00 2.29972e-03
-2.94745e+00 2.91915e+00 2.30191e-03
-3.02852e+00 3.00189e+00 2.30373e-03
-3.11072e+00 3.08586e+00 2.30515e-03
-3.19407e+00 3.17109e+00 2.30614e-03
-3.27860e+00 3.25758e+00 2.30666e-03
-3.36433e+00 3.34537e+00 2.30663e-03
-3.45127e+00 3.43448e+00 2.30593e-03
-3.53946e+00 3.52494e+00 2.30437e-03
-3.62892e+00 3.61676e+00 2.30156e-03
-3.71967e+00 3.70998e+00 2.29679e-03
-3.81174e+00 3.80462e+00 2.28840e-03
-3.90516e+00 3.90071e+00 2.27167e-03
-3.99995e+00 3.99828e+00 2.22571e-03
-5.93283e-01 6.13726e-01 2.60483e-03
-6.39053e-01 6.61726e-01 2.49240e-03
-6.85751e-01 7.10518e-01 2.41416e-03
-7.33374e-01 7.60103e-01 2.35918e-03
-7.81917e-01 8.10478e-01 2.32050e-03
-8.31378e-01 8.61643e-01 2.29350e-03
-8.81755e-01 9.13601e-01 2.27500e-03
-9.33046e-01 9.66351e-01 2.26276e-03
-9.85250e-01 1.01990e+00 2.25518e-03
-1.03837e+00 1.07424e+00 2.25106e-03
-1.09240e+00 1.12938e+00 2.24954e-03
-1.14736e+00 1.18533e+00 2.24994e-03
-1.20323e+00 1.24209e+00 2.25175e-03
-1.26002e+00 1.29966e+00 2.25459e-03
-1.31774e+00 1.35805e+00 2.25815e-03
-1.37639e+00 1.41726e+00 2.26219e-03
-1.43598e+00 1.47731e+00 2.26654e-03
-1.49650e+00 1.53819e+00 2.27103e-03
-1.55798e+00 1.59992e+00 2.27557e-03
-1.62041e+00 1.66250e+00 2.28006e-03
-1.68380e+00 1.72595e+00 2.28443e-03
-1.74817e+00 1.79026e+00 2.28862e-03
-1.81351e+00 1.85546e+00 2.29259e-03
-1.87984e+00 1.92155e+00 2.29630e-03
-1.94717e+00 1.98854e+00 2.29973e-03
-2.01551e+00 2.05645e+00 2.30286e-03
-2.08488e+00 2.12528e+00 2.30566e-03
-2.15527e+00 2.19505e+00 2.30814e-03
-2.22672e+00 2.26577e+00 2.31027e-03
-2.29922e+00 2.33745e+00 2.31205e-03
-2.37279e+00 2.41011e+00 2.31347e-03
-2.44745e+00 2.48376e+00 2.31453e-03
-2.52322e+00 2.55843e+00 2.31521e-03
-2.60010e+00 2.63411e+00 2.31552e-03
-2.67812e+00 2.71084e+00 2.31543e-03
-2.75729e+00 2.78863e+00 2.31494e-03
-2.83763e+00 2.86749e+00 2.31403e-03
-2.91917e+00 2.94744e+00 2.31266e-03
-3.00191e+00 3.02851e+00 2.31081e-03
-3.08588e+00 3.11071e+00 2.30841e-03
-3.17110e+00 3.19406e+00 2.30539e-03
-3.25759e+00 3.27859e+00 2.30164e-03
-3.34538e+00 3.36432e+00 2.29699e-03
-3.43449e+00 3.45126e+00 2.29115e-03
-3.52495e+00 3.53945e+00 2.28368e-03
-3.61677e+00 3.62891e+00 2.27375e-03
-3.70998e+00 3.71967e+00 2.25977e-03
-3.80462e+00 3.81174e+00 2.23808e-03
-3.90072e+00 3.90516e+00 2.19830e-03
-3.99829e+00 3.99995e+00 2.09449e-03
-5.72332e-01 6.33943e-01 2.75460e-03
-6.15867e-01 6.84056e-01 2.63809e-03
-6.60456e-01 7.34831e-01 2.55491e-03
-7.06092e-01 7.86270e-01 2.49471e-03
-7.52768e-01 8.38375e-01 2.45081e-03
-8.00479e-01 8.91148e-01 2.41870e-03
-8.49220e-01 9.44594e-01 2.39525e-03
-8.98987e-01 9.98716e-01 2.37826e-03
-9.49778e-01 1.05352e+00 2.36611e-03
-1.00159e+00 1.10901e+00 2.35760e-03
-1.05442e+00 1.16518e+00 2.35183e-03
-1.10828e+00 1.22206e+00 2.34813e-03
-1.16315e+00 1.27963e+00 2.34598e-03
-1.21905e+00 1.33791e+00 2.34496e-03
-1.27597e+00 1.39691e+00 2.34477e-03
-1.33393e+00 1.45663e+00 2.34515e-03
-1.39291e+00 1.51709e+00 2.34591e-03
-1.45293e+00 1.57828e+00 2.34690e-03
-1.51399e+00 1.64021e+00 2.34798e-03
-1.57609e+00 1.70291e+00 2.34906e-03
-1.63926e+00 1.76637e+00 2.35006e-03
-1.70348e+00 1.83060e+00 2.35092e-03
-1.76877e+00 1.89562e+00 2.35158e-03
-1.83514e+00 1.96144e+00 2.35201e-03
-1.90260e+00 2.02807e+00 2.35217e-03
-1.97115e+00 2.09552e+00 2.35203e-03
-2.04082e+00 2.16379e+00 2.35157e-03
-2.11160e+00 2.23292e+00 2.35077e-03
-2.18351e+00 2.30290e+00 2.34962e-03
-2.25658e+00 2.37375e+00 2.34809e-03
-2.33079e+00 2.44549e+00 2.34618e-03
-2.40619e+00 2.51813e+00 2.34386e-03
-2.48277e+00 2.59169e+00 2.34112e-03
-2.56055e+00 2.66618e+00 2.33794e-03
-2.63956e+00 2.74162e+00 2.33430e-03
-2.71980e+00 2.81802e+00 2.33017e-03
-2.80131e+00 2.89540e+00 2.32551e-03
-2.88408e+00 2.97379e+00 2.32028e-03
-2.96815e+00 3.05319e+00 2.31441e-03
-3.05354e+00 3.13363e+00 2.30784e-03
-3.14026e+00 3.21514e+00 2.30044e-03
-3.22835e+00 3.29772e+00 2.29209e-03
-3.31782e+00 3.38140e+00 2.28259e-03
-3.40869e+00 3.46620e+00 2.27164e-03
-3.50100e+00 3.55216e+00 2.25884e-03
-3.59476e+00 3.63928e+00 2.24354e-03
-3.69001e+00 3.72759e+00 2.22472e-03
-3.78678e+00 3.81712e+00 2.20063e-03
-3.88508e+00 3.90790e+00 2.16800e-03
-3.98496e+00 3.99995e+00 2.12004e-03
-5.50856e-01 6.53945e-01 2.90689e-03
-5.92173e-01 7.06033e-01 2.78588e-03
-6.34656e-01 7.58659e-01 2.69732e-03
-6.78296e-01 8.11830e-01 2.63146e-03
-7.23084e-01 8.65549e-01 2.58190e-03
-7.69010e-01 9.19823e-01 2.54427e-03
-8.16068e-01 9.74657e-01 2.51549e-03
-8.64253e-01 1.03006e+00 2.49338e-03
-9.13559e-01 1.08603e+00 2.47631e-03
-9.63983e-01 1.14258e+00 2.46308e-03
-1.01552e+00 1.19972e+00 2.45278e-03
-1.06817e+00 1.25745e+00 2.44473e-03
-1.12194e+00 1.31579e+00 2.43837e-03
-1.17681e+00 1.37473e+00 2.43330e-03
-1.23280e+00 1.43429e+00 2.42917e-03
-1.28990e+00 1.49448e+00 2.42574e-03
-1.34812e+00 1.55530e+00 2.42279e-03
-1.40746e+00 1.61677e+00 2.42016e-03
-1.46792e+00 1.67889e+00 2.41770e-03
-1.52951e+00 1.74168e+00 2.41533e-03
-1.59224e+00 1.80514e+00 2.41294e-03
-1.65610e+00 1.86928e+00 2.41048e-03
-1.72112e+00 1.93412e+00 2.40787e-03
-1.78729e+00 1.99967e+00 2.40509e-03
-1.85463e+00 2.06594e+00 2.40207e-03
-1.92314e+00 2.13294e+00 2.39881e-03
-1.99283e+00 2.20068e+00 2.39526e-03
-2.06373e+00 2.26918e+00 2.39140e-03
-2.13583e+00 2.33845e+00 2.38722e-03
-2.20915e+00 2.40851e+00 2.38270e-03
-2.28370e+00 2.47936e+00 2.37782e-03
-2.35950e+00 2.55103e+00 2.37255e-03
-2.43656e+00 2.62353e+00 2.36690e-03
-2.51490e+00 2.69687e+00 2.36082e-03
-2.59454e+00 2.77107e+00 2.35431e-03
-2.67549e+00 2.84615e+00 2.34734e-03
-2.75777e+00 2.92212e+00 2.33987e-03
-2.84139e+00 2.99900e+00 2.33188e-03
-2.92639e+00 3.07681e+00 2.32330e-03
-3.01277e+00 3.15557e+00 2.31409e-03
-3.10057e+00 3.23530e+00 2.30416e-03
-3.18980e+00 3.31602e+00 2.29343e-03
-3.28049e+00 3.39775e+00 2.28175e-03
-3.37266e+00 3.48050e+00 2.26897e-03
-3.46634e+00 3.56431e+00 2.25485e-03
-3.56155e+00 3.64920e+00 2.23907e-03
-3.65833e+00 3.73518e+00 2.22116e-03
-3.75669e+00 3.82228e+00 2.20043e-03
-3.85668e+00 3.91053e+00 2.17583e-03
-3.95831e+00 3.99996e+00 2.14565e-03
-5.28876e-01 6.73706e-01 3.06274e-03
-5.67995e-01 7.27627e-01 2.93648e-03
-6.08379e-01 7.81974e-01 2.84189e-03
-6.50015e-01 8.36752e-01 2.76978e-03
-6.92893e-01 8.91971e-01 2.71401e-03
-7.37001e-01 9.47638e-01 2.67035e-03
-7.82331e-01 1.00376e+00 2.63577e-03
-8.28874e-01 1.06035e+00 2.60811e-03
-8.76624e-01 1.11740e+00 2.58575e-03
-9.25576e-01 1.17494e+00 2.56746e-03
-9.75725e-01 1.23297e+00 2.55234e-03
-1.02707e+00 1.29150e+00 2.53965e-03
-1.07960e+00 1.35053e+00 2.52886e-03
-1.13332e+00 1.41008e+00 2.51953e-03
-1.18824e+00 1.47016e+00 2.51130e-03
-1.24434e+00 1.53077e+00 2.50391e-03
-1.30163e+00 1.59193e+00 2.49714e-03
-1.36012e+00 1.65364e+00 2.49080e-03
-1.41980e+00 1.71593e+00 2.48476e-03
-1.48068e+00 1.77879e+00 2.47891e-03
-1.54277e+00 1.84223e+00 2.47314e-03
-1.60606e+00 1.90628e+00 2.46737e-03
-1.67057e+00 1.97094e+00 2.46156e-03
-1.73631e+00 2.03622e+00 2.45564e-03
-1.80328e+00 2.10214e+00 2.44957e-03
-1.87149e+00 2.16871e+00 2.44332e-03
-1.94095e+00 2.23593e+00 2.43686e-03
-2.01167e+00 2.30383e+00 2.43016e-03
-2.08366e+00 2.37242e+00 2.42321e-03
-2.15694e+00 2.44171e+00 2.41597e-03
-2.23151e+00 2.51172e+00 2.40845e-03
-2.30739e+00 2.58245e+00 2.40061e-03
-2.38460e+00 2.65393e+00 2.39245e-03
-2.46315e+00 2.72618e+00 2.38396e-03
-2.54306e+00 2.79919e+00 2.37510e-03
-2.62434e+00 2.87301e+00 2.36588e-03
-2.70702e+00 2.94763e+00 2.35627e-03
-2.79110e+00 3.02308e+00 2.34624e-03
-2.87662e+00 3.09937e+00 2.33577e-03
-2.96359e+00 3.17652e+00 2.32483e-03
-3.05203e+00 3.25456e+00 2.31338e-03
-3.14196e+00 3.33350e+00 2.30135e-03
-3.23342e+00 3.41336e+00 2.28870e-03
-3.32641e+00 3.49416e+00 2.27535e-03
-3.42098e+00 3.57592e+00 2.26117e-03
-3.51715e+00 3.65867e+00 2.24605e-03
-3.61493e+00 3.74242e+00 2.22980e-03
-3.71437e+00 3.82721e+00 2.21217e-03
-3.81550e+00 3.91304e+00 2.19282e-03
-3.91833e+00 3.99996e+00 2.17126e-03
-5.06416e-01 6.93199e-01 3.22301e-03
-5.43359e-01 7.48812e-01 3.09053e-03
-5.81651e-01 8.04746e-01 2.98907e-03
-6.21278e-01 8.61009e-01 2.90996e-03
-6.62226e-01 9.17611e-01 2.84732e-03
-7.04483e-01 9.74563e-01 2.79703e-03
-7.48038e-01 1.03187e+00 2.75614e-03
-7.92882e-01 1.08955e+00 2.72246e-03
-8.39006e-01 1.14761e+00 2.69438e-03
-8.86404e-01 1.20606e+00 2.67068e-03
-9.35069e-01 1.26490e+00 2.65040e-03
-9.84997e-01 1.32416e+00 2.63281e-03
-1.03618e+00 1.38384e+00 2.61735e-03
-1.08863e+00 1.44394e+00 2.60355e-03
-1.14232e+00 1.50449e+00 2.59106e-03
-1.19727e+00 1.56549e+00 2.57958e-03
-1.25348e+00 1.62695e+00 2.56889e-03
-1.31094e+00 1.68888e+00 2.55878e-03
-1.36965e+00 1.75130e+00 2.54912e-03
-1.42963e+00 1.81422e+00 2.53977e-03
-1.49087e+00 1.87764e+00 2.53064e-03
-1.55337e+00 1.94159e+00 2.52163e-03
-1.61716e+00 2.00606e+00 2.51268e-03
-1.68222e+00 2.07108e+00 2.50373e-03
-1.74857e+00 2.13666e+00 2.49474e-03
-1.81622e+00 2.20281e+00 2.48566e-03
-1.88517e+00 2.26954e+00 2.47647e-03
-1.95544e+00 2.33686e+00 2.46714e-03
-2.02703e+00 2.40479e+00 2.45764e-03
-2.09996e+00 2.47335e+00 2.44797e-03
-2.17424e+00 2.54255e+00 2.43809e-03
-2.24988e+00 2.61239e+00 2.42801e-03
-2.32690e+00 2.68290e+00 2.41771e-03
-2.40532e+00 2.75410e+00 2.40718e-03
-2.48514e+00 2.82599e+00 2.39641e-03
-2.56638e+00 2.89860e+00 2.38540e-03
-2.64907e+00 2.97193e+00 2.37413e-03
-2.73322e+00 3.04601e+00 2.36259e-03
-2.81885e+00 3.12086e+00 2.35078e-03
-2.90598e+00 3.19649e+00 2.33869e-03
-2.99463e+00 3.27291e+00 2.32629e-03
-3.08482e+00 3.35016e+00 2.31359e-03
-3.17659e+00 3.42824e+00 2.30054e-03
-3.26994e+00 3.50718e+00 2.28714e-03
-3.36492e+00 3.58699e+00 2.27336e-03
-3.46154e+00 3.66770e+00 2.25915e-03
-3.55983e+00 3.74933e+00 2.24446e-03
-3.65982e+00 3.83190e+00 2.22925e-03
-3.76154e+00 3.91544e+00 2.21342e-03
-3.86503e+00 3.99996e+00 2.19687e-03
-4.83501e-01 7.12399e-01 3.38845e-03
-5.18292e-01 7.69563e-01 3.24857e-03
-5.54502e-01 8.26951e-01 3.13923e-03
-5.92114e-01 8.84574e-01 3.05225e-03
-6.31114e-01 9.42444e-01 2.98198e-03
-6.71488e-01 1.00057e+00 2.92439e-03
-7.13224e-01 1.05897e+00 2.87658e-03
-7.56310e-01 1.11765e+00 2.83637e-03
-8.00738e-01 1.17663e+00 2.80213e-03
-8.46499e-01 1.23590e+00 2.77260e-03
-8.93585e-01 1.29550e+00 2.74683e-03
-9.41992e-01 1.35542e+00 2.72406e-03
-9.91713e-01 1.41568e+00 2.70368e-03
-1.04274e+00 1.47629e+00 2.68523e-03
-1.09508e+00 1.53726e+00 2.66832e-03
-1.14873e+00 1.59861e+00 2.65264e-03
-1.20368e+00 1.66034e+00 2.63794e-03
-1.25994e+00 1.72247e+00 2.62402e-03
-1.31751e+00 1.78501e+00 2.61071e-03
-1.37638e+00 1.84797e+00 2.59789e-03
-1.43657e+00 1.91136e+00 2.58542e-03
-1.49807e+00 1.97519e+00 2.57323e-03
-1.56089e+00 2.03948e+00 2.56124e-03
-1.62504e+00 2.10425e+00 2.54938e-03
-1.69053e+00 2.16949e+00 2.53760e-03
-1.75735e+00 2.23523e+00 2.52586e-03
-1.82552e+00 2.30149e+00 2.51413e-03
-1.89506e+00 2.36826e+00 2.50237e-03
-1.96596e+00 2.43557e+00 2.49057e-03
-2.03824e+00 2.50342e+00 2.47871e-03
-2.11191e+00 2.57185e+00 2.46677e-03
-2.18698e+00 2.64084e+00 2.45474e-03
-2.26348e+00 2.71044e+00 2.44261e-03
-2.34140e+00 2.78064e+00 2.43038e-03
-2.42077e+00 2.85146e+00 2.41805e-03
-2.50161e+00 2.92292e+00 2.40561e-03
-2.58393e+00 2.99503e+00 2.39306e-03
-2.66774e+00 3.06781e+00 2.38040e-03
-2.75308e+00 3.14129e+00 2.36764e-03
-2.83995e+00 3.21546e+00 2.35478e-03
-2.92838e+00 3.29036e+00 2.34183e-03
-3.01839e+00 3.36599e+00 2.32878e-03
-3.11001e+00 3.44238e+00 2.31566e-03
-3.20326e+00 3.51955e+00 2.30246e-03
-3.29815e+00 3.59751e+00 2.28921e-03
-3.39473e+00 3.67629e+00 2.27590e-03
-3.49301e+00 3.75590e+00 2.26255e-03
-3.59303e+00 3.83637e+00 2.24919e-03
-3.69481e+00 3.91772e+00 2.23583e-03
-3.79839e+00 3.99996e+00 2.22249e-03
-4.60158e-01 7.31285e-01 3.55972e-03
-4.92822e-01 7.89856e-01 3.41107e-03
-5.26960e-01 8.48565e-01 3.29269e-03
-5.62555e-01 9.07423e-01 3.19685e-03
-5.99589e-01 9.66446e-01 3.11808e-03
-6.38049e-01 1.02564e+00 3.05245e-03
-6.77921e-01 1.08503e+00 2.99706e-03
-7.19194e-01 1.14462e+00 2.94975e-03
-7.61855e-01 1.20443e+00 2.90886e-03
-8.05896e-01 1.26446e+00 2.87311e-03
-8.51310e-01 1.32473e+00 2.84149e-03
-8.98088e-01 1.38526e+00 2.81324e-03
-9.46225e-01 1.44605e+00 2.78771e-03
-9.95717e-01 1.50711e+00 2.76440e-03
-1.04656e+00 1.56847e+00 2.74292e-03
-1.09875e+00 1.63012e+00 2.72292e-03
-1.15228e+00 1.69209e+00 2.70415e-03
-1.20717e+00 1.75439e+00 2.68638e-03
-1.26339e+00 1.81702e+00 2.66943e-03
-1.32097e+00 1.88001e+00 2.65315e-03
-1.37989e+00 1.94336e+00 2.63742e-03
-1.44017e+00 2.00708e+00 2.62213e-03
-1.50181e+00 2.07119e+00 2.60720e-03
-1.56480e+00 2.13570e+00 2.59256e-03
-1.62917e+00 2.20063e+00 2.57815e-03
-1.69491e+00 2.26598e+00 2.56393e-03
-1.76203e+00 2.33177e+00 2.54985e-03
-1.83054e+00 2.39802e+00 2.53589e-03
-1.90046e+00 2.46473e+00 2.52201e-03
-1.97178e+00 2.53193e+00 2.50821e-03
-2.04452e+00 2.59961e+00 2.49446e-03
-2.11870e+00 2.66781e+00 2.48075e-03
-2.19433e+00 2.73653e+00 2.46709e-03
-2.27142e+00 2.80578e+00 2.45346e-03
-2.34998e+00 2.87559e+00 2.43986e-03
-2.43004e+00 2.94596e+00 2.42629e-03
-2.51160e+00 3.01692e+00 2.41277e-03
-2.59469e+00 3.08847e+00 2.39930e-03
-2.67932e+00 3.16064e+00 2.38588e-03
-2.76551e+00 3.23344e+00 2.37253e-03
-2.85329e+00 3.30689e+00 2.35927e-03
-2.94268e+00 3.38100e+00 2.34612e-03
-3.03369e+00 3.45579e+00 2.33309e-03
-3.12635e+00 3.53128e+00 2.32021e-03
-3.22069e+00 3.60749e+00 2.30751e-03
-3.31672e+00 3.68443e+00 2.29502e-03
-3.41449e+00 3.76213e+00 2.28279e-03
-3.51401e+00 3.84061e+00 2.27085e-03
-3.61531e+00 3.91988e+00 2.25927e-03
-3.71843e+00 3.99996e+00 2.24810e-03
-4.36415e-01 7.49833e-01 3.73734e-03
-4.66979e-01 8.09669e-01 3.57840e-03
-4.99058e-01 8.69565e-01 3.44972e-03
-5.32632e-01 9.29536e-01 3.34390e-03
-5.67685e-01 9.89595e-01 3.25568e-03
-6.04201e-01 1.04976e+00 3.18118e-03
-6.42166e-01 1.11004e+00 3.11751e-03
-6.81567e-01 1.17044e+00 3.06249e-03
-7.22393e-01 1.23100e+00 3.01442e-03
-7.64633e-01 1.29171e+00 2.97199e-03
-8.08279e-01 1.35259e+00 2.93417e-03
-8.53322e-01 1.41366e+00 2.90013e-03
-8.99757e-01 1.47492e+00 2.86920e-03
-9.47578e-01 1.53639e+00 2.84086e-03
-9.96779e-01 1.59808e+00 2.81466e-03
-1.04736e+00 1.66001e+00 2.79026e-03
-1.09931e+00 1.72219e+00 2.76736e-03
-1.15264e+00 1.78463e+00 2.74572e-03
-1.20735e+00 1.84734e+00 2.72514e-03
-1.26343e+00 1.91034e+00 2.70546e-03
-1.32088e+00 1.97363e+00 2.68653e-03
-1.37971e+00 2.03724e+00 2.66825e-03
-1.43993e+00 2.10117e+00 2.65051e-03
-1.50153e+00 2.16544e+00 2.63324e-03
-1.56452e+00 2.23006e+00 2.61637e-03
-1.62892e+00 2.29504e+00 2.59985e-03
-1.69471e+00 2.36040e+00 2.58363e-03
-1.76192e+00 2.42614e+00 2.56767e-03
-1.83055e+00 2.49229e+00 2.55195e-03
-1.90061e+00 2.55885e+00 2.53645e-03
-1.97211e+00 2.62584e+00 2.52115e-03
-2.04507e+00 2.69328e+00 2.50603e-03
-2.11949e+00 2.76117e+00 2.49108e-03
-2.19539e+00 2.82954e+00 2.47631e-03
-2.27278e+00 2.89838e+00 2.46171e-03
-2.35168e+00 2.96773e+00 2.44729e-03
-2.43210e+00 3.03760e+00 2.43305e-03
-2.51406e+00 3.10799e+00 2.41900e-03
-2.59758e+00 3.17893e+00 2.40516e-03
-2.68267e+00 3.25043e+00 2.39154e-03
-2.76937e+00 3.32251e+00 2.37815e-03
-2.85767e+00 3.39518e+00 2.36503e-03
-2.94762e+00 3.46846e+00 2.35220e-03
-3.03923e+00 3.54237e+00 2.33969e-03
-3.13252e+00 3.61692e+00 2.32754e-03
-3.22752e+00 3.69213e+00 2.31578e-03
-3.32426e+00 3.76802e+00 2.30446e-03
-3.42275e+00 3.84461e+00 2.29364e-03
-3.52304e+00 3.92192e+00 2.28337e-03
-3.62514e+00 3.99996e+00 2.27372e-03
-4.12298e-01 7.68023e-01 3.92173e-03
-4.40793e-01 8.28982e-01 3.75088e-03
-4.70826e-01 8.89933e-01 3.61048e-03
-5.02379e-01 9.50892e-01 3.49350e-03
-5.35435e-01 1.01187e+00 3.39478e-03
-5.69978e-01 1.07289e+00 3.31051e-03
-6.05993e-01 1.13396e+00 3.23779e-03
-6.43467e-01 1.19510e+00 3.17440e-03
-6.82388e-01 1.25632e+00 3.11861e-03
-7.22745e-01 1.31763e+00 3.06904e-03
-7.64529e-01 1.37906e+00 3.02462e-03
-8.07732e-01 1.44060e+00 2.98448e-03
-8.52346e-01 1.50228e+00 2.94792e-03
-8.98365e-01 1.56411e+00 2.91435e-03
-9.45785e-01 1.62610e+00 2.88332e-03
-9.94601e-01 1.68827e+00 2.85443e-03
-1.04481e+00 1.75062e+00 2.82736e-03
-1.09641e+00 1.81318e+00 2.80185e-03
-1.14940e+00 1.87595e+00 2.77768e-03
-1.20379e+00 1.93895e+00 2.75466e-03
-1.25956e+00 2.00218e+00 2.73264e-03
-1.31673e+00 2.06567e+00 2.71148e-03
-1.37529e+00 2.12943e+00 2.69108e-03
-1.43526e+00 2.19346e+00 2.67134e-03
-1.49662e+00 2.25778e+00 2.65220e-03
-1.55940e+00 2.32240e+00 2.63358e-03
-1.62360e+00 2.38735e+00 2.61543e-03
-1.68921e+00 2.45262e+00 2.59771e-03
-1.75626e+00 2.51823e+00 2.58038e-03
-1.82475e+00 2.58420e+00 2.56342e-03
-1.89469e+00 2.65053e+00 2.54680e-03
-1.96609e+00 2.71725e+00 2.53051e-03
-2.03896e+00 2.78437e+00 2.51454e-03
-2.11332e+00 2.85190e+00 2.49888e-03
-2.18917e+00 2.91984e+00 2.48352e-03
-2.26654e+00 2.98823e+00 2.46847e-03
-2.34543e+00 3.05707e+00 2.45373e-03
-2.42587e+00 3.12637e+00 2.43932e-03
-2.50787e+00 3.19615e+00 2.42524e-03
-2.59144e+00 3.26643e+00 2.41150e-03
-2.67661e+00 3.33722e+00 2.39814e-03
-2.76339e+00 3.40854e+00 2.38516e-03
-2.85182e+00 3.48040e+00 2.37259e-03
-2.94190e+00 3.55281e+00 2.36048e-03
-3.03366e+00 3.62580e+00 2.34884e-03
-3.12712e+00 3.69939e+00 2.33771e-03
-3.22231e+00 3.77357e+00 2.32715e-03
-3.31926e+00 3.84839e+00 2.31719e-03
-3.41799e+00 3.92385e+00 2.30790e-03
-3.51853e+00 3.99996e+00 2.29933e-03
-3.87839e-01 7.85836e-01 4.11323e-03
-4.14293e-01 8.47777e-01 3.92872e-03
-4.42296e-01 9.09651e-01 3.77513e-03
-4.71829e-01 9.71475e-01 3.64567e-03
-5.02874e-01 1.03326e+00 3.53535e-03
-5.35416e-01 1.09503e+00 3.44034e-03
-5.69439e-01 1.15680e+00 3.35775e-03
-6.04931e-01 1.21858e+00 3.28529e-03
-6.41879e-01 1.28038e+00 3.22117e-03
-6.80272e-01 1.34222e+00 3.16398e-03
-7.20101e-01 1.40412e+00 3.11258e-03
-7.61356e-01 1.46608e+00 3.06603e-03
-8.04031e-01 1.52813e+00 3.02358e-03
-8.48119e-01 1.59026e+00 2.98461e-03
-8.93614e-01 1.65251e+00 2.94862e-03
-9.40513e-01 1.71488e+00 2.91517e-03
-9.88812e-01 1.77738e+00 2.88392e-03
-1.03851e+00 1.84003e+00 2.85456e-03
-1.08960e+00 1.90285e+00 2.82686e-03
-1.14209e+00 1.96583e+00 2.80059e-03
-1.19597e+00 2.02900e+00 2.77559e-03
-1.25125e+00 2.09237e+00 2.75171e-03
-1.30793e+00 2.15594e+00 2.72881e-03
-1.36601e+00 2.21975e+00 2.70679e-03
-1.42550e+00 2.28378e+00 2.68557e-03
-1.48640e+00 2.34807e+00 2.66506e-03
-1.54871e+00 2.41262e+00 2.64521e-03
-1.61245e+00 2.47744e+00 2.62596e-03
-1.67762e+00 2.54255e+00 2.60726e-03
-1.74423e+00 2.60796e+00 2.58908e-03
-1.81228e+00 2.67369e+00 2.57140e-03
-1.88180e+00 2.73973e+00 2.55418e-03
-1.95278e+00 2.80612e+00 2.53742e-03
-2.02524e+00 2.87286e+00 2.52109e-03
-2.09919e+00 2.93996e+00 2.50520e-03
-2.17465e+00 3.00745e+00 2.48973e-03
-2.25162e+00 3.07532e+00 2.47469e-03
-2.33013e+00 3.14360e+00 2.46009e-03
-2.41019e+00 3.21231e+00 2.44593e-03
-2.49182e+00 3.28144e+00 2.43222e-03
-2.57503e+00 3.35103e+00 2.41898e-03
-2.65984e+00 3.42107e+00 2.40622e-03
-2.74628e+00 3.49160e+00 2.39397e-03
-2.83436e+00 3.56262e+00 2.38225e-03
-2.92410e+00 3.63415e+00 2.37109e-03
-3.01553e+00 3.70620e+00 2.36053e-03
-3.10867e+00 3.77879e+00 2.35058e-03
-3.20354e+00 3.85193e+00 2.34131e-03
-3.30017e+00 3.92565e+00 2.33275e-03
-3.39859e+00 3.99996e+00 2.32495e-03
-3.63067e-01 8.03255e-01 4.31208e-03
-3.87512e-01 8.66037e-01 4.11210e-03
-4.13500e-01 9.28704e-01 3.94371e-03
-4.41014e-01 9.91271e-01 3.80041e-03
-4.70035e-01 1.05376e+00 3.67727e-03
-5.00549e-01 1.11617e+00 3.57051e-03
-5.32540e-01 1.17854e+00 3.47715e-03
-5.65996e-01 1.24086e+00 3.39488e-03
-6.00903e-01 1.30317e+00 3.32183e-03
-6.37252e-01 1.36546e+00 3.25651e-03
-6.75032e-01 1.42777e+00 3.19771e-03
-7.14235e-01 1.49009e+00 3.14443e-03
-7.54853e-01 1.55244e+00 3.09586e-03
-7.96879e-01 1.61484e+00 3.05133e-03
-8.40308e-01 1.67731e+00 3.01027e-03
-8.85135e-01 1.73984e+00 2.97222e-03
-9.31357e-01 1.80246e+00 2.93678e-03
-9.78970e-01 1.86519e+00 2.90363e-03
-1.02797e+00 1.92802e+00 2.87247e-03
-1.07837e+00 1.99098e+00 2.84307e-03
-1.13015e+00 2.05407e+00 2.81524e-03
-1.18332e+00 2.11732e+00 2.78879e-03
-1.23788e+00 2.18072e+00 2.76358e-03
-1.29383e+00 2.24430e+00 2.73949e-03
-1.35118e+00 2.30807e+00 2.71641e-03
-1.40994e+00 2.37204e+00 2.69425e-03
-1.47010e+00 2.43622e+00 2.67293e-03
-1.53167e+00 2.50062e+00 2.65239e-03
-1.59465e+00 2.56526e+00 2.63256e-03
-1.65907e+00 2.63015e+00 2.61341e-03
-1.72492e+00 2.69529e+00 2.59490e-03
-1.79221e+00 2.76072e+00 2.57699e-03
-1.86095e+00 2.82642e+00 2.55966e-03
-1.93116e+00 2.89243e+00 2.54289e-03
-2.00284e+00 2.95875e+00 2.52667e-03
-2.07601e+00 3.02539e+00 2.51098e-03
-2.15067e+00 3.09237e+00 2.49582e-03
-2.22686e+00 3.15970e+00 2.48119e-03
-2.30457e+00 3.22739e+00 2.46709e-03
-2.38382e+00 3.29546e+00 2.45353e-03
-2.46463e+00 3.36392e+00 2.44050e-03
-2.54702e+00 3.43278e+00 2.42803e-03
-2.63101e+00 3.50206e+00 2.41613e-03
-2.71661e+00 3.57178e+00 2.40481e-03
-2.80385e+00 3.64194e+00 2.39410e-03
-2.89274e+00 3.71256e+00 2.38402e-03
-2.98331e+00 3.78366e+00 2.37459e-03
-3.07558e+00 3.85525e+00 2.36585e-03
-3.16958e+00 3.92735e+00 2.35783e-03
-3.26532e+00 3.99996e+00 2.35057e-03
-3.38011e-01 8.20263e-01 4.51848e-03
-3.60479e-01 8.83749e-01 4.30110e-03
-3.84471e-01 9.47079e-01 4.11624e-03
-4.09968e-01 1.01027e+00 3.95763e-03
-4.36955e-01 1.07334e+00 3.82041e-03
-4.65414e-01 1.13630e+00 3.70078e-03
-4.95334e-01 1.19916e+00 3.59574e-03
-5.26699e-01 1.26195e+00 3.50287e-03
-5.59500e-01 1.32468e+00 3.42024e-03
-5.93725e-01 1.38735e+00 3.34627e-03
-6.29364e-01 1.45000e+00 3.27965e-03
-6.66409e-01 1.51262e+00 3.21933e-03
-7.04853e-01 1.57523e+00 3.16441e-03
-7.44688e-01 1.63785e+00 3.11416e-03
-7.85908e-01 1.70048e+00 3.06796e-03
-8.28510e-01 1.76315e+00 3.02528e-03
-8.72489e-01 1.82586e+00 2.98568e-03
-9.17842e-01 1.88863e+00 2.94879e-03
-9.64568e-01 1.95147e+00 2.91429e-03
-1.01266e+00 2.01439e+00 2.88191e-03
-1.06213e+00 2.07741e+00 2.85141e-03
-1.11297e+00 2.14053e+00 2.82259e-03
-1.16517e+00 2.20376e+00 2.79529e-03
-1.21876e+00 2.26713e+00 2.76935e-03
-1.27371e+00 2.33064e+00 2.74464e-03
-1.33005e+00 2.39431e+00 2.72107e-03
-1.38777e+00 2.45814e+00 2.69853e-03
-1.44689e+00 2.52215e+00 2.67695e-03
-1.50739e+00 2.58635e+00 2.65625e-03
-1.56930e+00 2.65075e+00 2.63637e-03
-1.63262e+00 2.71536e+00 2.61727e-03
-1.69735e+00 2.78020e+00 2.59891e-03
-1.76351e+00 2.84527e+00 2.58124e-03
-1.83110e+00 2.91060e+00 2.56424e-03
-1.90015e+00 2.97619e+00 2.54789e-03
-1.97064e+00 3.04205e+00 2.53216e-03
-2.04261e+00 3.10820e+00 2.51705e-03
-2.11606e+00 3.17464e+00 2.50253e-03
-2.19100e+00 3.24140e+00 2.48862e-03
-2.26745e+00 3.30848e+00 2.47529e-03
-2.34543e+00 3.37590e+00 2.46256e-03
-2.42495e+00 3.44367e+00 2.45043e-03
-2.50602e+00 3.51179e+00 2.43890e-03
-2.58867e+00 3.58030e+00 2.42798e-03
-2.67291e+00 3.64919e+00 2.41769e-03
-2.75877e+00 3.71848e+00 2.40803e-03
-2.84625e+00 3.78820e+00 2.39904e-03
-2.93539e+00 3.85834e+00 2.39071e-03
-3.02621e+00 3.92892e+00 2.38309e-03
-3.11872e+00 3.99997e+00 2.37618e-03
-3.12702e-01 8.36847e-01 4.73253e-03
-3.33228e-01 9.00900e-01 4.49577e-03
-3.55241e-01 9.64765e-01 4.29268e-03
-3.78726e-01 1.02846e+00 4.11720e-03
-4.03666e-01 1.09200e+00 3.96455e-03
-4.30047e-01 1.15540e+00 3.83090e-03
-4.57856e-01 1.21867e+00 3.71318e-03
-4.87080e-01 1.28184e+00 3.60890e-03
-5.17709e-01 1.34490e+00 3.51602e-03
-5.49731e-01 1.40789e+00 3.43285e-03
-5.83138e-01 1.47080e+00 3.35801e-03
-6.17921e-01 1.53366e+00 3.29033e-03
-6.54073e-01 1.59648e+00 3.22885e-03
-6.91587e-01 1.65927e+00 3.17274e-03
-7.30458e-01 1.72204e+00 3.12133e-03
-7.70681e-01 1.78480e+00 3.07402e-03
-8.12252e-01 1.84758e+00 3.03032e-03
-8.55168e-01 1.91037e+00 2.98979e-03
-8.99426e-01 1.97320e+00 2.95209e-03
-9.45024e-01 2.03607e+00 2.91689e-03
-9.91963e-01 2.09900e+00 2.88392e-03
-1.04024e+00 2.16199e+00 2.85296e-03
-1.08986e+00 2.22506e+00 2.82379e-03
-1.14082e+00 2.28823e+00 2.79625e-03
-1.19313e+00 2.35149e+00 2.77019e-03
-1.24678e+00 2.41487e+00 2.74546e-03
-1.30179e+00 2.47838e+00 2.72197e-03
-1.35815e+00 2.54202e+00 2.69961e-03
-1.41587e+00 2.60581e+00 2.67829e-03
-1.47495e+00 2.66976e+00 2.65794e-03
-1.53541e+00 2.73388e+00 2.63850e-03
-1.59725e+00 2.79818e+00 2.61991e-03
-1.66048e+00 2.86268e+00 2.60212e-03
-1.72510e+00 2.92738e+00 2.58510e-03
-1.79113e+00 2.99229e+00 2.56880e-03
-1.85857e+00 3.05744e+00 2.55321e-03
-1.92745e+00 3.12282e+00 2.53829e-03
-1.99775e+00 3.18845e+00 2.52403e-03
-2.06951e+00 3.25435e+00 2.51041e-03
-2.14273e+00 3.32051e+00 2.49742e-03
-2.21743e+00 3.38697e+00 2.48505e-03
-2.29362e+00 3.45372e+00 2.47330e-03
-2.37132e+00 3.52079e+00 2.46217e-03
-2.45053e+00 3.58817e+00 2.45165e-03
-2.53129e+00 3.65589e+00 2.44175e-03
-2.61360e+00 3.72396e+00 2.43248e-03
-2.69749e+00 3.79239e+00 2.42383e-03
-2.78297e+00 3.86119e+00 2.41583e-03
-2.87007e+00 3.93038e+00 2.40848e-03
-2.95880e+00 3.99997e+00 2.40180e-03
-2.87172e-01 8.52995e-01 4.95428e-03
-3.05789e-01 9.17479e-01 4.69608e-03
-3.25843e-01 9.81755e-01 4.47292e-03
-3.47320e-01 1.04584e+00 4.27894e-03
-3.70205e-01 1.10974e+00 4.10942e-03
-3.94484e-01 1.17348e+00 3.96053e-03
-4.20145e-01 1.23707e+00 3.82912e-03
-4.47177e-01 1.30052e+00 3.71257e-03
-4.75569e-01 1.36385e+00 3.60874e-03
-5.05311e-01 1.42707e+00 3.51583e-03
-5.36395e-01 1.49019e+00 3.43234e-03
-5.68813e-01 1.55323e+00 3.35700e-03
-6.02557e-01 1.61620e+00 3.28875e-03
-6.37622e-01 1.67911e+00 3.22669e-03
-6.74003e-01 1.74197e+00 3.17003e-03
-7.11693e-01 1.80480e+00 3.11812e-03
-7.50690e-01 1.86761e+00 3.07040e-03
-7.90991e-01 1.93041e+00 3.02638e-03
-8.32592e-01 1.99320e+00 2.98565e-03
-8.75493e-01 2.05601e+00 2.94783e-03
-9.19692e-01 2.11885e+00 2.91263e-03
-9.65188e-01 2.18171e+00 2.87976e-03
-1.01198e+00 2.24462e+00 2.84900e-03
-1.06008e+00 2.30759e+00 2.82013e-03
-1.10947e+00 2.37063e+00 2.79297e-03
-1.16017e+00 2.43374e+00 2.76738e-03
-1.21217e+00 2.49694e+00 2.74320e-03
-1.26549e+00 2.56025e+00 2.72033e-03
-1.32012e+00 2.62366e+00 2.69866e-03
-1.37607e+00 2.68719e+00 2.67809e-03
-1.43334e+00 2.75086e+00 2.65855e-03
-1.49194e+00 2.81467e+00 2.63997e-03
-1.55189e+00 2.87863e+00 2.62228e-03
-1.61318e+00 2.94276e+00 2.60543e-03
-1.67582e+00 3.00706e+00 2.58937e-03
-1.73982e+00 3.07154e+00 2.57407e-03
-1.80520e+00 3.13623e+00 2.55950e-03
-1.87196e+00 3.20111e+00 2.54561e-03
-1.94011e+00 3.26622e+00 2.53240e-03
-2.00967e+00 3.33156e+00 2.51983e-03
-2.08065e+00 3.39713e+00 2.50789e-03
-2.15305e+00 3.46296e+00 2.49656e-03
-2.22690e+00 3.52905e+00 2.48584e-03
-2.30221e+00 3.59541e+00 2.47572e-03
-2.37899e+00 3.66205e+00 2.46619e-03
-2.45725e+00 3.72900e+00 2.45726e-03
-2.53703e+00 3.79625e+00 2.44891e-03
-2.61832e+00 3.86382e+00 2.44115e-03
-2.70115e+00 3.93172e+00 2.43398e-03
-2.78555e+00 3.99997e+00 2.42741e-03
-2.61450e-01 8.68696e-01 5.18375e-03
-2.78192e-01 9.33480e-01 4.90198e-03
-2.96308e-01 9.98042e-01 4.65679e-03
-3.15783e-01 1.06239e+00 4.44259e-03
-3.36604e-01 1.12655e+00 4.25472e-03
-3.58759e-01 1.19053e+00 4.08931e-03
-3.82237e-01 1.25434e+00 3.94311e-03
-4.07026e-01 1.31800e+00 3.81340e-03
-4.33119e-01 1.38151e+00 3.69791e-03
-4.60505e-01 1.44489e+00 3.59471e-03
-4.89177e-01 1.50816e+00 3.50217e-03
-5.19127e-01 1.57132e+00 3.41889e-03
-5.50349e-01 1.63439e+00 3.34370e-03
-5.82837e-01 1.69738e+00 3.27559e-03
-6.16586e-01 1.76030e+00 3.21369e-03
-6.51592e-01 1.82316e+00 3.15725e-03
-6.87851e-01 1.88597e+00 3.10564e-03
-7.25359e-01 1.94874e+00 3.05829e-03
-7.64114e-01 2.01149e+00 3.01473e-03
-8.04115e-01 2.07423e+00 2.97455e-03
-8.45360e-01 2.13696e+00 2.93737e-03
-8.87849e-01 2.19969e+00 2.90287e-03
-9.31582e-01 2.26245e+00 2.87080e-03
-9.76560e-01 2.32523e+00 2.84089e-03
-1.02278e+00 2.38805e+00 2.81294e-03
-1.07025e+00 2.45091e+00 2.78677e-03
-1.11897e+00 2.51383e+00 2.76221e-03
-1.16895e+00 2.57682e+00 2.73911e-03
-1.22018e+00 2.63989e+00 2.71736e-03
-1.27267e+00 2.70305e+00 2.69683e-03
-1.32643e+00 2.76630e+00 2.67743e-03
-1.38146e+00 2.82966e+00 2.65908e-03
-1.43776e+00 2.89314e+00 2.64170e-03
-1.49535e+00 2.95674e+00 2.62521e-03
-1.55423e+00 3.02048e+00 2.60958e-03
-1.61441e+00 3.08437e+00 2.59473e-03
-1.67590e+00 3.14842e+00 2.58063e-03
-1.73870e+00 3.21264e+00 2.56724e-03
-1.80282e+00 3.27703e+00 2.55452e-03
-1.86828e+00 3.34161e+00 2.54244e-03
-1.93509e+00 3.40638e+00 2.53099e-03
-2.00325e+00 3.47137e+00 2.52012e-03
-2.07279e+00 3.53657e+00 2.50984e-03
-2.14370e+00 3.60200e+00 2.50012e-03
-2.21601e+00 3.66767e+00 2.49094e-03
-2.28972e+00 3.73359e+00 2.48231e-03
-2.36486e+00 3.79976e+00 2.47420e-03
-2.44144e+00 3.86621e+00 2.46663e-03
-2.51947e+00 3.93294e+00 2.45957e-03
-2.59897e+00 3.99997e+00 2.45303e-03
-2.35566e-01 8.83941e-01 5.42091e-03
-2.50470e-01 9.48896e-01 5.11333e-03
-2.66668e-01 1.01362e+00 4.84410e-03
-2.84149e-01 1.07813e+00 4.60788e-03
-3.02899e-01 1.14244e+00 4.40007e-03
-3.22909e-01 1.20656e+00 4.21678e-03
-3.44168e-01 1.27050e+00 4.05467e-03
-3.66667e-01 1.33427e+00 3.91090e-03
-3.90399e-01 1.39789e+00 3.78303e-03
-4.15354e-01 1.46137e+00 3.66899e-03
-4.41525e-01 1.52471e+00 3.56699e-03
-4.68907e-01 1.58794e+00 3.47552e-03
-4.97493e-01 1.65106e+00 3.39325e-03
-5.27277e-01 1.71408e+00 3.31905e-03
-5.58256e-01 1.77701e+00 3.25194e-03
-5.90425e-01 1.83986e+00 3.19108e-03
-6.23780e-01 1.90265e+00 3.13574e-03
-6.58319e-01 1.96538e+00 3.08528e-03
-6.94040e-01 2.02807e+00 3.03915e-03
-7.30940e-01 2.09071e+00 2.99687e-03
-7.69018e-01 2.15334e+00 2.95800e-03
-8.08274e-01 2.21594e+00 2.92220e-03
-8.48707e-01 2.27854e+00 2.88912e-03
-8.90318e-01 2.34114e+00 2.85850e-03
-9.33108e-01 2.40375e+00 2.83007e-03
-9.77078e-01 2.46639e+00 2.80363e-03
-1.02223e+00 2.52905e+00 2.77898e-03
-1.06857e+00 2.59175e+00 2.75594e-03
-1.11609e+00 2.65451e+00 2.73438e-03
-1.16480e+00 2.71732e+00 2.71415e-03
-1.21471e+00 2.78020e+00 2.69514e-03
-1.26582e+00 2.84315e+00 2.67724e-03
-1.31814e+00 2.90620e+00 2.66037e-03
-1.37166e+00 2.96933e+00 2.64445e-03
-1.42640e+00 3.03258e+00 2.62939e-03
-1.48236e+00 3.09593e+00 2.61515e-03
-1.53955e+00 3.15941e+00 2.60165e-03
-1.59798e+00 3.22302e+00 2.58886e-03
-1.65765e+00 3.28676e+00 2.57673e-03
-1.71858e+00 3.35066e+00 2.56522e-03
-1.78077e+00 3.41472e+00 2.55430e-03
-1.84423e+00 3.47895e+00 2.54393e-03
-1.90898e+00 3.54336e+00 2.53410e-03
-1.97501e+00 3.60795e+00 2.52477e-03
-2.04235e+00 3.67274e+00 2.51594e-03
-2.11101e+00 3.73773e+00 2.50758e-03
-2.18100e+00 3.80294e+00 2.49968e-03
-2.25233e+00 3.86838e+00 2.49223e-03
-2.32501e+00 3.93405e+00 2.48522e-03
-2.39906e+00 3.99997e+00 2.47865e-03
-2.09550e-01 8.98722e-01 5.66569e-03
-2.22652e-01 9.63722e-01 5.32998e-03
-2.36955e-01 1.02850e+00 5.03458e-03
-2.52448e-01 1.09305e+00 4.77443e-03
-2.69122e-01 1.15741e+00 4.54503e-03
-2.86967e-01 1.22157e+00 4.34246e-03
-3.05975e-01 1.28555e+00 4.16328e-03
-3.26137e-01 1.34935e+00 4.00450e-03
-3.47447e-01 1.41300e+00 3.86352e-03
-3.69898e-01 1.47650e+00 3.73811e-03
-3.93483e-01 1.53986e+00 3.62629e-03
-4.18196e-01 1.60310e+00 3.52639e-03
-4.44033e-01 1.66621e+00 3.43693e-03
-4.70988e-01 1.72921e+00 3.35665e-03
-4.99058e-01 1.79212e+00 3.28442e-03
-5.28239e-01 1.85493e+00 3.21931e-03
-5.58528e-01 1.91767e+00 3.16046e-03
-5.89922e-01 1.98033e+00 3.10714e-03
-6.22418e-01 2.04293e+00 3.05873e-03
-6.56016e-01 2.10548e+00 3.01466e-03
-6.90714e-01 2.16799e+00 2.97444e-03
-7.26510e-01 2.23046e+00 2.93765e-03
-7.63406e-01 2.29291e+00 2.90392e-03
-8.01401e-01 2.35533e+00 2.87292e-03
-8.40495e-01 2.41775e+00 2.84435e-03
-8.80689e-01 2.48017e+00 2.81795e-03
-9.21986e-01 2.54260e+00 2.79352e-03
-9.64387e-01 2.60504e+00 2.77084e-03
-1.00789e+00 2.66751e+00 2.74974e-03
-1.05251e+00 2.73002e+00 2.73007e-03
-1.09824e+00 2.79256e+00 2.71169e-03
-1.14508e+00 2.85516e+00 2.69448e-03
-1.19304e+00 2.91781e+00 2.67832e-03
-1.24213e+00 2.98053e+00 2.66313e-03
-1.29235e+00 3.04333e+00 2.64882e-03
-1.34370e+00 3.10621e+00 2.63531e-03
-1.39620e+00 3.16918e+00 2.62254e-03
-1.44983e+00 3.23226e+00 2.61045e-03
-1.50463e+00 3.29544e+00 2.59899e-03
-1.56058e+00 3.35873e+00 2.58811e-03
-1.61770e+00 3.42215e+00 2.57776e-03
-1.67600e+00 3.48571e+00 2.56792e-03
-1.73548e+00 3.54941e+00 2.55856e-03
-1.79616e+00 3.61325e+00 2.54964e-03
-1.85803e+00 3.67726e+00 2.54113e-03
-1.92113e+00 3.74143e+00 2.53303e-03
-1.98544e+00 3.80578e+00 2.52530e-03
-2.05099e+00 3.87031e+00 2.51794e-03
-2.11778e+00 3.93504e+00 2.51093e-03
-2.18583e+00 3.99997e+00 2.50426e-03
-1.83432e-01 9.13036e-01 5.91800e-03
-1.94768e-01 9.77957e-01 5.55173e-03
-2.07197e-01 1.04266e+00 5.22792e-03
-2.20712e-01 1.10715e+00 4.94184e-03
-2.35305e-01 1.17145e+00 4.68911e-03
-2.50967e-01 1.23556e+00 4.46579e-03
-2.67692e-01 1.29949e+00 4.26833e-03
-2.85473e-01 1.36325e+00 4.09360e-03
-3.04303e-01 1.42685e+00 3.93880e-03
-3.24178e-01 1.49031e+00 3.80149e-03
-3.45091e-01 1.55362e+00 3.67952e-03
-3.67038e-01 1.61680e+00 3.57101e-03
-3.90015e-01 1.67986e+00 3.47432e-03
-4.14017e-01 1.74280e+00 3.38800e-03
-4.39041e-01 1.80564e+00 3.31080e-03
-4.65084e-01 1.86838e+00 3.24164e-03
-4.92143e-01 1.93103e+00 3.17954e-03
-5.20216e-01 1.99361e+00 3.12368e-03
-5.49300e-01 2.05611e+00 3.07332e-03
-5.79395e-01 2.11855e+00 3.02782e-03
-6.10498e-01 2.18093e+00 2.98661e-03
-6.42610e-01 2.24326e+00 2.94922e-03
-6.75730e-01 2.30556e+00 2.91519e-03
-7.09857e-01 2.36782e+00 2.88416e-03
-7.44992e-01 2.43005e+00 2.85579e-03
-7.81136e-01 2.49228e+00 2.82978e-03
-8.18290e-01 2.55449e+00 2.80588e-03
-8.56455e-01 2.61670e+00 2.78386e-03
-8.95633e-01 2.67891e+00 2.76350e-03
-9.35826e-01 2.74114e+00 2.74465e-03
-9.77036e-01 2.80339e+00 2.72712e-03
-1.01927e+00 2.86567e+00 2.71080e-03
-1.06252e+00 2.92799e+00 2.69555e-03
-1.10680e+00 2.99034e+00 2.68127e-03
-1.15211e+00 3.05275e+00 2.66785e-03
-1.19846e+00 3.11522e+00 2.65521e-03
-1.24585e+00 3.17775e+00 2.64327e-03
-1.29428e+00 3.24036e+00 2.63198e-03
-1.34376e+00 3.30304e+00 2.62126e-03
-1.39430e+00 3.36581e+00 2.61106e-03
-1.44590e+00 3.42868e+00 2.60134e-03
-1.49857e+00 3.49165e+00 2.59206e-03
-1.55231e+00 3.55472e+00 2.58318e-03
-1.60714e+00 3.61792e+00 2.57466e-03
-1.66305e+00 3.68124e+00 2.56648e-03
-1.72007e+00 3.74469e+00 2.55861e-03
-1.77818e+00 3.80828e+00 2.55104e-03
-1.83742e+00 3.87202e+00 2.54373e-03
-1.89778e+00 3.93591e+00 2.53668e-03
-1.95927e+00 3.99997e+00 2.52988e-03
-1.57240e-01 9.26878e-01 6.17774e-03
-1.66845e-01 9.91601e-01 5.77836e-03
-1.77425e-01 1.05612e+00 5.42377e-03
-1.88973e-01 1.12045e+00 5.10964e-03
-2.01481e-01 1.18458e+00 4.83176e-03
-2.14943e-01 1.24855e+00 4.58616e-03
-2.29355e-01 1.31234e+00 4.36920e-03
-2.44711e-01 1.37597e+00 4.17756e-03
-2.61005e-01 1.43945e+00 4.00823e-03
-2.78234e-01 1.50279e+00 3.85855e-03
-2.96392e-01 1.56599e+00 3.72613e-03
-3.15477e-01 1.62906e+00 3.60889e-03
-3.35484e-01 1.69201e+00 3.50496e-03
-3.56410e-01 1.75485e+00 3.41273e-03
-3.78253e-01 1.81758e+00 3.33077e-03
-4.01009e-01 1.88022e+00 3.25783e-03
-4.24676e-01 1.94276e+00 3.19282e-03
-4.49253e-01 2.00522e+00 3.13477e-03
-4.74738e-01 2.06760e+00 3.08284e-03
-5.01129e-01 2.12991e+00 3.03630e-03
-5.28425e-01 2.19216e+00 2.99451e-03
-5.56625e-01 2.25435e+00 2.95690e-03
-5.85730e-01 2.31649e+00 2.92297e-03
-6.15739e-01 2.37860e+00 2.89229e-03
-6.46651e-01 2.44066e+00 2.86447e-03
-6.78468e-01 2.50270e+00 2.83919e-03
-7.11190e-01 2.56472e+00 2.81613e-03
-7.44818e-01 2.62672e+00 2.79506e-03
-7.79354e-01 2.68871e+00 2.77572e-03
-8.14798e-01 2.75070e+00 2.75792e-03
-8.51152e-01 2.81269e+00 2.74149e-03
-8.88419e-01 2.87470e+00 2.72626e-03
-9.26602e-01 2.93672e+00 2.71210e-03
-9.65702e-01 2.99877e+00 2.69888e-03
-1.00572e+00 3.06084e+00 2.68649e-03
-1.04667e+00 3.12296e+00 2.67484e-03
-1.08854e+00 3.18511e+00 2.66385e-03
-1.13134e+00 3.24732e+00 2.65343e-03
-1.17508e+00 3.30958e+00 2.64352e-03
-1.21976e+00 3.37190e+00 2.63406e-03
-1.26538e+00 3.43429e+00 2.62500e-03
-1.31195e+00 3.49676e+00 2.61630e-03
-1.35948e+00 3.55931e+00 2.60791e-03
-1.40796e+00 3.62194e+00 2.59980e-03
-1.45741e+00 3.68467e+00 2.59194e-03
-1.50784e+00 3.74751e+00 2.58430e-03
-1.55924e+00 3.81044e+00 2.57685e-03
-1.61162e+00 3.87350e+00 2.56958e-03
-1.66500e+00 3.93667e+00 2.56247e-03
-1.71938e+00 3.99997e+00 2.55549e-03
-1.31001e-01 9.40245e-01 6.44477e-03
-1.38914e-01 1.00465e+00 6.00958e-03
-1.47668e-01 1.06888e+00 5.62172e-03
-1.57258e-01 1.13293e+00 5.27732e-03
-1.67679e-01 1.19682e+00 4.97237e-03
-1.78927e-01 1.26054e+00 4.70292e-03
-1.90998e-01 1.32411e+00 4.46520e-03
-2.03887e-01 1.38754e+00 4.25569e-03
-2.17590e-01 1.45082e+00 4.07116e-03
-2.32105e-01 1.51397e+00 3.90867e-03
-2.47428e-01 1.57700e+00 3.76558e-03
-2.63555e-01 1.63990e+00 3.63954e-03
-2.80485e-01 1.70270e+00 3.52847e-03
-2.98214e-01 1.76538e+00 3.43052e-03
-3.16741e-01 1.82796e+00 3.34407e-03
-3.36063e-01 1.89045e+00 3.26770e-03
-3.56178e-01 1.95286e+00 3.20015e-03
-3.77085e-01 2.01517e+00 3.14032e-03
-3.98783e-01 2.07742e+00 3.08725e-03
-4.21271e-01 2.13959e+00 3.04012e-03
-4.44547e-01 2.20169e+00 2.99816e-03
-4.68610e-01 2.26374e+00 2.96076e-03
-4.93461e-01 2.32574e+00 2.92733e-03
-5.19100e-01 2.38768e+00 2.89738e-03
-5.45525e-01 2.44959e+00 2.87049e-03
-5.72737e-01 2.51146e+00 2.84626e-03
-6.00737e-01 2.57330e+00 2.82438e-03
-6.29526e-01 2.63512e+00 2.80454e-03
-6.59103e-01 2.69691e+00 2.78648e-03
-6.89471e-01 2.75870e+00 2.76999e-03
-7.20629e-01 2.82047e+00 2.75486e-03
-7.52581e-01 2.88225e+00 2.74092e-03
-7.85327e-01 2.94402e+00 2.72801e-03
-8.18869e-01 3.00581e+00 2.71600e-03
-8.53209e-01 3.06761e+00 2.70478e-03
-8.88350e-01 3.12943e+00 2.69422e-03
-9.24294e-01 3.19127e+00 2.68425e-03
-9.61044e-01 3.25314e+00 2.67478e-03
-9.98602e-01 3.31505e+00 2.66574e-03
-1.03697e+00 3.37700e+00 2.65707e-03
-1.07616e+00 3.43900e+00 2.64870e-03
-1.11616e+00 3.50105e+00 2.64060e-03
-1.15699e+00 3.56316e+00 2.63272e-03
-1.19864e+00 3.62533e+00 2.62502e-03
-1.24112e+00 3.68756e+00 2.61748e-03
-1.28444e+00 3.74988e+00 2.61005e-03
-1.32860e+00 3.81227e+00 2.60272e-03
-1.37360e+00 3.87474e+00 2.59547e-03
-1.41945e+00 3.93731e+00 2.58827e-03
-1.46616e+00 3.99997e+00 2.58111e-03
-1.04743e-01 9.53137e-01 6.71897e-03
-1.10999e-01 1.01712e+00 6.24512e-03
-1.17952e-01 1.08094e+00 5.82133e-03
-1.25597e-01 1.14462e+00 5.44430e-03
-1.33931e-01 1.20816e+00 5.11028e-03
-1.42950e-01 1.27155e+00 4.81535e-03
-1.52653e-01 1.33482e+00 4.55560e-03
-1.63035e-01 1.39795e+00 4.32730e-03
-1.74095e-01 1.46097e+00 4.12693e-03
-1.85830e-01 1.52387e+00 3.95125e-03
-1.98238e-01 1.58666e+00 3.79733e-03
-2.11316e-01 1.64934e+00 3.66253e-03
-2.25062e-01 1.71192e+00 3.54448e-03
-2.39476e-01 1.77441e+00 3.44108e-03
-2.54554e-01 1.83680e+00 3.35050e-03
-2.70296e-01 1.89911e+00 3.27110e-03
-2.86700e-01 1.96134e+00 3.20146e-03
-3.03766e-01 2.02350e+00 3.14032e-03
-3.21491e-01 2.08558e+00 3.08659e-03
-3.39876e-01 2.14759e+00 3.03932e-03
-3.58919e-01 2.20955e+00 2.99767e-03
-3.78620e-01 2.27144e+00 2.96091e-03
-3.98978e-01 2.33329e+00 2.92840e-03
-4.19994e-01 2.39509e+00 2.89958e-03
-4.41667e-01 2.45684e+00 2.87397e-03
-4.63996e-01 2.51856e+00 2.85115e-03
-4.86984e-01 2.58024e+00 2.83074e-03
-5.10628e-01 2.64190e+00 2.81242e-03
-5.34931e-01 2.70353e+00 2.79590e-03
-5.59892e-01 2.76514e+00 2.78094e-03
-5.85513e-01 2.82673e+00 2.76732e-03
-6.11794e-01 2.88832e+00 2.75484e-03
-6.38736e-01 2.94989e+00 2.74334e-03
-6.66340e-01 3.01147e+00 2.73268e-03
-6.94609e-01 3.07304e+00 2.72272e-03
-7.23542e-01 3.13463e+00 2.71336e-03
-7.53143e-01 3.19622e+00 2.70449e-03
-7.83411e-01 3.25783e+00 2.69604e-03
-8.14351e-01 3.31946e+00 2.68792e-03
-8.45963e-01 3.38112e+00 2.68006e-03
-8.78249e-01 3.44280e+00 2.67242e-03
-9.11212e-01 3.50452e+00 2.66494e-03
-9.44855e-01 3.56627e+00 2.65758e-03
-9.79180e-01 3.62807e+00 2.65030e-03
-1.01419e+00 3.68991e+00 2.64306e-03
-1.04989e+00 3.75180e+00 2.63585e-03
-1.08627e+00 3.81375e+00 2.62863e-03
-1.12336e+00 3.87576e+00 2.62138e-03
-1.16114e+00 3.93783e+00 2.61408e-03
-1.19962e+00 3.99997e+00 2.60673e-03
-7.84905e-02 9.65555e-01 7.00020e-03
-8.31280e-02 1.02900e+00 6.48463e-03
-8.83040e-02 1.09232e+00 6.02209e-03
-9.40165e-02 1.15553e+00 5.60995e-03
-1.00263e-01 1.21862e+00 5.24477e-03
-1.07042e-01 1.28160e+00 4.92267e-03
-1.14352e-01 1.34447e+00 4.63963e-03
-1.22191e-01 1.40725e+00 4.39164e-03
-1.30556e-01 1.46992e+00 4.17486e-03
-1.39448e-01 1.53250e+00 3.98571e-03
-1.48863e-01 1.59499e+00 3.82090e-03
-1.58802e-01 1.65739e+00 3.67744e-03
-1.69262e-01 1.71971e+00 3.55267e-03
-1.80242e-01 1.78195e+00 3.44420e-03
-1.91742e-01 1.84412e+00 3.34992e-03
-2.03760e-01 1.90621e+00 3.26798e-03
-2.16295e-01 1.96824e+00 3.19676e-03
-2.29347e-01 2.03020e+00 3.13483e-03
-2.42915e-01 2.09210e+00 3.08096e-03
-2.56999e-01 2.15394e+00 3.03406e-03
-2.71597e-01 2.21574e+00 2.99319e-03
-2.86710e-01 2.27748e+00 2.95753e-03
-3.02337e-01 2.33917e+00 2.92636e-03
-3.18478e-01 2.40082e+00 2.89907e-03
-3.35133e-01 2.46244e+00 2.87512e-03
-3.52301e-01 2.52401e+00 2.85403e-03
-3.69983e-01 2.58556e+00 2.83539e-03
-3.88178e-01 2.64707e+00 2.81886e-03
-4.06888e-01 2.70856e+00 2.80412e-03
-4.26111e-01 2.77003e+00 2.79089e-03
-4.45850e-01 2.83148e+00 2.77896e-03
-4.66103e-01 2.89291e+00 2.76810e-03
-4.86871e-01 2.95434e+00 2.75816e-03
-5.08156e-01 3.01575e+00 2.74896e-03
-5.29958e-01 3.07716e+00 2.74037e-03
-5.52277e-01 3.13857e+00 2.73228e-03
-5.75115e-01 3.19998e+00 2.72459e-03
-5.98472e-01 3.26139e+00 2.71720e-03
-6.22350e-01 3.32281e+00 2.71003e-03
-6.46749e-01 3.38425e+00 2.70303e-03
-6.71671e-01 3.44570e+00 2.69614e-03
-6.97118e-01 3.50716e+00 2.68929e-03
-7.23090e-01 3.56865e+00 2.68246e-03
-7.49589e-01 3.63017e+00 2.67560e-03
-7.76616e-01 3.69171e+00 2.66867e-03
-8.04174e-01 3.75329e+00 2.66166e-03
-8.32264e-01 3.81490e+00 2.65454e-03
-8.60887e-01 3.87654e+00 2.64729e-03
-8.90046e-01 3.93823e+00 2.63990e-03
-9.19743e-01 3.99997e+00 2.63234e-03
-5.22692e-02 9.77502e-01 7.28831e-03
-5.53244e-02 1.04031e+00 6.72776e-03
-5.87494e-02 1.10303e+00 6.22346e-03
-6.25431e-02 1.16566e+00 5.77358e-03
-6.67045e-02 1.22822e+00 5.37506e-03
-7.12327e-02 1.29070e+00 5.02409e-03
-7.61267e-02 1.35310e+00 4.71649e-03
-8.13856e-02 1.41543e+00 4.44796e-03
-8.70087e-02 1.47769e+00 4.21428e-03
-9.29950e-02 1.53988e+00 4.01146e-03
-9.93438e-02 1.60201e+00 3.83581e-03
-1.06055e-01 1.66408e+00 3.68394e-03
-1.13126e-01 1.72608e+00 3.55281e-03
-1.20559e-01 1.78803e+00 3.43972e-03
-1.28351e-01 1.84993e+00 3.34227e-03
-1.36503e-01 1.91177e+00 3.25835e-03
-1.45014e-01 1.97356e+00 3.18613e-03
-1.53884e-01 2.03530e+00 3.12399e-03
-1.63111e-01 2.09700e+00 3.07053e-03
-1.72697e-01 2.15866e+00 3.02453e-03
-1.82639e-01 2.22027e+00 2.98494e-03
-1.92939e-01 2.28185e+00 2.95085e-03
-2.03596e-01 2.34339e+00 2.92146e-03
-2.14610e-01 2.40490e+00 2.89609e-03
-2.25981e-01 2.46638e+00 2.87414e-03
-2.37707e-01 2.52783e+00 2.85510e-03
-2.49791e-01 2.58925e+00 2.83852e-03
-2.62230e-01 2.65065e+00 2.82402e-03
-2.75027e-01 2.71202e+00 2.81127e-03
-2.88179e-01 2.77338e+00 2.79998e-03
-3.01689e-01 2.83472e+00 2.78990e-03
-3.15554e-01 2.89605e+00 2.78081e-03
-3.29777e-01 2.95736e+00 2.77253e-03
-3.44357e-01 3.01866e+00 2.76489e-03
-3.59295e-01 3.07996e+00 2.75776e-03
-3.74590e-01 3.14125e+00 2.75101e-03
-3.90243e-01 3.20253e+00 2.74454e-03
-4.06254e-01 3.26382e+00 2.73826e-03
-4.22625e-01 3.32510e+00 2.73209e-03
-4.39354e-01 3.38639e+00 2.72596e-03
-4.56444e-01 3.44769e+00 2.71983e-03
-4.73894e-01 3.50899e+00 2.71363e-03
-4.91704e-01 3.57030e+00 2.70733e-03
-5.09877e-01 3.63163e+00 2.70089e-03
-5.28411e-01 3.69297e+00 2.69428e-03
-5.47309e-01 3.75432e+00 2.68748e-03
-5.66570e-01 3.81570e+00 2.68046e-03
-5.86195e-01 3.87710e+00 2.67321e-03
-6.06186e-01 3.93852e+00 2.66571e-03
-6.26543e-01 3.99997e+00 2.65796e-03
-2.61025e-02 9.88980e-01 7.58318e-03
-2.76122e-02 1.05104e+00 6.97415e-03
-2.93119e-02 1.11306e+00 6.42486e-03
-3.12015e-02 1.17504e+00 5.93444e-03
-3.32806e-02 1.23697e+00 5.50032e-03
-3.55489e-02 1.29886e+00 5.11875e-03
-3.80060e-02 1.36071e+00 4.78536e-03
-4.06518e-02 1.42253e+00 4.49551e-03
-4.34860e-02 1.48431e+00 4.24454e-03
-4.65082e-02 1.54605e+00 4.02799e-03
-4.97182e-02 1.60775e+00 3.84166e-03
-5.31158e-02 1.66943e+00 3.68172e-03
-5.67008e-02 1.73107e+00 3.54473e-03
-6.04730e-02 1.79268e+00 3.42759e-03
-6.44321e-02 1.85426e+00 3.32758e-03
-6.85779e-02 1.91581e+00 3.24233e-03
-7.29104e-02 1.97733e+00 3.16974e-03
-7.74292e-02 2.03883e+00 3.10800e-03
-8.21343e-02 2.10031e+00 3.05554e-03
-8.70255e-02 2.16175e+00 3.01100e-03
-9.21026e-02 2.22318e+00 2.97320e-03
-9.73656e-02 2.28459e+00 2.94115e-03
-1.02814e-01 2.34597e+00 2.91396e-03
-1.08449e-01 2.40734e+00 2.89089e-03
-1.14268e-01 2.46869e+00 2.87128e-03
-1.20274e-01 2.53002e+00 2.85459e-03
-1.26464e-01 2.59133e+00 2.84034e-03
-1.32840e-01 2.65263e+00 2.82811e-03
-1.39402e-01 2.71392e+00 2.81755e-03
-1.46148e-01 2.77520e+00 2.80836e-03
-1.53080e-01 2.83646e+00 2.80027e-03
-1.60197e-01 2.89772e+00 2.79307e-03
-1.67499e-01 2.95897e+00 2.78655e-03
-1.74986e-01 3.02021e+00 2.78056e-03
-1.82659e-01 3.08144e+00 2.77494e-03
-1.90516e-01 3.14267e+00 2.76958e-03
-1.98559e-01 3.20389e+00 2.76438e-03
-2.06788e-01 3.26511e+00 2.75923e-03
-2.15202e-01 3.32633e+00 2.75408e-03
-2.23801e-01 3.38755e+00 2.74884e-03
-2.32585e-01 3.44877e+00 2.74348e-03
-2.41556e-01 3.50999e+00 2.73793e-03
-2.50712e-01 3.57122e+00 2.73217e-03
-2.60054e-01 3.63245e+00 2.72615e-03
-2.69582e-01 3.69368e+00 2.71986e-03
-2.79296e-01 3.75492e+00 2.71326e-03
-2.89196e-01 3.81617e+00 2.70635e-03
-2.99282e-01 3.87743e+00 2.69911e-03
-3.09556e-01 3.93869e+00 2.69152e-03
-3.20016e-01 3.99997e+00 2.68357e-03
-1.27618e-05 9.99995e-01 7.88469e-03
-1.34922e-05 1.06122e+00 7.22339e-03
-1.43181e-05 1.12244e+00 6.62565e-03
-1.52397e-05 1.18367e+00 6.09176e-03
-1.62567e-05 1.24489e+00 5.61966e-03
-1.73691e-05 1.30612e+00 5.20574e-03
-1.85769e-05 1.36734e+00 4.84539e-03
-1.98800e-05 1.42856e+00 4.53355e-03
-2.12784e-05 1.48979e+00 4.26503e-03
-2.27721e-05 1.55101e+00 4.03480e-03
-2.43609e-05 1.61224e+00 3.83811e-03
-2.60448e-05 1.67346e+00 3.67060e-03
-2.78237e-05 1.73469e+00 3.52835e-03
-2.96977e-05 1.79591e+00 3.40784e-03
-3.16666e-05 1.85713e+00 3.30599e-03
-3.37305e-05 1.91836e+00 3.22011e-03
-3.58892e-05 1.97958e+00 3.14784e-03
-3.81427e-05 2.04081e+00 3.08716e-03
-4.04909e-05 2.10203e+00 3.03631e-03
-4.29339e-05 2.16325e+00 2.99379e-03
-4.54715e-05 2.22448e+00 2.95831e-03
-4.81037e-05 2.28570e+00 2.92876e-03
-5.08304e-05 2.34693e+00 2.90418e-03
-5.36516e-05 2.40815e+00 2.88377e-03
-5.65672e-05 2.46937e+00 2.86683e-03
-5.95773e-05 2.53060e+00 2.85277e-03
-6.26816e-05 2.59182e+00 2.84108e-03
-6.58803e-05 2.65304e+00 2.83132e-03
-6.91732e-05 2.71427e+00 2.82313e-03
-7.25602e-05 2.77549e+00 2.81618e-03
-7.60414e-05 2.83672e+00 2.81021e-03
-7.96166e-05 2.89794e+00 2.80498e-03
-8.32859e-05 2.95916e+00 2.80031e-03
-8.70491e-05 3.02039e+00 2.79602e-03
-9.09063e-05 3.08161e+00 2.79197e-03
-9.48573e-05 3.14284e+00 2.78803e-03
-9.89021e-05 3.20406e+00 2.78412e-03
-1.03041e-04 3.26528e+00 2.78013e-03
-1.07273e-04 3.32651e+00 2.77600e-03
-1.11599e-04 3.38773e+00 2.77166e-03
-1.16018e-04 3.44896e+00 2.76707e-03
-1.20532e-04 3.51018e+00 2.76218e-03
-1.25138e-04 3.57140e+00 2.75696e-03
-1.29838e-04 3.63263e+00 2.75137e-03
-1.34632e-04 3.69385e+00 2.74539e-03
-1.39518e-04 3.75507e+00 2.73901e-03
-1.44498e-04 3.81630e+00 2.73221e-03
-1.49572e-04 3.87752e+00 2.72498e-03
-1.54738e-04 3.93875e+00 2.71730e-03
-1.59998e-04 3.99997e+00 2.70919e-03
