-1.00000e+00 0.00000e+00 -3.92515e-05
-1.06122e+00 0.00000e+00 -4.49446e-05
-1.12245e+00 0.00000e+00 -4.01649e-05
-1.18367e+00 0.00000e+00 -2.90026e-05
-1.24490e+00 0.00000e+00 -1.48733e-05
-1.30612e+00 0.00000e+00 -5.10925e-07
-1.36734e+00 0.00000e+00 1.19872e-05
-1.42857e+00 0.00000e+00 2.10861e-05
-1.48979e+00 0.00000e+00 2.57245e-05
-1.55101e+00 0.00000e+00 2.52262e-05
-1.61224e+00 0.00000e+00 1.92169e-05
-1.67346e+00 0.00000e+00 7.55132e-06
-1.73469e+00 0.00000e+00 -9.74788e-06
-1.79591e+00 0.00000e+00 -2.77993e-05
-1.85713e+00 0.00000e+00 -8.68601e-06
-1.91836e+00 0.00000e+00 2.24195e-06
-1.97958e+00 0.00000e+00 7.25947e-06
-2.04081e+00 0.00000e+00 8.23865e-06
-2.10203e+00 0.00000e+00 6.70993e-06
-2.16325e+00 0.00000e+00 3.91606e-06
-2.22448e+00 0.00000e+00 8.59040e-07
-2.28570e+00 0.00000e+00 -1.65966e-06
-2.34693e+00 0.00000e+00 -3.00480e-06
-2.40815e+00 0.00000e+00 -2.67849e-06
-2.46937e+00 0.00000e+00 -2.95917e-07
-2.53060e+00 0.00000e+00 1.63640e-06
-2.59182e+00 0.00000e+00 1.17485e-06
-2.65304e+00 0.00000e+00 8.50670e-07
-2.71427e+00 0.00000e+00 6.32594e-07
-2.77549e+00 0.00000e+00 4.94355e-07
-2.83672e+00 0.00000e+00 4.13925e-07
-2.89794e+00 0.00000e+00 3.72868e-07
-2.95916e+00 0.00000e+00 3.55783e-07
-3.02039e+00 0.00000e+00 3.49837e-07
-3.08161e+00 0.00000e+00 3.44371e-07
-3.14284e+00 0.00000e+00 3.30559e-07
-3.20406e+00 0.00000e+00 3.01126e-07
-3.26528e+00 0.00000e+00 2.61432e-07
-3.32651e+00 0.00000e+00 2.49624e-07
-3.38773e+00 0.00000e+00 2.31953e-07
-3.44896e+00 0.00000e+00 2.09859e-07
-3.51018e+00 0.00000e+00 1.84674e-07
-3.57140e+00 0.00000e+00 1.57630e-07
-3.63263e+00 0.00000e+00 1.29859e-07
-3.69385e+00 0.00000e+00 1.02398e-07
-3.75507e+00 0.00000e+00 7.61965e-08
-3.81630e+00 0.00000e+00 5.21149e-08
-3.87752e+00 0.00000e+00 3.09335e-08
-3.93875e+00 0.00000e+00 1.33541e-08
-3.99997e+00 0.00000e+00 5.40985e-12
-9.88119e-01 2.81231e-02 6.27197e-04
-1.04987e+00 2.95565e-02 3.82686e-04
-1.11159e+00 3.11762e-02 2.07711e-04
-1.17328e+00 3.29823e-02 8.94101e-05
-1.23494e+00 3.49746e-02 1.61027e-05
-1.29657e+00 3.71530e-02 -2.24464e-05
-1.35818e+00 3.95177e-02 -3.49409e-05
-1.41976e+00 4.20684e-02 -2.85867e-05
-1.48132e+00 4.48053e-02 -9.20508e-06
-1.54286e+00 4.77283e-02 1.86117e-05
-1.60437e+00 5.08374e-02 5.13285e-05
-1.66587e+00 5.41327e-02 8.62968e-05
-1.72735e+00 5.76141e-02 1.21596e-04
-1.78894e+00 6.13034e-02 -1.05168e-05
-1.85056e+00 6.51872e-02 3.56465e-06
-1.91215e+00 6.92585e-02 1.19293e-05
-1.97372e+00 7.35172e-02 1.61204e-05
-2.03526e+00 7.79633e-02 1.74142e-05
-2.09678e+00 8.25968e-02 1.68598e-05
-2.15829e+00 8.74175e-02 1.53142e-05
-2.21977e+00 9.24256e-02 1.34730e-05
-2.28124e+00 9.76211e-02 1.18970e-05
-2.34269e+00 1.03004e-01 1.10341e-05
-2.40412e+00 1.08574e-01 1.12388e-05
-2.46554e+00 1.14332e-01 1.27882e-05
-2.52701e+00 1.20292e-01 1.17665e-05
-2.58852e+00 1.26455e-01 1.13648e-05
-2.65000e+00 1.32804e-01 1.09778e-05
-2.71147e+00 1.39341e-01 1.06002e-05
-2.77292e+00 1.46064e-01 1.02281e-05
-2.83435e+00 1.52974e-01 9.85766e-06
-2.89577e+00 1.60071e-01 9.48605e-06
-2.95717e+00 1.67355e-01 9.11076e-06
-3.01856e+00 1.74825e-01 8.72968e-06
-3.07994e+00 1.82482e-01 8.34101e-06
-3.14131e+00 1.90327e-01 7.94325e-06
-3.20266e+00 1.98358e-01 7.53508e-06
-3.26403e+00 2.06582e-01 7.00230e-06
-3.32542e+00 2.15006e-01 6.66762e-06
-3.38680e+00 2.23616e-01 6.26772e-06
-3.44816e+00 2.32410e-01 5.81096e-06
-3.50951e+00 2.41388e-01 5.30465e-06
-3.57085e+00 2.50551e-01 4.75520e-06
-3.63218e+00 2.59899e-01 4.16816e-06
-3.69349e+00 2.69431e-01 3.54841e-06
-3.75480e+00 2.79148e-01 2.90016e-06
-3.81610e+00 2.89049e-01 2.22705e-06
-3.87740e+00 2.99135e-01 1.53225e-06
-3.93869e+00 3.09406e-01 8.18457e-07
-3.99997e+00 3.19862e-01 8.79913e-08
-9.75796e-01 5.61609e-02 1.07413e-03
-1.03798e+00 5.90573e-02 6.88892e-04
-1.10010e+00 6.23153e-02 4.08316e-04
-1.16216e+00 6.59342e-02 2.12982e-04
-1.22418e+00 6.99138e-02 8.56268e-05
-1.28614e+00 7.42535e-02 1.13623e-05
-1.34806e+00 7.89531e-02 -2.23160e-05
-1.40994e+00 8.40123e-02 -2.56637e-05
-1.47177e+00 8.94308e-02 -6.90478e-06
-1.53356e+00 9.52083e-02 2.75122e-05
-1.59531e+00 1.01345e-01 7.26500e-05
-1.65703e+00 1.07840e-01 1.24830e-04
-1.71872e+00 1.14694e-01 1.81405e-04
-1.78064e+00 1.21958e-01 1.86379e-05
-1.84260e+00 1.29601e-01 2.57365e-05
-1.90452e+00 1.37605e-01 2.96190e-05
-1.96640e+00 1.45970e-01 3.11851e-05
-2.02824e+00 1.54696e-01 3.11788e-05
-2.09004e+00 1.63782e-01 3.02119e-05
-2.15180e+00 1.73229e-01 2.87846e-05
-2.21353e+00 1.83037e-01 2.73027e-05
-2.27523e+00 1.93205e-01 2.60935e-05
-2.33690e+00 2.03734e-01 2.54182e-05
-2.39854e+00 2.14624e-01 2.54834e-05
-2.46017e+00 2.25875e-01 2.64500e-05
-2.52188e+00 2.37522e-01 2.35191e-05
-2.58368e+00 2.49566e-01 2.29410e-05
-2.64545e+00 2.61970e-01 2.23106e-05
-2.70718e+00 2.74733e-01 2.16394e-05
-2.76888e+00 2.87856e-01 2.09369e-05
-2.83055e+00 3.01338e-01 2.02109e-05
-2.89220e+00 3.15181e-01 1.94681e-05
-2.95382e+00 3.29384e-01 1.87138e-05
-3.01542e+00 3.43947e-01 1.79522e-05
-3.07700e+00 3.58870e-01 1.71867e-05
-3.13856e+00 3.74155e-01 1.64201e-05
-3.20011e+00 3.89801e-01 1.56542e-05
-3.26167e+00 4.05821e-01 1.46341e-05
-3.32330e+00 4.22236e-01 1.39101e-05
-3.38491e+00 4.39008e-01 1.30768e-05
-3.44648e+00 4.56136e-01 1.21427e-05
-3.50804e+00 4.73621e-01 1.11152e-05
-3.56958e+00 4.91463e-01 1.00007e-05
-3.63109e+00 5.09663e-01 8.80478e-06
-3.69260e+00 5.28221e-01 7.53235e-06
-3.75409e+00 5.47137e-01 6.18752e-06
-3.81557e+00 5.66412e-01 4.77390e-06
-3.87704e+00 5.86047e-01 3.29454e-06
-3.93851e+00 6.06041e-01 1.75205e-06
-3.99997e+00 6.26396e-01 1.48608e-07
-9.63030e-01 8.40859e-02 1.35889e-03
-1.02554e+00 8.84753e-02 9.08349e-04
-1.08798e+00 9.33898e-02 5.77683e-04
-1.15033e+00 9.88282e-02 3.43600e-04
-1.21262e+00 1.04789e-01 1.85963e-04
-1.27484e+00 1.11272e-01 8.78069e-05
-1.33699e+00 1.18276e-01 3.51685e-05
-1.39908e+00 1.25800e-01 1.68056e-05
-1.46112e+00 1.33844e-01 2.38624e-05
-1.52310e+00 1.42406e-01 4.95212e-05
-1.58504e+00 1.51486e-01 8.86690e-05
-1.64693e+00 1.61085e-01 1.37593e-04
-1.70878e+00 1.71201e-01 1.93713e-04
-1.77098e+00 1.81925e-01 5.47368e-05
-1.83325e+00 1.93200e-01 5.43549e-05
-1.89546e+00 2.04997e-01 5.30196e-05
-1.95762e+00 2.17315e-01 5.10964e-05
-2.01972e+00 2.30153e-01 4.88848e-05
-2.08177e+00 2.43511e-01 4.66279e-05
-2.14377e+00 2.57389e-01 4.45221e-05
-2.20574e+00 2.71788e-01 4.27240e-05
-2.26766e+00 2.86706e-01 4.13576e-05
-2.32955e+00 3.02145e-01 4.05193e-05
-2.39141e+00 3.18104e-01 4.02828e-05
-2.45323e+00 3.34583e-01 4.07030e-05
-2.51521e+00 3.51646e-01 3.68072e-05
-2.57732e+00 3.69290e-01 3.58631e-05
-2.63938e+00 3.87453e-01 3.48457e-05
-2.70139e+00 4.06134e-01 3.37741e-05
-2.76337e+00 4.25334e-01 3.26640e-05
-2.82531e+00 4.45054e-01 3.15283e-05
-2.88722e+00 4.65293e-01 3.03776e-05
-2.94909e+00 4.86052e-01 2.92204e-05
-3.01095e+00 5.07332e-01 2.80633e-05
-3.07278e+00 5.29134e-01 2.69116e-05
-3.13459e+00 5.51457e-01 2.57693e-05
-3.19639e+00 5.74304e-01 2.46393e-05
-3.25822e+00 5.97696e-01 2.31641e-05
-3.32015e+00 6.21670e-01 2.19550e-05
-3.38205e+00 6.46159e-01 2.06198e-05
-3.44392e+00 6.71164e-01 1.91583e-05
-3.50576e+00 6.96687e-01 1.75700e-05
-3.56758e+00 7.22727e-01 1.58545e-05
-3.62938e+00 7.49286e-01 1.40112e-05
-3.69116e+00 7.76365e-01 1.20394e-05
-3.75294e+00 8.03965e-01 9.93843e-06
-3.81470e+00 8.32087e-01 7.70740e-06
-3.87646e+00 8.60733e-01 5.34546e-06
-3.93821e+00 8.89905e-01 2.85169e-06
-3.99997e+00 9.19603e-01 2.25122e-07
-9.49824e-01 1.11869e-01 1.53793e-03
-1.01257e+00 1.17782e-01 1.07476e-03
-1.07522e+00 1.24372e-01 7.30991e-04
-1.13777e+00 1.31636e-01 4.82463e-04
-1.20024e+00 1.39572e-01 3.08825e-04
-1.26263e+00 1.48179e-01 1.93305e-04
-1.32495e+00 1.57455e-01 1.22375e-04
-1.38719e+00 1.67399e-01 8.53447e-05
-1.44937e+00 1.78010e-01 7.39483e-05
-1.51148e+00 1.89286e-01 8.19516e-05
-1.57354e+00 2.01227e-01 1.04790e-04
-1.63555e+00 2.13831e-01 1.39251e-04
-1.69752e+00 2.27098e-01 1.83204e-04
-1.75995e+00 2.41165e-01 9.29953e-05
-1.82249e+00 2.55945e-01 8.60087e-05
-1.88496e+00 2.71393e-01 7.98475e-05
-1.94736e+00 2.87508e-01 7.44706e-05
-2.00969e+00 3.04290e-01 6.98398e-05
-2.07198e+00 3.21738e-01 6.59195e-05
-2.13420e+00 3.39852e-01 6.26764e-05
-2.19639e+00 3.58632e-01 6.00798e-05
-2.25853e+00 3.78078e-01 5.81008e-05
-2.32063e+00 3.98190e-01 5.67125e-05
-2.38270e+00 4.18968e-01 5.58899e-05
-2.44474e+00 4.40413e-01 5.56095e-05
-2.50698e+00 4.62619e-01 5.15430e-05
-2.56941e+00 4.85583e-01 5.00930e-05
-2.63178e+00 5.09211e-01 4.85844e-05
-2.69410e+00 5.33503e-01 4.70356e-05
-2.75638e+00 5.58460e-01 4.54614e-05
-2.81862e+00 5.84082e-01 4.38740e-05
-2.88082e+00 6.10370e-01 4.22830e-05
-2.94300e+00 6.37326e-01 4.06957e-05
-3.00515e+00 6.64950e-01 3.91178e-05
-3.06728e+00 6.93243e-01 3.75534e-05
-3.12940e+00 7.22207e-01 3.60054e-05
-3.19151e+00 7.51843e-01 3.44755e-05
-3.25366e+00 7.82185e-01 3.25986e-05
-3.31596e+00 8.13288e-01 3.07793e-05
-3.37823e+00 8.45053e-01 2.88547e-05
-3.44046e+00 8.77480e-01 2.68050e-05
-3.50267e+00 9.10573e-01 2.46123e-05
-3.56486e+00 9.44332e-01 2.22606e-05
-3.62703e+00 9.78759e-01 1.97351e-05
-3.68919e+00 1.01386e+00 1.70224e-05
-3.75134e+00 1.04963e+00 1.41104e-05
-3.81349e+00 1.08607e+00 1.09880e-05
-3.87564e+00 1.12319e+00 7.64489e-06
-3.93780e+00 1.16100e+00 4.07181e-06
-3.99997e+00 1.19948e+00 2.60164e-07
-9.36181e-01 1.39482e-01 1.66723e-03
-9.99056e-01 1.46949e-01 1.22102e-03
-1.06182e+00 1.55232e-01 8.82584e-04
-1.12449e+00 1.64327e-01 6.30057e-04
-1.18705e+00 1.74231e-01 4.45360e-04
-1.24953e+00 1.84943e-01 3.13832e-04
-1.31193e+00 1.96459e-01 2.23802e-04
-1.37425e+00 2.08778e-01 1.66154e-04
-1.43650e+00 2.21896e-01 1.33913e-04
-1.49869e+00 2.35814e-01 1.21875e-04
-1.56082e+00 2.50529e-01 1.26269e-04
-1.62289e+00 2.66040e-01 1.44481e-04
-1.68493e+00 2.82347e-01 1.74817e-04
-1.74755e+00 2.99637e-01 1.28852e-04
-1.81031e+00 3.17793e-01 1.17414e-04
-1.87300e+00 3.36750e-01 1.07874e-04
-1.93561e+00 3.56507e-01 9.99282e-05
-1.99816e+00 3.77064e-01 9.33238e-05
-2.06065e+00 3.98419e-01 8.78543e-05
-2.12308e+00 4.20573e-01 8.33501e-05
-2.18547e+00 4.43526e-01 7.96726e-05
-2.24782e+00 4.67276e-01 7.67095e-05
-2.31013e+00 4.91826e-01 7.43700e-05
-2.37242e+00 5.17174e-01 7.25813e-05
-2.43468e+00 5.43323e-01 7.12858e-05
-2.49720e+00 5.70401e-01 6.76415e-05
-2.55995e+00 5.98405e-01 6.55989e-05
-2.62265e+00 6.27205e-01 6.35366e-05
-2.68530e+00 6.56802e-01 6.14649e-05
-2.74790e+00 6.87196e-01 5.93920e-05
-2.81047e+00 7.18388e-01 5.73237e-05
-2.87301e+00 7.50380e-01 5.52642e-05
-2.93553e+00 7.83173e-01 5.32163e-05
-2.99803e+00 8.16770e-01 5.11814e-05
-3.06051e+00 8.51171e-01 4.91601e-05
-3.12299e+00 8.86379e-01 4.71519e-05
-3.18546e+00 9.22397e-01 4.51557e-05
-3.24801e+00 9.59270e-01 4.29453e-05
-3.31074e+00 9.97074e-01 4.03609e-05
-3.37344e+00 1.03567e+00 3.77382e-05
-3.43612e+00 1.07507e+00 3.50252e-05
-3.49877e+00 1.11527e+00 3.21751e-05
-3.56141e+00 1.15627e+00 2.91455e-05
-3.62405e+00 1.19808e+00 2.58978e-05
-3.68668e+00 1.24069e+00 2.23971e-05
-3.74931e+00 1.28412e+00 1.86115e-05
-3.81195e+00 1.32836e+00 1.45118e-05
-3.87460e+00 1.37343e+00 1.00715e-05
-3.93727e+00 1.41932e+00 5.26631e-06
-3.99997e+00 1.46603e+00 7.38398e-08
-9.22105e-01 1.66893e-01 1.80257e-03
-9.85005e-01 1.75945e-01 1.37929e-03
-1.04779e+00 1.85940e-01 1.04596e-03
-1.11047e+00 1.96872e-01 7.86118e-04
-1.17304e+00 2.08737e-01 5.86142e-04
-1.23553e+00 2.21533e-01 4.34952e-04
-1.29793e+00 2.35255e-01 3.23656e-04
-1.36026e+00 2.49901e-01 2.45210e-04
-1.42252e+00 2.65468e-01 1.94117e-04
-1.48471e+00 2.81954e-01 1.66160e-04
-1.54685e+00 2.99358e-01 1.58160e-04
-1.60895e+00 3.17676e-01 1.67784e-04
-1.67100e+00 3.36909e-01 1.93378e-04
-1.73377e+00 3.57305e-01 1.58035e-04
-1.79671e+00 3.78706e-01 1.45469e-04
-1.85957e+00 4.01028e-01 1.34968e-04
-1.92237e+00 4.24271e-01 1.26122e-04
-1.98510e+00 4.48432e-01 1.18605e-04
-2.04777e+00 4.73512e-01 1.12163e-04
-2.11040e+00 4.99510e-01 1.06598e-04
-2.17298e+00 5.26425e-01 1.01760e-04
-2.23553e+00 5.54259e-01 9.75389e-05
-2.29805e+00 5.83010e-01 9.38548e-05
-2.36055e+00 6.12681e-01 9.06544e-05
-2.42304e+00 6.43272e-01 8.79053e-05
-2.48585e+00 6.74952e-01 8.50263e-05
-2.54894e+00 7.07717e-01 8.23587e-05
-2.61198e+00 7.41397e-01 7.97231e-05
-2.67498e+00 7.75993e-01 7.71155e-05
-2.73794e+00 8.11506e-01 7.45315e-05
-2.80088e+00 8.47937e-01 7.19663e-05
-2.86379e+00 8.85289e-01 6.94151e-05
-2.92669e+00 9.23564e-01 6.68725e-05
-2.98957e+00 9.62764e-01 6.43334e-05
-3.05246e+00 1.00289e+00 6.17924e-05
-3.11535e+00 1.04395e+00 5.92440e-05
-3.17825e+00 1.08594e+00 5.66829e-05
-3.24125e+00 1.12893e+00 5.42149e-05
-3.30448e+00 1.17301e+00 5.06814e-05
-3.36769e+00 1.21801e+00 4.72286e-05
-3.43088e+00 1.26392e+00 4.37583e-05
-3.49407e+00 1.31076e+00 4.01816e-05
-3.55725e+00 1.35853e+00 3.64174e-05
-3.62043e+00 1.40723e+00 3.23918e-05
-3.68362e+00 1.45687e+00 2.80373e-05
-3.74683e+00 1.50744e+00 2.32920e-05
-3.81007e+00 1.55896e+00 1.80994e-05
-3.87333e+00 1.61144e+00 1.24075e-05
-3.93663e+00 1.66486e+00 6.16840e-06
-3.99997e+00 1.71926e+00 -6.62121e-07
-9.08076e-01 1.93204e-01 1.80771e-03
-9.70878e-01 2.03868e-01 1.43071e-03
-1.03356e+00 2.15587e-01 1.13116e-03
-1.09614e+00 2.28355e-01 8.93622e-04
-1.15863e+00 2.42167e-01 7.05792e-04
-1.22102e+00 2.57019e-01 5.58049e-04
-1.28333e+00 2.72905e-01 4.42959e-04
-1.34558e+00 2.89824e-01 3.54872e-04
-1.40776e+00 3.07771e-01 2.89576e-04
-1.46988e+00 3.26744e-01 2.44008e-04
-1.53196e+00 3.46739e-01 2.16019e-04
-1.59401e+00 3.67757e-01 2.04177e-04
-1.65602e+00 3.89794e-01 2.07614e-04
-1.71887e+00 4.13183e-01 1.83423e-04
-1.78193e+00 4.37713e-01 1.73901e-04
-1.84492e+00 4.63272e-01 1.64514e-04
-1.90785e+00 4.89858e-01 1.55473e-04
-1.97072e+00 5.17470e-01 1.46939e-04
-2.03354e+00 5.46108e-01 1.39032e-04
-2.09633e+00 5.75770e-01 1.31837e-04
-2.15908e+00 6.06456e-01 1.25414e-04
-2.22181e+00 6.38168e-01 1.19801e-04
-2.28453e+00 6.70905e-01 1.15019e-04
-2.34723e+00 7.04668e-01 1.11072e-04
-2.40994e+00 7.39459e-01 1.07957e-04
-2.47303e+00 7.75503e-01 1.03571e-04
-2.53647e+00 8.12791e-01 1.00319e-04
-2.59986e+00 8.51099e-01 9.70858e-05
-2.66322e+00 8.90429e-01 9.38709e-05
-2.72656e+00 9.30783e-01 9.06703e-05
-2.78988e+00 9.72163e-01 8.74795e-05
-2.85320e+00 1.01457e+00 8.42932e-05
-2.91651e+00 1.05801e+00 8.11055e-05
-2.97982e+00 1.10248e+00 7.79098e-05
-3.04315e+00 1.14799e+00 7.46992e-05
-3.10651e+00 1.19454e+00 7.14664e-05
-3.16989e+00 1.24214e+00 6.82041e-05
-3.23340e+00 1.29086e+00 6.53737e-05
-3.29720e+00 1.34084e+00 6.09097e-05
-3.36099e+00 1.39183e+00 5.65481e-05
-3.42477e+00 1.44386e+00 5.21846e-05
-3.48856e+00 1.49691e+00 4.77232e-05
-3.55236e+00 1.55101e+00 4.30759e-05
-3.61618e+00 1.60614e+00 3.81614e-05
-3.68003e+00 1.66232e+00 3.29045e-05
-3.74392e+00 1.71955e+00 2.72359e-05
-3.80785e+00 1.77785e+00 2.10907e-05
-3.87183e+00 1.83720e+00 1.44089e-05
-3.93587e+00 1.89764e+00 7.13403e-06
-3.99997e+00 1.95915e+00 -7.86484e-07
-8.93672e-01 2.19243e-01 1.83617e-03
-9.56271e-01 2.31549e-01 1.49877e-03
-1.01876e+00 2.45009e-01 1.22472e-03
-1.08115e+00 2.59617e-01 1.00151e-03
-1.14345e+00 2.75367e-01 8.19401e-04
-1.20566e+00 2.92253e-01 6.70863e-04
-1.26781e+00 3.10270e-01 5.50173e-04
-1.32990e+00 3.29414e-01 4.53041e-04
-1.39193e+00 3.49681e-01 3.76318e-04
-1.45393e+00 3.71068e-01 3.17754e-04
-1.51589e+00 3.93572e-01 2.75806e-04
-1.57783e+00 4.17191e-01 2.49486e-04
-1.63975e+00 4.41922e-01 2.38235e-04
-1.70263e+00 4.68187e-01 2.20849e-04
-1.76577e+00 4.95717e-01 2.08805e-04
-1.82885e+00 5.24370e-01 1.97153e-04
-1.89187e+00 5.54145e-01 1.86088e-04
-1.95486e+00 5.85040e-01 1.75759e-04
-2.01781e+00 6.17054e-01 1.66270e-04
-2.08073e+00 6.50186e-01 1.57696e-04
-2.14364e+00 6.84438e-01 1.50083e-04
-2.20654e+00 7.19809e-01 1.43457e-04
-2.26944e+00 7.56299e-01 1.37828e-04
-2.33236e+00 7.93911e-01 1.33190e-04
-2.39529e+00 8.32646e-01 1.29529e-04
-2.45867e+00 8.72785e-01 1.23458e-04
-2.52246e+00 9.14318e-01 1.19392e-04
-2.58623e+00 9.56964e-01 1.15374e-04
-2.64997e+00 1.00073e+00 1.11395e-04
-2.71371e+00 1.04560e+00 1.07445e-04
-2.77745e+00 1.09160e+00 1.03513e-04
-2.84120e+00 1.13872e+00 9.95893e-05
-2.90496e+00 1.18697e+00 9.56611e-05
-2.96875e+00 1.23635e+00 9.17170e-05
-3.03258e+00 1.28686e+00 8.77450e-05
-3.09645e+00 1.33852e+00 8.37330e-05
-3.16037e+00 1.39132e+00 7.96687e-05
-3.22445e+00 1.44536e+00 7.61626e-05
-3.28888e+00 1.50080e+00 7.06841e-05
-3.35332e+00 1.55737e+00 6.53173e-05
-3.41777e+00 1.61505e+00 5.99615e-05
-3.48225e+00 1.67386e+00 5.45232e-05
-3.54675e+00 1.73380e+00 4.89159e-05
-3.61131e+00 1.79488e+00 4.30590e-05
-3.67591e+00 1.85711e+00 3.68772e-05
-3.74057e+00 1.92049e+00 3.03002e-05
-3.80529e+00 1.98503e+00 2.32618e-05
-3.87010e+00 2.05075e+00 1.56996e-05
-3.93499e+00 2.11764e+00 7.55484e-06
-3.99997e+00 2.18572e+00 -1.22832e-06
-8.78830e-01 2.45113e-01 1.85317e-03
-9.41121e-01 2.59091e-01 1.55230e-03
-1.00331e+00 2.74309e-01 1.30261e-03
-1.06542e+00 2.90762e-01 1.09418e-03
-1.12744e+00 3.08441e-01 9.19416e-04
-1.18940e+00 3.27340e-01 7.72544e-04
-1.25131e+00 3.47454e-01 6.49246e-04
-1.31317e+00 3.68778e-01 5.46339e-04
-1.37499e+00 3.91306e-01 4.61525e-04
-1.43679e+00 4.15036e-01 3.93200e-04
-1.49858e+00 4.39964e-01 3.40302e-04
-1.56037e+00 4.66087e-01 3.02186e-04
-1.62216e+00 4.93404e-01 2.78534e-04
-1.68502e+00 5.22425e-01 2.63186e-04
-1.74819e+00 5.52822e-01 2.47801e-04
-1.81132e+00 5.84424e-01 2.33200e-04
-1.87441e+00 6.17229e-01 2.19540e-04
-1.93748e+00 6.51236e-01 2.06931e-04
-2.00053e+00 6.86443e-01 1.95446e-04
-2.06358e+00 7.22851e-01 1.85131e-04
-2.12663e+00 7.60458e-01 1.76008e-04
-2.18970e+00 7.99267e-01 1.68081e-04
-2.25278e+00 8.39278e-01 1.61339e-04
-2.31591e+00 8.80492e-01 1.55759e-04
-2.37907e+00 9.22913e-01 1.51312e-04
-2.44276e+00 9.66876e-01 1.43804e-04
-2.50691e+00 1.01237e+00 1.38742e-04
-2.57106e+00 1.05906e+00 1.33770e-04
-2.63521e+00 1.10694e+00 1.28873e-04
-2.69938e+00 1.15602e+00 1.24035e-04
-2.76356e+00 1.20631e+00 1.19237e-04
-2.82778e+00 1.25780e+00 1.14463e-04
-2.89204e+00 1.31050e+00 1.09694e-04
-2.95635e+00 1.36441e+00 1.04914e-04
-3.02072e+00 1.41955e+00 1.00104e-04
-3.08516e+00 1.47591e+00 9.52471e-05
-3.14968e+00 1.53351e+00 9.03261e-05
-3.21440e+00 1.59245e+00 8.59824e-05
-3.27953e+00 1.65294e+00 7.95549e-05
-3.34468e+00 1.71462e+00 7.32412e-05
-3.40988e+00 1.77751e+00 6.69508e-05
-3.47512e+00 1.84160e+00 6.05991e-05
-3.54042e+00 1.90692e+00 5.41064e-05
-3.60579e+00 1.97346e+00 4.73978e-05
-3.67124e+00 2.04123e+00 4.04026e-05
-3.73677e+00 2.11025e+00 3.30536e-05
-3.80240e+00 2.18053e+00 2.52870e-05
-3.86814e+00 2.25206e+00 1.70418e-05
-3.93399e+00 2.32487e+00 8.25969e-06
-3.99997e+00 2.39896e+00 -1.11553e-06
-8.63558e-01 2.70785e-01 1.86407e-03
-9.25433e-01 2.86464e-01 1.59563e-03
-9.87226e-01 3.03458e-01 1.36819e-03
-1.04895e+00 3.21758e-01 1.17405e-03
-1.11061e+00 3.41358e-01 1.00736e-03
-1.17223e+00 3.62249e-01 8.63799e-04
-1.23382e+00 3.84425e-01 7.40147e-04
-1.29538e+00 4.07881e-01 6.34080e-04
-1.35693e+00 4.32611e-01 5.43951e-04
-1.41848e+00 4.58612e-01 4.68639e-04
-1.48004e+00 4.85879e-01 4.07431e-04
-1.54162e+00 5.14410e-01 3.59924e-04
-1.60323e+00 5.44203e-01 3.25963e-04
-1.66603e+00 5.75859e-01 3.09185e-04
-1.72919e+00 6.08990e-01 2.89855e-04
-1.79233e+00 6.43395e-01 2.71808e-04
-1.85546e+00 6.79073e-01 2.55136e-04
-1.91858e+00 7.16020e-01 2.39893e-04
-1.98172e+00 7.54237e-01 2.26105e-04
-2.04487e+00 7.93724e-01 2.13776e-04
-2.10805e+00 8.34479e-01 2.02893e-04
-2.17127e+00 8.76505e-01 1.93429e-04
-2.23454e+00 9.19803e-01 1.85346e-04
-2.29788e+00 9.64375e-01 1.78600e-04
-2.36128e+00 1.01022e+00 1.73139e-04
-2.42528e+00 1.05774e+00 1.64284e-04
-2.48981e+00 1.10691e+00 1.58069e-04
-2.55436e+00 1.15735e+00 1.51997e-04
-2.61894e+00 1.20905e+00 1.46045e-04
-2.68356e+00 1.26201e+00 1.40190e-04
-2.74823e+00 1.31625e+00 1.34407e-04
-2.81295e+00 1.37177e+00 1.28673e-04
-2.87775e+00 1.42856e+00 1.22962e-04
-2.94262e+00 1.48665e+00 1.17253e-04
-3.00759e+00 1.54603e+00 1.11522e-04
-3.07265e+00 1.60671e+00 1.05745e-04
-3.13783e+00 1.66869e+00 9.99000e-05
-3.20325e+00 1.73212e+00 9.45956e-05
-3.26914e+00 1.79722e+00 8.72441e-05
-3.33509e+00 1.86358e+00 8.00002e-05
-3.40110e+00 1.93122e+00 7.27909e-05
-3.46719e+00 2.00014e+00 6.55473e-05
-3.53337e+00 2.07036e+00 5.82034e-05
-3.59965e+00 2.14187e+00 5.06961e-05
-3.66604e+00 2.21470e+00 4.29649e-05
-3.73254e+00 2.28884e+00 3.49513e-05
-3.79918e+00 2.36432e+00 2.65989e-05
-3.86595e+00 2.44115e+00 1.78530e-05
-3.93288e+00 2.51932e+00 8.66018e-06
-3.99997e+00 2.59887e+00 -1.03168e-06
-8.47864e-01 2.96228e-01 1.87435e-03
-9.09214e-01 3.13638e-01 1.63311e-03
-9.70506e-01 3.32424e-01 1.42482e-03
-1.03175e+00 3.52577e-01 1.24353e-03
-1.09297e+00 3.74088e-01 1.08482e-03
-1.15416e+00 3.96948e-01 9.45422e-04
-1.21535e+00 4.21152e-01 8.22953e-04
-1.27654e+00 4.46692e-01 7.15702e-04
-1.33775e+00 4.73563e-01 6.22473e-04
-1.39898e+00 5.01762e-01 5.42464e-04
-1.46025e+00 5.31283e-01 4.75179e-04
-1.52158e+00 5.62125e-01 4.20357e-04
-1.58297e+00 5.94284e-01 3.77916e-04
-1.64566e+00 6.28453e-01 3.57620e-04
-1.70877e+00 6.64185e-01 3.33960e-04
-1.77188e+00 7.01247e-01 3.12156e-04
-1.83501e+00 7.39638e-01 2.92213e-04
-1.89817e+00 7.79355e-01 2.74114e-04
-1.96136e+00 8.20398e-01 2.57824e-04
-2.02460e+00 8.62767e-01 2.43297e-04
-2.08790e+00 9.06463e-01 2.30473e-04
-2.15127e+00 9.51486e-01 2.19291e-04
-2.21472e+00 9.97838e-01 2.09680e-04
-2.27827e+00 1.04552e+00 2.01568e-04
-2.34192e+00 1.09454e+00 1.94882e-04
-2.40624e+00 1.14535e+00 1.84615e-04
-2.47116e+00 1.19791e+00 1.77117e-04
-2.53613e+00 1.25180e+00 1.69819e-04
-2.60116e+00 1.30701e+00 1.62690e-04
-2.66626e+00 1.36354e+00 1.55701e-04
-2.73143e+00 1.42140e+00 1.48819e-04
-2.79670e+00 1.48060e+00 1.42016e-04
-2.86208e+00 1.54114e+00 1.35261e-04
-2.92756e+00 1.60303e+00 1.28525e-04
-2.99317e+00 1.66627e+00 1.21780e-04
-3.05892e+00 1.73088e+00 1.14996e-04
-3.12481e+00 1.79686e+00 1.08145e-04
-3.19100e+00 1.86436e+00 1.01791e-04
-3.25772e+00 1.93364e+00 9.34988e-05
-3.32453e+00 2.00425e+00 8.52987e-05
-3.39143e+00 2.07619e+00 7.71438e-05
-3.45845e+00 2.14947e+00 6.89888e-05
-3.52559e+00 2.22411e+00 6.07891e-05
-3.59287e+00 2.30011e+00 5.25009e-05
-3.66029e+00 2.37749e+00 4.40810e-05
-3.72787e+00 2.45626e+00 3.54870e-05
-3.79561e+00 2.53642e+00 2.66766e-05
-3.86354e+00 2.61800e+00 1.76079e-05
-3.93165e+00 2.70101e+00 8.23910e-06
-3.99997e+00 2.78546e+00 -1.47157e-06
-8.31760e-01 3.21413e-01 1.88959e-03
-8.92474e-01 3.40584e-01 1.66914e-03
-9.53161e-01 3.61178e-01 1.47585e-03
-1.01383e+00 3.83186e-01 1.30509e-03
-1.07451e+00 4.06598e-01 1.15342e-03
-1.13519e+00 4.31405e-01 1.01828e-03
-1.19590e+00 4.57600e-01 8.97845e-04
-1.25665e+00 4.85177e-01 7.90761e-04
-1.31745e+00 5.14129e-01 6.96085e-04
-1.37831e+00 5.44452e-01 6.13173e-04
-1.43924e+00 5.76142e-01 5.41611e-04
-1.50026e+00 6.09196e-01 4.81167e-04
-1.56137e+00 6.43613e-01 4.31749e-04
-1.62391e+00 6.80173e-01 4.07299e-04
-1.68692e+00 7.18371e-01 3.79145e-04
-1.74997e+00 7.57943e-01 3.53458e-04
-1.81307e+00 7.98888e-01 3.30144e-04
-1.87623e+00 8.41204e-01 3.09098e-04
-1.93945e+00 8.84890e-01 2.90217e-04
-2.00277e+00 9.29946e-01 2.73394e-04
-2.06617e+00 9.76373e-01 2.58522e-04
-2.12969e+00 1.02417e+00 2.45494e-04
-2.19332e+00 1.07335e+00 2.34207e-04
-2.25708e+00 1.12390e+00 2.24560e-04
-2.32098e+00 1.17584e+00 2.16452e-04
-2.38563e+00 1.22966e+00 2.04562e-04
-2.45096e+00 1.28534e+00 1.95675e-04
-2.51636e+00 1.34239e+00 1.87044e-04
-2.58186e+00 1.40080e+00 1.78631e-04
-2.64747e+00 1.46058e+00 1.70398e-04
-2.71319e+00 1.52174e+00 1.62310e-04
-2.77904e+00 1.58428e+00 1.54330e-04
-2.84503e+00 1.64821e+00 1.46424e-04
-2.91117e+00 1.71354e+00 1.38556e-04
-2.97748e+00 1.78027e+00 1.30693e-04
-3.04396e+00 1.84841e+00 1.22802e-04
-3.11063e+00 1.91798e+00 1.14847e-04
-3.17764e+00 1.98915e+00 1.07384e-04
-3.24526e+00 2.06219e+00 9.80914e-05
-3.31300e+00 2.13660e+00 8.88657e-05
-3.38088e+00 2.21239e+00 7.96960e-05
-3.44891e+00 2.28958e+00 7.05697e-05
-3.51710e+00 2.36817e+00 6.14726e-05
-3.58546e+00 2.44818e+00 5.23896e-05
-3.65401e+00 2.52961e+00 4.33039e-05
-3.72275e+00 2.61249e+00 3.41979e-05
-3.79171e+00 2.69682e+00 2.50528e-05
-3.86089e+00 2.78263e+00 1.58489e-05
-3.93030e+00 2.86992e+00 6.56542e-06
-3.99997e+00 2.95872e+00 -2.81955e-06
-8.15576e-01 3.45837e-01 1.90244e-03
-8.75541e-01 3.66792e-01 1.69698e-03
-9.35516e-01 3.89206e-01 1.51513e-03
-9.95514e-01 4.13067e-01 1.35293e-03
-1.05555e+00 4.38366e-01 1.20749e-03
-1.11563e+00 4.65093e-01 1.07670e-03
-1.17578e+00 4.93241e-01 9.58993e-04
-1.23601e+00 5.22804e-01 8.53261e-04
-1.29632e+00 5.53774e-01 7.58701e-04
-1.35673e+00 5.86148e-01 6.74760e-04
-1.41726e+00 6.19922e-01 6.01078e-04
-1.47791e+00 6.55091e-01 5.37440e-04
-1.53870e+00 6.91656e-01 4.83750e-04
-1.60102e+00 7.30495e-01 4.55325e-04
-1.66388e+00 7.71036e-01 4.23011e-04
-1.72681e+00 8.12984e-01 3.93686e-04
-1.78983e+00 8.56336e-01 3.67158e-04
-1.85295e+00 9.01091e-01 3.43248e-04
-1.91618e+00 9.47249e-01 3.21788e-04
-1.97954e+00 9.94810e-01 3.02620e-04
-2.04303e+00 1.04378e+00 2.85597e-04
-2.10666e+00 1.09415e+00 2.70581e-04
-2.17046e+00 1.14593e+00 2.57440e-04
-2.23443e+00 1.19912e+00 2.46053e-04
-2.29858e+00 1.25374e+00 2.36305e-04
-2.36356e+00 1.31032e+00 2.22880e-04
-2.42929e+00 1.36886e+00 2.12547e-04
-2.49514e+00 1.42879e+00 2.02540e-04
-2.56113e+00 1.49012e+00 1.92815e-04
-2.62726e+00 1.55286e+00 1.83331e-04
-2.69355e+00 1.61700e+00 1.74045e-04
-2.76001e+00 1.68256e+00 1.64916e-04
-2.82665e+00 1.74955e+00 1.55904e-04
-2.89349e+00 1.81797e+00 1.46967e-04
-2.96053e+00 1.88783e+00 1.38066e-04
-3.02780e+00 1.95915e+00 1.29160e-04
-3.09530e+00 2.03193e+00 1.20210e-04
-3.16320e+00 2.10636e+00 1.11562e-04
-3.23178e+00 2.18275e+00 1.01655e-04
-3.30052e+00 2.26055e+00 9.17025e-05
-3.36944e+00 2.33976e+00 8.17528e-05
-3.43856e+00 2.42041e+00 7.18507e-05
-3.50788e+00 2.50249e+00 6.20376e-05
-3.57742e+00 2.58603e+00 5.23523e-05
-3.64719e+00 2.67104e+00 4.28309e-05
-3.71720e+00 2.75753e+00 3.35077e-05
-3.78747e+00 2.84552e+00 2.44152e-05
-3.85801e+00 2.93502e+00 1.55847e-05
-3.92884e+00 3.02606e+00 7.04613e-06
-3.99997e+00 3.11865e+00 -1.17100e-06
-7.99070e-01 3.69891e-01 1.91683e-03
-8.58176e-01 3.92657e-01 1.72221e-03
-9.17334e-01 4.16904e-01 1.54906e-03
-9.76559e-01 4.42619e-01 1.39383e-03
-1.03587e+00 4.69793e-01 1.25390e-03
-1.09526e+00 4.98417e-01 1.12733e-03
-1.15477e+00 5.28482e-01 1.01271e-03
-1.21440e+00 5.59982e-01 9.08996e-04
-1.27416e+00 5.92911e-01 8.15413e-04
-1.33406e+00 6.27263e-01 7.31417e-04
-1.39412e+00 6.63036e-01 6.56627e-04
-1.45435e+00 7.00226e-01 5.90794e-04
-1.51477e+00 7.38832e-01 5.33773e-04
-1.57683e+00 7.79831e-01 5.01147e-04
-1.63948e+00 8.22583e-01 4.65092e-04
-1.70226e+00 8.66761e-01 4.32436e-04
-1.76517e+00 9.12364e-01 4.02913e-04
-1.82822e+00 9.59390e-01 3.76284e-04
-1.89142e+00 1.00784e+00 3.52332e-04
-1.95480e+00 1.05771e+00 3.30859e-04
-2.01836e+00 1.10901e+00 3.11684e-04
-2.08211e+00 1.16174e+00 2.94642e-04
-2.14606e+00 1.21590e+00 2.79579e-04
-2.21024e+00 1.27150e+00 2.66355e-04
-2.27465e+00 1.32854e+00 2.54840e-04
-2.33995e+00 1.38763e+00 2.39948e-04
-2.40610e+00 1.44874e+00 2.28111e-04
-2.47241e+00 1.51127e+00 2.16669e-04
-2.53890e+00 1.57522e+00 2.05576e-04
-2.60558e+00 1.64059e+00 1.94787e-04
-2.67247e+00 1.70740e+00 1.84258e-04
-2.73957e+00 1.77565e+00 1.73945e-04
-2.80691e+00 1.84534e+00 1.63803e-04
-2.87449e+00 1.91649e+00 1.53791e-04
-2.94232e+00 1.98912e+00 1.43864e-04
-3.01042e+00 2.06322e+00 1.33978e-04
-3.07881e+00 2.13881e+00 1.24091e-04
-3.14766e+00 2.21610e+00 1.14337e-04
-3.21726e+00 2.29542e+00 1.03639e-04
-3.28708e+00 2.37617e+00 9.29511e-05
-3.35712e+00 2.45836e+00 8.23386e-05
-3.42740e+00 2.54200e+00 7.18621e-05
-3.49794e+00 2.62711e+00 6.15790e-05
-3.56874e+00 2.71370e+00 5.15445e-05
-3.63983e+00 2.80179e+00 4.18113e-05
-3.71121e+00 2.89138e+00 3.24310e-05
-3.78290e+00 2.98251e+00 2.34540e-05
-3.85491e+00 3.07519e+00 1.49303e-05
-3.92726e+00 3.16942e+00 6.90995e-06
-3.99996e+00 3.26525e+00 -5.56778e-07
-7.82142e-01 3.93718e-01 1.93205e-03
-8.40277e-01 4.18324e-01 1.74500e-03
-8.98515e-01 4.44418e-01 1.57829e-03
-9.56871e-01 4.71990e-01 1.42849e-03
-1.01536e+00 5.01029e-01 1.29311e-03
-1.07399e+00 5.31526e-01 1.17029e-03
-1.13277e+00 5.63473e-01 1.05864e-03
-1.19173e+00 5.96862e-01 9.57107e-04
-1.25087e+00 6.31689e-01 8.64922e-04
-1.31020e+00 6.67948e-01 7.81502e-04
-1.36975e+00 7.05636e-01 7.06421e-04
-1.42951e+00 7.44751e-01 6.39376e-04
-1.48950e+00 7.85291e-01 5.80162e-04
-1.55125e+00 8.28326e-01 5.43577e-04
-1.61366e+00 8.73153e-01 5.04237e-04
-1.67624e+00 9.19414e-01 4.68609e-04
-1.73900e+00 9.67107e-01 4.36371e-04
-1.80196e+00 1.01623e+00 4.07236e-04
-1.86512e+00 1.06679e+00 3.80949e-04
-1.92850e+00 1.11878e+00 3.57281e-04
-1.99211e+00 1.17221e+00 3.36027e-04
-2.05597e+00 1.22708e+00 3.16998e-04
-2.12008e+00 1.28338e+00 3.00026e-04
-2.18447e+00 1.34114e+00 2.84956e-04
-2.24913e+00 1.40035e+00 2.71645e-04
-2.31479e+00 1.46168e+00 2.55334e-04
-2.38136e+00 1.52508e+00 2.42012e-04
-2.44815e+00 1.58991e+00 2.29161e-04
-2.51516e+00 1.65617e+00 2.16733e-04
-2.58242e+00 1.72386e+00 2.04678e-04
-2.64994e+00 1.79300e+00 1.92948e-04
-2.71772e+00 1.86359e+00 1.81495e-04
-2.78579e+00 1.93564e+00 1.70272e-04
-2.85415e+00 2.00916e+00 1.59232e-04
-2.92283e+00 2.08416e+00 1.48326e-04
-2.99182e+00 2.16066e+00 1.37508e-04
-3.06115e+00 2.23867e+00 1.26728e-04
-3.13101e+00 2.31840e+00 1.16053e-04
-3.20171e+00 2.40022e+00 1.04595e-04
-3.27267e+00 2.48349e+00 9.32022e-05
-3.34391e+00 2.56820e+00 8.19517e-05
-3.41544e+00 2.65438e+00 7.09180e-05
-3.48728e+00 2.74204e+00 6.01733e-05
-3.55944e+00 2.83119e+00 4.97883e-05
-3.63193e+00 2.92186e+00 3.98326e-05
-3.70478e+00 3.01406e+00 3.03760e-05
-3.77799e+00 3.10781e+00 2.14890e-05
-3.85158e+00 3.20312e+00 1.32432e-05
-3.92557e+00 3.30002e+00 5.71288e-06
-3.99996e+00 3.39853e+00 -1.02503e-06
-7.64804e-01 4.17289e-01 1.94781e-03
-8.21857e-01 4.43763e-01 1.76548e-03
-8.79071e-01 4.71720e-01 1.60321e-03
-9.36460e-01 5.01150e-01 1.45753e-03
-9.94036e-01 5.32043e-01 1.32587e-03
-1.05181e+00 5.64389e-01 1.20635e-03
-1.10980e+00 5.98180e-01 1.09751e-03
-1.16802e+00 6.33411e-01 9.98256e-04
-1.22647e+00 6.70076e-01 9.07760e-04
-1.28517e+00 7.08169e-01 8.25375e-04
-1.34414e+00 7.47690e-01 7.50612e-04
-1.40338e+00 7.88634e-01 6.83102e-04
-1.46291e+00 8.31001e-01 6.22571e-04
-1.52429e+00 8.75949e-01 5.82299e-04
-1.58642e+00 9.22714e-01 5.40122e-04
-1.64876e+00 9.70909e-01 5.01882e-04
-1.71135e+00 1.02053e+00 4.67214e-04
-1.77418e+00 1.07158e+00 4.35798e-04
-1.83727e+00 1.12407e+00 4.07352e-04
-1.90064e+00 1.17798e+00 3.81624e-04
-1.96429e+00 1.23333e+00 3.58389e-04
-2.02825e+00 1.29011e+00 3.37446e-04
-2.09252e+00 1.34834e+00 3.18613e-04
-2.15712e+00 1.40802e+00 3.01725e-04
-2.22205e+00 1.46915e+00 2.86632e-04
-2.28806e+00 1.53243e+00 2.68983e-04
-2.35507e+00 1.59785e+00 2.54216e-04
-2.42235e+00 1.66468e+00 2.40006e-04
-2.48992e+00 1.73294e+00 2.26297e-04
-2.55778e+00 1.80264e+00 2.13035e-04
-2.62596e+00 1.87378e+00 2.00168e-04
-2.69446e+00 1.94637e+00 1.87642e-04
-2.76330e+00 2.02042e+00 1.75406e-04
-2.83249e+00 2.09595e+00 1.63407e-04
-2.90205e+00 2.17296e+00 1.51593e-04
-2.97199e+00 2.25147e+00 1.39911e-04
-3.04233e+00 2.33149e+00 1.28306e-04
-3.11327e+00 2.41326e+00 1.16839e-04
-3.18512e+00 2.49716e+00 1.04702e-04
-3.25730e+00 2.58249e+00 9.26822e-05
-3.32981e+00 2.66928e+00 8.08686e-05
-3.40267e+00 2.75753e+00 6.93469e-05
-3.47589e+00 2.84727e+00 5.82026e-05
-3.54950e+00 2.93851e+00 4.75214e-05
-3.62349e+00 3.03127e+00 3.73904e-05
-3.69790e+00 3.12556e+00 2.78992e-05
-3.77274e+00 3.22140e+00 1.91409e-05
-3.84802e+00 3.31882e+00 1.12136e-05
-3.92375e+00 3.41784e+00 4.22158e-06
-3.99996e+00 3.51847e+00 -1.72311e-06
-7.47073e-01 4.40577e-01 1.96383e-03
-8.02931e-01 4.68945e-01 1.78376e-03
-8.59016e-01 4.98779e-01 1.62426e-03
-9.15339e-01 5.30068e-01 1.48157e-03
-9.71912e-01 5.62803e-01 1.35293e-03
-1.02875e+00 5.96974e-01 1.23629e-03
-1.08586e+00 6.32574e-01 1.13009e-03
-1.14326e+00 6.69598e-01 1.03313e-03
-1.20096e+00 7.08040e-01 9.44488e-04
-1.25897e+00 7.47896e-01 8.63432e-04
-1.31731e+00 7.89164e-01 7.89397e-04
-1.37598e+00 8.31843e-01 7.21938e-04
-1.43500e+00 8.75931e-01 6.60709e-04
-1.49597e+00 9.22669e-01 6.17049e-04
-1.55776e+00 9.71235e-01 5.72472e-04
-1.61983e+00 1.02122e+00 5.31976e-04
-1.68220e+00 1.07261e+00 4.95170e-04
-1.74488e+00 1.12542e+00 4.61710e-04
-1.80789e+00 1.17964e+00 4.31295e-04
-1.87122e+00 1.23528e+00 4.03660e-04
-1.93491e+00 1.29234e+00 3.78570e-04
-1.99896e+00 1.35083e+00 3.55812e-04
-2.06338e+00 1.41074e+00 3.35198e-04
-2.12819e+00 1.47210e+00 3.16557e-04
-2.19340e+00 1.53490e+00 2.99735e-04
-2.25977e+00 1.59988e+00 2.80854e-04
-2.32723e+00 1.66702e+00 2.64705e-04
-2.39502e+00 1.73557e+00 2.49203e-04
-2.46316e+00 1.80553e+00 2.34287e-04
-2.53165e+00 1.87691e+00 2.19896e-04
-2.60052e+00 1.94972e+00 2.05973e-04
-2.66977e+00 2.02397e+00 1.92459e-04
-2.73943e+00 2.09968e+00 1.79297e-04
-2.80950e+00 2.17685e+00 1.66429e-04
-2.88000e+00 2.25550e+00 1.53796e-04
-2.95094e+00 2.33563e+00 1.41340e-04
-3.02234e+00 2.41727e+00 1.29000e-04
-3.09442e+00 2.50066e+00 1.16829e-04
-3.16750e+00 2.58621e+00 1.04140e-04
-3.24096e+00 2.67318e+00 9.16236e-05
-3.31482e+00 2.76159e+00 7.93766e-05
-3.38909e+00 2.85146e+00 6.74946e-05
-3.46378e+00 2.94281e+00 5.60754e-05
-3.53892e+00 3.03564e+00 4.52199e-05
-3.61452e+00 3.12999e+00 3.50339e-05
-3.69059e+00 3.22587e+00 2.56293e-05
-3.76715e+00 3.32330e+00 1.71269e-05
-3.84423e+00 3.42230e+00 9.65786e-06
-3.92182e+00 3.52289e+00 3.36652e-06
-3.99996e+00 3.62510e+00 -1.58630e-06
-7.28964e-01 4.63552e-01 1.97987e-03
-7.83515e-01 4.93841e-01 1.80002e-03
-8.38364e-01 5.25566e-01 1.64191e-03
-8.93523e-01 5.58715e-01 1.50129e-03
-9.49003e-01 5.93279e-01 1.37506e-03
-1.00482e+00 6.29251e-01 1.26093e-03
-1.06097e+00 6.66623e-01 1.15718e-03
-1.11748e+00 7.05391e-01 1.06244e-03
-1.17436e+00 7.45550e-01 9.75693e-04
-1.23162e+00 7.87097e-01 8.96099e-04
-1.28927e+00 8.30029e-01 8.23006e-04
-1.34732e+00 8.74347e-01 7.55888e-04
-1.40578e+00 9.20050e-01 6.94326e-04
-1.46629e+00 9.68455e-01 6.47605e-04
-1.52770e+00 1.01869e+00 6.01055e-04
-1.58946e+00 1.07030e+00 5.58658e-04
-1.65158e+00 1.12331e+00 5.20007e-04
-1.71408e+00 1.17770e+00 4.84747e-04
-1.77697e+00 1.23348e+00 4.52569e-04
-1.84026e+00 1.29065e+00 4.23200e-04
-1.90397e+00 1.34922e+00 3.96399e-04
-1.96810e+00 1.40919e+00 3.71952e-04
-2.03267e+00 1.47057e+00 3.49667e-04
-2.09769e+00 1.53337e+00 3.29370e-04
-2.16319e+00 1.59758e+00 3.10906e-04
-2.22993e+00 1.66400e+00 2.90922e-04
-2.29785e+00 1.73258e+00 2.73471e-04
-2.36617e+00 1.80254e+00 2.56762e-04
-2.43489e+00 1.87390e+00 2.40727e-04
-2.50405e+00 1.94665e+00 2.25302e-04
-2.57364e+00 2.02081e+00 2.10420e-04
-2.64368e+00 2.09638e+00 1.96019e-04
-2.71419e+00 2.17339e+00 1.82035e-04
-2.78518e+00 2.25184e+00 1.68403e-04
-2.85667e+00 2.33175e+00 1.55060e-04
-2.92867e+00 2.41313e+00 1.41940e-04
-3.00119e+00 2.49600e+00 1.28975e-04
-3.07447e+00 2.58060e+00 1.16157e-04
-3.14884e+00 2.66737e+00 1.03095e-04
-3.22366e+00 2.75554e+00 9.02690e-05
-3.29894e+00 2.84513e+00 7.77812e-05
-3.37470e+00 2.93616e+00 6.57365e-05
-3.45095e+00 3.02864e+00 5.42450e-05
-3.52772e+00 3.12259e+00 4.34245e-05
-3.60501e+00 3.21804e+00 3.34024e-05
-3.68284e+00 3.31500e+00 2.43189e-05
-3.76123e+00 3.41349e+00 1.63304e-05
-3.84021e+00 3.51354e+00 9.61371e-06
-3.91978e+00 3.61516e+00 4.37124e-06
-3.99996e+00 3.71839e+00 8.37607e-07
-7.10643e-01 4.86009e-01 1.99440e-03
-7.63777e-01 5.18242e-01 1.81417e-03
-8.17288e-01 5.51867e-01 1.65685e-03
-8.71184e-01 5.86873e-01 1.51769e-03
-9.25478e-01 6.23253e-01 1.39328e-03
-9.80179e-01 6.60999e-01 1.28113e-03
-1.03530e+00 7.00107e-01 1.17932e-03
-1.09085e+00 7.40570e-01 1.08641e-03
-1.14683e+00 7.82386e-01 1.00126e-03
-1.20327e+00 8.25553e-01 9.22957e-04
-1.26017e+00 8.70069e-01 8.50781e-04
-1.31754e+00 9.15934e-01 7.84144e-04
-1.37539e+00 9.63148e-01 7.22568e-04
-1.43540e+00 1.01310e+00 6.73222e-04
-1.49637e+00 1.06487e+00 6.25113e-04
-1.55777e+00 1.11798e+00 5.81185e-04
-1.61961e+00 1.17244e+00 5.41021e-04
-1.68189e+00 1.22825e+00 5.04262e-04
-1.74464e+00 1.28541e+00 4.70595e-04
-1.80785e+00 1.34393e+00 4.39744e-04
-1.87156e+00 1.40381e+00 4.11466e-04
-1.93576e+00 1.46506e+00 3.85545e-04
-2.00047e+00 1.52768e+00 3.61788e-04
-2.06570e+00 1.59168e+00 3.40022e-04
-2.13147e+00 1.65707e+00 3.20088e-04
-2.19859e+00 1.72466e+00 2.99180e-04
-2.26698e+00 1.79441e+00 2.80606e-04
-2.33583e+00 1.86551e+00 2.62848e-04
-2.40517e+00 1.93796e+00 2.45834e-04
-2.47500e+00 2.01177e+00 2.29498e-04
-2.54534e+00 2.08696e+00 2.13772e-04
-2.61620e+00 2.16353e+00 1.98591e-04
-2.68760e+00 2.24150e+00 1.83890e-04
-2.75956e+00 2.32088e+00 1.69604e-04
-2.83208e+00 2.40168e+00 1.55667e-04
-2.90518e+00 2.48392e+00 1.42011e-04
-2.97889e+00 2.56762e+00 1.28566e-04
-3.05342e+00 2.65304e+00 1.15247e-04
-3.12915e+00 2.74061e+00 1.01629e-04
-3.20540e+00 2.82955e+00 8.84043e-05
-3.28218e+00 2.91987e+00 7.56489e-05
-3.35951e+00 3.01160e+00 6.34447e-05
-3.43740e+00 3.10476e+00 5.18812e-05
-3.51588e+00 3.19935e+00 4.10578e-05
-3.59495e+00 3.29541e+00 3.10873e-05
-3.67465e+00 3.39294e+00 2.20996e-05
-3.75497e+00 3.49198e+00 1.42464e-05
-3.83596e+00 3.59255e+00 7.70791e-06
-3.91761e+00 3.69467e+00 2.70094e-06
-3.99996e+00 3.79836e+00 -5.09726e-07
-6.92010e-01 5.08084e-01 2.00704e-03
-7.43617e-01 5.42284e-01 1.82572e-03
-7.95684e-01 5.77819e-01 1.66863e-03
-8.48221e-01 6.14681e-01 1.53049e-03
-9.01236e-01 6.52863e-01 1.40755e-03
-9.54741e-01 6.92360e-01 1.29706e-03
-1.00874e+00 7.33165e-01 1.19697e-03
-1.06325e+00 7.75276e-01 1.10571e-03
-1.11828e+00 8.18690e-01 1.02202e-03
-1.17383e+00 8.63406e-01 9.44952e-04
-1.22993e+00 9.09423e-01 8.73697e-04
-1.28657e+00 9.56742e-01 8.07618e-04
-1.34377e+00 1.00537e+00 7.46183e-04
-1.40320e+00 1.05675e+00 6.94591e-04
-1.46370e+00 1.10991e+00 6.45236e-04
-1.52469e+00 1.16438e+00 6.00049e-04
-1.58620e+00 1.22014e+00 5.58617e-04
-1.64824e+00 1.27720e+00 5.20583e-04
-1.71082e+00 1.33556e+00 4.85635e-04
-1.77394e+00 1.39524e+00 4.53501e-04
-1.83762e+00 1.45622e+00 4.23938e-04
-1.90188e+00 1.51853e+00 3.96732e-04
-1.96673e+00 1.58217e+00 3.71692e-04
-2.03217e+00 1.64714e+00 3.48644e-04
-2.09823e+00 1.71346e+00 3.27433e-04
-2.16572e+00 1.78196e+00 3.05741e-04
-2.23458e+00 1.85260e+00 2.86175e-04
-2.30399e+00 1.92454e+00 2.67511e-04
-2.37395e+00 1.99778e+00 2.49672e-04
-2.44449e+00 2.07234e+00 2.32583e-04
-2.51560e+00 2.14823e+00 2.16173e-04
-2.58732e+00 2.22546e+00 2.00369e-04
-2.65965e+00 2.30404e+00 1.85102e-04
-2.73261e+00 2.38399e+00 1.70300e-04
-2.80622e+00 2.46532e+00 1.55892e-04
-2.88049e+00 2.54805e+00 1.41802e-04
-2.95543e+00 2.63219e+00 1.27953e-04
-3.03129e+00 2.71801e+00 1.14255e-04
-3.10844e+00 2.80595e+00 1.00414e-04
-3.18618e+00 2.89522e+00 8.70347e-05
-3.26453e+00 2.98584e+00 7.41848e-05
-3.34351e+00 3.07781e+00 6.19388e-05
-3.42313e+00 3.17117e+00 5.03826e-05
-3.50341e+00 3.26592e+00 3.96167e-05
-3.58436e+00 3.36209e+00 2.97610e-05
-3.66601e+00 3.45970e+00 2.09610e-05
-3.74838e+00 3.55877e+00 1.33960e-05
-3.83148e+00 3.65933e+00 7.29099e-06
-3.91533e+00 3.76140e+00 2.93321e-06
-3.99996e+00 3.86500e+00 6.96332e-07
-6.72982e-01 5.29876e-01 2.01763e-03
-7.22948e-01 5.66068e-01 1.83508e-03
-7.73466e-01 6.03526e-01 1.67799e-03
-8.24545e-01 6.42244e-01 1.54057e-03
-8.76192e-01 6.82216e-01 1.41873e-03
-9.28414e-01 7.23437e-01 1.30954e-03
-9.81220e-01 7.65904e-01 1.21081e-03
-1.03462e+00 8.09614e-01 1.12085e-03
-1.08862e+00 8.54567e-01 1.03836e-03
-1.14323e+00 9.00760e-01 9.62306e-04
-1.19846e+00 9.48196e-01 8.91844e-04
-1.25432e+00 9.96876e-01 8.26290e-04
-1.31081e+00 1.04680e+00 7.65076e-04
-1.36964e+00 1.09949e+00 7.11627e-04
-1.42960e+00 1.15392e+00 6.61295e-04
-1.49016e+00 1.20958e+00 6.15112e-04
-1.55131e+00 1.26648e+00 5.72669e-04
-1.61308e+00 1.32462e+00 5.33611e-04
-1.67546e+00 1.38400e+00 4.97627e-04
-1.73847e+00 1.44463e+00 4.64448e-04
-1.80212e+00 1.50652e+00 4.33833e-04
-1.86643e+00 1.56968e+00 4.05570e-04
-1.93141e+00 1.63410e+00 3.79466e-04
-1.99707e+00 1.69981e+00 3.55352e-04
-2.06341e+00 1.76680e+00 3.33071e-04
-2.13130e+00 1.83595e+00 3.10762e-04
-2.20064e+00 1.90719e+00 2.90378e-04
-2.27062e+00 1.97967e+00 2.70966e-04
-2.34123e+00 2.05340e+00 2.52443e-04
-2.41249e+00 2.12839e+00 2.34731e-04
-2.48442e+00 2.20466e+00 2.17753e-04
-2.55703e+00 2.28220e+00 2.01435e-04
-2.63033e+00 2.36105e+00 1.85701e-04
-2.70434e+00 2.44121e+00 1.70476e-04
-2.77908e+00 2.52269e+00 1.55684e-04
-2.85456e+00 2.60552e+00 1.41244e-04
-2.93080e+00 2.68970e+00 1.27072e-04
-3.00804e+00 2.77552e+00 1.12987e-04
-3.08668e+00 2.86341e+00 9.88933e-05
-3.16600e+00 2.95258e+00 8.53494e-05
-3.24600e+00 3.04303e+00 7.24042e-05
-3.32670e+00 3.13479e+00 6.01173e-05
-3.40813e+00 3.22788e+00 4.85627e-05
-3.49030e+00 3.32230e+00 3.78328e-05
-3.57323e+00 3.41810e+00 2.80459e-05
-3.65694e+00 3.51528e+00 1.93554e-05
-3.74145e+00 3.61386e+00 1.19646e-05
-3.82677e+00 3.71388e+00 6.14761e-06
-3.91293e+00 3.81535e+00 2.28367e-06
-3.99996e+00 3.91831e+00 9.11864e-07
-6.53576e-01 5.51358e-01 2.02592e-03
-7.01790e-01 5.89566e-01 1.84216e-03
-7.50655e-01 6.28960e-01 1.68494e-03
-8.00178e-01 6.69533e-01 1.54799e-03
-8.50363e-01 7.11282e-01 1.42695e-03
-9.01218e-01 7.54203e-01 1.31872e-03
-9.52749e-01 7.98295e-01 1.22100e-03
-1.00496e+00 8.43556e-01 1.13202e-03
-1.05787e+00 8.89986e-01 1.05043e-03
-1.11147e+00 9.37587e-01 9.75159e-04
-1.16578e+00 9.86359e-01 9.05325e-04
-1.22081e+00 1.03631e+00 8.40219e-04
-1.27656e+00 1.08743e+00 7.79244e-04
-1.33472e+00 1.14130e+00 7.24370e-04
-1.39411e+00 1.19685e+00 6.73317e-04
-1.45419e+00 1.25356e+00 6.26395e-04
-1.51495e+00 1.31144e+00 5.83194e-04
-1.57641e+00 1.37048e+00 5.43362e-04
-1.63857e+00 1.43070e+00 5.06593e-04
-1.70145e+00 1.49210e+00 4.72617e-04
-1.76506e+00 1.55469e+00 4.41195e-04
-1.82942e+00 1.61847e+00 4.12116e-04
-1.89452e+00 1.68346e+00 3.85189e-04
-1.96039e+00 1.74966e+00 3.60244e-04
-2.02704e+00 1.81709e+00 3.37126e-04
-2.09531e+00 1.88661e+00 3.14364e-04
-2.16516e+00 1.95817e+00 2.93356e-04
-2.23572e+00 2.03090e+00 2.73369e-04
-2.30700e+00 2.10482e+00 2.54319e-04
-2.37901e+00 2.17992e+00 2.36125e-04
-2.45178e+00 2.25623e+00 2.18708e-04
-2.52532e+00 2.33376e+00 2.01992e-04
-2.59963e+00 2.41252e+00 1.85900e-04
-2.67474e+00 2.49252e+00 1.70356e-04
-2.75066e+00 2.57379e+00 1.55279e-04
-2.82741e+00 2.65633e+00 1.40585e-04
-2.90501e+00 2.74016e+00 1.26184e-04
-2.98370e+00 2.82557e+00 1.11774e-04
-3.06390e+00 2.91299e+00 9.73978e-05
-3.14485e+00 3.00161e+00 8.36831e-05
-3.22657e+00 3.09145e+00 7.06541e-05
-3.30909e+00 3.18254e+00 5.83465e-05
-3.39241e+00 3.27488e+00 4.68110e-05
-3.47656e+00 3.36850e+00 3.61200e-05
-3.56156e+00 3.46343e+00 2.63762e-05
-3.64743e+00 3.55967e+00 1.77273e-05
-3.73418e+00 3.65725e+00 1.03891e-05
-3.82184e+00 3.75620e+00 4.68588e-06
-3.91042e+00 3.85654e+00 1.12262e-06
-3.99996e+00 3.95829e+00 5.23907e-07
-6.33815e-01 5.72505e-01 2.03176e-03
-6.80165e-01 6.12753e-01 1.84691e-03
-7.27273e-01 6.54093e-01 1.68950e-03
-7.75141e-01 6.96519e-01 1.55283e-03
-8.23774e-01 7.40032e-01 1.43233e-03
-8.73176e-01 7.84628e-01 1.32475e-03
-9.23352e-01 8.30307e-01 1.22770e-03
-9.74307e-01 8.77071e-01 1.13938e-03
-1.02605e+00 9.24920e-01 1.05840e-03
-1.07858e+00 9.73857e-01 9.83649e-04
-1.13192e+00 1.02388e+00 9.14248e-04
-1.18606e+00 1.07501e+00 8.49466e-04
-1.24101e+00 1.12723e+00 7.88697e-04
-1.29846e+00 1.18216e+00 7.32860e-04
-1.35724e+00 1.23869e+00 6.81329e-04
-1.41679e+00 1.29631e+00 6.33912e-04
-1.47712e+00 1.35500e+00 5.90203e-04
-1.53825e+00 1.41478e+00 5.49851e-04
-1.60017e+00 1.47565e+00 5.12549e-04
-1.66290e+00 1.53762e+00 4.78031e-04
-1.72646e+00 1.60070e+00 4.46058e-04
-1.79084e+00 1.66490e+00 4.16419e-04
-1.85607e+00 1.73022e+00 3.88926e-04
-1.92215e+00 1.79668e+00 3.63407e-04
-1.98910e+00 1.86429e+00 3.39706e-04
-2.05779e+00 1.93392e+00 3.16656e-04
-2.12814e+00 2.00552e+00 2.95232e-04
-2.19930e+00 2.07821e+00 2.74858e-04
-2.27127e+00 2.15200e+00 2.55450e-04
-2.34406e+00 2.22691e+00 2.36926e-04
-2.41770e+00 2.30294e+00 2.19211e-04
-2.49220e+00 2.38011e+00 2.02227e-04
-2.56756e+00 2.45843e+00 1.85900e-04
-2.64382e+00 2.53792e+00 1.70152e-04
-2.72097e+00 2.61860e+00 1.54904e-04
-2.79905e+00 2.70047e+00 1.40071e-04
-2.87805e+00 2.78357e+00 1.25560e-04
-2.95826e+00 2.86815e+00 1.10950e-04
-3.04007e+00 2.95467e+00 9.62692e-05
-3.12273e+00 3.04231e+00 8.23983e-05
-3.20626e+00 3.13110e+00 6.93287e-05
-3.29066e+00 3.22105e+00 5.70619e-05
-3.37597e+00 3.31219e+00 4.56130e-05
-3.46219e+00 3.40452e+00 3.50168e-05
-3.54935e+00 3.49807e+00 2.53379e-05
-3.63747e+00 3.59287e+00 1.66889e-05
-3.72657e+00 3.68894e+00 9.26569e-06
-3.81667e+00 3.78629e+00 3.41888e-06
-3.90779e+00 3.88495e+00 -1.82019e-07
-3.99995e+00 3.98495e+00 -1.17667e-07
-6.13720e-01 5.93293e-01 2.03503e-03
-6.58097e-01 6.35603e-01 1.84931e-03
-7.03343e-01 6.78898e-01 1.69171e-03
-7.49460e-01 7.23176e-01 1.55520e-03
-7.96448e-01 7.68438e-01 1.43499e-03
-8.44311e-01 8.14684e-01 1.32777e-03
-8.93053e-01 8.61915e-01 1.23107e-03
-9.42676e-01 9.10133e-01 1.14308e-03
-9.93185e-01 9.59342e-01 1.06240e-03
-1.04459e+00 1.00955e+00 9.87904e-04
-1.09688e+00 1.06075e+00 9.18713e-04
-1.15009e+00 1.11295e+00 8.54098e-04
-1.20420e+00 1.16617e+00 7.93453e-04
-1.26088e+00 1.22203e+00 7.37127e-04
-1.31900e+00 1.27942e+00 6.85349e-04
-1.37798e+00 1.33778e+00 6.37677e-04
-1.43785e+00 1.39714e+00 5.93705e-04
-1.49861e+00 1.45748e+00 5.53083e-04
-1.56027e+00 1.51883e+00 5.15505e-04
-1.62283e+00 1.58118e+00 4.80705e-04
-1.68632e+00 1.64455e+00 4.48445e-04
-1.75073e+00 1.70895e+00 4.18515e-04
-1.81607e+00 1.77438e+00 3.90726e-04
-1.88237e+00 1.84086e+00 3.64907e-04
-1.94963e+00 1.90840e+00 3.40905e-04
-2.01872e+00 1.97788e+00 3.17725e-04
-2.08959e+00 2.04924e+00 2.96111e-04
-2.16136e+00 2.12159e+00 2.75551e-04
-2.23404e+00 2.19496e+00 2.55966e-04
-2.30764e+00 2.26935e+00 2.37279e-04
-2.38218e+00 2.34478e+00 2.19418e-04
-2.45767e+00 2.42125e+00 2.02310e-04
-2.53413e+00 2.49879e+00 1.85886e-04
-2.61157e+00 2.57741e+00 1.70071e-04
-2.69001e+00 2.65713e+00 1.54791e-04
-2.76946e+00 2.73795e+00 1.39965e-04
-2.84994e+00 2.81991e+00 1.25503e-04
-2.93171e+00 2.90326e+00 1.10866e-04
-3.01521e+00 2.98845e+00 9.58936e-05
-3.09966e+00 3.07468e+00 8.19323e-05
-3.18506e+00 3.16197e+00 6.89373e-05
-3.27143e+00 3.25033e+00 5.68699e-05
-3.35880e+00 3.33978e+00 4.56984e-05
-3.44719e+00 3.43035e+00 3.54011e-05
-3.53661e+00 3.52204e+00 2.59710e-05
-3.62708e+00 3.61490e+00 1.74284e-05
-3.71863e+00 3.70892e+00 9.84908e-06
-3.81127e+00 3.80415e+00 3.44936e-06
-3.90504e+00 3.90059e+00 -1.09565e-06
-3.99995e+00 3.99828e+00 -7.00343e-07
-5.93303e-01 6.13710e-01 2.03503e-03
-6.35614e-01 6.58086e-01 1.84931e-03
-6.78910e-01 7.03332e-01 1.69171e-03
-7.23189e-01 7.49447e-01 1.55520e-03
-7.68452e-01 7.96435e-01 1.43500e-03
-8.14698e-01 8.44297e-01 1.32777e-03
-8.61930e-01 8.93037e-01 1.23107e-03
-9.10149e-01 9.42660e-01 1.14309e-03
-9.59359e-01 9.93168e-01 1.06240e-03
-1.00956e+00 1.04457e+00 9.87905e-04
-1.06076e+00 1.09687e+00 9.18715e-04
-1.11297e+00 1.15007e+00 8.54100e-04
-1.16618e+00 1.20418e+00 7.93455e-04
-1.22205e+00 1.26087e+00 7.37129e-04
-1.27944e+00 1.31898e+00 6.85350e-04
-1.33780e+00 1.37796e+00 6.37678e-04
-1.39716e+00 1.43783e+00 5.93706e-04
-1.45750e+00 1.49859e+00 5.53084e-04
-1.51885e+00 1.56025e+00 5.15506e-04
-1.58120e+00 1.62281e+00 4.80705e-04
-1.64457e+00 1.68630e+00 4.48445e-04
-1.70897e+00 1.75071e+00 4.18515e-04
-1.77440e+00 1.81605e+00 3.90726e-04
-1.84088e+00 1.88235e+00 3.64908e-04
-1.90842e+00 1.94961e+00 3.40905e-04
-1.97790e+00 2.01870e+00 3.17725e-04
-2.04926e+00 2.08957e+00 2.96111e-04
-2.12161e+00 2.16134e+00 2.75551e-04
-2.19498e+00 2.23402e+00 2.55966e-04
-2.26937e+00 2.30762e+00 2.37279e-04
-2.34480e+00 2.38216e+00 2.19418e-04
-2.42127e+00 2.45766e+00 2.02310e-04
-2.49881e+00 2.53411e+00 1.85886e-04
-2.57743e+00 2.61155e+00 1.70071e-04
-2.65714e+00 2.68999e+00 1.54791e-04
-2.73797e+00 2.76944e+00 1.39965e-04
-2.81992e+00 2.84992e+00 1.25503e-04
-2.90328e+00 2.93170e+00 1.10866e-04
-2.98847e+00 3.01520e+00 9.58937e-05
-3.07470e+00 3.09965e+00 8.19324e-05
-3.16198e+00 3.18505e+00 6.89375e-05
-3.25034e+00 3.27142e+00 5.68702e-05
-3.33979e+00 3.35880e+00 4.56990e-05
-3.43036e+00 3.44718e+00 3.54019e-05
-3.52205e+00 3.53660e+00 2.59721e-05
-3.61490e+00 3.62707e+00 1.74296e-05
-3.70893e+00 3.71862e+00 9.85025e-06
-3.80415e+00 3.81127e+00 3.45016e-06
-3.90060e+00 3.90504e+00 -1.09579e-06
-3.99829e+00 3.99995e+00 -7.00577e-07
-5.72516e-01 6.33805e-01 2.03177e-03
-6.12765e-01 6.80154e-01 1.84691e-03
-6.54105e-01 7.27261e-01 1.68950e-03
-6.96533e-01 7.75128e-01 1.55284e-03
-7.40046e-01 8.23760e-01 1.43234e-03
-7.84642e-01 8.73161e-01 1.32475e-03
-8.30323e-01 9.23336e-01 1.22770e-03
-8.77088e-01 9.74291e-01 1.13939e-03
-9.24937e-01 1.02603e+00 1.05840e-03
-9.73875e-01 1.07856e+00 9.83654e-04
-1.02390e+00 1.13190e+00 9.14253e-04
-1.07503e+00 1.18604e+00 8.49471e-04
-1.12725e+00 1.24099e+00 7.88702e-04
-1.18218e+00 1.29844e+00 7.32865e-04
-1.23871e+00 1.35722e+00 6.81333e-04
-1.29633e+00 1.41677e+00 6.33916e-04
-1.35502e+00 1.47710e+00 5.90207e-04
-1.41480e+00 1.53822e+00 5.49854e-04
-1.47567e+00 1.60015e+00 5.12552e-04
-1.53765e+00 1.66288e+00 4.78033e-04
-1.60073e+00 1.72644e+00 4.46060e-04
-1.66492e+00 1.79082e+00 4.16421e-04
-1.73025e+00 1.85605e+00 3.88928e-04
-1.79671e+00 1.92213e+00 3.63408e-04
-1.86431e+00 1.98908e+00 3.39708e-04
-1.93394e+00 2.05777e+00 3.16657e-04
-2.00554e+00 2.12812e+00 2.95233e-04
-2.07824e+00 2.19928e+00 2.74859e-04
-2.15203e+00 2.27125e+00 2.55450e-04
-2.22693e+00 2.34404e+00 2.36927e-04
-2.30296e+00 2.41768e+00 2.19211e-04
-2.38013e+00 2.49218e+00 2.02228e-04
-2.45845e+00 2.56755e+00 1.85900e-04
-2.53795e+00 2.64380e+00 1.70152e-04
-2.61862e+00 2.72096e+00 1.54904e-04
-2.70049e+00 2.79903e+00 1.40071e-04
-2.78359e+00 2.87804e+00 1.25560e-04
-2.86817e+00 2.95824e+00 1.10950e-04
-2.95469e+00 3.04006e+00 9.62689e-05
-3.04233e+00 3.12272e+00 8.23979e-05
-3.13112e+00 3.20625e+00 6.93283e-05
-3.22107e+00 3.29065e+00 5.70615e-05
-3.31220e+00 3.37596e+00 4.56127e-05
-3.40453e+00 3.46219e+00 3.50166e-05
-3.49809e+00 3.54935e+00 2.53377e-05
-3.59289e+00 3.63747e+00 1.66887e-05
-3.68895e+00 3.72657e+00 9.26540e-06
-3.78630e+00 3.81667e+00 3.41843e-06
-3.88496e+00 3.90779e+00 -1.82627e-07
-3.98496e+00 3.99995e+00 -1.17999e-07
-5.51368e-01 6.53567e-01 2.02593e-03
-5.89578e-01 7.01779e-01 1.84216e-03
-6.28972e-01 7.50642e-01 1.68495e-03
-6.69546e-01 8.00163e-01 1.54799e-03
-7.11296e-01 8.50348e-01 1.42696e-03
-7.54218e-01 9.01201e-01 1.31873e-03
-7.98310e-01 9.52731e-01 1.22101e-03
-8.43572e-01 1.00494e+00 1.13203e-03
-8.90003e-01 1.05785e+00 1.05044e-03
-9.37605e-01 1.11145e+00 9.75170e-04
-9.86378e-01 1.16576e+00 9.05336e-04
-1.03633e+00 1.22078e+00 8.40229e-04
-1.08745e+00 1.27653e+00 7.79254e-04
-1.14132e+00 1.33469e+00 7.24380e-04
-1.19687e+00 1.39409e+00 6.73326e-04
-1.25359e+00 1.45416e+00 6.26403e-04
-1.31146e+00 1.51492e+00 5.83201e-04
-1.37051e+00 1.57638e+00 5.43369e-04
-1.43073e+00 1.63855e+00 5.06599e-04
-1.49213e+00 1.70143e+00 4.72622e-04
-1.55471e+00 1.76504e+00 4.41200e-04
-1.61850e+00 1.82939e+00 4.12121e-04
-1.68348e+00 1.89450e+00 3.85193e-04
-1.74968e+00 1.96037e+00 3.60248e-04
-1.81711e+00 2.02701e+00 3.37128e-04
-1.88663e+00 2.09529e+00 3.14367e-04
-1.95819e+00 2.16514e+00 2.93358e-04
-2.03093e+00 2.23569e+00 2.73371e-04
-2.10484e+00 2.30698e+00 2.54320e-04
-2.17995e+00 2.37899e+00 2.36126e-04
-2.25626e+00 2.45176e+00 2.18709e-04
-2.33378e+00 2.52530e+00 2.01993e-04
-2.41254e+00 2.59961e+00 1.85901e-04
-2.49254e+00 2.67472e+00 1.70356e-04
-2.57381e+00 2.75065e+00 1.55279e-04
-2.65635e+00 2.82740e+00 1.40585e-04
-2.74019e+00 2.90499e+00 1.26184e-04
-2.82559e+00 2.98369e+00 1.11774e-04
-2.91301e+00 3.06388e+00 9.73973e-05
-3.00163e+00 3.14483e+00 8.36824e-05
-3.09148e+00 3.22656e+00 7.06534e-05
-3.18256e+00 3.30908e+00 5.83458e-05
-3.27490e+00 3.39240e+00 4.68103e-05
-3.36852e+00 3.47656e+00 3.61193e-05
-3.46344e+00 3.56156e+00 2.63755e-05
-3.55969e+00 3.64742e+00 1.77266e-05
-3.65727e+00 3.73417e+00 1.03883e-05
-3.75622e+00 3.82183e+00 4.68516e-06
-3.85656e+00 3.91042e+00 1.12199e-06
-3.95831e+00 3.99996e+00 5.23623e-07
-5.29886e-01 6.72972e-01 2.01763e-03
-5.66079e-01 7.22936e-01 1.83508e-03
-6.03539e-01 7.73452e-01 1.67800e-03
-6.42258e-01 8.24529e-01 1.54058e-03
-6.82230e-01 8.76174e-01 1.41874e-03
-7.23452e-01 9.28394e-01 1.30956e-03
-7.65920e-01 9.81199e-01 1.21082e-03
-8.09631e-01 1.03460e+00 1.12087e-03
-8.54584e-01 1.08859e+00 1.03838e-03
-9.00778e-01 1.14320e+00 9.62323e-04
-9.48215e-01 1.19843e+00 8.91862e-04
-9.96895e-01 1.25429e+00 8.26308e-04
-1.04682e+00 1.31079e+00 7.65093e-04
-1.09951e+00 1.36961e+00 7.11642e-04
-1.15394e+00 1.42958e+00 6.61309e-04
-1.20960e+00 1.49013e+00 6.15126e-04
-1.26650e+00 1.55128e+00 5.72682e-04
-1.32464e+00 1.61305e+00 5.33622e-04
-1.38402e+00 1.67543e+00 4.97638e-04
-1.44466e+00 1.73844e+00 4.64458e-04
-1.50655e+00 1.80209e+00 4.33842e-04
-1.56970e+00 1.86640e+00 4.05577e-04
-1.63413e+00 1.93138e+00 3.79473e-04
-1.69983e+00 1.99704e+00 3.55358e-04
-1.76683e+00 2.06339e+00 3.33076e-04
-1.83597e+00 2.13127e+00 3.10766e-04
-1.90722e+00 2.20062e+00 2.90381e-04
-1.97970e+00 2.27059e+00 2.70969e-04
-2.05343e+00 2.34120e+00 2.52446e-04
-2.12842e+00 2.41247e+00 2.34733e-04
-2.20468e+00 2.48440e+00 2.17755e-04
-2.28223e+00 2.55700e+00 2.01436e-04
-2.36108e+00 2.63031e+00 1.85702e-04
-2.44123e+00 2.70432e+00 1.70477e-04
-2.52272e+00 2.77906e+00 1.55684e-04
-2.60554e+00 2.85454e+00 1.41245e-04
-2.68973e+00 2.93078e+00 1.27072e-04
-2.77555e+00 3.00803e+00 1.12986e-04
-2.86344e+00 3.08667e+00 9.88929e-05
-2.95260e+00 3.16598e+00 8.53488e-05
-3.04306e+00 3.24599e+00 7.24035e-05
-3.13482e+00 3.32669e+00 6.01166e-05
-3.22790e+00 3.40812e+00 4.85619e-05
-3.32233e+00 3.49030e+00 3.78319e-05
-3.41812e+00 3.57323e+00 2.80450e-05
-3.51530e+00 3.65694e+00 1.93546e-05
-3.61389e+00 3.74144e+00 1.19638e-05
-3.71390e+00 3.82677e+00 6.14694e-06
-3.81538e+00 3.91293e+00 2.28320e-06
-3.91833e+00 3.99996e+00 9.11791e-07
-5.08095e-01 6.92001e-01 2.00705e-03
-5.42295e-01 7.43604e-01 1.82572e-03
-5.77832e-01 7.95668e-01 1.66864e-03
-6.14695e-01 8.48202e-01 1.53051e-03
-6.52878e-01 9.01216e-01 1.40757e-03
-6.92375e-01 9.54718e-01 1.29708e-03
-7.33181e-01 1.00872e+00 1.19700e-03
-7.75293e-01 1.06323e+00 1.10573e-03
-8.18708e-01 1.11825e+00 1.02205e-03
-8.63425e-01 1.17380e+00 9.44979e-04
-9.09442e-01 1.22990e+00 8.73724e-04
-9.56762e-01 1.28653e+00 8.07644e-04
-1.00539e+00 1.34373e+00 7.46208e-04
-1.05677e+00 1.40317e+00 6.94614e-04
-1.10994e+00 1.46366e+00 6.45257e-04
-1.16440e+00 1.52466e+00 6.00069e-04
-1.22016e+00 1.58617e+00 5.58635e-04
-1.27722e+00 1.64821e+00 5.20600e-04
-1.33559e+00 1.71078e+00 4.85651e-04
-1.39526e+00 1.77390e+00 4.53515e-04
-1.45625e+00 1.83759e+00 4.23950e-04
-1.51856e+00 1.90185e+00 3.96743e-04
-1.58220e+00 1.96669e+00 3.71702e-04
-1.64717e+00 2.03214e+00 3.48653e-04
-1.71349e+00 2.09820e+00 3.27441e-04
-1.78199e+00 2.16569e+00 3.05748e-04
-1.85263e+00 2.23455e+00 2.86180e-04
-1.92456e+00 2.30396e+00 2.67516e-04
-1.99781e+00 2.37392e+00 2.49676e-04
-2.07237e+00 2.44446e+00 2.32587e-04
-2.14826e+00 2.51558e+00 2.16176e-04
-2.22549e+00 2.58730e+00 2.00372e-04
-2.30407e+00 2.65963e+00 1.85104e-04
-2.38402e+00 2.73259e+00 1.70302e-04
-2.46535e+00 2.80620e+00 1.55893e-04
-2.54808e+00 2.88047e+00 1.41803e-04
-2.63222e+00 2.95541e+00 1.27954e-04
-2.71804e+00 3.03127e+00 1.14255e-04
-2.80598e+00 3.10842e+00 1.00413e-04
-2.89525e+00 3.18617e+00 8.70344e-05
-2.98587e+00 3.26452e+00 7.41843e-05
-3.07784e+00 3.34350e+00 6.19382e-05
-3.17120e+00 3.42312e+00 5.03819e-05
-3.26595e+00 3.50340e+00 3.96160e-05
-3.36212e+00 3.58436e+00 2.97603e-05
-3.45973e+00 3.66601e+00 2.09604e-05
-3.55880e+00 3.74838e+00 1.33954e-05
-3.65936e+00 3.83148e+00 7.29058e-06
-3.76143e+00 3.91533e+00 2.93307e-06
-3.86503e+00 3.99996e+00 6.96652e-07
-4.86020e-01 7.10634e-01 1.99440e-03
-5.18254e-01 7.63764e-01 1.81418e-03
-5.51879e-01 8.17270e-01 1.65686e-03
-5.86886e-01 8.71164e-01 1.51771e-03
-6.23267e-01 9.25454e-01 1.39331e-03
-6.61015e-01 9.80152e-01 1.28116e-03
-7.00123e-01 1.03527e+00 1.17936e-03
-7.40587e-01 1.09081e+00 1.08645e-03
-7.82404e-01 1.14680e+00 1.00130e-03
-8.25572e-01 1.20323e+00 9.22995e-04
-8.70088e-01 1.26013e+00 8.50819e-04
-9.15954e-01 1.31750e+00 7.84181e-04
-9.63169e-01 1.37536e+00 7.22603e-04
-1.01312e+00 1.43536e+00 6.73255e-04
-1.06489e+00 1.49633e+00 6.25144e-04
-1.11800e+00 1.55773e+00 5.81213e-04
-1.17247e+00 1.61957e+00 5.41047e-04
-1.22828e+00 1.68185e+00 5.04285e-04
-1.28544e+00 1.74459e+00 4.70616e-04
-1.34396e+00 1.80781e+00 4.39763e-04
-1.40384e+00 1.87151e+00 4.11484e-04
-1.46509e+00 1.93572e+00 3.85561e-04
-1.52771e+00 2.00043e+00 3.61802e-04
-1.59171e+00 2.06566e+00 3.40034e-04
-1.65710e+00 2.13144e+00 3.20098e-04
-1.72469e+00 2.19855e+00 2.99190e-04
-1.79444e+00 2.26694e+00 2.80614e-04
-1.86554e+00 2.33580e+00 2.62855e-04
-1.93799e+00 2.40513e+00 2.45840e-04
-2.01180e+00 2.47497e+00 2.29503e-04
-2.08699e+00 2.54531e+00 2.13776e-04
-2.16356e+00 2.61617e+00 1.98594e-04
-2.24153e+00 2.68758e+00 1.83893e-04
-2.32091e+00 2.75953e+00 1.69606e-04
-2.40171e+00 2.83205e+00 1.55668e-04
-2.48396e+00 2.90516e+00 1.42012e-04
-2.56766e+00 2.97887e+00 1.28567e-04
-2.65308e+00 3.05341e+00 1.15248e-04
-2.74064e+00 3.12914e+00 1.01629e-04
-2.82958e+00 3.20539e+00 8.84044e-05
-2.91991e+00 3.28217e+00 7.56488e-05
-3.01164e+00 3.35950e+00 6.34445e-05
-3.10479e+00 3.43739e+00 5.18808e-05
-3.19939e+00 3.51587e+00 4.10574e-05
-3.29544e+00 3.59495e+00 3.10870e-05
-3.39298e+00 3.67464e+00 2.20993e-05
-3.49202e+00 3.75497e+00 1.42462e-05
-3.59259e+00 3.83595e+00 7.70795e-06
-3.69470e+00 3.91761e+00 2.70133e-06
-3.79839e+00 3.99996e+00 -5.08815e-07
-4.63563e-01 7.28955e-01 1.97987e-03
-4.93853e-01 7.83501e-01 1.80003e-03
-5.25579e-01 8.38345e-01 1.64194e-03
-5.58729e-01 8.93500e-01 1.50132e-03
-5.93294e-01 9.48975e-01 1.37510e-03
-6.29266e-01 1.00478e+00 1.26098e-03
-6.66640e-01 1.06094e+00 1.15722e-03
-7.05408e-01 1.11745e+00 1.06249e-03
-7.45568e-01 1.17432e+00 9.75743e-04
-7.87116e-01 1.23158e+00 8.96150e-04
-8.30049e-01 1.28922e+00 8.23056e-04
-8.74368e-01 1.34727e+00 7.55937e-04
-9.20071e-01 1.40573e+00 6.94373e-04
-9.68477e-01 1.46624e+00 6.47649e-04
-1.01871e+00 1.52765e+00 6.01095e-04
-1.07033e+00 1.58941e+00 5.58695e-04
-1.12333e+00 1.65153e+00 5.20040e-04
-1.17772e+00 1.71403e+00 4.84777e-04
-1.23350e+00 1.77692e+00 4.52596e-04
-1.29068e+00 1.84021e+00 4.23225e-04
-1.34925e+00 1.90392e+00 3.96422e-04
-1.40922e+00 1.96805e+00 3.71973e-04
-1.47060e+00 2.03262e+00 3.49685e-04
-1.53340e+00 2.09765e+00 3.29386e-04
-1.59761e+00 2.16314e+00 3.10920e-04
-1.66403e+00 2.22988e+00 2.90935e-04
-1.73261e+00 2.29781e+00 2.73482e-04
-1.80258e+00 2.36613e+00 2.56771e-04
-1.87393e+00 2.43486e+00 2.40735e-04
-1.94668e+00 2.50401e+00 2.25309e-04
-2.02084e+00 2.57360e+00 2.10426e-04
-2.09642e+00 2.64365e+00 1.96024e-04
-2.17343e+00 2.71416e+00 1.82039e-04
-2.25188e+00 2.78515e+00 1.68406e-04
-2.33179e+00 2.85664e+00 1.55063e-04
-2.41317e+00 2.92864e+00 1.41942e-04
-2.49603e+00 3.00117e+00 1.28976e-04
-2.58064e+00 3.07445e+00 1.16158e-04
-2.66740e+00 3.14882e+00 1.03095e-04
-2.75557e+00 3.22364e+00 9.02692e-05
-2.84517e+00 3.29893e+00 7.77811e-05
-2.93619e+00 3.37469e+00 6.57362e-05
-3.02868e+00 3.45094e+00 5.42446e-05
-3.12263e+00 3.52771e+00 4.34241e-05
-3.21808e+00 3.60500e+00 3.34021e-05
-3.31504e+00 3.68283e+00 2.43187e-05
-3.41353e+00 3.76123e+00 1.63305e-05
-3.51358e+00 3.84020e+00 9.61428e-06
-3.61521e+00 3.91977e+00 4.37244e-06
-3.71843e+00 3.99996e+00 8.39679e-07
-4.40588e-01 7.47064e-01 1.96383e-03
-4.68957e-01 8.02916e-01 1.78378e-03
-4.98792e-01 8.58994e-01 1.62429e-03
-5.30082e-01 9.15312e-01 1.48161e-03
-5.62818e-01 9.71881e-01 1.35298e-03
-5.96990e-01 1.02871e+00 1.23635e-03
-6.32591e-01 1.08582e+00 1.13015e-03
-6.69615e-01 1.14322e+00 1.03320e-03
-7.08058e-01 1.20091e+00 9.44554e-04
-7.47915e-01 1.25892e+00 8.63498e-04
-7.89184e-01 1.31726e+00 7.89462e-04
-8.31864e-01 1.37593e+00 7.22001e-04
-8.75953e-01 1.43494e+00 6.60769e-04
-9.22692e-01 1.49592e+00 6.17104e-04
-9.71259e-01 1.55770e+00 5.72522e-04
-1.02124e+00 1.61978e+00 5.32023e-04
-1.07263e+00 1.68215e+00 4.95212e-04
-1.12544e+00 1.74483e+00 4.61748e-04
-1.17967e+00 1.80783e+00 4.31330e-04
-1.23531e+00 1.87117e+00 4.03692e-04
-1.29237e+00 1.93485e+00 3.78598e-04
-1.35086e+00 1.99890e+00 3.55838e-04
-1.41077e+00 2.06333e+00 3.35221e-04
-1.47213e+00 2.12814e+00 3.16577e-04
-1.53493e+00 2.19335e+00 2.99752e-04
-1.59992e+00 2.25972e+00 2.80870e-04
-1.66705e+00 2.32718e+00 2.64719e-04
-1.73560e+00 2.39498e+00 2.49215e-04
-1.80556e+00 2.46311e+00 2.34297e-04
-1.87694e+00 2.53161e+00 2.19905e-04
-1.94976e+00 2.60048e+00 2.05981e-04
-2.02401e+00 2.66974e+00 1.92466e-04
-2.09972e+00 2.73939e+00 1.79303e-04
-2.17689e+00 2.80947e+00 1.66434e-04
-2.25553e+00 2.87997e+00 1.53800e-04
-2.33567e+00 2.95091e+00 1.41343e-04
-2.41731e+00 3.02232e+00 1.29002e-04
-2.50070e+00 3.09439e+00 1.16830e-04
-2.58625e+00 3.16748e+00 1.04141e-04
-2.67322e+00 3.24094e+00 9.16242e-05
-2.76163e+00 3.31480e+00 7.93767e-05
-2.85150e+00 3.38907e+00 6.74944e-05
-2.94285e+00 3.46377e+00 5.60749e-05
-3.03569e+00 3.53891e+00 4.52192e-05
-3.13004e+00 3.61451e+00 3.50331e-05
-3.22592e+00 3.69059e+00 2.56286e-05
-3.32334e+00 3.76715e+00 1.71263e-05
-3.42234e+00 3.84422e+00 9.65740e-06
-3.52294e+00 3.92182e+00 3.36644e-06
-3.62514e+00 3.99996e+00 -1.58581e-06
-4.17301e-01 7.64796e-01 1.94780e-03
-4.43775e-01 8.21841e-01 1.76550e-03
-4.71733e-01 8.79048e-01 1.60325e-03
-5.01164e-01 9.36430e-01 1.45758e-03
-5.32058e-01 9.94000e-01 1.32594e-03
-5.64405e-01 1.05177e+00 1.20642e-03
-5.98197e-01 1.10976e+00 1.09759e-03
-6.33429e-01 1.16797e+00 9.98338e-04
-6.70094e-01 1.22642e+00 9.07842e-04
-7.08189e-01 1.28512e+00 8.25457e-04
-7.47710e-01 1.34408e+00 7.50692e-04
-7.88655e-01 1.40332e+00 6.83179e-04
-8.31023e-01 1.46285e+00 6.22644e-04
-8.75972e-01 1.52423e+00 5.82366e-04
-9.22738e-01 1.58635e+00 5.40183e-04
-9.70934e-01 1.64870e+00 5.01937e-04
-1.02056e+00 1.71128e+00 4.67264e-04
-1.07161e+00 1.77411e+00 4.35844e-04
-1.12409e+00 1.83720e+00 4.07394e-04
-1.17801e+00 1.90057e+00 3.81662e-04
-1.23336e+00 1.96423e+00 3.58423e-04
-1.29014e+00 2.02819e+00 3.37477e-04
-1.34837e+00 2.09246e+00 3.18640e-04
-1.40805e+00 2.15705e+00 3.01749e-04
-1.46918e+00 2.22199e+00 2.86653e-04
-1.53247e+00 2.28800e+00 2.69002e-04
-1.59788e+00 2.35501e+00 2.54233e-04
-1.66472e+00 2.42230e+00 2.40021e-04
-1.73298e+00 2.48987e+00 2.26310e-04
-1.80268e+00 2.55773e+00 2.13046e-04
-1.87382e+00 2.62591e+00 2.00177e-04
-1.94641e+00 2.69442e+00 1.87650e-04
-2.02046e+00 2.76326e+00 1.75413e-04
-2.09599e+00 2.83245e+00 1.63413e-04
-2.17300e+00 2.90202e+00 1.51598e-04
-2.25152e+00 2.97196e+00 1.39915e-04
-2.33154e+00 3.04230e+00 1.28309e-04
-2.41331e+00 3.11324e+00 1.16841e-04
-2.49720e+00 3.18510e+00 1.04703e-04
-2.58254e+00 3.25728e+00 9.26833e-05
-2.66933e+00 3.32979e+00 8.08691e-05
-2.75758e+00 3.40265e+00 6.93469e-05
-2.84732e+00 3.47588e+00 5.82022e-05
-2.93856e+00 3.54949e+00 4.75207e-05
-3.03132e+00 3.62349e+00 3.73895e-05
-3.12561e+00 3.69790e+00 2.78982e-05
-3.22145e+00 3.77274e+00 1.91399e-05
-3.31888e+00 3.84801e+00 1.12127e-05
-3.41789e+00 3.92375e+00 4.22093e-06
-3.51853e+00 3.99996e+00 -1.72335e-06
-3.93729e-01 7.82134e-01 1.93203e-03
-4.18336e-01 8.40260e-01 1.74503e-03
-4.44432e-01 8.98490e-01 1.57834e-03
-4.72005e-01 9.56839e-01 1.42856e-03
-5.01045e-01 1.01532e+00 1.29320e-03
-5.31542e-01 1.07394e+00 1.17038e-03
-5.63490e-01 1.13272e+00 1.05873e-03
-5.96880e-01 1.19168e+00 9.57206e-04
-6.31708e-01 1.25081e+00 8.65022e-04
-6.67968e-01 1.31014e+00 7.81600e-04
-7.05657e-01 1.36968e+00 7.06516e-04
-7.44773e-01 1.42944e+00 6.39466e-04
-7.85314e-01 1.48943e+00 5.80247e-04
-8.28350e-01 1.55117e+00 5.43655e-04
-8.73177e-01 1.61359e+00 5.04307e-04
-9.19439e-01 1.67617e+00 4.68672e-04
-9.67134e-01 1.73893e+00 4.36428e-04
-1.01626e+00 1.80188e+00 4.07288e-04
-1.06682e+00 1.86504e+00 3.80997e-04
-1.11881e+00 1.92842e+00 3.57325e-04
-1.17224e+00 1.99204e+00 3.36066e-04
-1.22711e+00 2.05590e+00 3.17034e-04
-1.28342e+00 2.12001e+00 3.00058e-04
-1.34118e+00 2.18440e+00 2.84984e-04
-1.40039e+00 2.24907e+00 2.71669e-04
-1.46171e+00 2.31472e+00 2.55356e-04
-1.52512e+00 2.38130e+00 2.42031e-04
-1.58995e+00 2.44809e+00 2.29179e-04
-1.65621e+00 2.51511e+00 2.16748e-04
-1.72390e+00 2.58237e+00 2.04691e-04
-1.79304e+00 2.64989e+00 1.92960e-04
-1.86363e+00 2.71768e+00 1.81505e-04
-1.93568e+00 2.78575e+00 1.70281e-04
-2.00920e+00 2.85411e+00 1.59239e-04
-2.08421e+00 2.92279e+00 1.48333e-04
-2.16071e+00 2.99179e+00 1.37513e-04
-2.23872e+00 3.06112e+00 1.26732e-04
-2.31845e+00 3.13099e+00 1.16056e-04
-2.40027e+00 3.20168e+00 1.04598e-04
-2.48354e+00 3.27265e+00 9.32039e-05
-2.56825e+00 3.34389e+00 8.19527e-05
-2.65443e+00 3.41542e+00 7.09184e-05
-2.74209e+00 3.48726e+00 6.01733e-05
-2.83125e+00 3.55943e+00 4.97878e-05
-2.92192e+00 3.63192e+00 3.98319e-05
-3.01412e+00 3.70477e+00 3.03751e-05
-3.10786e+00 3.77798e+00 2.14880e-05
-3.20318e+00 3.85158e+00 1.32423e-05
-3.30008e+00 3.92556e+00 5.71216e-06
-3.39859e+00 3.99996e+00 -1.02542e-06
-3.69903e-01 7.99062e-01 1.91681e-03
-3.92670e-01 8.58158e-01 1.72223e-03
-4.16917e-01 9.17307e-01 1.54912e-03
-4.42634e-01 9.76524e-01 1.39392e-03
-4.69809e-01 1.03582e+00 1.25400e-03
-4.98433e-01 1.09522e+00 1.12744e-03
-5.28500e-01 1.15472e+00 1.01283e-03
-5.60000e-01 1.21434e+00 9.09113e-04
-5.92930e-01 1.27409e+00 8.15530e-04
-6.27283e-01 1.33399e+00 7.31531e-04
-6.63057e-01 1.39405e+00 6.56737e-04
-7.00248e-01 1.45428e+00 5.90898e-04
-7.38855e-01 1.51469e+00 5.33869e-04
-7.79855e-01 1.57675e+00 5.01234e-04
-8.22608e-01 1.63940e+00 4.65170e-04
-8.66787e-01 1.70218e+00 4.32506e-04
-9.12391e-01 1.76508e+00 4.02977e-04
-9.59419e-01 1.82813e+00 3.76342e-04
-1.00787e+00 1.89134e+00 3.52385e-04
-1.05775e+00 1.95472e+00 3.30907e-04
-1.10905e+00 2.01828e+00 3.11728e-04
-1.16178e+00 2.08203e+00 2.94681e-04
-1.21594e+00 2.14599e+00 2.79614e-04
-1.27154e+00 2.21016e+00 2.66386e-04
-1.32858e+00 2.27457e+00 2.54867e-04
-1.38767e+00 2.33988e+00 2.39973e-04
-1.44878e+00 2.40603e+00 2.28133e-04
-1.51131e+00 2.47235e+00 2.16689e-04
-1.57526e+00 2.53884e+00 2.05593e-04
-1.64064e+00 2.60553e+00 1.94803e-04
-1.70744e+00 2.67242e+00 1.84272e-04
-1.77569e+00 2.73952e+00 1.73957e-04
-1.84539e+00 2.80686e+00 1.63814e-04
-1.91654e+00 2.87444e+00 1.53800e-04
-1.98916e+00 2.94228e+00 1.43871e-04
-2.06327e+00 3.01039e+00 1.33985e-04
-2.13886e+00 3.07877e+00 1.24097e-04
-2.21615e+00 3.14763e+00 1.14341e-04
-2.29547e+00 3.21723e+00 1.03642e-04
-2.37622e+00 3.28705e+00 9.29535e-05
-2.45841e+00 3.35710e+00 8.23403e-05
-2.54206e+00 3.42739e+00 7.18631e-05
-2.62717e+00 3.49793e+00 6.15795e-05
-2.71376e+00 3.56873e+00 5.15445e-05
-2.80185e+00 3.63982e+00 4.18111e-05
-2.89145e+00 3.71120e+00 3.24305e-05
-2.98258e+00 3.78289e+00 2.34534e-05
-3.07525e+00 3.85491e+00 1.49298e-05
-3.16949e+00 3.92726e+00 6.90957e-06
-3.26532e+00 3.99996e+00 -5.56855e-07
-3.45849e-01 8.15568e-01 1.90242e-03
-3.66805e-01 8.75522e-01 1.69701e-03
-3.89219e-01 9.35487e-01 1.51520e-03
-4.13081e-01 9.95476e-01 1.35303e-03
-4.38381e-01 1.05550e+00 1.20761e-03
-4.65109e-01 1.11558e+00 1.07683e-03
-4.93259e-01 1.17572e+00 9.59128e-04
-5.22822e-01 1.23594e+00 8.53398e-04
-5.53793e-01 1.29625e+00 7.58835e-04
-5.86168e-01 1.35666e+00 6.74890e-04
-6.19943e-01 1.41718e+00 6.01201e-04
-6.55114e-01 1.47783e+00 5.37555e-04
-6.91679e-01 1.53861e+00 4.83854e-04
-7.30520e-01 1.60093e+00 4.55418e-04
-7.71062e-01 1.66379e+00 4.23095e-04
-8.13010e-01 1.72673e+00 3.93762e-04
-8.56363e-01 1.78974e+00 3.67227e-04
-9.01120e-01 1.85286e+00 3.43311e-04
-9.47279e-01 1.91609e+00 3.21845e-04
-9.94841e-01 1.97945e+00 3.02672e-04
-1.04381e+00 2.04294e+00 2.85644e-04
-1.09418e+00 2.10658e+00 2.70623e-04
-1.14596e+00 2.17038e+00 2.57478e-04
-1.19916e+00 2.23435e+00 2.46087e-04
-1.25377e+00 2.29851e+00 2.36335e-04
-1.31036e+00 2.36348e+00 2.22908e-04
-1.36890e+00 2.42922e+00 2.12571e-04
-1.42883e+00 2.49507e+00 2.02562e-04
-1.49017e+00 2.56106e+00 1.92835e-04
-1.55290e+00 2.62720e+00 1.83348e-04
-1.61705e+00 2.69349e+00 1.74061e-04
-1.68261e+00 2.75995e+00 1.64930e-04
-1.74960e+00 2.82660e+00 1.55915e-04
-1.81802e+00 2.89344e+00 1.46977e-04
-1.88788e+00 2.96049e+00 1.38074e-04
-1.95920e+00 3.02776e+00 1.29168e-04
-2.03198e+00 3.09526e+00 1.20217e-04
-2.10641e+00 3.16317e+00 1.11567e-04
-2.18281e+00 3.23175e+00 1.01659e-04
-2.26061e+00 3.30049e+00 9.17058e-05
-2.33982e+00 3.36942e+00 8.17552e-05
-2.42047e+00 3.43854e+00 7.18524e-05
-2.50255e+00 3.50786e+00 6.20388e-05
-2.58610e+00 3.57741e+00 5.23530e-05
-2.67110e+00 3.64718e+00 4.28313e-05
-2.75760e+00 3.71720e+00 3.35079e-05
-2.84559e+00 3.78747e+00 2.44153e-05
-2.93509e+00 3.85801e+00 1.55848e-05
-3.02613e+00 3.92884e+00 7.04643e-06
-3.11872e+00 3.99997e+00 -1.17040e-06
-3.21426e-01 8.31752e-01 1.88957e-03
-3.40597e-01 8.92454e-01 1.66918e-03
-3.61192e-01 9.53130e-01 1.47594e-03
-3.83201e-01 1.01379e+00 1.30521e-03
-4.06614e-01 1.07446e+00 1.15356e-03
-4.31422e-01 1.13513e+00 1.01843e-03
-4.57618e-01 1.19584e+00 8.98001e-04
-4.85195e-01 1.25658e+00 7.90917e-04
-5.14148e-01 1.31737e+00 6.96237e-04
-5.44473e-01 1.37822e+00 6.13318e-04
-5.76164e-01 1.43915e+00 5.41746e-04
-6.09219e-01 1.50017e+00 4.81290e-04
-6.43637e-01 1.56128e+00 4.31858e-04
-6.80199e-01 1.62382e+00 4.07397e-04
-7.18397e-01 1.68683e+00 3.79233e-04
-7.57971e-01 1.74988e+00 3.53537e-04
-7.98917e-01 1.81297e+00 3.30214e-04
-8.41234e-01 1.87613e+00 3.09162e-04
-8.84921e-01 1.93936e+00 2.90276e-04
-9.29978e-01 2.00267e+00 2.73447e-04
-9.76407e-01 2.06608e+00 2.58570e-04
-1.02421e+00 2.12959e+00 2.45538e-04
-1.07339e+00 2.19323e+00 2.34247e-04
-1.12394e+00 2.25699e+00 2.24595e-04
-1.17588e+00 2.32090e+00 2.16484e-04
-1.22970e+00 2.38555e+00 2.04591e-04
-1.28539e+00 2.45088e+00 1.95702e-04
-1.34243e+00 2.51629e+00 1.87068e-04
-1.40084e+00 2.58179e+00 1.78652e-04
-1.46063e+00 2.64740e+00 1.70417e-04
-1.52179e+00 2.71313e+00 1.62327e-04
-1.58433e+00 2.77898e+00 1.54345e-04
-1.64826e+00 2.84498e+00 1.46437e-04
-1.71359e+00 2.91112e+00 1.38568e-04
-1.78032e+00 2.97743e+00 1.30704e-04
-1.84847e+00 3.04392e+00 1.22810e-04
-1.91804e+00 3.11059e+00 1.14855e-04
-1.98921e+00 3.17761e+00 1.07391e-04
-2.06225e+00 3.24523e+00 9.80965e-05
-2.13666e+00 3.31297e+00 8.88697e-05
-2.21246e+00 3.38086e+00 7.96989e-05
-2.28965e+00 3.44889e+00 7.05716e-05
-2.36824e+00 3.51708e+00 6.14738e-05
-2.44825e+00 3.58545e+00 5.23899e-05
-2.52968e+00 3.65400e+00 4.33037e-05
-2.61256e+00 3.72275e+00 3.41972e-05
-2.69690e+00 3.79171e+00 2.50518e-05
-2.78271e+00 3.86089e+00 1.58478e-05
-2.87000e+00 3.93030e+00 6.56424e-06
-2.95880e+00 3.99997e+00 -2.82060e-06
-2.96241e-01 8.47856e-01 1.87432e-03
-3.13651e-01 9.09194e-01 1.63316e-03
-3.32438e-01 9.70474e-01 1.42492e-03
-3.52592e-01 1.03171e+00 1.24367e-03
-3.74104e-01 1.09292e+00 1.08498e-03
-3.96965e-01 1.15410e+00 9.45589e-04
-4.21169e-01 1.21528e+00 8.23124e-04
-4.46711e-01 1.27646e+00 7.15871e-04
-4.73583e-01 1.33767e+00 6.22635e-04
-5.01783e-01 1.39890e+00 5.42616e-04
-5.31305e-01 1.46017e+00 4.75318e-04
-5.62148e-01 1.52149e+00 4.20479e-04
-5.94309e-01 1.58287e+00 3.78021e-04
-6.28479e-01 1.64556e+00 3.57715e-04
-6.64212e-01 1.70867e+00 3.34045e-04
-7.01275e-01 1.77178e+00 3.12232e-04
-7.39667e-01 1.83491e+00 2.92282e-04
-7.79386e-01 1.89806e+00 2.74177e-04
-8.20430e-01 1.96126e+00 2.57881e-04
-8.62801e-01 2.02450e+00 2.43348e-04
-9.06497e-01 2.08780e+00 2.30520e-04
-9.51522e-01 2.15117e+00 2.19334e-04
-9.97876e-01 2.21463e+00 2.09719e-04
-1.04556e+00 2.27818e+00 2.01604e-04
-1.09458e+00 2.34183e+00 1.94914e-04
-1.14539e+00 2.40615e+00 1.84645e-04
-1.19796e+00 2.47108e+00 1.77143e-04
-1.25185e+00 2.53605e+00 1.69843e-04
-1.30705e+00 2.60108e+00 1.62712e-04
-1.36359e+00 2.66619e+00 1.55721e-04
-1.42145e+00 2.73137e+00 1.48837e-04
-1.48065e+00 2.79664e+00 1.42032e-04
-1.54120e+00 2.86202e+00 1.35275e-04
-1.60308e+00 2.92751e+00 1.28538e-04
-1.66633e+00 2.99312e+00 1.21791e-04
-1.73094e+00 3.05888e+00 1.15005e-04
-1.79692e+00 3.12477e+00 1.08153e-04
-1.86442e+00 3.19097e+00 1.01798e-04
-1.93371e+00 3.25769e+00 9.35049e-05
-2.00431e+00 3.32450e+00 8.53036e-05
-2.07626e+00 3.39141e+00 7.71478e-05
-2.14954e+00 3.45843e+00 6.89918e-05
-2.22418e+00 3.52558e+00 6.07913e-05
-2.30019e+00 3.59286e+00 5.25023e-05
-2.37757e+00 3.66028e+00 4.40819e-05
-2.45634e+00 3.72786e+00 3.54874e-05
-2.53650e+00 3.79561e+00 2.66766e-05
-2.61809e+00 3.86353e+00 1.76076e-05
-2.70109e+00 3.93165e+00 8.23862e-06
-2.78555e+00 3.99997e+00 -1.47214e-06
-2.70798e-01 8.63550e-01 1.86405e-03
-2.86477e-01 9.25412e-01 1.59569e-03
-3.03472e-01 9.87193e-01 1.36831e-03
-3.21774e-01 1.04891e+00 1.17420e-03
-3.41374e-01 1.11056e+00 1.00753e-03
-3.62266e-01 1.17217e+00 8.63980e-04
-3.84443e-01 1.23375e+00 7.40329e-04
-4.07900e-01 1.29530e+00 6.34257e-04
-4.32631e-01 1.35685e+00 5.44118e-04
-4.58633e-01 1.41839e+00 4.68792e-04
-4.85901e-01 1.47994e+00 4.07567e-04
-5.14434e-01 1.54152e+00 3.60041e-04
-5.44228e-01 1.60313e+00 3.26058e-04
-5.75885e-01 1.66593e+00 3.09274e-04
-6.09017e-01 1.72909e+00 2.89934e-04
-6.43424e-01 1.79223e+00 2.71880e-04
-6.79103e-01 1.85536e+00 2.55201e-04
-7.16052e-01 1.91848e+00 2.39952e-04
-7.54270e-01 1.98161e+00 2.26159e-04
-7.93758e-01 2.04477e+00 2.13825e-04
-8.34515e-01 2.10795e+00 2.02938e-04
-8.76542e-01 2.17117e+00 1.93470e-04
-9.19842e-01 2.23445e+00 1.85384e-04
-9.64415e-01 2.29778e+00 1.78635e-04
-1.01027e+00 2.36119e+00 1.73171e-04
-1.05778e+00 2.42519e+00 1.64313e-04
-1.10696e+00 2.48973e+00 1.58095e-04
-1.15739e+00 2.55428e+00 1.52021e-04
-1.20909e+00 2.61887e+00 1.46067e-04
-1.26206e+00 2.68349e+00 1.40210e-04
-1.31630e+00 2.74816e+00 1.34425e-04
-1.37182e+00 2.81289e+00 1.28689e-04
-1.42862e+00 2.87769e+00 1.22977e-04
-1.48671e+00 2.94257e+00 1.17267e-04
-1.54609e+00 3.00754e+00 1.11534e-04
-1.60677e+00 3.07261e+00 1.05756e-04
-1.66876e+00 3.13779e+00 9.99091e-05
-1.73219e+00 3.20322e+00 9.46037e-05
-1.79729e+00 3.26911e+00 8.72510e-05
-1.86365e+00 3.33506e+00 8.00059e-05
-1.93130e+00 3.40108e+00 7.27957e-05
-2.00022e+00 3.46717e+00 6.55512e-05
-2.07044e+00 3.53336e+00 5.82065e-05
-2.14195e+00 3.59964e+00 5.06985e-05
-2.21478e+00 3.66603e+00 4.29666e-05
-2.28893e+00 3.73253e+00 3.49525e-05
-2.36441e+00 3.79917e+00 2.65997e-05
-2.44123e+00 3.86595e+00 1.78534e-05
-2.51942e+00 3.93288e+00 8.66020e-06
-2.59897e+00 3.99997e+00 -1.03193e-06
-2.45126e-01 8.78823e-01 1.85317e-03
-2.59104e-01 9.41100e-01 1.55238e-03
-2.74324e-01 1.00328e+00 1.30274e-03
-2.90777e-01 1.06537e+00 1.09435e-03
-3.08457e-01 1.12739e+00 9.19600e-04
-3.27357e-01 1.18934e+00 7.72734e-04
-3.47472e-01 1.25124e+00 6.49435e-04
-3.68797e-01 1.31309e+00 5.46519e-04
-3.91326e-01 1.37491e+00 4.61691e-04
-4.15057e-01 1.43670e+00 3.93349e-04
-4.39986e-01 1.49849e+00 3.40430e-04
-4.66111e-01 1.56027e+00 3.02291e-04
-4.93429e-01 1.62205e+00 2.78611e-04
-5.22451e-01 1.68492e+00 2.63265e-04
-5.52850e-01 1.74809e+00 2.47872e-04
-5.84453e-01 1.81121e+00 2.33265e-04
-6.17260e-01 1.87431e+00 2.19599e-04
-6.51268e-01 1.93737e+00 2.06984e-04
-6.86477e-01 2.00043e+00 1.95495e-04
-7.22886e-01 2.06347e+00 1.85176e-04
-7.60495e-01 2.12653e+00 1.76049e-04
-7.99306e-01 2.18959e+00 1.68119e-04
-8.39318e-01 2.25269e+00 1.61374e-04
-8.80534e-01 2.31581e+00 1.55792e-04
-9.22957e-01 2.37898e+00 1.51342e-04
-9.66921e-01 2.44267e+00 1.43832e-04
-1.01242e+00 2.50683e+00 1.38767e-04
-1.05911e+00 2.57098e+00 1.33793e-04
-1.10699e+00 2.63514e+00 1.28894e-04
-1.15608e+00 2.69930e+00 1.24054e-04
-1.20636e+00 2.76350e+00 1.19254e-04
-1.25786e+00 2.82772e+00 1.14479e-04
-1.31056e+00 2.89198e+00 1.09708e-04
-1.36448e+00 2.95630e+00 1.04927e-04
-1.41961e+00 3.02067e+00 1.00116e-04
-1.47598e+00 3.08512e+00 9.52578e-05
-1.53358e+00 3.14964e+00 9.03356e-05
-1.59252e+00 3.21437e+00 8.59910e-05
-1.65301e+00 3.27950e+00 7.95623e-05
-1.71469e+00 3.34466e+00 7.32475e-05
-1.77758e+00 3.40986e+00 6.69562e-05
-1.84168e+00 3.47510e+00 6.06035e-05
-1.90700e+00 3.54041e+00 5.41100e-05
-1.97354e+00 3.60578e+00 4.74008e-05
-2.04132e+00 3.67123e+00 4.04049e-05
-2.11034e+00 3.73677e+00 3.30554e-05
-2.18062e+00 3.80240e+00 2.52883e-05
-2.25216e+00 3.86814e+00 1.70426e-05
-2.32497e+00 3.93399e+00 8.26000e-06
-2.39906e+00 3.99997e+00 -1.11566e-06
-2.19256e-01 8.93665e-01 1.83619e-03
-2.31563e-01 9.56251e-01 1.49887e-03
-2.45024e-01 1.01873e+00 1.22486e-03
-2.59633e-01 1.08110e+00 1.00169e-03
-2.75383e-01 1.14339e+00 8.19591e-04
-2.92270e-01 1.20560e+00 6.71056e-04
-3.10288e-01 1.26774e+00 5.50361e-04
-3.29434e-01 1.32982e+00 4.53217e-04
-3.49702e-01 1.39185e+00 3.76476e-04
-3.71090e-01 1.45384e+00 3.17891e-04
-3.93595e-01 1.51579e+00 2.75919e-04
-4.17215e-01 1.57773e+00 2.49572e-04
-4.41948e-01 1.63965e+00 2.38290e-04
-4.68214e-01 1.70253e+00 2.20914e-04
-4.95745e-01 1.76567e+00 2.08865e-04
-5.24400e-01 1.82874e+00 1.97208e-04
-5.54176e-01 1.89177e+00 1.86139e-04
-5.85072e-01 1.95475e+00 1.75806e-04
-6.17088e-01 2.01770e+00 1.66313e-04
-6.50223e-01 2.08063e+00 1.57736e-04
-6.84476e-01 2.14354e+00 1.50120e-04
-7.19848e-01 2.20644e+00 1.43491e-04
-7.56340e-01 2.26935e+00 1.37860e-04
-7.93954e-01 2.33226e+00 1.33220e-04
-8.32691e-01 2.39520e+00 1.29556e-04
-8.72832e-01 2.45859e+00 1.23483e-04
-9.14367e-01 2.52238e+00 1.19415e-04
-9.57015e-01 2.58615e+00 1.15395e-04
-1.00078e+00 2.64990e+00 1.11415e-04
-1.04566e+00 2.71364e+00 1.07463e-04
-1.09166e+00 2.77738e+00 1.03530e-04
-1.13878e+00 2.84113e+00 9.96047e-05
-1.18703e+00 2.90490e+00 9.56753e-05
-1.23642e+00 2.96870e+00 9.17300e-05
-1.28693e+00 3.03253e+00 8.77568e-05
-1.33859e+00 3.09640e+00 8.37437e-05
-1.39139e+00 3.16033e+00 7.96784e-05
-1.44543e+00 3.22442e+00 7.61714e-05
-1.50088e+00 3.28885e+00 7.06918e-05
-1.55744e+00 3.35329e+00 6.53240e-05
-1.61513e+00 3.41775e+00 5.99672e-05
-1.67394e+00 3.48223e+00 5.45280e-05
-1.73389e+00 3.54674e+00 4.89199e-05
-1.79497e+00 3.61129e+00 4.30623e-05
-1.85720e+00 3.67590e+00 3.68799e-05
-1.92058e+00 3.74056e+00 3.03023e-05
-1.98513e+00 3.80529e+00 2.32632e-05
-2.05085e+00 3.87010e+00 1.57005e-05
-2.11774e+00 3.93499e+00 7.55517e-06
-2.18583e+00 3.99997e+00 -1.22859e-06
-1.93217e-01 9.08069e-01 1.80776e-03
-2.03882e-01 9.70858e-01 1.43082e-03
-2.15602e-01 1.03353e+00 1.13132e-03
-2.28371e-01 1.09610e+00 8.93803e-04
-2.42184e-01 1.15857e+00 7.05982e-04
-2.57036e-01 1.22096e+00 5.58237e-04
-2.72924e-01 1.28327e+00 4.43138e-04
-2.89843e-01 1.34550e+00 3.55035e-04
-3.07791e-01 1.40768e+00 2.89718e-04
-3.26765e-01 1.46980e+00 2.44126e-04
-3.46763e-01 1.53187e+00 2.16109e-04
-3.67781e-01 1.59391e+00 2.04238e-04
-3.89820e-01 1.65592e+00 2.07642e-04
-4.13210e-01 1.71876e+00 1.83474e-04
-4.37742e-01 1.78183e+00 1.73949e-04
-4.63302e-01 1.84482e+00 1.64559e-04
-4.89890e-01 1.90774e+00 1.55516e-04
-5.17504e-01 1.97061e+00 1.46979e-04
-5.46143e-01 2.03344e+00 1.39069e-04
-5.75807e-01 2.09622e+00 1.31871e-04
-6.06495e-01 2.15898e+00 1.25446e-04
-6.38208e-01 2.22171e+00 1.19831e-04
-6.70947e-01 2.28443e+00 1.15047e-04
-7.04712e-01 2.34714e+00 1.11098e-04
-7.39506e-01 2.40985e+00 1.07981e-04
-7.75551e-01 2.47295e+00 1.03593e-04
-8.12841e-01 2.53638e+00 1.00339e-04
-8.51152e-01 2.59978e+00 9.71049e-05
-8.90485e-01 2.66315e+00 9.38887e-05
-9.30841e-01 2.72649e+00 9.06869e-05
-9.72222e-01 2.78982e+00 8.74950e-05
-1.01463e+00 2.85313e+00 8.43076e-05
-1.05807e+00 2.91645e+00 8.11188e-05
-1.10255e+00 2.97977e+00 7.79221e-05
-1.14806e+00 3.04311e+00 7.47105e-05
-1.19461e+00 3.10646e+00 7.14767e-05
-1.24221e+00 3.16985e+00 6.82134e-05
-1.29094e+00 3.23337e+00 6.53825e-05
-1.34092e+00 3.29717e+00 6.09173e-05
-1.39192e+00 3.36096e+00 5.65548e-05
-1.44394e+00 3.42475e+00 5.21903e-05
-1.49700e+00 3.48854e+00 4.77281e-05
-1.55110e+00 3.55235e+00 4.30800e-05
-1.60623e+00 3.61617e+00 3.81647e-05
-1.66242e+00 3.68003e+00 3.29072e-05
-1.71965e+00 3.74391e+00 2.72379e-05
-1.77795e+00 3.80785e+00 2.10921e-05
-1.83731e+00 3.87183e+00 1.44096e-05
-1.89775e+00 3.93586e+00 7.13406e-06
-1.95927e+00 3.99997e+00 -7.87179e-07
-1.66906e-01 9.22098e-01 1.80271e-03
-1.75960e-01 9.84985e-01 1.37946e-03
-1.85955e-01 1.04776e+00 1.04615e-03
-1.96888e-01 1.11043e+00 7.86308e-04
-2.08754e-01 1.17299e+00 5.86322e-04
-2.21550e-01 1.23547e+00 4.35117e-04
-2.35274e-01 1.29787e+00 3.23801e-04
-2.49921e-01 1.36019e+00 2.45333e-04
-2.65490e-01 1.42244e+00 1.94219e-04
-2.81977e-01 1.48463e+00 1.66238e-04
-2.99382e-01 1.54676e+00 1.58215e-04
-3.17701e-01 1.60885e+00 1.67816e-04
-3.36936e-01 1.67090e+00 1.93385e-04
-3.57333e-01 1.73367e+00 1.58069e-04
-3.78735e-01 1.79661e+00 1.45506e-04
-4.01059e-01 1.85947e+00 1.35005e-04
-4.24304e-01 1.92227e+00 1.26158e-04
-4.48467e-01 1.98500e+00 1.18640e-04
-4.73549e-01 2.04767e+00 1.12195e-04
-4.99548e-01 2.11030e+00 1.06627e-04
-5.26466e-01 2.17289e+00 1.01787e-04
-5.54301e-01 2.23544e+00 9.75630e-05
-5.83054e-01 2.29796e+00 9.38765e-05
-6.12727e-01 2.36047e+00 9.06740e-05
-6.43320e-01 2.42295e+00 8.79230e-05
-6.75002e-01 2.48576e+00 8.50445e-05
-7.07770e-01 2.54886e+00 8.23757e-05
-7.41452e-01 2.61191e+00 7.97390e-05
-7.76050e-01 2.67491e+00 7.71304e-05
-8.11566e-01 2.73788e+00 7.45454e-05
-8.48000e-01 2.80081e+00 7.19794e-05
-8.85354e-01 2.86373e+00 6.94274e-05
-9.23632e-01 2.92663e+00 6.68840e-05
-9.62834e-01 2.98952e+00 6.43442e-05
-1.00296e+00 3.05241e+00 6.18024e-05
-1.04403e+00 3.11531e+00 5.92533e-05
-1.08602e+00 3.17821e+00 5.66915e-05
-1.12901e+00 3.24121e+00 5.42232e-05
-1.17309e+00 3.30445e+00 5.06887e-05
-1.21809e+00 3.36767e+00 4.72350e-05
-1.26401e+00 3.43086e+00 4.37640e-05
-1.31086e+00 3.49405e+00 4.01867e-05
-1.35863e+00 3.55723e+00 3.64219e-05
-1.40733e+00 3.62042e+00 3.23957e-05
-1.45697e+00 3.68362e+00 2.80406e-05
-1.50755e+00 3.74683e+00 2.32947e-05
-1.55907e+00 3.81006e+00 1.81015e-05
-1.61155e+00 3.87333e+00 1.24088e-05
-1.66498e+00 3.93663e+00 6.16870e-06
-1.71938e+00 3.99997e+00 -6.62919e-07
-1.39495e-01 9.36174e-01 1.66737e-03
-1.46963e-01 9.99038e-01 1.22118e-03
-1.55247e-01 1.06179e+00 8.82759e-04
-1.64343e-01 1.12445e+00 6.30229e-04
-1.74248e-01 1.18701e+00 4.45522e-04
-1.84961e-01 1.24948e+00 3.13978e-04
-1.96478e-01 1.31187e+00 2.23929e-04
-2.08798e-01 1.37418e+00 1.66259e-04
-2.21918e-01 1.43643e+00 1.33995e-04
-2.35837e-01 1.49861e+00 1.21933e-04
-2.50553e-01 1.56074e+00 1.26302e-04
-2.66066e-01 1.62281e+00 1.44489e-04
-2.82374e-01 1.68484e+00 1.74797e-04
-2.99666e-01 1.74746e+00 1.28893e-04
-3.17823e-01 1.81022e+00 1.17450e-04
-3.36782e-01 1.87290e+00 1.07907e-04
-3.56541e-01 1.93552e+00 9.99580e-05
-3.77099e-01 1.99806e+00 9.33515e-05
-3.98456e-01 2.06055e+00 8.78802e-05
-4.20612e-01 2.12299e+00 8.33744e-05
-4.43567e-01 2.18538e+00 7.96953e-05
-4.67319e-01 2.24773e+00 7.67305e-05
-4.91871e-01 2.31005e+00 7.43890e-05
-5.17222e-01 2.37233e+00 7.25980e-05
-5.43372e-01 2.43460e+00 7.12998e-05
-5.70453e-01 2.49712e+00 6.76575e-05
-5.98460e-01 2.55988e+00 6.56137e-05
-6.27262e-01 2.62258e+00 6.35504e-05
-6.56861e-01 2.68523e+00 6.14779e-05
-6.87258e-01 2.74784e+00 5.94041e-05
-7.18453e-01 2.81042e+00 5.73351e-05
-7.50447e-01 2.87296e+00 5.52749e-05
-7.83243e-01 2.93548e+00 5.32263e-05
-8.16843e-01 2.99798e+00 5.11908e-05
-8.51247e-01 3.06047e+00 4.91689e-05
-8.86458e-01 3.12295e+00 4.71601e-05
-9.22479e-01 3.18543e+00 4.51633e-05
-9.59355e-01 3.24798e+00 4.29526e-05
-9.97162e-01 3.31071e+00 4.03675e-05
-1.03576e+00 3.37342e+00 3.77440e-05
-1.07517e+00 3.43610e+00 3.50304e-05
-1.11537e+00 3.49876e+00 3.21797e-05
-1.15637e+00 3.56140e+00 2.91496e-05
-1.19818e+00 3.62404e+00 2.59015e-05
-1.24080e+00 3.68667e+00 2.24003e-05
-1.28423e+00 3.74930e+00 1.86141e-05
-1.32848e+00 3.81194e+00 1.45138e-05
-1.37355e+00 3.87460e+00 1.00729e-05
-1.41944e+00 3.93727e+00 5.26685e-06
-1.46616e+00 3.99997e+00 7.34550e-08
-1.11883e-01 9.49818e-01 1.53809e-03
-1.17797e-01 1.01255e+00 1.07493e-03
-1.24387e-01 1.07519e+00 7.31149e-04
-1.31652e-01 1.13774e+00 4.82609e-04
-1.39589e-01 1.20020e+00 3.08955e-04
-1.48197e-01 1.26259e+00 1.93418e-04
-1.57474e-01 1.32489e+00 1.22469e-04
-1.67420e-01 1.38713e+00 8.54193e-05
-1.78032e-01 1.44930e+00 7.40036e-05
-1.89309e-01 1.51141e+00 8.19876e-05
-2.01251e-01 1.57347e+00 1.04806e-04
-2.13857e-01 1.63548e+00 1.39247e-04
-2.27125e-01 1.69744e+00 1.83178e-04
-2.41193e-01 1.75987e+00 9.30379e-05
-2.55975e-01 1.82241e+00 8.60421e-05
-2.71425e-01 1.88487e+00 7.98746e-05
-2.87542e-01 1.94727e+00 7.44936e-05
-3.04326e-01 2.00961e+00 6.98602e-05
-3.21776e-01 2.07189e+00 6.59383e-05
-3.39892e-01 2.13412e+00 6.26944e-05
-3.58674e-01 2.19631e+00 6.00970e-05
-3.78122e-01 2.25845e+00 5.81173e-05
-3.98236e-01 2.32055e+00 5.67279e-05
-4.19017e-01 2.38263e+00 5.59038e-05
-4.40464e-01 2.44467e+00 5.56212e-05
-4.62673e-01 2.50692e+00 5.15557e-05
-4.85639e-01 2.56934e+00 5.01050e-05
-5.09270e-01 2.63171e+00 4.85957e-05
-5.33564e-01 2.69404e+00 4.70462e-05
-5.58524e-01 2.75632e+00 4.54714e-05
-5.84149e-01 2.81857e+00 4.38834e-05
-6.10440e-01 2.88077e+00 4.22918e-05
-6.37399e-01 2.94296e+00 4.07040e-05
-6.65025e-01 3.00511e+00 3.91256e-05
-6.93322e-01 3.06725e+00 3.75608e-05
-7.22289e-01 3.12937e+00 3.60124e-05
-7.51929e-01 3.19148e+00 3.44821e-05
-7.82274e-01 3.25364e+00 3.26049e-05
-8.13380e-01 3.31594e+00 3.07850e-05
-8.45148e-01 3.37821e+00 2.88598e-05
-8.77579e-01 3.44045e+00 2.68096e-05
-9.10675e-01 3.50266e+00 2.46165e-05
-9.44438e-01 3.56485e+00 2.22643e-05
-9.78869e-01 3.62702e+00 1.97384e-05
-1.01397e+00 3.68918e+00 1.70253e-05
-1.04974e+00 3.75134e+00 1.41128e-05
-1.08619e+00 3.81349e+00 1.09898e-05
-1.12332e+00 3.87564e+00 7.64615e-06
-1.16113e+00 3.93780e+00 4.07241e-06
-1.19962e+00 3.99997e+00 2.60003e-07
-8.40995e-02 9.63024e-01 1.35907e-03
-8.84897e-02 1.02553e+00 9.08515e-04
-9.34050e-02 1.08795e+00 5.77825e-04
-9.88443e-02 1.15030e+00 3.43717e-04
-1.04806e-01 1.21258e+00 1.86056e-04
-1.11290e-01 1.27480e+00 8.78779e-05
-1.18295e-01 1.33694e+00 3.52210e-05
-1.25820e-01 1.39903e+00 1.68430e-05
-1.33865e-01 1.46107e+00 2.38877e-05
-1.42429e-01 1.52305e+00 4.95366e-05
-1.51511e-01 1.58498e+00 8.86759e-05
-1.61111e-01 1.64687e+00 1.37592e-04
-1.71229e-01 1.70871e+00 1.93703e-04
-1.81954e-01 1.77091e+00 5.47738e-05
-1.93231e-01 1.83318e+00 5.43822e-05
-2.05030e-01 1.89539e+00 5.30401e-05
-2.17349e-01 1.95755e+00 5.11127e-05
-2.30189e-01 2.01965e+00 4.88984e-05
-2.43550e-01 2.08170e+00 4.66403e-05
-2.57430e-01 2.14371e+00 4.45339e-05
-2.71831e-01 2.20567e+00 4.27357e-05
-2.86752e-01 2.26760e+00 4.13693e-05
-3.02192e-01 2.32949e+00 4.05309e-05
-3.18154e-01 2.39135e+00 4.02940e-05
-3.34636e-01 2.45318e+00 4.07133e-05
-3.51701e-01 2.51516e+00 3.68167e-05
-3.69348e-01 2.57726e+00 3.58721e-05
-3.87513e-01 2.63933e+00 3.48543e-05
-4.06197e-01 2.70134e+00 3.37823e-05
-4.25400e-01 2.76332e+00 3.26718e-05
-4.45123e-01 2.82527e+00 3.15358e-05
-4.65365e-01 2.88718e+00 3.03847e-05
-4.86127e-01 2.94906e+00 2.92271e-05
-5.07411e-01 3.01091e+00 2.80696e-05
-5.29216e-01 3.07275e+00 2.69176e-05
-5.51543e-01 3.13456e+00 2.57750e-05
-5.74393e-01 3.19637e+00 2.46447e-05
-5.97788e-01 3.25820e+00 2.31693e-05
-6.21766e-01 3.32013e+00 2.19598e-05
-6.46259e-01 3.38203e+00 2.06242e-05
-6.71268e-01 3.44390e+00 1.91623e-05
-6.96794e-01 3.50575e+00 1.75736e-05
-7.22838e-01 3.56757e+00 1.58578e-05
-7.49401e-01 3.62937e+00 1.40141e-05
-7.76484e-01 3.69116e+00 1.20419e-05
-8.04088e-01 3.75293e+00 9.94051e-06
-8.32214e-01 3.81470e+00 7.70903e-06
-8.60865e-01 3.87646e+00 5.34659e-06
-8.90041e-01 3.93821e+00 2.85226e-06
-9.19743e-01 3.99997e+00 2.25066e-07
-5.61747e-02 9.75790e-01 1.07434e-03
-5.90718e-02 1.03796e+00 6.89066e-04
-6.23305e-02 1.10008e+00 4.08447e-04
-6.59504e-02 1.16214e+00 2.13072e-04
-6.99309e-02 1.22415e+00 8.56818e-05
-7.42717e-02 1.28611e+00 1.13903e-05
-7.89724e-02 1.34803e+00 -2.23064e-05
-8.40328e-02 1.40990e+00 -2.56642e-05
-8.94526e-02 1.47173e+00 -6.90794e-06
-9.52315e-02 1.53351e+00 2.75122e-05
-1.01369e-01 1.59527e+00 7.26574e-05
-1.07866e-01 1.65698e+00 1.24847e-04
-1.14722e-01 1.71867e+00 1.81432e-04
-1.21988e-01 1.78059e+00 1.86602e-05
-1.29632e-01 1.84255e+00 2.57538e-05
-1.37638e-01 1.90447e+00 2.96324e-05
-1.46005e-01 1.96635e+00 3.11958e-05
-1.54733e-01 2.02819e+00 3.11877e-05
-1.63822e-01 2.08999e+00 3.02198e-05
-1.73271e-01 2.15175e+00 2.87921e-05
-1.83081e-01 2.21348e+00 2.73102e-05
-1.93252e-01 2.27518e+00 2.61012e-05
-2.03783e-01 2.33685e+00 2.54264e-05
-2.14675e-01 2.39850e+00 2.54922e-05
-2.25929e-01 2.46012e+00 2.64593e-05
-2.37579e-01 2.52184e+00 2.35258e-05
-2.49626e-01 2.58365e+00 2.29477e-05
-2.62032e-01 2.64541e+00 2.23171e-05
-2.74798e-01 2.70715e+00 2.16457e-05
-2.87924e-01 2.76885e+00 2.09430e-05
-3.01410e-01 2.83052e+00 2.02168e-05
-3.15256e-01 2.89217e+00 1.94737e-05
-3.29462e-01 2.95379e+00 1.87192e-05
-3.44028e-01 3.01539e+00 1.79573e-05
-3.58955e-01 3.07697e+00 1.71917e-05
-3.74244e-01 3.13854e+00 1.64248e-05
-3.89893e-01 3.20009e+00 1.56586e-05
-4.05917e-01 3.26166e+00 1.46384e-05
-4.22336e-01 3.32329e+00 1.39141e-05
-4.39111e-01 3.38489e+00 1.30805e-05
-4.56244e-01 3.44647e+00 1.21461e-05
-4.73733e-01 3.50803e+00 1.11183e-05
-4.91579e-01 3.56957e+00 1.00035e-05
-5.09783e-01 3.63109e+00 8.80726e-06
-5.28345e-01 3.69259e+00 7.53448e-06
-5.47266e-01 3.75409e+00 6.18930e-06
-5.66545e-01 3.81557e+00 4.77528e-06
-5.86184e-01 3.87704e+00 3.29550e-06
-6.06183e-01 3.93851e+00 1.75254e-06
-6.26543e-01 3.99997e+00 1.48597e-07
-2.81369e-02 9.88114e-01 6.27456e-04
-2.95709e-02 1.04986e+00 3.82884e-04
-3.11915e-02 1.11157e+00 2.07845e-04
-3.29984e-02 1.17326e+00 8.94844e-05
-3.49917e-02 1.23492e+00 1.61289e-05
-3.71712e-02 1.29655e+00 -2.24543e-05
-3.95370e-02 1.35816e+00 -3.49679e-05
-4.20890e-02 1.41974e+00 -2.86184e-05
-4.48272e-02 1.48130e+00 -9.22889e-06
-4.77516e-02 1.54283e+00 1.86060e-05
-5.08623e-02 1.60435e+00 5.13483e-05
-5.41591e-02 1.66584e+00 8.63466e-05
-5.76422e-02 1.72732e+00 1.21677e-04
-6.13332e-02 1.78892e+00 -1.05193e-05
-6.52190e-02 1.85053e+00 3.56780e-06
-6.92922e-02 1.91212e+00 1.19355e-05
-7.35530e-02 1.97369e+00 1.61279e-05
-7.80012e-02 2.03523e+00 1.74219e-05
-8.26369e-02 2.09676e+00 1.68671e-05
-8.74600e-02 2.15826e+00 1.53207e-05
-9.24705e-02 2.21975e+00 1.34790e-05
-9.76684e-02 2.28121e+00 1.19026e-05
-1.03054e-01 2.34266e+00 1.10398e-05
-1.08627e-01 2.40410e+00 1.12453e-05
-1.14387e-01 2.46552e+00 1.27961e-05
-1.20350e-01 2.52699e+00 1.17721e-05
-1.26516e-01 2.58850e+00 1.13703e-05
-1.32869e-01 2.64998e+00 1.09832e-05
-1.39408e-01 2.71145e+00 1.06055e-05
-1.46135e-01 2.77290e+00 1.02332e-05
-1.53048e-01 2.83434e+00 9.86260e-06
-1.60148e-01 2.89575e+00 9.49083e-06
-1.67435e-01 2.95716e+00 9.11535e-06
-1.74909e-01 3.01855e+00 8.73408e-06
-1.82570e-01 3.07993e+00 8.34521e-06
-1.90418e-01 3.14130e+00 7.94724e-06
-1.98454e-01 3.20265e+00 7.53885e-06
-2.06681e-01 3.26402e+00 7.00589e-06
-2.15110e-01 3.32541e+00 6.67100e-06
-2.23723e-01 3.38679e+00 6.27088e-06
-2.32521e-01 3.44816e+00 5.81389e-06
-2.41504e-01 3.50951e+00 5.30734e-06
-2.50671e-01 3.57085e+00 4.75761e-06
-2.60023e-01 3.63217e+00 4.17029e-06
-2.69560e-01 3.69349e+00 3.55023e-06
-2.79282e-01 3.75480e+00 2.90165e-06
-2.89188e-01 3.81610e+00 2.22820e-06
-2.99279e-01 3.87740e+00 1.53304e-06
-3.09555e-01 3.93868e+00 8.18871e-07
-3.20016e-01 3.99997e+00 8.80094e-08
-1.37969e-05 9.99994e-01 -3.88998e-05
-1.44921e-05 1.06122e+00 -4.46865e-05
-1.52813e-05 1.12244e+00 -4.00010e-05
-1.61645e-05 1.18367e+00 -2.89219e-05
-1.71419e-05 1.24489e+00 -1.48574e-05
-1.82134e-05 1.30611e+00 -5.38035e-07
-1.93791e-05 1.36734e+00 1.19395e-05
-2.06392e-05 1.42856e+00 2.10385e-05
-2.19936e-05 1.48979e+00 2.56952e-05
-2.34424e-05 1.55101e+00 2.52293e-05
-2.49857e-05 1.61224e+00 1.92626e-05
-2.66235e-05 1.67346e+00 7.64548e-06
-2.83558e-05 1.73468e+00 -9.60348e-06
-3.01913e-05 1.79591e+00 -2.78378e-05
-3.21247e-05 1.85713e+00 -8.70058e-06
-3.41534e-05 1.91836e+00 2.24225e-06
-3.62773e-05 1.97958e+00 7.26796e-06
-3.84964e-05 2.04080e+00 8.25059e-06
-4.08108e-05 2.10203e+00 6.72219e-06
-4.32205e-05 2.16325e+00 3.92680e-06
-4.57255e-05 2.22448e+00 8.67450e-07
-4.83257e-05 2.28570e+00 -1.65354e-06
-5.10213e-05 2.34692e+00 -3.00026e-06
-5.38122e-05 2.40815e+00 -2.67430e-06
-5.66984e-05 2.46937e+00 -2.90426e-07
-5.96860e-05 2.53060e+00 1.64306e-06
-6.27748e-05 2.59182e+00 1.18107e-06
-6.59586e-05 2.65304e+00 8.56507e-07
-6.92375e-05 2.71427e+00 6.38090e-07
-7.26114e-05 2.77549e+00 4.99550e-07
-7.60802e-05 2.83672e+00 4.18854e-07
-7.96440e-05 2.89794e+00 3.77557e-07
-8.33027e-05 2.95916e+00 3.60250e-07
-8.70562e-05 3.02039e+00 3.54092e-07
-9.09046e-05 3.08161e+00 3.48414e-07
-9.48477e-05 3.14284e+00 3.34384e-07
-9.88856e-05 3.20406e+00 3.04718e-07
-1.03020e-04 3.26528e+00 2.64713e-07
-1.07255e-04 3.32651e+00 2.52726e-07
-1.11584e-04 3.38773e+00 2.34849e-07
-1.16006e-04 3.44895e+00 2.12527e-07
-1.20521e-04 3.51018e+00 1.87095e-07
-1.25130e-04 3.57140e+00 1.59786e-07
-1.29832e-04 3.63263e+00 1.31738e-07
-1.34627e-04 3.69385e+00 1.03989e-07
-1.39515e-04 3.75507e+00 7.74897e-08
-1.44497e-04 3.81630e+00 5.31048e-08
-1.49571e-04 3.87752e+00 3.16162e-08
-1.54738e-04 3.93875e+00 1.37284e-08
-1.59998e-04 3.99997e+00 7.26862e-11
