-1.00000e+00 0.00000e+00 -1.20592e-03
-1.06122e+00 0.00000e+00 -5.96038e-04
-1.12245e+00 0.00000e+00 -6.00958e-05
-1.18367e+00 0.00000e+00 4.01900e-04
-1.24490e+00 0.00000e+00 7.89950e-04
-1.30612e+00 0.00000e+00 1.10406e-03
-1.36734e+00 0.00000e+00 1.34421e-03
-1.42857e+00 0.00000e+00 1.51043e-03
-1.48979e+00 0.00000e+00 1.60269e-03
-1.55101e+00 0.00000e+00 1.62102e-03
-1.61224e+00 0.00000e+00 1.56539e-03
-1.67346e+00 0.00000e+00 1.43582e-03
-1.73469e+00 0.00000e+00 1.23231e-03
-1.79591e+00 0.00000e+00 1.79540e-03
-1.85713e+00 0.00000e+00 1.82072e-03
-1.91836e+00 0.00000e+00 1.84590e-03
-1.97958e+00 0.00000e+00 1.87093e-03
-2.04081e+00 0.00000e+00 1.89581e-03
-2.10203e+00 0.00000e+00 1.92054e-03
-2.16325e+00 0.00000e+00 1.94512e-03
-2.22448e+00 0.00000e+00 1.96955e-03
-2.28570e+00 0.00000e+00 1.99383e-03
-2.34693e+00 0.00000e+00 2.01796e-03
-2.40815e+00 0.00000e+00 2.04194e-03
-2.46937e+00 0.00000e+00 2.06577e-03
-2.53060e+00 0.00000e+00 2.07176e-03
-2.59182e+00 0.00000e+00 2.08623e-03
-2.65304e+00 0.00000e+00 2.09984e-03
-2.71427e+00 0.00000e+00 2.11259e-03
-2.77549e+00 0.00000e+00 2.12449e-03
-2.83672e+00 0.00000e+00 2.13554e-03
-2.89794e+00 0.00000e+00 2.14572e-03
-2.95916e+00 0.00000e+00 2.15505e-03
-3.02039e+00 0.00000e+00 2.16352e-03
-3.08161e+00 0.00000e+00 2.17114e-03
-3.14284e+00 0.00000e+00 2.17790e-03
-3.20406e+00 0.00000e+00 2.18380e-03
-3.26528e+00 0.00000e+00 2.19005e-03
-3.32651e+00 0.00000e+00 2.19513e-03
-3.38773e+00 0.00000e+00 2.19976e-03
-3.44896e+00 0.00000e+00 2.20394e-03
-3.51018e+00 0.00000e+00 2.20766e-03
-3.57140e+00 0.00000e+00 2.21094e-03
-3.63263e+00 0.00000e+00 2.21376e-03
-3.69385e+00 0.00000e+00 2.21613e-03
-3.75507e+00 0.00000e+00 2.21804e-03
-3.81630e+00 0.00000e+00 2.21951e-03
-3.87752e+00 0.00000e+00 2.22052e-03
-3.93875e+00 0.00000e+00 2.22108e-03
-3.99997e+00 0.00000e+00 2.22119e-03
-9.88119e-01 2.81231e-02 -1.27234e-03
-1.04987e+00 2.95565e-02 -6.76317e-04
-1.11159e+00 3.11762e-02 -1.48711e-04
-1.17328e+00 3.29823e-02 3.10540e-04
-1.23494e+00 3.49746e-02 7.01280e-04
-1.29657e+00 3.71530e-02 1.02320e-03
-1.35818e+00 3.95177e-02 1.27591e-03
-1.41976e+00 4.20684e-02 1.45894e-03
-1.48132e+00 4.48053e-02 1.57182e-03
-1.54286e+00 4.77283e-02 1.61410e-03
-1.60437e+00 5.08374e-02 1.58533e-03
-1.66587e+00 5.41327e-02 1.48509e-03
-1.72735e+00 5.76141e-02 1.31302e-03
-1.78894e+00 6.13034e-02 1.74740e-03
-1.85056e+00 6.51872e-02 1.78726e-03
-1.91215e+00 6.92585e-02 1.82438e-03
-1.97372e+00 7.35172e-02 1.85886e-03
-2.03526e+00 7.79633e-02 1.89083e-03
-2.09678e+00 8.25968e-02 1.92037e-03
-2.15829e+00 8.74175e-02 1.94761e-03
-2.21977e+00 9.24256e-02 1.97262e-03
-2.28124e+00 9.76211e-02 1.99551e-03
-2.34269e+00 1.03004e-01 2.01636e-03
-2.40412e+00 1.08574e-01 2.03524e-03
-2.46554e+00 1.14332e-01 2.05223e-03
-2.52701e+00 1.20292e-01 2.07028e-03
-2.58852e+00 1.26455e-01 2.08452e-03
-2.65000e+00 1.32804e-01 2.09794e-03
-2.71147e+00 1.39341e-01 2.11052e-03
-2.77292e+00 1.46064e-01 2.12228e-03
-2.83435e+00 1.52974e-01 2.13321e-03
-2.89577e+00 1.60071e-01 2.14331e-03
-2.95717e+00 1.67355e-01 2.15258e-03
-3.01856e+00 1.74825e-01 2.16101e-03
-3.07994e+00 1.82482e-01 2.16862e-03
-3.14131e+00 1.90327e-01 2.17540e-03
-3.20266e+00 1.98358e-01 2.18135e-03
-3.26403e+00 2.06582e-01 2.18739e-03
-3.32542e+00 2.15006e-01 2.19247e-03
-3.38680e+00 2.23616e-01 2.19707e-03
-3.44816e+00 2.32410e-01 2.20119e-03
-3.50951e+00 2.41388e-01 2.20482e-03
-3.57085e+00 2.50551e-01 2.20798e-03
-3.63218e+00 2.59899e-01 2.21066e-03
-3.69349e+00 2.69431e-01 2.21286e-03
-3.75480e+00 2.79148e-01 2.21459e-03
-3.81610e+00 2.89049e-01 2.21584e-03
-3.87740e+00 2.99135e-01 2.21662e-03
-3.93869e+00 3.09406e-01 2.21693e-03
-3.99997e+00 3.19862e-01 2.21677e-03
-9.75796e-01 5.61609e-02 -1.25837e-03
-1.03798e+00 5.90573e-02 -7.10830e-04
-1.10010e+00 6.23153e-02 -2.20154e-04
-1.16216e+00 6.59342e-02 2.13829e-04
-1.22418e+00 6.99138e-02 5.90694e-04
-1.28614e+00 7.42535e-02 9.09590e-04
-1.34806e+00 7.89531e-02 1.16939e-03
-1.40994e+00 8.40123e-02 1.36880e-03
-1.47177e+00 8.94308e-02 1.50648e-03
-1.53356e+00 9.52083e-02 1.58107e-03
-1.59531e+00 1.01345e-01 1.59127e-03
-1.65703e+00 1.07840e-01 1.53585e-03
-1.71872e+00 1.14694e-01 1.41369e-03
-1.78064e+00 1.21958e-01 1.70620e-03
-1.84260e+00 1.29601e-01 1.75532e-03
-1.90452e+00 1.37605e-01 1.80034e-03
-1.96640e+00 1.45970e-01 1.84138e-03
-2.02824e+00 1.54696e-01 1.87856e-03
-2.09004e+00 1.63782e-01 1.91199e-03
-2.15180e+00 1.73229e-01 1.94181e-03
-2.21353e+00 1.83037e-01 1.96810e-03
-2.27523e+00 1.93205e-01 1.99099e-03
-2.33690e+00 2.03734e-01 2.01056e-03
-2.39854e+00 2.14624e-01 2.02691e-03
-2.46017e+00 2.25875e-01 2.04013e-03
-2.52188e+00 2.37522e-01 2.06374e-03
-2.58368e+00 2.49566e-01 2.07808e-03
-2.64545e+00 2.61970e-01 2.09155e-03
-2.70718e+00 2.74733e-01 2.10417e-03
-2.76888e+00 2.87856e-01 2.11592e-03
-2.83055e+00 3.01338e-01 2.12683e-03
-2.89220e+00 3.15181e-01 2.13688e-03
-2.95382e+00 3.29384e-01 2.14609e-03
-3.01542e+00 3.43947e-01 2.15444e-03
-3.07700e+00 3.58870e-01 2.16196e-03
-3.13856e+00 3.74155e-01 2.16864e-03
-3.20011e+00 3.89801e-01 2.17447e-03
-3.26167e+00 4.05821e-01 2.18037e-03
-3.32330e+00 4.22236e-01 2.18532e-03
-3.38491e+00 4.39008e-01 2.18974e-03
-3.44648e+00 4.56136e-01 2.19363e-03
-3.50804e+00 4.73621e-01 2.19700e-03
-3.56958e+00 4.91463e-01 2.19984e-03
-3.63109e+00 5.09663e-01 2.20217e-03
-3.69260e+00 5.28221e-01 2.20398e-03
-3.75409e+00 5.47137e-01 2.20527e-03
-3.81557e+00 5.66412e-01 2.20606e-03
-3.87704e+00 5.86047e-01 2.20634e-03
-3.93851e+00 6.06041e-01 2.20611e-03
-3.99997e+00 6.26396e-01 2.20538e-03
-9.63030e-01 8.40859e-02 -1.17861e-03
-1.02554e+00 8.84753e-02 -7.01671e-04
-1.08798e+00 9.33898e-02 -2.66863e-04
-1.15033e+00 9.88282e-02 1.26047e-04
-1.21262e+00 1.04789e-01 4.76314e-04
-1.27484e+00 1.11272e-01 7.82503e-04
-1.33699e+00 1.18276e-01 1.04273e-03
-1.39908e+00 1.25800e-01 1.25483e-03
-1.46112e+00 1.33844e-01 1.41654e-03
-1.52310e+00 1.42406e-01 1.52559e-03
-1.58504e+00 1.51486e-01 1.57974e-03
-1.64693e+00 1.61085e-01 1.57691e-03
-1.70878e+00 1.71201e-01 1.51513e-03
-1.77098e+00 1.81925e-01 1.67263e-03
-1.83325e+00 1.93200e-01 1.72639e-03
-1.89546e+00 2.04997e-01 1.77567e-03
-1.95762e+00 2.17315e-01 1.82054e-03
-2.01972e+00 2.30153e-01 1.86107e-03
-2.08177e+00 2.43511e-01 1.89733e-03
-2.14377e+00 2.57389e-01 1.92939e-03
-2.20574e+00 2.71788e-01 1.95731e-03
-2.26766e+00 2.86706e-01 1.98116e-03
-2.32955e+00 3.02145e-01 2.00098e-03
-2.39141e+00 3.18104e-01 2.01685e-03
-2.45323e+00 3.34583e-01 2.02880e-03
-2.51521e+00 3.51646e-01 2.05337e-03
-2.57732e+00 3.69290e-01 2.06802e-03
-2.63938e+00 3.87453e-01 2.08174e-03
-2.70139e+00 4.06134e-01 2.09454e-03
-2.76337e+00 4.25334e-01 2.10642e-03
-2.82531e+00 4.45054e-01 2.11739e-03
-2.88722e+00 4.65293e-01 2.12746e-03
-2.94909e+00 4.86052e-01 2.13664e-03
-3.01095e+00 5.07332e-01 2.14493e-03
-3.07278e+00 5.29134e-01 2.15234e-03
-3.13459e+00 5.51457e-01 2.15888e-03
-3.19639e+00 5.74304e-01 2.16455e-03
-3.25822e+00 5.97696e-01 2.17043e-03
-3.32015e+00 6.21670e-01 2.17513e-03
-3.38205e+00 6.46159e-01 2.17927e-03
-3.44392e+00 6.71164e-01 2.18286e-03
-3.50576e+00 6.96687e-01 2.18589e-03
-3.56758e+00 7.22727e-01 2.18836e-03
-3.62938e+00 7.49286e-01 2.19028e-03
-3.69116e+00 7.76365e-01 2.19165e-03
-3.75294e+00 8.03965e-01 2.19246e-03
-3.81470e+00 8.32087e-01 2.19273e-03
-3.87646e+00 8.60733e-01 2.19244e-03
-3.93821e+00 8.89905e-01 2.19160e-03
-3.99997e+00 9.19603e-01 2.19022e-03
-9.49824e-01 1.11869e-01 -1.04663e-03
-1.01257e+00 1.17782e-01 -6.50270e-04
-1.07522e+00 1.24372e-01 -2.81021e-04
-1.13777e+00 1.31636e-01 6.13583e-05
-1.20024e+00 1.39572e-01 3.75894e-04
-1.26263e+00 1.48179e-01 6.60752e-04
-1.32495e+00 1.57455e-01 9.13529e-04
-1.38719e+00 1.67399e-01 1.13149e-03
-1.44937e+00 1.78010e-01 1.31175e-03
-1.51148e+00 1.89286e-01 1.45140e-03
-1.57354e+00 2.01227e-01 1.54757e-03
-1.63555e+00 2.13831e-01 1.59755e-03
-1.69752e+00 2.27098e-01 1.59878e-03
-1.75995e+00 2.41165e-01 1.64741e-03
-1.82249e+00 2.55945e-01 1.70183e-03
-1.88496e+00 2.71393e-01 1.75216e-03
-1.94736e+00 2.87508e-01 1.79837e-03
-2.00969e+00 3.04290e-01 1.84044e-03
-2.07198e+00 3.21738e-01 1.87835e-03
-2.13420e+00 3.39852e-01 1.91209e-03
-2.19639e+00 3.58632e-01 1.94163e-03
-2.25853e+00 3.78078e-01 1.96697e-03
-2.32063e+00 3.98190e-01 1.98809e-03
-2.38270e+00 4.18968e-01 2.00498e-03
-2.44474e+00 4.40413e-01 2.01763e-03
-2.50698e+00 4.62619e-01 2.04049e-03
-2.56941e+00 4.85583e-01 2.05556e-03
-2.63178e+00 5.09211e-01 2.06962e-03
-2.69410e+00 5.33503e-01 2.08270e-03
-2.75638e+00 5.58460e-01 2.09480e-03
-2.81862e+00 5.84082e-01 2.10593e-03
-2.88082e+00 6.10370e-01 2.11611e-03
-2.94300e+00 6.37326e-01 2.12535e-03
-3.00515e+00 6.64950e-01 2.13364e-03
-3.06728e+00 6.93243e-01 2.14101e-03
-3.12940e+00 7.22207e-01 2.14746e-03
-3.19151e+00 7.51843e-01 2.15300e-03
-3.25366e+00 7.82185e-01 2.15909e-03
-3.31596e+00 8.13288e-01 2.16344e-03
-3.37823e+00 8.45053e-01 2.16726e-03
-3.44046e+00 8.77480e-01 2.17054e-03
-3.50267e+00 9.10573e-01 2.17327e-03
-3.56486e+00 9.44332e-01 2.17545e-03
-3.62703e+00 9.78759e-01 2.17707e-03
-3.68919e+00 1.01386e+00 2.17811e-03
-3.75134e+00 1.04963e+00 2.17857e-03
-3.81349e+00 1.08607e+00 2.17844e-03
-3.87564e+00 1.12319e+00 2.17772e-03
-3.93780e+00 1.16100e+00 2.17639e-03
-3.99997e+00 1.19948e+00 2.17446e-03
-9.36181e-01 1.39482e-01 -8.75048e-04
-9.99056e-01 1.46949e-01 -5.57374e-04
-1.06182e+00 1.55232e-01 -2.54527e-04
-1.12449e+00 1.64327e-01 3.38379e-05
-1.18705e+00 1.74231e-01 3.06813e-04
-1.24953e+00 1.84943e-01 5.62609e-04
-1.31193e+00 1.96459e-01 7.98854e-04
-1.37425e+00 2.08778e-01 1.01282e-03
-1.43650e+00 2.21896e-01 1.20161e-03
-1.49869e+00 2.35814e-01 1.36227e-03
-1.56082e+00 2.50529e-01 1.49189e-03
-1.62289e+00 2.66040e-01 1.58767e-03
-1.68493e+00 2.82347e-01 1.64694e-03
-1.74755e+00 2.99637e-01 1.63113e-03
-1.81031e+00 3.17793e-01 1.68292e-03
-1.87300e+00 3.36750e-01 1.73152e-03
-1.93561e+00 3.56507e-01 1.77682e-03
-1.99816e+00 3.77064e-01 1.81868e-03
-2.06065e+00 3.98419e-01 1.85698e-03
-2.12308e+00 4.20573e-01 1.89162e-03
-2.18547e+00 4.43526e-01 1.92246e-03
-2.24782e+00 4.67276e-01 1.94942e-03
-2.31013e+00 4.91826e-01 1.97239e-03
-2.37242e+00 5.17174e-01 1.99129e-03
-2.43468e+00 5.43323e-01 2.00602e-03
-2.49720e+00 5.70401e-01 2.02641e-03
-2.55995e+00 5.98405e-01 2.04188e-03
-2.62265e+00 6.27205e-01 2.05632e-03
-2.68530e+00 6.56802e-01 2.06974e-03
-2.74790e+00 6.87196e-01 2.08214e-03
-2.81047e+00 7.18388e-01 2.09355e-03
-2.87301e+00 7.50380e-01 2.10395e-03
-2.93553e+00 7.83173e-01 2.11337e-03
-2.99803e+00 8.16770e-01 2.12181e-03
-3.06051e+00 8.51171e-01 2.12927e-03
-3.12299e+00 8.86379e-01 2.13577e-03
-3.18546e+00 9.22397e-01 2.14131e-03
-3.24801e+00 9.59270e-01 2.14794e-03
-3.31074e+00 9.97074e-01 2.15183e-03
-3.37344e+00 1.03567e+00 2.15533e-03
-3.43612e+00 1.07507e+00 2.15839e-03
-3.49877e+00 1.11527e+00 2.16098e-03
-3.56141e+00 1.15627e+00 2.16307e-03
-3.62405e+00 1.19808e+00 2.16462e-03
-3.68668e+00 1.24069e+00 2.16561e-03
-3.74931e+00 1.28412e+00 2.16602e-03
-3.81195e+00 1.32836e+00 2.16580e-03
-3.87460e+00 1.37343e+00 2.16495e-03
-3.93727e+00 1.41932e+00 2.16343e-03
-3.99997e+00 1.46603e+00 2.16122e-03
-9.22105e-01 1.66893e-01 -6.75529e-04
-9.85005e-01 1.75945e-01 -4.23018e-04
-1.04779e+00 1.85940e-01 -1.78951e-04
-1.11047e+00 1.96872e-01 5.74825e-05
-1.17304e+00 2.08737e-01 2.86046e-04
-1.23553e+00 2.21533e-01 5.05753e-04
-1.29793e+00 2.35255e-01 7.15108e-04
-1.36026e+00 2.49901e-01 9.12280e-04
-1.42252e+00 2.65468e-01 1.09525e-03
-1.48471e+00 2.81954e-01 1.26192e-03
-1.54685e+00 2.99358e-01 1.41017e-03
-1.60895e+00 3.17676e-01 1.53791e-03
-1.67100e+00 3.36909e-01 1.64314e-03
-1.73377e+00 3.57305e-01 1.62423e-03
-1.79671e+00 3.78706e-01 1.67076e-03
-1.85957e+00 4.01028e-01 1.71534e-03
-1.92237e+00 4.24271e-01 1.75774e-03
-1.98510e+00 4.48432e-01 1.79773e-03
-2.04777e+00 4.73512e-01 1.83510e-03
-2.11040e+00 4.99510e-01 1.86965e-03
-2.17298e+00 5.26425e-01 1.90118e-03
-2.23553e+00 5.54259e-01 1.92950e-03
-2.29805e+00 5.83010e-01 1.95443e-03
-2.36055e+00 6.12681e-01 1.97580e-03
-2.42304e+00 6.43272e-01 1.99344e-03
-2.48585e+00 6.74952e-01 2.01241e-03
-2.54894e+00 7.07717e-01 2.02819e-03
-2.61198e+00 7.41397e-01 2.04297e-03
-2.67498e+00 7.75993e-01 2.05676e-03
-2.73794e+00 8.11506e-01 2.06954e-03
-2.80088e+00 8.47937e-01 2.08132e-03
-2.86379e+00 8.85289e-01 2.09211e-03
-2.92669e+00 9.23564e-01 2.10189e-03
-2.98957e+00 9.62764e-01 2.11067e-03
-3.05246e+00 1.00289e+00 2.11845e-03
-3.11535e+00 1.04395e+00 2.12522e-03
-3.17825e+00 1.08594e+00 2.13098e-03
-3.24125e+00 1.12893e+00 2.13853e-03
-3.30448e+00 1.17301e+00 2.14192e-03
-3.36769e+00 1.21801e+00 2.14516e-03
-3.43088e+00 1.26392e+00 2.14816e-03
-3.49407e+00 1.31076e+00 2.15086e-03
-3.55725e+00 1.35853e+00 2.15318e-03
-3.62043e+00 1.40723e+00 2.15506e-03
-3.68362e+00 1.45687e+00 2.15642e-03
-3.74683e+00 1.50744e+00 2.15721e-03
-3.81007e+00 1.55896e+00 2.15737e-03
-3.87333e+00 1.61144e+00 2.15684e-03
-3.93663e+00 1.66486e+00 2.15557e-03
-3.99997e+00 1.71926e+00 2.15351e-03
-9.08076e-01 1.93204e-01 -5.01228e-04
-9.70878e-01 2.03868e-01 -3.01864e-04
-1.03356e+00 2.15587e-01 -1.03470e-04
-1.09614e+00 2.28355e-01 9.42816e-05
-1.15863e+00 2.42167e-01 2.90764e-04
-1.22102e+00 2.57019e-01 4.84687e-04
-1.28333e+00 2.72905e-01 6.74325e-04
-1.34558e+00 2.89824e-01 8.57692e-04
-1.40776e+00 3.07771e-01 1.03266e-03
-1.46988e+00 3.26744e-01 1.19705e-03
-1.53196e+00 3.46739e-01 1.34870e-03
-1.59401e+00 3.67757e-01 1.48551e-03
-1.65602e+00 3.89794e-01 1.60544e-03
-1.71887e+00 4.13183e-01 1.59138e-03
-1.78193e+00 4.37713e-01 1.64507e-03
-1.84492e+00 4.63272e-01 1.69467e-03
-1.90785e+00 4.89858e-01 1.74030e-03
-1.97072e+00 5.17470e-01 1.78212e-03
-2.03354e+00 5.46108e-01 1.82026e-03
-2.09633e+00 5.75770e-01 1.85484e-03
-2.15908e+00 6.06456e-01 1.88598e-03
-2.22181e+00 6.38168e-01 1.91379e-03
-2.28453e+00 6.70905e-01 1.93837e-03
-2.34723e+00 7.04668e-01 1.95984e-03
-2.40994e+00 7.39459e-01 1.97827e-03
-2.47303e+00 7.75503e-01 2.00026e-03
-2.53647e+00 8.12791e-01 2.01669e-03
-2.59986e+00 8.51099e-01 2.03206e-03
-2.66322e+00 8.90429e-01 2.04637e-03
-2.72656e+00 9.30783e-01 2.05962e-03
-2.78988e+00 9.72163e-01 2.07183e-03
-2.85320e+00 1.01457e+00 2.08300e-03
-2.91651e+00 1.05801e+00 2.09313e-03
-2.97982e+00 1.10248e+00 2.10222e-03
-3.04315e+00 1.14799e+00 2.11028e-03
-3.10651e+00 1.19454e+00 2.11731e-03
-3.16989e+00 1.24214e+00 2.12332e-03
-3.23340e+00 1.29086e+00 2.13160e-03
-3.29720e+00 1.34084e+00 2.13476e-03
-3.36099e+00 1.39183e+00 2.13792e-03
-3.42477e+00 1.44386e+00 2.14098e-03
-3.48856e+00 1.49691e+00 2.14387e-03
-3.55236e+00 1.55101e+00 2.14650e-03
-3.61618e+00 1.60614e+00 2.14881e-03
-3.68003e+00 1.66232e+00 2.15071e-03
-3.74392e+00 1.71955e+00 2.15215e-03
-3.80785e+00 1.77785e+00 2.15304e-03
-3.87183e+00 1.83720e+00 2.15334e-03
-3.93587e+00 1.89764e+00 2.15297e-03
-3.99997e+00 1.95915e+00 2.15188e-03
-8.93672e-01 2.19243e-01 -3.19067e-04
-9.56271e-01 2.31549e-01 -1.62784e-04
-1.01876e+00 2.45009e-01 -3.68039e-06
-1.08115e+00 2.59617e-01 1.58547e-04
-1.14345e+00 2.75367e-01 3.23425e-04
-1.20566e+00 2.92253e-01 4.89945e-04
-1.26781e+00 3.10270e-01 6.56753e-04
-1.32990e+00 3.29414e-01 8.22277e-04
-1.39193e+00 3.49681e-01 9.84830e-04
-1.45393e+00 3.71068e-01 1.14268e-03
-1.51589e+00 3.93572e-01 1.29410e-03
-1.57783e+00 4.17191e-01 1.43739e-03
-1.63975e+00 4.41922e-01 1.57092e-03
-1.70263e+00 4.68187e-01 1.56205e-03
-1.76577e+00 4.95717e-01 1.61895e-03
-1.82885e+00 5.24370e-01 1.67135e-03
-1.89187e+00 5.54145e-01 1.71942e-03
-1.95486e+00 5.85040e-01 1.76332e-03
-2.01781e+00 6.17054e-01 1.80320e-03
-2.08073e+00 6.50186e-01 1.83922e-03
-2.14364e+00 6.84438e-01 1.87149e-03
-2.20654e+00 7.19809e-01 1.90016e-03
-2.26944e+00 7.56299e-01 1.92533e-03
-2.33236e+00 7.93911e-01 1.94712e-03
-2.39529e+00 8.32646e-01 1.96563e-03
-2.45867e+00 8.72785e-01 1.98955e-03
-2.52246e+00 9.14318e-01 2.00678e-03
-2.58623e+00 9.56964e-01 2.02290e-03
-2.64997e+00 1.00073e+00 2.03793e-03
-2.71371e+00 1.04560e+00 2.05187e-03
-2.77745e+00 1.09160e+00 2.06472e-03
-2.84120e+00 1.13872e+00 2.07649e-03
-2.90496e+00 1.18697e+00 2.08717e-03
-2.96875e+00 1.23635e+00 2.09677e-03
-3.03258e+00 1.28686e+00 2.10529e-03
-3.09645e+00 1.33852e+00 2.11273e-03
-3.16037e+00 1.39132e+00 2.11908e-03
-3.22445e+00 1.44536e+00 2.12794e-03
-3.28888e+00 1.50080e+00 2.13119e-03
-3.35332e+00 1.55737e+00 2.13455e-03
-3.41777e+00 1.61505e+00 2.13793e-03
-3.48225e+00 1.67386e+00 2.14124e-03
-3.54675e+00 1.73380e+00 2.14440e-03
-3.61131e+00 1.79488e+00 2.14733e-03
-3.67591e+00 1.85711e+00 2.14996e-03
-3.74057e+00 1.92049e+00 2.15220e-03
-3.80529e+00 1.98503e+00 2.15400e-03
-3.87010e+00 2.05075e+00 2.15527e-03
-3.93499e+00 2.11764e+00 2.15595e-03
-3.99997e+00 2.18572e+00 2.15597e-03
-8.78830e-01 2.45113e-01 -1.39722e-04
-9.41121e-01 2.59091e-01 -1.80010e-05
-1.00331e+00 2.74309e-01 1.08750e-04
-1.06542e+00 2.90762e-01 2.40832e-04
-1.12744e+00 3.08441e-01 3.77941e-04
-1.18940e+00 3.27340e-01 5.19363e-04
-1.25131e+00 3.47454e-01 6.64116e-04
-1.31317e+00 3.68778e-01 8.11050e-04
-1.37499e+00 3.91306e-01 9.58924e-04
-1.43679e+00 4.15036e-01 1.10645e-03
-1.49858e+00 4.39964e-01 1.25236e-03
-1.56037e+00 4.66087e-01 1.39536e-03
-1.62216e+00 4.93404e-01 1.53424e-03
-1.68502e+00 5.22425e-01 1.53576e-03
-1.74819e+00 5.52822e-01 1.59545e-03
-1.81132e+00 5.84424e-01 1.65037e-03
-1.87441e+00 6.17229e-01 1.70067e-03
-1.93748e+00 6.51236e-01 1.74655e-03
-2.00053e+00 6.86443e-01 1.78816e-03
-2.06358e+00 7.22851e-01 1.82565e-03
-2.12663e+00 7.60458e-01 1.85916e-03
-2.18970e+00 7.99267e-01 1.88883e-03
-2.25278e+00 8.39278e-01 1.91478e-03
-2.31591e+00 8.80492e-01 1.93712e-03
-2.37907e+00 9.22913e-01 1.95596e-03
-2.44276e+00 9.66876e-01 1.98120e-03
-2.50691e+00 1.01237e+00 1.99921e-03
-2.57106e+00 1.05906e+00 2.01610e-03
-2.63521e+00 1.10694e+00 2.03186e-03
-2.69938e+00 1.15602e+00 2.04650e-03
-2.76356e+00 1.20631e+00 2.06001e-03
-2.82778e+00 1.25780e+00 2.07240e-03
-2.89204e+00 1.31050e+00 2.08366e-03
-2.95635e+00 1.36441e+00 2.09379e-03
-3.02072e+00 1.41955e+00 2.10279e-03
-3.08516e+00 1.47591e+00 2.11066e-03
-3.14968e+00 1.53351e+00 2.11739e-03
-3.21440e+00 1.59245e+00 2.12668e-03
-3.27953e+00 1.65294e+00 2.13030e-03
-3.34468e+00 1.71462e+00 2.13410e-03
-3.40988e+00 1.77751e+00 2.13799e-03
-3.47512e+00 1.84160e+00 2.14189e-03
-3.54042e+00 1.90692e+00 2.14573e-03
-3.60579e+00 1.97346e+00 2.14942e-03
-3.67124e+00 2.04123e+00 2.15289e-03
-3.73677e+00 2.11025e+00 2.15607e-03
-3.80240e+00 2.18053e+00 2.15890e-03
-3.86814e+00 2.25206e+00 2.16130e-03
-3.93399e+00 2.32487e+00 2.16321e-03
-3.99997e+00 2.39896e+00 2.16456e-03
-8.63558e-01 2.70785e-01 3.62515e-05
-9.25433e-01 2.86464e-01 1.30899e-04
-9.87226e-01 3.03458e-01 2.31568e-04
-1.04895e+00 3.21758e-01 3.38567e-04
-1.11061e+00 3.41358e-01 4.51758e-04
-1.17223e+00 3.62249e-01 5.70704e-04
-1.23382e+00 3.84425e-01 6.94768e-04
-1.29538e+00 4.07881e-01 8.23190e-04
-1.35693e+00 4.32611e-01 9.55140e-04
-1.41848e+00 4.58612e-01 1.08976e-03
-1.48004e+00 4.85879e-01 1.22616e-03
-1.54162e+00 5.14410e-01 1.36350e-03
-1.60323e+00 5.44203e-01 1.50093e-03
-1.66603e+00 5.75859e-01 1.51503e-03
-1.72919e+00 6.08990e-01 1.57682e-03
-1.79233e+00 6.43395e-01 1.63369e-03
-1.85546e+00 6.79073e-01 1.68581e-03
-1.91858e+00 7.16020e-01 1.73336e-03
-1.98172e+00 7.54237e-01 1.77650e-03
-2.04487e+00 7.93724e-01 1.81538e-03
-2.10805e+00 8.34479e-01 1.85013e-03
-2.17127e+00 8.76505e-01 1.88087e-03
-2.23454e+00 9.19803e-01 1.90772e-03
-2.29788e+00 9.64375e-01 1.93080e-03
-2.36128e+00 1.01022e+00 1.95018e-03
-2.42528e+00 1.05774e+00 1.97637e-03
-2.48981e+00 1.10691e+00 1.99514e-03
-2.55436e+00 1.15735e+00 2.01275e-03
-2.61894e+00 1.20905e+00 2.02922e-03
-2.68356e+00 1.26201e+00 2.04453e-03
-2.74823e+00 1.31625e+00 2.05868e-03
-2.81295e+00 1.37177e+00 2.07167e-03
-2.87775e+00 1.42856e+00 2.08349e-03
-2.94262e+00 1.48665e+00 2.09414e-03
-3.00759e+00 1.54603e+00 2.10361e-03
-3.07265e+00 1.60671e+00 2.11189e-03
-3.13783e+00 1.66869e+00 2.11897e-03
-3.20325e+00 1.73212e+00 2.12846e-03
-3.26914e+00 1.79722e+00 2.13266e-03
-3.33509e+00 1.86358e+00 2.13702e-03
-3.40110e+00 1.93122e+00 2.14148e-03
-3.46719e+00 2.00014e+00 2.14598e-03
-3.53337e+00 2.07036e+00 2.15046e-03
-3.59965e+00 2.14187e+00 2.15485e-03
-3.66604e+00 2.21470e+00 2.15910e-03
-3.73254e+00 2.28884e+00 2.16316e-03
-3.79918e+00 2.36432e+00 2.16696e-03
-3.86595e+00 2.44115e+00 2.17045e-03
-3.93288e+00 2.51932e+00 2.17358e-03
-3.99997e+00 2.59887e+00 2.17629e-03
-8.47864e-01 2.96228e-01 2.08237e-04
-9.09214e-01 3.13638e-01 2.82324e-04
-9.70506e-01 3.32424e-01 3.62558e-04
-1.03175e+00 3.52577e-01 4.49247e-04
-1.09297e+00 3.74088e-01 5.42390e-04
-1.15416e+00 3.96948e-01 6.41777e-04
-1.21535e+00 4.21152e-01 7.47062e-04
-1.27654e+00 4.46692e-01 8.57812e-04
-1.33775e+00 4.73563e-01 9.73544e-04
-1.39898e+00 5.01762e-01 1.09375e-03
-1.46025e+00 5.31283e-01 1.21792e-03
-1.52158e+00 5.62125e-01 1.34553e-03
-1.58297e+00 5.94284e-01 1.47608e-03
-1.64566e+00 6.28453e-01 1.50216e-03
-1.70877e+00 6.64185e-01 1.56505e-03
-1.77188e+00 7.01247e-01 1.62307e-03
-1.83501e+00 7.39638e-01 1.67638e-03
-1.89817e+00 7.79355e-01 1.72513e-03
-1.96136e+00 8.20398e-01 1.76947e-03
-2.02460e+00 8.62767e-01 1.80952e-03
-2.08790e+00 9.06463e-01 1.84540e-03
-2.15127e+00 9.51486e-01 1.87721e-03
-2.21472e+00 9.97838e-01 1.90505e-03
-2.27827e+00 1.04552e+00 1.92900e-03
-2.34192e+00 1.09454e+00 1.94913e-03
-2.40624e+00 1.14535e+00 1.97611e-03
-2.47116e+00 1.19791e+00 1.99557e-03
-2.53613e+00 1.25180e+00 2.01385e-03
-2.60116e+00 1.30701e+00 2.03096e-03
-2.66626e+00 1.36354e+00 2.04689e-03
-2.73143e+00 1.42140e+00 2.06163e-03
-2.79670e+00 1.48060e+00 2.07516e-03
-2.86208e+00 1.54114e+00 2.08749e-03
-2.92756e+00 1.60303e+00 2.09860e-03
-2.99317e+00 1.66627e+00 2.10847e-03
-3.05892e+00 1.73088e+00 2.11709e-03
-3.12481e+00 1.79686e+00 2.12445e-03
-3.19100e+00 1.86436e+00 2.13387e-03
-3.25772e+00 1.93364e+00 2.13873e-03
-3.32453e+00 2.00425e+00 2.14366e-03
-3.39143e+00 2.07619e+00 2.14862e-03
-3.45845e+00 2.14947e+00 2.15358e-03
-3.52559e+00 2.22411e+00 2.15852e-03
-3.59287e+00 2.30011e+00 2.16340e-03
-3.66029e+00 2.37749e+00 2.16819e-03
-3.72787e+00 2.45626e+00 2.17287e-03
-3.79561e+00 2.53642e+00 2.17740e-03
-3.86354e+00 2.61800e+00 2.18177e-03
-3.93165e+00 2.70101e+00 2.18593e-03
-3.99997e+00 2.78546e+00 2.18986e-03
-8.31760e-01 3.21413e-01 3.75555e-04
-8.92474e-01 3.40584e-01 4.34675e-04
-9.53161e-01 3.61178e-01 4.99546e-04
-1.01383e+00 3.83186e-01 5.70438e-04
-1.07451e+00 4.06598e-01 6.47425e-04
-1.13519e+00 4.31405e-01 7.30449e-04
-1.19590e+00 4.57600e-01 8.19368e-04
-1.25665e+00 4.85177e-01 9.13987e-04
-1.31745e+00 5.14129e-01 1.01408e-03
-1.37831e+00 5.44452e-01 1.11941e-03
-1.43924e+00 5.76142e-01 1.22972e-03
-1.50026e+00 6.09196e-01 1.34477e-03
-1.56137e+00 6.43613e-01 1.46433e-03
-1.62391e+00 6.80173e-01 1.49918e-03
-1.68692e+00 7.18371e-01 1.56192e-03
-1.74997e+00 7.57943e-01 1.62006e-03
-1.81307e+00 7.98888e-01 1.67373e-03
-1.87623e+00 8.41204e-01 1.72305e-03
-1.93945e+00 8.84890e-01 1.76812e-03
-2.00277e+00 9.29946e-01 1.80903e-03
-2.06617e+00 9.76373e-01 1.84586e-03
-2.12969e+00 1.02417e+00 1.87866e-03
-2.19332e+00 1.07335e+00 1.90752e-03
-2.25708e+00 1.12390e+00 1.93246e-03
-2.32098e+00 1.17584e+00 1.95353e-03
-2.38563e+00 1.22966e+00 1.98135e-03
-2.45096e+00 1.28534e+00 2.00140e-03
-2.51636e+00 1.34239e+00 2.02026e-03
-2.58186e+00 1.40080e+00 2.03793e-03
-2.64747e+00 1.46058e+00 2.05440e-03
-2.71319e+00 1.52174e+00 2.06964e-03
-2.77904e+00 1.58428e+00 2.08364e-03
-2.84503e+00 1.64821e+00 2.09638e-03
-2.91117e+00 1.71354e+00 2.10786e-03
-2.97748e+00 1.78027e+00 2.11803e-03
-3.04396e+00 1.84841e+00 2.12689e-03
-3.11063e+00 1.91798e+00 2.13440e-03
-3.17764e+00 1.98915e+00 2.14342e-03
-3.24526e+00 2.06219e+00 2.14895e-03
-3.31300e+00 2.13660e+00 2.15434e-03
-3.38088e+00 2.21239e+00 2.15959e-03
-3.44891e+00 2.28958e+00 2.16474e-03
-3.51710e+00 2.36817e+00 2.16979e-03
-3.58546e+00 2.44818e+00 2.17478e-03
-3.65401e+00 2.52961e+00 2.17970e-03
-3.72275e+00 2.61249e+00 2.18459e-03
-3.79171e+00 2.69682e+00 2.18945e-03
-3.86089e+00 2.78263e+00 2.19430e-03
-3.93030e+00 2.86992e+00 2.19916e-03
-3.99997e+00 2.95872e+00 2.20403e-03
-8.15576e-01 3.45837e-01 5.36748e-04
-8.75541e-01 3.66792e-01 5.82120e-04
-9.35516e-01 3.89206e-01 6.33337e-04
-9.95514e-01 4.13067e-01 6.90522e-04
-1.05555e+00 4.38366e-01 7.53705e-04
-1.11563e+00 4.65093e-01 8.22857e-04
-1.17578e+00 4.93241e-01 8.97913e-04
-1.23601e+00 5.22804e-01 9.78791e-04
-1.29632e+00 5.53774e-01 1.06540e-03
-1.35673e+00 5.86148e-01 1.15765e-03
-1.41726e+00 6.19922e-01 1.25545e-03
-1.47791e+00 6.55091e-01 1.35871e-03
-1.53870e+00 6.91656e-01 1.46738e-03
-1.60102e+00 7.30495e-01 1.50873e-03
-1.66388e+00 7.71036e-01 1.56990e-03
-1.72681e+00 8.12984e-01 1.62691e-03
-1.78983e+00 8.56336e-01 1.67984e-03
-1.85295e+00 9.01091e-01 1.72874e-03
-1.91618e+00 9.47249e-01 1.77366e-03
-1.97954e+00 9.94810e-01 1.81464e-03
-2.04303e+00 1.04378e+00 1.85170e-03
-2.10666e+00 1.09415e+00 1.88486e-03
-2.17046e+00 1.14593e+00 1.91413e-03
-2.23443e+00 1.19912e+00 1.93951e-03
-2.29858e+00 1.25374e+00 1.96099e-03
-2.36356e+00 1.31032e+00 1.98890e-03
-2.42929e+00 1.36886e+00 2.00935e-03
-2.49514e+00 1.42879e+00 2.02856e-03
-2.56113e+00 1.49012e+00 2.04653e-03
-2.62726e+00 1.55286e+00 2.06324e-03
-2.69355e+00 1.61700e+00 2.07869e-03
-2.76001e+00 1.68256e+00 2.09286e-03
-2.82665e+00 1.74955e+00 2.10575e-03
-2.89349e+00 1.81797e+00 2.11734e-03
-2.96053e+00 1.88783e+00 2.12760e-03
-3.02780e+00 1.95915e+00 2.13652e-03
-3.09530e+00 2.03193e+00 2.14407e-03
-3.16320e+00 2.10636e+00 2.15243e-03
-3.23178e+00 2.18275e+00 2.15866e-03
-3.30052e+00 2.26055e+00 2.16451e-03
-3.36944e+00 2.33976e+00 2.17005e-03
-3.43856e+00 2.42041e+00 2.17535e-03
-3.50788e+00 2.50249e+00 2.18047e-03
-3.57742e+00 2.58603e+00 2.18550e-03
-3.64719e+00 2.67104e+00 2.19049e-03
-3.71720e+00 2.75753e+00 2.19551e-03
-3.78747e+00 2.84552e+00 2.20064e-03
-3.85801e+00 2.93502e+00 2.20594e-03
-3.92884e+00 3.02606e+00 2.21148e-03
-3.99997e+00 3.11865e+00 2.21732e-03
-7.99070e-01 3.69891e-01 6.95391e-04
-8.58176e-01 3.92657e-01 7.29323e-04
-9.17334e-01 4.16904e-01 7.69244e-04
-9.76559e-01 4.42619e-01 8.15073e-04
-1.03587e+00 4.69793e-01 8.66727e-04
-1.09526e+00 4.98417e-01 9.24131e-04
-1.15477e+00 5.28482e-01 9.87223e-04
-1.21440e+00 5.59982e-01 1.05595e-03
-1.27416e+00 5.92911e-01 1.13028e-03
-1.33406e+00 6.27263e-01 1.21019e-03
-1.39412e+00 6.63036e-01 1.29567e-03
-1.45435e+00 7.00226e-01 1.38673e-03
-1.51477e+00 7.38832e-01 1.48339e-03
-1.57683e+00 7.79831e-01 1.52918e-03
-1.63948e+00 8.22583e-01 1.58794e-03
-1.70226e+00 8.66761e-01 1.64303e-03
-1.76517e+00 9.12364e-01 1.69445e-03
-1.82822e+00 9.59390e-01 1.74224e-03
-1.89142e+00 1.00784e+00 1.78639e-03
-1.95480e+00 1.05771e+00 1.82689e-03
-2.01836e+00 1.10901e+00 1.86373e-03
-2.08211e+00 1.16174e+00 1.89689e-03
-2.14606e+00 1.21590e+00 1.92634e-03
-2.21024e+00 1.27150e+00 1.95204e-03
-2.27465e+00 1.32854e+00 1.97394e-03
-2.33995e+00 1.38763e+00 2.00151e-03
-2.40610e+00 1.44874e+00 2.02208e-03
-2.47241e+00 1.51127e+00 2.04136e-03
-2.53890e+00 1.57522e+00 2.05936e-03
-2.60558e+00 1.64059e+00 2.07607e-03
-2.67247e+00 1.70740e+00 2.09149e-03
-2.73957e+00 1.77565e+00 2.10561e-03
-2.80691e+00 1.84534e+00 2.11841e-03
-2.87449e+00 1.91649e+00 2.12988e-03
-2.94232e+00 1.98912e+00 2.14000e-03
-3.01042e+00 2.06322e+00 2.14875e-03
-3.07881e+00 2.13881e+00 2.15610e-03
-3.14766e+00 2.21610e+00 2.16369e-03
-3.21726e+00 2.29542e+00 2.17024e-03
-3.28708e+00 2.37617e+00 2.17623e-03
-3.35712e+00 2.45836e+00 2.18177e-03
-3.42740e+00 2.54200e+00 2.18696e-03
-3.49794e+00 2.62711e+00 2.19191e-03
-3.56874e+00 2.71370e+00 2.19673e-03
-3.63983e+00 2.80179e+00 2.20152e-03
-3.71121e+00 2.89138e+00 2.20639e-03
-3.78290e+00 2.98251e+00 2.21144e-03
-3.85491e+00 3.07519e+00 2.21679e-03
-3.92726e+00 3.16942e+00 2.22255e-03
-3.99996e+00 3.26525e+00 2.22883e-03
-7.82142e-01 3.93718e-01 8.53393e-04
-8.40277e-01 4.18324e-01 8.76928e-04
-8.98515e-01 4.44418e-01 9.06766e-04
-9.56871e-01 4.71990e-01 9.42550e-04
-1.01536e+00 5.01029e-01 9.84032e-04
-1.07399e+00 5.31526e-01 1.03104e-03
-1.13277e+00 5.63473e-01 1.08347e-03
-1.19173e+00 5.96862e-01 1.14125e-03
-1.25087e+00 6.31689e-01 1.20436e-03
-1.31020e+00 6.67948e-01 1.27281e-03
-1.36975e+00 7.05636e-01 1.34664e-03
-1.42951e+00 7.44751e-01 1.42590e-03
-1.48950e+00 7.85291e-01 1.51067e-03
-1.55125e+00 8.28326e-01 1.55890e-03
-1.61366e+00 8.73153e-01 1.61453e-03
-1.67624e+00 9.19414e-01 1.66700e-03
-1.73900e+00 9.67107e-01 1.71627e-03
-1.80196e+00 1.01623e+00 1.76231e-03
-1.86512e+00 1.06679e+00 1.80509e-03
-1.92850e+00 1.11878e+00 1.84456e-03
-1.99211e+00 1.17221e+00 1.88068e-03
-2.05597e+00 1.22708e+00 1.91339e-03
-2.12008e+00 1.28338e+00 1.94262e-03
-2.18447e+00 1.34114e+00 1.96831e-03
-2.24913e+00 1.40035e+00 1.99038e-03
-2.31479e+00 1.46168e+00 2.01723e-03
-2.38136e+00 1.52508e+00 2.03768e-03
-2.44815e+00 1.58991e+00 2.05681e-03
-2.51516e+00 1.65617e+00 2.07463e-03
-2.58242e+00 1.72386e+00 2.09114e-03
-2.64994e+00 1.79300e+00 2.10634e-03
-2.71772e+00 1.86359e+00 2.12022e-03
-2.78579e+00 1.93564e+00 2.13278e-03
-2.85415e+00 2.00916e+00 2.14400e-03
-2.92283e+00 2.08416e+00 2.15386e-03
-2.99182e+00 2.16066e+00 2.16234e-03
-3.06115e+00 2.23867e+00 2.16940e-03
-3.13101e+00 2.31840e+00 2.17629e-03
-3.20171e+00 2.40022e+00 2.18298e-03
-3.27267e+00 2.48349e+00 2.18893e-03
-3.34391e+00 2.56820e+00 2.19428e-03
-3.41544e+00 2.65438e+00 2.19918e-03
-3.48728e+00 2.74204e+00 2.20375e-03
-3.55944e+00 2.83119e+00 2.20814e-03
-3.63193e+00 2.92186e+00 2.21248e-03
-3.70478e+00 3.01406e+00 2.21690e-03
-3.77799e+00 3.10781e+00 2.22157e-03
-3.85158e+00 3.20312e+00 2.22663e-03
-3.92557e+00 3.30002e+00 2.23223e-03
-3.99996e+00 3.39853e+00 2.23854e-03
-7.64804e-01 4.17289e-01 1.01082e-03
-8.21857e-01 4.43763e-01 1.02451e-03
-8.79071e-01 4.71720e-01 1.04513e-03
-9.36460e-01 5.01150e-01 1.07195e-03
-9.94036e-01 5.32043e-01 1.10447e-03
-1.05181e+00 5.64389e-01 1.14237e-03
-1.10980e+00 5.98180e-01 1.18543e-03
-1.16802e+00 6.33411e-01 1.23353e-03
-1.22647e+00 6.70076e-01 1.28659e-03
-1.28517e+00 7.08169e-01 1.34463e-03
-1.34414e+00 7.47690e-01 1.40766e-03
-1.40338e+00 7.88634e-01 1.47576e-03
-1.46291e+00 8.31001e-01 1.54903e-03
-1.52429e+00 8.75949e-01 1.59785e-03
-1.58642e+00 9.22714e-01 1.64976e-03
-1.64876e+00 9.70909e-01 1.69900e-03
-1.71135e+00 1.02053e+00 1.74551e-03
-1.77418e+00 1.07158e+00 1.78922e-03
-1.83727e+00 1.12407e+00 1.83006e-03
-1.90064e+00 1.17798e+00 1.86795e-03
-1.96429e+00 1.23333e+00 1.90283e-03
-2.02825e+00 1.29011e+00 1.93460e-03
-2.09252e+00 1.34834e+00 1.96318e-03
-2.15712e+00 1.40802e+00 1.98847e-03
-2.22205e+00 1.46915e+00 2.01036e-03
-2.28806e+00 1.53243e+00 2.03610e-03
-2.35507e+00 1.59785e+00 2.05612e-03
-2.42235e+00 1.66468e+00 2.07481e-03
-2.48992e+00 1.73294e+00 2.09218e-03
-2.55778e+00 1.80264e+00 2.10823e-03
-2.62596e+00 1.87378e+00 2.12297e-03
-2.69446e+00 1.94637e+00 2.13639e-03
-2.76330e+00 2.02042e+00 2.14850e-03
-2.83249e+00 2.09595e+00 2.15927e-03
-2.90205e+00 2.17296e+00 2.16869e-03
-2.97199e+00 2.25147e+00 2.17674e-03
-3.04233e+00 2.33149e+00 2.18337e-03
-3.11327e+00 2.41326e+00 2.18954e-03
-3.18512e+00 2.49716e+00 2.19613e-03
-3.25730e+00 2.58249e+00 2.20183e-03
-3.32981e+00 2.66928e+00 2.20682e-03
-3.40267e+00 2.75753e+00 2.21125e-03
-3.47589e+00 2.84727e+00 2.21527e-03
-3.54950e+00 2.93851e+00 2.21904e-03
-3.62349e+00 3.03127e+00 2.22274e-03
-3.69790e+00 3.12556e+00 2.22653e-03
-3.77274e+00 3.22140e+00 2.23060e-03
-3.84802e+00 3.31882e+00 2.23513e-03
-3.92375e+00 3.41784e+00 2.24033e-03
-3.99996e+00 3.51847e+00 2.24641e-03
-7.47073e-01 4.40577e-01 1.16766e-03
-8.02931e-01 4.68945e-01 1.17160e-03
-8.59016e-01 4.98779e-01 1.18355e-03
-9.15339e-01 5.30068e-01 1.20227e-03
-9.71912e-01 5.62803e-01 1.22694e-03
-1.02875e+00 5.96974e-01 1.25696e-03
-1.08586e+00 6.32574e-01 1.29195e-03
-1.14326e+00 6.69598e-01 1.33167e-03
-1.20096e+00 7.08040e-01 1.37597e-03
-1.25897e+00 7.47896e-01 1.42476e-03
-1.31731e+00 7.89164e-01 1.47804e-03
-1.37598e+00 8.31843e-01 1.53584e-03
-1.43500e+00 8.75931e-01 1.59823e-03
-1.49597e+00 9.22669e-01 1.64597e-03
-1.55776e+00 9.71235e-01 1.69363e-03
-1.61983e+00 1.02122e+00 1.73911e-03
-1.68220e+00 1.07261e+00 1.78232e-03
-1.74488e+00 1.12542e+00 1.82314e-03
-1.80789e+00 1.17964e+00 1.86149e-03
-1.87122e+00 1.23528e+00 1.89727e-03
-1.93491e+00 1.29234e+00 1.93037e-03
-1.99896e+00 1.35083e+00 1.96070e-03
-2.06338e+00 1.41074e+00 1.98814e-03
-2.12819e+00 1.47210e+00 2.01257e-03
-2.19340e+00 1.53490e+00 2.03388e-03
-2.25977e+00 1.59988e+00 2.05813e-03
-2.32723e+00 1.66702e+00 2.07736e-03
-2.39502e+00 1.73557e+00 2.09527e-03
-2.46316e+00 1.80553e+00 2.11185e-03
-2.53165e+00 1.87691e+00 2.12713e-03
-2.60052e+00 1.94972e+00 2.14112e-03
-2.66977e+00 2.02397e+00 2.15381e-03
-2.73943e+00 2.09968e+00 2.16520e-03
-2.80950e+00 2.17685e+00 2.17528e-03
-2.88000e+00 2.25550e+00 2.18403e-03
-2.95094e+00 2.33563e+00 2.19143e-03
-3.02234e+00 2.41727e+00 2.19744e-03
-3.09442e+00 2.50066e+00 2.20278e-03
-3.16750e+00 2.58621e+00 2.20898e-03
-3.24096e+00 2.67318e+00 2.21421e-03
-3.31482e+00 2.76159e+00 2.21863e-03
-3.38909e+00 2.85146e+00 2.22241e-03
-3.46378e+00 2.94281e+00 2.22573e-03
-3.53892e+00 3.03564e+00 2.22877e-03
-3.61452e+00 3.12999e+00 2.23171e-03
-3.69059e+00 3.22587e+00 2.23475e-03
-3.76715e+00 3.32330e+00 2.23811e-03
-3.84423e+00 3.42230e+00 2.24200e-03
-3.92182e+00 3.52289e+00 2.24668e-03
-3.99996e+00 3.62510e+00 2.25243e-03
-7.28964e-01 4.63552e-01 1.32382e-03
-7.83515e-01 4.93841e-01 1.31767e-03
-8.38364e-01 5.25566e-01 1.32122e-03
-8.93523e-01 5.58715e-01 1.33255e-03
-9.49003e-01 5.93279e-01 1.35035e-03
-1.00482e+00 6.29251e-01 1.37369e-03
-1.06097e+00 6.66623e-01 1.40193e-03
-1.11748e+00 7.05391e-01 1.43464e-03
-1.17436e+00 7.45550e-01 1.47152e-03
-1.23162e+00 7.87097e-01 1.51237e-03
-1.28927e+00 8.30029e-01 1.55708e-03
-1.34732e+00 8.74347e-01 1.60562e-03
-1.40578e+00 9.20050e-01 1.65799e-03
-1.46629e+00 9.68455e-01 1.70311e-03
-1.52770e+00 1.01869e+00 1.74609e-03
-1.58946e+00 1.07030e+00 1.78735e-03
-1.65158e+00 1.12331e+00 1.82675e-03
-1.71408e+00 1.17770e+00 1.86418e-03
-1.77697e+00 1.23348e+00 1.89951e-03
-1.84026e+00 1.29065e+00 1.93263e-03
-1.90397e+00 1.34922e+00 1.96342e-03
-1.96810e+00 1.40919e+00 1.99177e-03
-2.03267e+00 1.47057e+00 2.01756e-03
-2.09769e+00 1.53337e+00 2.04066e-03
-2.16319e+00 1.59758e+00 2.06093e-03
-2.22993e+00 1.66400e+00 2.08326e-03
-2.29785e+00 1.73258e+00 2.10131e-03
-2.36617e+00 1.80254e+00 2.11805e-03
-2.43489e+00 1.87390e+00 2.13348e-03
-2.50405e+00 1.94665e+00 2.14764e-03
-2.57364e+00 2.02081e+00 2.16053e-03
-2.64368e+00 2.09638e+00 2.17216e-03
-2.71419e+00 2.17339e+00 2.18252e-03
-2.78518e+00 2.25184e+00 2.19161e-03
-2.85667e+00 2.33175e+00 2.19942e-03
-2.92867e+00 2.41313e+00 2.20591e-03
-3.00119e+00 2.49600e+00 2.21106e-03
-3.07447e+00 2.58060e+00 2.21534e-03
-3.14884e+00 2.66737e+00 2.22083e-03
-3.22366e+00 2.75554e+00 2.22531e-03
-3.29894e+00 2.84513e+00 2.22896e-03
-3.37470e+00 2.93616e+00 2.23195e-03
-3.45095e+00 3.02864e+00 2.23445e-03
-3.52772e+00 3.12259e+00 2.23667e-03
-3.60501e+00 3.21804e+00 2.23879e-03
-3.68284e+00 3.31500e+00 2.24104e-03
-3.76123e+00 3.41349e+00 2.24367e-03
-3.84021e+00 3.51354e+00 2.24693e-03
-3.91978e+00 3.61516e+00 2.25113e-03
-3.99996e+00 3.71839e+00 2.25662e-03
-7.10643e-01 4.86009e-01 1.47949e-03
-7.63777e-01 5.18242e-01 1.46330e-03
-8.17288e-01 5.51867e-01 1.45861e-03
-8.71184e-01 5.86873e-01 1.46276e-03
-9.25478e-01 6.23253e-01 1.47396e-03
-9.80179e-01 6.60999e-01 1.49095e-03
-1.03530e+00 7.00107e-01 1.51283e-03
-1.09085e+00 7.40570e-01 1.53900e-03
-1.14683e+00 7.82386e-01 1.56903e-03
-1.20327e+00 8.25553e-01 1.60261e-03
-1.26017e+00 8.70069e-01 1.63956e-03
-1.31754e+00 9.15934e-01 1.67977e-03
-1.37539e+00 9.63148e-01 1.72320e-03
-1.43540e+00 1.01310e+00 1.76470e-03
-1.49637e+00 1.06487e+00 1.80290e-03
-1.55777e+00 1.11798e+00 1.83976e-03
-1.61961e+00 1.17244e+00 1.87513e-03
-1.68189e+00 1.22825e+00 1.90887e-03
-1.74464e+00 1.28541e+00 1.94085e-03
-1.80785e+00 1.34393e+00 1.97096e-03
-1.87156e+00 1.40381e+00 1.99907e-03
-1.93576e+00 1.46506e+00 2.02507e-03
-2.00047e+00 1.52768e+00 2.04883e-03
-2.06570e+00 1.59168e+00 2.07024e-03
-2.13147e+00 1.65707e+00 2.08915e-03
-2.19859e+00 1.72466e+00 2.10938e-03
-2.26698e+00 1.79441e+00 2.12602e-03
-2.33583e+00 1.86551e+00 2.14139e-03
-2.40517e+00 1.93796e+00 2.15551e-03
-2.47500e+00 2.01177e+00 2.16840e-03
-2.54534e+00 2.08696e+00 2.18009e-03
-2.61620e+00 2.16353e+00 2.19057e-03
-2.68760e+00 2.24150e+00 2.19986e-03
-2.75956e+00 2.32088e+00 2.20794e-03
-2.83208e+00 2.40168e+00 2.21480e-03
-2.90518e+00 2.48392e+00 2.22042e-03
-2.97889e+00 2.56762e+00 2.22476e-03
-3.05342e+00 2.65304e+00 2.22814e-03
-3.12915e+00 2.74061e+00 2.23278e-03
-3.20540e+00 2.82955e+00 2.23644e-03
-3.28218e+00 2.91987e+00 2.23926e-03
-3.35951e+00 3.01160e+00 2.24143e-03
-3.43740e+00 3.10476e+00 2.24309e-03
-3.51588e+00 3.19935e+00 2.24444e-03
-3.59495e+00 3.29541e+00 2.24568e-03
-3.67465e+00 3.39294e+00 2.24703e-03
-3.75497e+00 3.49198e+00 2.24875e-03
-3.83596e+00 3.59255e+00 2.25111e-03
-3.91761e+00 3.69467e+00 2.25448e-03
-3.99996e+00 3.79836e+00 2.25925e-03
-6.92010e-01 5.08084e-01 1.63323e-03
-7.43617e-01 5.42284e-01 1.60711e-03
-7.95684e-01 5.77819e-01 1.59458e-03
-8.48221e-01 6.14681e-01 1.59217e-03
-9.01236e-01 6.52863e-01 1.59752e-03
-9.54741e-01 6.92360e-01 1.60900e-03
-1.00874e+00 7.33165e-01 1.62544e-03
-1.06325e+00 7.75276e-01 1.64603e-03
-1.11828e+00 8.18690e-01 1.67018e-03
-1.17383e+00 8.63406e-01 1.69748e-03
-1.22993e+00 9.09423e-01 1.72763e-03
-1.28657e+00 9.56742e-01 1.76044e-03
-1.34377e+00 1.00537e+00 1.79579e-03
-1.40320e+00 1.05675e+00 1.83268e-03
-1.46370e+00 1.10991e+00 1.86592e-03
-1.52469e+00 1.16438e+00 1.89814e-03
-1.58620e+00 1.22014e+00 1.92915e-03
-1.64824e+00 1.27720e+00 1.95884e-03
-1.71082e+00 1.33556e+00 1.98707e-03
-1.77394e+00 1.39524e+00 2.01373e-03
-1.83762e+00 1.45622e+00 2.03870e-03
-1.90188e+00 1.51853e+00 2.06188e-03
-1.96673e+00 1.58217e+00 2.08314e-03
-2.03217e+00 1.64714e+00 2.10238e-03
-2.09823e+00 1.71346e+00 2.11947e-03
-2.16572e+00 1.78196e+00 2.13728e-03
-2.23458e+00 1.85260e+00 2.15212e-03
-2.30399e+00 1.92454e+00 2.16577e-03
-2.37395e+00 1.99778e+00 2.17826e-03
-2.44449e+00 2.07234e+00 2.18960e-03
-2.51560e+00 2.14823e+00 2.19983e-03
-2.58732e+00 2.22546e+00 2.20893e-03
-2.65965e+00 2.30404e+00 2.21692e-03
-2.73261e+00 2.38399e+00 2.22380e-03
-2.80622e+00 2.46532e+00 2.22954e-03
-2.88049e+00 2.54805e+00 2.23412e-03
-2.95543e+00 2.63219e+00 2.23752e-03
-3.03129e+00 2.71801e+00 2.23989e-03
-3.10844e+00 2.80595e+00 2.24356e-03
-3.18618e+00 2.89522e+00 2.24631e-03
-3.26453e+00 2.98584e+00 2.24827e-03
-3.34351e+00 3.07781e+00 2.24957e-03
-3.42313e+00 3.17117e+00 2.25039e-03
-3.50341e+00 3.26592e+00 2.25089e-03
-3.58436e+00 3.36209e+00 2.25126e-03
-3.66601e+00 3.45970e+00 2.25173e-03
-3.74838e+00 3.55877e+00 2.25256e-03
-3.83148e+00 3.65933e+00 2.25407e-03
-3.91533e+00 3.76140e+00 2.25665e-03
-3.99996e+00 3.86500e+00 2.26080e-03
-6.72982e-01 5.29876e-01 1.78636e-03
-7.22948e-01 5.66068e-01 1.75094e-03
-7.73466e-01 6.03526e-01 1.73114e-03
-8.24545e-01 6.42244e-01 1.72267e-03
-8.76192e-01 6.82216e-01 1.72263e-03
-9.28414e-01 7.23437e-01 1.72902e-03
-9.81220e-01 7.65904e-01 1.74045e-03
-1.03462e+00 8.09614e-01 1.75590e-03
-1.08862e+00 8.54567e-01 1.77465e-03
-1.14323e+00 9.00760e-01 1.79617e-03
-1.19846e+00 9.48196e-01 1.82008e-03
-1.25432e+00 9.96876e-01 1.84612e-03
-1.31081e+00 1.04680e+00 1.87408e-03
-1.36964e+00 1.09949e+00 1.90546e-03
-1.42960e+00 1.15392e+00 1.93353e-03
-1.49016e+00 1.20958e+00 1.96084e-03
-1.55131e+00 1.26648e+00 1.98723e-03
-1.61308e+00 1.32462e+00 2.01258e-03
-1.67546e+00 1.38400e+00 2.03675e-03
-1.73847e+00 1.44463e+00 2.05964e-03
-1.80212e+00 1.50652e+00 2.08114e-03
-1.86643e+00 1.56968e+00 2.10115e-03
-1.93141e+00 1.63410e+00 2.11957e-03
-1.99707e+00 1.69981e+00 2.13630e-03
-2.06341e+00 1.76680e+00 2.15123e-03
-2.13130e+00 1.83595e+00 2.16645e-03
-2.20064e+00 1.90719e+00 2.17926e-03
-2.27062e+00 1.97967e+00 2.19098e-03
-2.34123e+00 2.05340e+00 2.20165e-03
-2.41249e+00 2.12839e+00 2.21128e-03
-2.48442e+00 2.20466e+00 2.21989e-03
-2.55703e+00 2.28220e+00 2.22748e-03
-2.63033e+00 2.36105e+00 2.23407e-03
-2.70434e+00 2.44121e+00 2.23964e-03
-2.77908e+00 2.52269e+00 2.24417e-03
-2.85456e+00 2.60552e+00 2.24765e-03
-2.93080e+00 2.68970e+00 2.25003e-03
-3.00804e+00 2.77552e+00 2.25135e-03
-3.08668e+00 2.86341e+00 2.25387e-03
-3.16600e+00 2.95258e+00 2.25557e-03
-3.24600e+00 3.04303e+00 2.25655e-03
-3.32670e+00 3.13479e+00 2.25694e-03
-3.40813e+00 3.22788e+00 2.25687e-03
-3.49030e+00 3.32230e+00 2.25649e-03
-3.57323e+00 3.41810e+00 2.25598e-03
-3.65694e+00 3.51528e+00 2.25555e-03
-3.74145e+00 3.61386e+00 2.25548e-03
-3.82677e+00 3.71388e+00 2.25611e-03
-3.91293e+00 3.81535e+00 2.25790e-03
-3.99996e+00 3.91831e+00 2.26149e-03
-6.53576e-01 5.51358e-01 1.93792e-03
-7.01790e-01 5.89566e-01 1.89413e-03
-7.50655e-01 6.28960e-01 1.86783e-03
-8.00178e-01 6.69533e-01 1.85392e-03
-8.50363e-01 7.11282e-01 1.84902e-03
-9.01218e-01 7.54203e-01 1.85082e-03
-9.52749e-01 7.98295e-01 1.85766e-03
-1.00496e+00 8.43556e-01 1.86840e-03
-1.05787e+00 8.89986e-01 1.88219e-03
-1.11147e+00 9.37587e-01 1.89839e-03
-1.16578e+00 9.86359e-01 1.91656e-03
-1.22081e+00 1.03631e+00 1.93637e-03
-1.27656e+00 1.08743e+00 1.95756e-03
-1.33472e+00 1.14130e+00 1.98273e-03
-1.39411e+00 1.19685e+00 2.00539e-03
-1.45419e+00 1.25356e+00 2.02756e-03
-1.51495e+00 1.31144e+00 2.04907e-03
-1.57641e+00 1.37048e+00 2.06978e-03
-1.63857e+00 1.43070e+00 2.08959e-03
-1.70145e+00 1.49210e+00 2.10838e-03
-1.76506e+00 1.55469e+00 2.12607e-03
-1.82942e+00 1.61847e+00 2.14257e-03
-1.89452e+00 1.68346e+00 2.15780e-03
-1.96039e+00 1.74966e+00 2.17167e-03
-2.02704e+00 1.81709e+00 2.18408e-03
-2.09531e+00 1.88661e+00 2.19654e-03
-2.16516e+00 1.95817e+00 2.20707e-03
-2.23572e+00 2.03090e+00 2.21665e-03
-2.30700e+00 2.10482e+00 2.22530e-03
-2.37901e+00 2.17992e+00 2.23305e-03
-2.45178e+00 2.25623e+00 2.23990e-03
-2.52532e+00 2.33376e+00 2.24586e-03
-2.59963e+00 2.41252e+00 2.25093e-03
-2.67474e+00 2.49252e+00 2.25510e-03
-2.75066e+00 2.57379e+00 2.25836e-03
-2.82741e+00 2.65633e+00 2.26066e-03
-2.90501e+00 2.74016e+00 2.26199e-03
-2.98370e+00 2.82557e+00 2.26226e-03
-3.06390e+00 2.91299e+00 2.26348e-03
-3.14485e+00 3.00161e+00 2.26403e-03
-3.22657e+00 3.09145e+00 2.26398e-03
-3.30909e+00 3.18254e+00 2.26343e-03
-3.39241e+00 3.27488e+00 2.26247e-03
-3.47656e+00 3.36850e+00 2.26124e-03
-3.56156e+00 3.46343e+00 2.25988e-03
-3.64743e+00 3.55967e+00 2.25859e-03
-3.73418e+00 3.65725e+00 2.25763e-03
-3.82184e+00 3.75620e+00 2.25738e-03
-3.91042e+00 3.85654e+00 2.25840e-03
-3.99996e+00 3.95829e+00 2.26157e-03
-6.33815e-01 5.72505e-01 2.08690e-03
-6.80165e-01 6.12753e-01 2.03603e-03
-7.27273e-01 6.54093e-01 2.00420e-03
-7.75141e-01 6.96519e-01 1.98562e-03
-8.23774e-01 7.40032e-01 1.97648e-03
-8.73176e-01 7.84628e-01 1.97418e-03
-9.23352e-01 8.30307e-01 1.97689e-03
-9.74307e-01 8.77071e-01 1.98333e-03
-1.02605e+00 9.24920e-01 1.99254e-03
-1.07858e+00 9.73857e-01 2.00385e-03
-1.13192e+00 1.02388e+00 2.01672e-03
-1.18606e+00 1.07501e+00 2.03078e-03
-1.24101e+00 1.12723e+00 2.04574e-03
-1.29846e+00 1.18216e+00 2.06416e-03
-1.35724e+00 1.23869e+00 2.08122e-03
-1.41679e+00 1.29631e+00 2.09800e-03
-1.47712e+00 1.35500e+00 2.11436e-03
-1.53825e+00 1.41478e+00 2.13016e-03
-1.60017e+00 1.47565e+00 2.14529e-03
-1.66290e+00 1.53762e+00 2.15967e-03
-1.72646e+00 1.60070e+00 2.17321e-03
-1.79084e+00 1.66490e+00 2.18585e-03
-1.85607e+00 1.73022e+00 2.19753e-03
-1.92215e+00 1.79668e+00 2.20817e-03
-1.98910e+00 1.86429e+00 2.21773e-03
-2.05779e+00 1.93392e+00 2.22723e-03
-2.12814e+00 2.00552e+00 2.23523e-03
-2.19930e+00 2.07821e+00 2.24245e-03
-2.27127e+00 2.15200e+00 2.24890e-03
-2.34406e+00 2.22691e+00 2.25460e-03
-2.41770e+00 2.30294e+00 2.25954e-03
-2.49220e+00 2.38011e+00 2.26374e-03
-2.56756e+00 2.45843e+00 2.26718e-03
-2.64382e+00 2.53792e+00 2.26987e-03
-2.72097e+00 2.61860e+00 2.27177e-03
-2.79905e+00 2.70047e+00 2.27287e-03
-2.87805e+00 2.78357e+00 2.27311e-03
-2.95826e+00 2.86815e+00 2.27239e-03
-3.04007e+00 2.95467e+00 2.27219e-03
-3.12273e+00 3.04231e+00 2.27153e-03
-3.20626e+00 3.13110e+00 2.27044e-03
-3.29066e+00 3.22105e+00 2.26898e-03
-3.37597e+00 3.31219e+00 2.26722e-03
-3.46219e+00 3.40452e+00 2.26522e-03
-3.54935e+00 3.49807e+00 2.26311e-03
-3.63747e+00 3.59287e+00 2.26102e-03
-3.72657e+00 3.68894e+00 2.25921e-03
-3.81667e+00 3.78629e+00 2.25805e-03
-3.90779e+00 3.88495e+00 2.25824e-03
-3.99995e+00 3.98495e+00 2.26125e-03
-6.13720e-01 5.93293e-01 2.23232e-03
-6.58097e-01 6.35603e-01 2.17599e-03
-7.03343e-01 6.78898e-01 2.13983e-03
-7.49460e-01 7.23176e-01 2.11748e-03
-7.96448e-01 7.68438e-01 2.10478e-03
-8.44311e-01 8.14684e-01 2.09891e-03
-8.93053e-01 8.61915e-01 2.09794e-03
-9.42676e-01 9.10133e-01 2.10047e-03
-9.93185e-01 9.59342e-01 2.10550e-03
-1.04459e+00 1.00955e+00 2.11228e-03
-1.09688e+00 1.06075e+00 2.12024e-03
-1.15009e+00 1.11295e+00 2.12898e-03
-1.20420e+00 1.16617e+00 2.13816e-03
-1.26088e+00 1.22203e+00 2.14946e-03
-1.31900e+00 1.27942e+00 2.16070e-03
-1.37798e+00 1.33778e+00 2.17188e-03
-1.43785e+00 1.39714e+00 2.18282e-03
-1.49861e+00 1.45748e+00 2.19342e-03
-1.56027e+00 1.51883e+00 2.20357e-03
-1.62283e+00 1.58118e+00 2.21321e-03
-1.68632e+00 1.64455e+00 2.22227e-03
-1.75073e+00 1.70895e+00 2.23070e-03
-1.81607e+00 1.77438e+00 2.23847e-03
-1.88237e+00 1.84086e+00 2.24554e-03
-1.94963e+00 1.90840e+00 2.25188e-03
-2.01872e+00 1.97788e+00 2.25823e-03
-2.08959e+00 2.04924e+00 2.26345e-03
-2.16136e+00 2.12159e+00 2.26808e-03
-2.23404e+00 2.19496e+00 2.27213e-03
-2.30764e+00 2.26935e+00 2.27560e-03
-2.38218e+00 2.34478e+00 2.27849e-03
-2.45767e+00 2.42125e+00 2.28080e-03
-2.53413e+00 2.49879e+00 2.28252e-03
-2.61157e+00 2.57741e+00 2.28364e-03
-2.69001e+00 2.65713e+00 2.28414e-03
-2.76946e+00 2.73795e+00 2.28399e-03
-2.84994e+00 2.81991e+00 2.28314e-03
-2.93171e+00 2.90326e+00 2.28152e-03
-3.01521e+00 2.98845e+00 2.27983e-03
-3.09966e+00 3.07468e+00 2.27794e-03
-3.18506e+00 3.16197e+00 2.27587e-03
-3.27143e+00 3.25033e+00 2.27361e-03
-3.35880e+00 3.33978e+00 2.27118e-03
-3.44719e+00 3.43035e+00 2.26861e-03
-3.53661e+00 3.52204e+00 2.26593e-03
-3.62708e+00 3.61490e+00 2.26321e-03
-3.71863e+00 3.70892e+00 2.26057e-03
-3.81127e+00 3.80415e+00 2.25830e-03
-3.90504e+00 3.90059e+00 2.25720e-03
-3.99995e+00 3.99828e+00 2.26075e-03
-5.93303e-01 6.13710e-01 2.37328e-03
-6.35614e-01 6.58086e-01 2.31488e-03
-6.78910e-01 7.03332e-01 2.27633e-03
-7.23189e-01 7.49447e-01 2.25129e-03
-7.68452e-01 7.96435e-01 2.23560e-03
-8.14698e-01 8.44297e-01 2.22645e-03
-8.61930e-01 8.93037e-01 2.22188e-03
-9.10149e-01 9.42660e-01 2.22052e-03
-9.59359e-01 9.93168e-01 2.22133e-03
-1.00956e+00 1.04457e+00 2.22356e-03
-1.06076e+00 1.09687e+00 2.22663e-03
-1.11297e+00 1.15007e+00 2.23012e-03
-1.16618e+00 1.20418e+00 2.23366e-03
-1.22205e+00 1.26087e+00 2.23742e-03
-1.27944e+00 1.31898e+00 2.24258e-03
-1.33780e+00 1.37796e+00 2.24789e-03
-1.39716e+00 1.43783e+00 2.25321e-03
-1.45750e+00 1.49859e+00 2.25840e-03
-1.51885e+00 1.56025e+00 2.26340e-03
-1.58120e+00 1.62281e+00 2.26812e-03
-1.64457e+00 1.68630e+00 2.27253e-03
-1.70897e+00 1.75071e+00 2.27660e-03
-1.77440e+00 1.81605e+00 2.28031e-03
-1.84088e+00 1.88235e+00 2.28364e-03
-1.90842e+00 1.94961e+00 2.28659e-03
-1.97790e+00 2.01870e+00 2.28975e-03
-2.04926e+00 2.08957e+00 2.29206e-03
-2.12161e+00 2.16134e+00 2.29403e-03
-2.19498e+00 2.23402e+00 2.29563e-03
-2.26937e+00 2.30762e+00 2.29685e-03
-2.34480e+00 2.38216e+00 2.29767e-03
-2.42127e+00 2.45766e+00 2.29808e-03
-2.49881e+00 2.53411e+00 2.29806e-03
-2.57743e+00 2.61155e+00 2.29759e-03
-2.65714e+00 2.68999e+00 2.29664e-03
-2.73797e+00 2.76944e+00 2.29517e-03
-2.81992e+00 2.84992e+00 2.29315e-03
-2.90328e+00 2.93170e+00 2.29066e-03
-2.98847e+00 3.01520e+00 2.28765e-03
-3.07470e+00 3.09965e+00 2.28459e-03
-3.16198e+00 3.18505e+00 2.28146e-03
-3.25034e+00 3.27142e+00 2.27827e-03
-3.33979e+00 3.35880e+00 2.27502e-03
-3.43036e+00 3.44718e+00 2.27172e-03
-3.52205e+00 3.53660e+00 2.26840e-03
-3.61490e+00 3.62707e+00 2.26509e-03
-3.70893e+00 3.71862e+00 2.26190e-03
-3.80415e+00 3.81127e+00 2.25905e-03
-3.90060e+00 3.90504e+00 2.25714e-03
-3.99829e+00 3.99995e+00 2.25894e-03
-5.72516e-01 6.33805e-01 2.50847e-03
-6.12765e-01 6.80154e-01 2.45056e-03
-6.54105e-01 7.27261e-01 2.41115e-03
-6.96533e-01 7.75128e-01 2.38436e-03
-7.40046e-01 8.23760e-01 2.36629e-03
-7.84642e-01 8.73161e-01 2.35429e-03
-8.30323e-01 9.23336e-01 2.34648e-03
-8.77088e-01 9.74291e-01 2.34152e-03
-9.24937e-01 1.02603e+00 2.33841e-03
-9.73875e-01 1.07856e+00 2.33641e-03
-1.02390e+00 1.13190e+00 2.33493e-03
-1.07503e+00 1.18604e+00 2.33353e-03
-1.12725e+00 1.24099e+00 2.33186e-03
-1.18218e+00 1.29844e+00 2.32805e-03
-1.23871e+00 1.35722e+00 2.32709e-03
-1.29633e+00 1.41677e+00 2.32649e-03
-1.35502e+00 1.47710e+00 2.32610e-03
-1.41480e+00 1.53822e+00 2.32581e-03
-1.47567e+00 1.60015e+00 2.32555e-03
-1.53765e+00 1.66288e+00 2.32527e-03
-1.60073e+00 1.72644e+00 2.32492e-03
-1.66492e+00 1.79082e+00 2.32449e-03
-1.73025e+00 1.85605e+00 2.32398e-03
-1.79671e+00 1.92213e+00 2.32340e-03
-1.86431e+00 1.98908e+00 2.32277e-03
-1.93394e+00 2.05777e+00 2.32266e-03
-2.00554e+00 2.12812e+00 2.32189e-03
-2.07824e+00 2.19928e+00 2.32104e-03
-2.15203e+00 2.27125e+00 2.32007e-03
-2.22693e+00 2.34404e+00 2.31894e-03
-2.30296e+00 2.41768e+00 2.31760e-03
-2.38013e+00 2.49218e+00 2.31603e-03
-2.45845e+00 2.56755e+00 2.31417e-03
-2.53795e+00 2.64380e+00 2.31201e-03
-2.61862e+00 2.72096e+00 2.30949e-03
-2.70049e+00 2.79903e+00 2.30657e-03
-2.78359e+00 2.87804e+00 2.30319e-03
-2.86817e+00 2.95824e+00 2.29961e-03
-2.95469e+00 3.04006e+00 2.29562e-03
-3.04233e+00 3.12272e+00 2.29146e-03
-3.13112e+00 3.20625e+00 2.28716e-03
-3.22107e+00 3.29065e+00 2.28276e-03
-3.31220e+00 3.37596e+00 2.27831e-03
-3.40453e+00 3.46219e+00 2.27386e-03
-3.49809e+00 3.54935e+00 2.26951e-03
-3.59289e+00 3.63747e+00 2.26540e-03
-3.68895e+00 3.72657e+00 2.26176e-03
-3.78630e+00 3.81667e+00 2.25895e-03
-3.88496e+00 3.90779e+00 2.25767e-03
-3.98496e+00 3.99995e+00 2.25936e-03
-5.51368e-01 6.53567e-01 2.63929e-03
-5.89578e-01 7.01779e-01 2.58464e-03
-6.28972e-01 7.50642e-01 2.54609e-03
-6.69546e-01 8.00163e-01 2.51857e-03
-7.11296e-01 8.50348e-01 2.49867e-03
-7.54218e-01 9.01201e-01 2.48403e-03
-7.98310e-01 9.52731e-01 2.47297e-03
-8.43572e-01 1.00494e+00 2.46430e-03
-8.90003e-01 1.05785e+00 2.45711e-03
-9.37605e-01 1.11145e+00 2.45071e-03
-9.86378e-01 1.16576e+00 2.44459e-03
-1.03633e+00 1.22078e+00 2.43832e-03
-1.08745e+00 1.27653e+00 2.43157e-03
-1.14132e+00 1.33469e+00 2.42014e-03
-1.19687e+00 1.39409e+00 2.41295e-03
-1.25359e+00 1.45416e+00 2.40637e-03
-1.31146e+00 1.51492e+00 2.40026e-03
-1.37051e+00 1.57638e+00 2.39450e-03
-1.43073e+00 1.63855e+00 2.38903e-03
-1.49213e+00 1.70143e+00 2.38378e-03
-1.55471e+00 1.76504e+00 2.37872e-03
-1.61850e+00 1.82939e+00 2.37386e-03
-1.68348e+00 1.89450e+00 2.36918e-03
-1.74968e+00 1.96037e+00 2.36472e-03
-1.81711e+00 2.02701e+00 2.36051e-03
-1.88663e+00 2.09529e+00 2.35723e-03
-1.95819e+00 2.16514e+00 2.35342e-03
-2.03093e+00 2.23569e+00 2.34980e-03
-2.10484e+00 2.30698e+00 2.34630e-03
-2.17995e+00 2.37899e+00 2.34285e-03
-2.25626e+00 2.45176e+00 2.33939e-03
-2.33378e+00 2.52530e+00 2.33588e-03
-2.41254e+00 2.59961e+00 2.33226e-03
-2.49254e+00 2.67472e+00 2.32847e-03
-2.57381e+00 2.75065e+00 2.32447e-03
-2.65635e+00 2.82740e+00 2.32019e-03
-2.74019e+00 2.90499e+00 2.31559e-03
-2.82559e+00 2.98369e+00 2.31086e-03
-2.91301e+00 3.06388e+00 2.30590e-03
-3.00163e+00 3.14483e+00 2.30073e-03
-3.09148e+00 3.22656e+00 2.29539e-03
-3.18256e+00 3.30908e+00 2.28995e-03
-3.27490e+00 3.39240e+00 2.28449e-03
-3.36852e+00 3.47656e+00 2.27909e-03
-3.46344e+00 3.56156e+00 2.27389e-03
-3.55969e+00 3.64742e+00 2.26904e-03
-3.65727e+00 3.73417e+00 2.26477e-03
-3.75622e+00 3.82183e+00 2.26141e-03
-3.85656e+00 3.91042e+00 2.25948e-03
-3.95831e+00 3.99996e+00 2.25977e-03
-5.29886e-01 6.72972e-01 2.76510e-03
-5.66079e-01 7.22936e-01 2.71670e-03
-6.03539e-01 7.73452e-01 2.68094e-03
-6.42258e-01 8.24529e-01 2.65385e-03
-6.82230e-01 8.76174e-01 2.63272e-03
-7.23452e-01 9.28394e-01 2.61568e-03
-7.65920e-01 9.81199e-01 2.60139e-03
-8.09631e-01 1.03460e+00 2.58886e-03
-8.54584e-01 1.08859e+00 2.57737e-03
-9.00778e-01 1.14320e+00 2.56637e-03
-9.48215e-01 1.19843e+00 2.55542e-03
-9.96895e-01 1.25429e+00 2.54419e-03
-1.04682e+00 1.31079e+00 2.53240e-03
-1.09951e+00 1.36961e+00 2.51340e-03
-1.15394e+00 1.42958e+00 2.49986e-03
-1.20960e+00 1.49013e+00 2.48724e-03
-1.26650e+00 1.55128e+00 2.47540e-03
-1.32464e+00 1.61305e+00 2.46419e-03
-1.38402e+00 1.67543e+00 2.45354e-03
-1.44466e+00 1.73844e+00 2.44340e-03
-1.50655e+00 1.80209e+00 2.43371e-03
-1.56970e+00 1.86640e+00 2.42448e-03
-1.63413e+00 1.93138e+00 2.41572e-03
-1.69983e+00 1.99704e+00 2.40743e-03
-1.76683e+00 2.06339e+00 2.39966e-03
-1.83597e+00 2.13127e+00 2.39328e-03
-1.90722e+00 2.20062e+00 2.38648e-03
-1.97970e+00 2.27059e+00 2.38012e-03
-2.05343e+00 2.34120e+00 2.37412e-03
-2.12842e+00 2.41247e+00 2.36838e-03
-2.20468e+00 2.48440e+00 2.36284e-03
-2.28223e+00 2.55700e+00 2.35741e-03
-2.36108e+00 2.63031e+00 2.35203e-03
-2.44123e+00 2.70432e+00 2.34665e-03
-2.52272e+00 2.77906e+00 2.34119e-03
-2.60554e+00 2.85454e+00 2.33560e-03
-2.68973e+00 2.93078e+00 2.32981e-03
-2.77555e+00 3.00803e+00 2.32392e-03
-2.86344e+00 3.08667e+00 2.31792e-03
-2.95260e+00 3.16598e+00 2.31170e-03
-3.04306e+00 3.24599e+00 2.30533e-03
-3.13482e+00 3.32669e+00 2.29888e-03
-3.22790e+00 3.40812e+00 2.29243e-03
-3.32233e+00 3.49030e+00 2.28608e-03
-3.41812e+00 3.57323e+00 2.27996e-03
-3.51530e+00 3.65694e+00 2.27422e-03
-3.61389e+00 3.74144e+00 2.26906e-03
-3.71390e+00 3.82677e+00 2.26474e-03
-3.81538e+00 3.91293e+00 2.26162e-03
-3.91833e+00 3.99996e+00 2.26019e-03
-5.08095e-01 6.92001e-01 2.88536e-03
-5.42295e-01 7.43604e-01 2.84641e-03
-5.77832e-01 7.95668e-01 2.81552e-03
-6.14695e-01 8.48202e-01 2.79011e-03
-6.52878e-01 9.01216e-01 2.76844e-03
-6.92375e-01 9.54718e-01 2.74927e-03
-7.33181e-01 1.00872e+00 2.73173e-03
-7.75293e-01 1.06323e+00 2.71517e-03
-8.18708e-01 1.11825e+00 2.69912e-03
-8.63425e-01 1.17380e+00 2.68323e-03
-9.09442e-01 1.22990e+00 2.66720e-03
-9.56762e-01 1.28653e+00 2.65084e-03
-1.00539e+00 1.34373e+00 2.63396e-03
-1.05677e+00 1.40317e+00 2.60753e-03
-1.10994e+00 1.46366e+00 2.58751e-03
-1.16440e+00 1.52466e+00 2.56880e-03
-1.22016e+00 1.58617e+00 2.55121e-03
-1.27722e+00 1.64821e+00 2.53459e-03
-1.33559e+00 1.71078e+00 2.51884e-03
-1.39526e+00 1.77390e+00 2.50387e-03
-1.45625e+00 1.83759e+00 2.48966e-03
-1.51856e+00 1.90185e+00 2.47617e-03
-1.58220e+00 1.96669e+00 2.46339e-03
-1.64717e+00 2.03214e+00 2.45135e-03
-1.71349e+00 2.09820e+00 2.44006e-03
-1.78199e+00 2.16569e+00 2.43066e-03
-1.85263e+00 2.23455e+00 2.42091e-03
-1.92456e+00 2.30396e+00 2.41186e-03
-1.99781e+00 2.37392e+00 2.40339e-03
-2.07237e+00 2.44446e+00 2.39538e-03
-2.14826e+00 2.51558e+00 2.38775e-03
-2.22549e+00 2.58730e+00 2.38041e-03
-2.30407e+00 2.65963e+00 2.37329e-03
-2.38402e+00 2.73259e+00 2.36630e-03
-2.46535e+00 2.80620e+00 2.35939e-03
-2.54808e+00 2.88047e+00 2.35248e-03
-2.63222e+00 2.95541e+00 2.34550e-03
-2.71804e+00 3.03127e+00 2.33843e-03
-2.80598e+00 3.10842e+00 2.33130e-03
-2.89525e+00 3.18617e+00 2.32397e-03
-2.98587e+00 3.26452e+00 2.31652e-03
-3.07784e+00 3.34350e+00 2.30901e-03
-3.17120e+00 3.42312e+00 2.30154e-03
-3.26595e+00 3.50340e+00 2.29418e-03
-3.36212e+00 3.58436e+00 2.28705e-03
-3.45973e+00 3.66601e+00 2.28028e-03
-3.55880e+00 3.74838e+00 2.27403e-03
-3.65936e+00 3.83148e+00 2.26849e-03
-3.76143e+00 3.91533e+00 2.26391e-03
-3.86503e+00 3.99996e+00 2.26060e-03
-4.86020e-01 7.10634e-01 2.99963e-03
-5.18254e-01 7.63764e-01 2.97348e-03
-5.51879e-01 8.17270e-01 2.94965e-03
-5.86886e-01 8.71164e-01 2.92728e-03
-6.23267e-01 9.25454e-01 2.90579e-03
-6.61015e-01 9.80152e-01 2.88477e-03
-7.00123e-01 1.03527e+00 2.86397e-03
-7.40587e-01 1.09081e+00 2.84317e-03
-7.82404e-01 1.14680e+00 2.82225e-03
-8.25572e-01 1.20323e+00 2.80111e-03
-8.70088e-01 1.26013e+00 2.77969e-03
-9.15954e-01 1.31750e+00 2.75794e-03
-9.63169e-01 1.37536e+00 2.73583e-03
-1.01312e+00 1.43536e+00 2.70220e-03
-1.06489e+00 1.49633e+00 2.67559e-03
-1.11800e+00 1.55773e+00 2.65074e-03
-1.17247e+00 1.61957e+00 2.62741e-03
-1.22828e+00 1.68185e+00 2.60542e-03
-1.28544e+00 1.74459e+00 2.58464e-03
-1.34396e+00 1.80781e+00 2.56497e-03
-1.40384e+00 1.87151e+00 2.54634e-03
-1.46509e+00 1.93572e+00 2.52869e-03
-1.52771e+00 2.00043e+00 2.51202e-03
-1.59171e+00 2.06566e+00 2.49632e-03
-1.65710e+00 2.13144e+00 2.48160e-03
-1.72469e+00 2.19855e+00 2.46920e-03
-1.79444e+00 2.26694e+00 2.45659e-03
-1.86554e+00 2.33580e+00 2.44489e-03
-1.93799e+00 2.40513e+00 2.43397e-03
-2.01180e+00 2.47497e+00 2.42371e-03
-2.08699e+00 2.54531e+00 2.41400e-03
-2.16356e+00 2.61617e+00 2.40474e-03
-2.24153e+00 2.68758e+00 2.39585e-03
-2.32091e+00 2.75953e+00 2.38724e-03
-2.40171e+00 2.83205e+00 2.37885e-03
-2.48396e+00 2.90516e+00 2.37060e-03
-2.56766e+00 2.97887e+00 2.36242e-03
-2.65308e+00 3.05341e+00 2.35417e-03
-2.74064e+00 3.12914e+00 2.34578e-03
-2.82958e+00 3.20539e+00 2.33726e-03
-2.91991e+00 3.28217e+00 2.32866e-03
-3.01164e+00 3.35950e+00 2.32004e-03
-3.10479e+00 3.43739e+00 2.31148e-03
-3.19939e+00 3.51587e+00 2.30304e-03
-3.29544e+00 3.59495e+00 2.29482e-03
-3.39298e+00 3.67464e+00 2.28691e-03
-3.49202e+00 3.75497e+00 2.27942e-03
-3.59259e+00 3.83595e+00 2.27250e-03
-3.69470e+00 3.91761e+00 2.26630e-03
-3.79839e+00 3.99996e+00 2.26102e-03
-4.63563e-01 7.28955e-01 3.11247e-03
-4.93853e-01 7.83501e-01 3.10205e-03
-5.25579e-01 8.38345e-01 3.08698e-03
-5.58729e-01 8.93500e-01 3.06841e-03
-5.93294e-01 9.48975e-01 3.04720e-03
-6.29266e-01 1.00478e+00 3.02398e-03
-6.66640e-01 1.06094e+00 2.99924e-03
-7.05408e-01 1.11745e+00 2.97337e-03
-7.45568e-01 1.17432e+00 2.94668e-03
-7.87116e-01 1.23158e+00 2.91942e-03
-8.30049e-01 1.28922e+00 2.89182e-03
-8.74368e-01 1.34727e+00 2.86404e-03
-9.20071e-01 1.40573e+00 2.83625e-03
-9.68477e-01 1.46624e+00 2.79565e-03
-1.01871e+00 1.52765e+00 2.76237e-03
-1.07033e+00 1.58941e+00 2.73138e-03
-1.12333e+00 1.65153e+00 2.70238e-03
-1.17772e+00 1.71403e+00 2.67516e-03
-1.23350e+00 1.77692e+00 2.64953e-03
-1.29068e+00 1.84021e+00 2.62535e-03
-1.34925e+00 1.90392e+00 2.60254e-03
-1.40922e+00 1.96805e+00 2.58101e-03
-1.47060e+00 2.03262e+00 2.56071e-03
-1.53340e+00 2.09765e+00 2.54162e-03
-1.59761e+00 2.16314e+00 2.52373e-03
-1.66403e+00 2.22988e+00 2.50852e-03
-1.73261e+00 2.29781e+00 2.49321e-03
-1.80258e+00 2.36613e+00 2.47905e-03
-1.87393e+00 2.43486e+00 2.46588e-03
-1.94668e+00 2.50401e+00 2.45355e-03
-2.02084e+00 2.57360e+00 2.44195e-03
-2.09642e+00 2.64365e+00 2.43095e-03
-2.17343e+00 2.71416e+00 2.42045e-03
-2.25188e+00 2.78515e+00 2.41036e-03
-2.33179e+00 2.85664e+00 2.40059e-03
-2.41317e+00 2.92864e+00 2.39106e-03
-2.49603e+00 3.00117e+00 2.38169e-03
-2.58064e+00 3.07445e+00 2.37241e-03
-2.66740e+00 3.14882e+00 2.36322e-03
-2.75557e+00 3.22364e+00 2.35380e-03
-2.84517e+00 3.29893e+00 2.34423e-03
-2.93619e+00 3.37469e+00 2.33459e-03
-3.02868e+00 3.45094e+00 2.32496e-03
-3.12263e+00 3.52771e+00 2.31545e-03
-3.21808e+00 3.60500e+00 2.30615e-03
-3.31504e+00 3.68283e+00 2.29717e-03
-3.41353e+00 3.76123e+00 2.28864e-03
-3.51358e+00 3.84020e+00 2.28069e-03
-3.61521e+00 3.91977e+00 2.27348e-03
-3.71843e+00 3.99996e+00 2.26720e-03
-4.40588e-01 7.47064e-01 3.21724e-03
-4.68957e-01 8.02916e-01 3.22816e-03
-4.98792e-01 8.58994e-01 3.22565e-03
-5.30082e-01 9.15312e-01 3.21331e-03
-5.62818e-01 9.71881e-01 3.19374e-03
-5.96990e-01 1.02871e+00 3.16889e-03
-6.32591e-01 1.08582e+00 3.14023e-03
-6.69615e-01 1.14322e+00 3.10890e-03
-7.08058e-01 1.20091e+00 3.07580e-03
-7.47915e-01 1.25892e+00 3.04164e-03
-7.89184e-01 1.31726e+00 3.00701e-03
-8.31864e-01 1.37593e+00 2.97240e-03
-8.75953e-01 1.43494e+00 2.93819e-03
-9.22692e-01 1.49592e+00 2.89044e-03
-9.71259e-01 1.55770e+00 2.85000e-03
-1.02124e+00 1.61978e+00 2.81258e-03
-1.07263e+00 1.68215e+00 2.77777e-03
-1.12544e+00 1.74483e+00 2.74529e-03
-1.17967e+00 1.80783e+00 2.71487e-03
-1.23531e+00 1.87117e+00 2.68633e-03
-1.29237e+00 1.93485e+00 2.65950e-03
-1.35086e+00 1.99890e+00 2.63427e-03
-1.41077e+00 2.06333e+00 2.61053e-03
-1.47213e+00 2.12814e+00 2.58823e-03
-1.53493e+00 2.19335e+00 2.56732e-03
-1.59992e+00 2.25972e+00 2.54944e-03
-1.66705e+00 2.32718e+00 2.53159e-03
-1.73560e+00 2.39498e+00 2.51507e-03
-1.80556e+00 2.46311e+00 2.49971e-03
-1.87694e+00 2.53161e+00 2.48535e-03
-1.94976e+00 2.60048e+00 2.47186e-03
-2.02401e+00 2.66974e+00 2.45911e-03
-2.09972e+00 2.73939e+00 2.44698e-03
-2.17689e+00 2.80947e+00 2.43539e-03
-2.25553e+00 2.87997e+00 2.42422e-03
-2.33567e+00 2.95091e+00 2.41341e-03
-2.41731e+00 3.02232e+00 2.40287e-03
-2.50070e+00 3.09439e+00 2.39243e-03
-2.58625e+00 3.16748e+00 2.38208e-03
-2.67322e+00 3.24094e+00 2.37155e-03
-2.76163e+00 3.31480e+00 2.36089e-03
-2.85150e+00 3.38907e+00 2.35015e-03
-2.94285e+00 3.46377e+00 2.33940e-03
-3.03569e+00 3.53891e+00 2.32871e-03
-3.13004e+00 3.61451e+00 2.31814e-03
-3.22592e+00 3.69059e+00 2.30776e-03
-3.32334e+00 3.76715e+00 2.29767e-03
-3.42234e+00 3.84422e+00 2.28793e-03
-3.52294e+00 3.92182e+00 2.27865e-03
-3.62514e+00 3.99996e+00 2.26994e-03
-4.17301e-01 7.64796e-01 3.32207e-03
-4.43775e-01 8.21841e-01 3.35704e-03
-4.71733e-01 8.79048e-01 3.36846e-03
-5.01164e-01 9.36430e-01 3.36267e-03
-5.32058e-01 9.94000e-01 3.34434e-03
-5.64405e-01 1.05177e+00 3.31695e-03
-5.98197e-01 1.10976e+00 3.28316e-03
-6.33429e-01 1.16797e+00 3.24502e-03
-6.70094e-01 1.22642e+00 3.20415e-03
-7.08189e-01 1.28512e+00 3.16184e-03
-7.47710e-01 1.34408e+00 3.11911e-03
-7.88655e-01 1.40332e+00 3.07683e-03
-8.31023e-01 1.46285e+00 3.03569e-03
-8.75972e-01 1.52423e+00 2.98122e-03
-9.22738e-01 1.58635e+00 2.93374e-03
-9.70934e-01 1.64870e+00 2.89006e-03
-1.02056e+00 1.71128e+00 2.84969e-03
-1.07161e+00 1.77411e+00 2.81223e-03
-1.12409e+00 1.83720e+00 2.77734e-03
-1.17801e+00 1.90057e+00 2.74477e-03
-1.23336e+00 1.96423e+00 2.71429e-03
-1.29014e+00 2.02819e+00 2.68573e-03
-1.34837e+00 2.09246e+00 2.65893e-03
-1.40805e+00 2.15705e+00 2.63378e-03
-1.46918e+00 2.22199e+00 2.61020e-03
-1.53247e+00 2.28800e+00 2.58992e-03
-1.59788e+00 2.35501e+00 2.56983e-03
-1.66472e+00 2.42230e+00 2.55124e-03
-1.73298e+00 2.48987e+00 2.53396e-03
-1.80268e+00 2.55773e+00 2.51783e-03
-1.87382e+00 2.62591e+00 2.50269e-03
-1.94641e+00 2.69442e+00 2.48843e-03
-2.02046e+00 2.76326e+00 2.47490e-03
-2.09599e+00 2.83245e+00 2.46202e-03
-2.17300e+00 2.90202e+00 2.44967e-03
-2.25152e+00 2.97196e+00 2.43777e-03
-2.33154e+00 3.04230e+00 2.42624e-03
-2.41331e+00 3.11324e+00 2.41488e-03
-2.49720e+00 3.18510e+00 2.40366e-03
-2.58254e+00 3.25728e+00 2.39229e-03
-2.66933e+00 3.32979e+00 2.38081e-03
-2.75758e+00 3.40265e+00 2.36926e-03
-2.84732e+00 3.47588e+00 2.35767e-03
-2.93856e+00 3.54949e+00 2.34609e-03
-3.03132e+00 3.62349e+00 2.33456e-03
-3.12561e+00 3.69790e+00 2.32314e-03
-3.22145e+00 3.77274e+00 2.31187e-03
-3.31888e+00 3.84801e+00 2.30080e-03
-3.41789e+00 3.92375e+00 2.29000e-03
-3.51853e+00 3.99996e+00 2.27953e-03
-3.93729e-01 7.82134e-01 3.42727e-03
-4.18336e-01 8.40260e-01 3.48909e-03
-4.44432e-01 8.98490e-01 3.51585e-03
-4.72005e-01 9.56839e-01 3.51696e-03
-5.01045e-01 1.01532e+00 3.49941e-03
-5.31542e-01 1.07394e+00 3.46849e-03
-5.63490e-01 1.13272e+00 3.42824e-03
-5.96880e-01 1.19168e+00 3.38182e-03
-6.31708e-01 1.25081e+00 3.33169e-03
-6.67968e-01 1.31014e+00 3.27982e-03
-7.05657e-01 1.36968e+00 3.22779e-03
-7.44773e-01 1.42944e+00 3.17689e-03
-7.85314e-01 1.48943e+00 3.12819e-03
-8.28350e-01 1.55117e+00 3.06742e-03
-8.73177e-01 1.61359e+00 3.01304e-03
-9.19439e-01 1.67617e+00 2.96333e-03
-9.67134e-01 1.73893e+00 2.91768e-03
-1.01626e+00 1.80188e+00 2.87558e-03
-1.06682e+00 1.86504e+00 2.83660e-03
-1.11881e+00 1.92842e+00 2.80039e-03
-1.17224e+00 1.99204e+00 2.76665e-03
-1.22711e+00 2.05590e+00 2.73515e-03
-1.28342e+00 2.12001e+00 2.70568e-03
-1.34118e+00 2.18440e+00 2.67808e-03
-1.40039e+00 2.24907e+00 2.65220e-03
-1.46171e+00 2.31472e+00 2.62980e-03
-1.52512e+00 2.38130e+00 2.60777e-03
-1.58995e+00 2.44809e+00 2.58738e-03
-1.65621e+00 2.51511e+00 2.56846e-03
-1.72390e+00 2.58237e+00 2.55080e-03
-1.79304e+00 2.64989e+00 2.53426e-03
-1.86363e+00 2.71768e+00 2.51870e-03
-1.93568e+00 2.78575e+00 2.50398e-03
-2.00920e+00 2.85411e+00 2.49000e-03
-2.08421e+00 2.92279e+00 2.47663e-03
-2.16071e+00 2.99179e+00 2.46381e-03
-2.23872e+00 3.06112e+00 2.45142e-03
-2.31845e+00 3.13099e+00 2.43931e-03
-2.40027e+00 3.20168e+00 2.42744e-03
-2.48354e+00 3.27265e+00 2.41544e-03
-2.56825e+00 3.34389e+00 2.40334e-03
-2.65443e+00 3.41542e+00 2.39115e-03
-2.74209e+00 3.48726e+00 2.37890e-03
-2.83125e+00 3.55943e+00 2.36661e-03
-2.92192e+00 3.63192e+00 2.35432e-03
-3.01412e+00 3.70477e+00 2.34205e-03
-3.10786e+00 3.77798e+00 2.32983e-03
-3.20318e+00 3.85158e+00 2.31769e-03
-3.30008e+00 3.92556e+00 2.30567e-03
-3.39859e+00 3.99996e+00 2.29381e-03
-3.69903e-01 7.99062e-01 3.53312e-03
-3.92670e-01 8.58158e-01 3.62469e-03
-4.16917e-01 9.17307e-01 3.66823e-03
-4.42634e-01 9.76524e-01 3.67654e-03
-4.69809e-01 1.03582e+00 3.65926e-03
-4.98433e-01 1.09522e+00 3.62371e-03
-5.28500e-01 1.15472e+00 3.57557e-03
-5.60000e-01 1.21434e+00 3.51925e-03
-5.92930e-01 1.27409e+00 3.45823e-03
-6.27283e-01 1.33399e+00 3.39528e-03
-6.63057e-01 1.39405e+00 3.33264e-03
-7.00248e-01 1.45428e+00 3.27209e-03
-7.38855e-01 1.51469e+00 3.21513e-03
-7.79855e-01 1.57675e+00 3.14844e-03
-8.22608e-01 1.63940e+00 3.08737e-03
-8.66787e-01 1.70218e+00 3.03192e-03
-9.12391e-01 1.76508e+00 2.98134e-03
-9.59419e-01 1.82813e+00 2.93497e-03
-1.00787e+00 1.89134e+00 2.89230e-03
-1.05775e+00 1.95472e+00 2.85288e-03
-1.10905e+00 2.01828e+00 2.81632e-03
-1.16178e+00 2.08203e+00 2.78232e-03
-1.21594e+00 2.14599e+00 2.75060e-03
-1.27154e+00 2.21016e+00 2.72095e-03
-1.32858e+00 2.27457e+00 2.69316e-03
-1.38767e+00 2.33988e+00 2.66895e-03
-1.44878e+00 2.40603e+00 2.64527e-03
-1.51131e+00 2.47235e+00 2.62338e-03
-1.57526e+00 2.53884e+00 2.60306e-03
-1.64064e+00 2.60553e+00 2.58413e-03
-1.70744e+00 2.67242e+00 2.56641e-03
-1.77569e+00 2.73952e+00 2.54975e-03
-1.84539e+00 2.80686e+00 2.53402e-03
-1.91654e+00 2.87444e+00 2.51910e-03
-1.98916e+00 2.94228e+00 2.50488e-03
-2.06327e+00 3.01039e+00 2.49125e-03
-2.13886e+00 3.07877e+00 2.47813e-03
-2.21615e+00 3.14763e+00 2.46537e-03
-2.29547e+00 3.21723e+00 2.45302e-03
-2.37622e+00 3.28705e+00 2.44055e-03
-2.45841e+00 3.35710e+00 2.42796e-03
-2.54206e+00 3.42739e+00 2.41526e-03
-2.62717e+00 3.49793e+00 2.40247e-03
-2.71376e+00 3.56873e+00 2.38960e-03
-2.80185e+00 3.63982e+00 2.37665e-03
-2.89145e+00 3.71120e+00 2.36365e-03
-2.98258e+00 3.78289e+00 2.35061e-03
-3.07525e+00 3.85491e+00 2.33755e-03
-3.16949e+00 3.92726e+00 2.32448e-03
-3.26532e+00 3.99996e+00 2.31143e-03
-3.45849e-01 8.15568e-01 3.63989e-03
-3.66805e-01 8.75522e-01 3.76414e-03
-3.89219e-01 9.35487e-01 3.82593e-03
-4.13081e-01 9.95476e-01 3.84173e-03
-4.38381e-01 1.05550e+00 3.82411e-03
-4.65109e-01 1.11558e+00 3.78274e-03
-4.93259e-01 1.17572e+00 3.72513e-03
-5.22822e-01 1.23594e+00 3.65718e-03
-5.53793e-01 1.29625e+00 3.58353e-03
-5.86168e-01 1.35666e+00 3.50788e-03
-6.19943e-01 1.41718e+00 3.43321e-03
-6.55114e-01 1.47783e+00 3.36192e-03
-6.91679e-01 1.53861e+00 3.29595e-03
-7.30520e-01 1.60093e+00 3.22370e-03
-7.71062e-01 1.66379e+00 3.15620e-03
-8.13010e-01 1.72673e+00 3.09535e-03
-8.56363e-01 1.78974e+00 3.04023e-03
-9.01120e-01 1.85286e+00 2.99004e-03
-9.47279e-01 1.91609e+00 2.94414e-03
-9.94841e-01 1.97945e+00 2.90197e-03
-1.04381e+00 2.04294e+00 2.86307e-03
-1.09418e+00 2.10658e+00 2.82702e-03
-1.14596e+00 2.17038e+00 2.79351e-03
-1.19916e+00 2.23435e+00 2.76222e-03
-1.25377e+00 2.29851e+00 2.73293e-03
-1.31036e+00 2.36348e+00 2.70723e-03
-1.36890e+00 2.42922e+00 2.68222e-03
-1.42883e+00 2.49507e+00 2.65910e-03
-1.49017e+00 2.56106e+00 2.63765e-03
-1.55290e+00 2.62720e+00 2.61766e-03
-1.61705e+00 2.69349e+00 2.59897e-03
-1.68261e+00 2.75995e+00 2.58141e-03
-1.74960e+00 2.82660e+00 2.56485e-03
-1.81802e+00 2.89344e+00 2.54915e-03
-1.88788e+00 2.96049e+00 2.53419e-03
-1.95920e+00 3.02776e+00 2.51989e-03
-2.03198e+00 3.09526e+00 2.50613e-03
-2.10641e+00 3.16317e+00 2.49277e-03
-2.18281e+00 3.23175e+00 2.48009e-03
-2.26061e+00 3.30049e+00 2.46726e-03
-2.33982e+00 3.36942e+00 2.45429e-03
-2.42047e+00 3.43854e+00 2.44118e-03
-2.50255e+00 3.50786e+00 2.42793e-03
-2.58610e+00 3.57741e+00 2.41453e-03
-2.67110e+00 3.64718e+00 2.40100e-03
-2.75760e+00 3.71720e+00 2.38734e-03
-2.84559e+00 3.78747e+00 2.37356e-03
-2.93509e+00 3.85801e+00 2.35965e-03
-3.02613e+00 3.92884e+00 2.34564e-03
-3.11872e+00 3.99997e+00 2.33152e-03
-3.21426e-01 8.31752e-01 3.76853e-03
-3.40597e-01 8.92454e-01 3.91706e-03
-3.61192e-01 9.53130e-01 3.99109e-03
-3.83201e-01 1.01379e+00 4.00997e-03
-4.06614e-01 1.07446e+00 3.98867e-03
-4.31422e-01 1.13513e+00 3.93888e-03
-4.57618e-01 1.19584e+00 3.86978e-03
-4.85195e-01 1.25658e+00 3.78864e-03
-5.14148e-01 1.31737e+00 3.70122e-03
-5.44473e-01 1.37822e+00 3.61213e-03
-5.76164e-01 1.43915e+00 3.52507e-03
-6.09219e-01 1.50017e+00 3.44305e-03
-6.43637e-01 1.56128e+00 3.36848e-03
-6.80199e-01 1.62382e+00 3.29141e-03
-7.18397e-01 1.68683e+00 3.21781e-03
-7.57971e-01 1.74988e+00 3.15196e-03
-7.98917e-01 1.81297e+00 3.09274e-03
-8.41234e-01 1.87613e+00 3.03922e-03
-8.84921e-01 1.93936e+00 2.99059e-03
-9.29978e-01 2.00267e+00 2.94616e-03
-9.76407e-01 2.06608e+00 2.90536e-03
-1.02421e+00 2.12959e+00 2.86769e-03
-1.07339e+00 2.19323e+00 2.83272e-03
-1.12394e+00 2.25699e+00 2.80008e-03
-1.17588e+00 2.32090e+00 2.76946e-03
-1.22970e+00 2.38555e+00 2.74252e-03
-1.28539e+00 2.45088e+00 2.71663e-03
-1.34243e+00 2.51629e+00 2.69267e-03
-1.40084e+00 2.58179e+00 2.67041e-03
-1.46063e+00 2.64740e+00 2.64967e-03
-1.52179e+00 2.71313e+00 2.63027e-03
-1.58433e+00 2.77898e+00 2.61207e-03
-1.64826e+00 2.84498e+00 2.59491e-03
-1.71359e+00 2.91112e+00 2.57868e-03
-1.78032e+00 2.97743e+00 2.56327e-03
-1.84847e+00 3.04392e+00 2.54857e-03
-1.91804e+00 3.11059e+00 2.53449e-03
-1.98921e+00 3.17761e+00 2.52075e-03
-2.06225e+00 3.24523e+00 2.50769e-03
-2.13666e+00 3.31297e+00 2.49471e-03
-2.21246e+00 3.38086e+00 2.48173e-03
-2.28965e+00 3.44889e+00 2.46868e-03
-2.36824e+00 3.51708e+00 2.45549e-03
-2.44825e+00 3.58545e+00 2.44211e-03
-2.52968e+00 3.65400e+00 2.42849e-03
-2.61256e+00 3.72275e+00 2.41456e-03
-2.69690e+00 3.79171e+00 2.40029e-03
-2.78271e+00 3.86089e+00 2.38563e-03
-2.87000e+00 3.93030e+00 2.37054e-03
-2.95880e+00 3.99997e+00 2.35499e-03
-2.96241e-01 8.47856e-01 3.88782e-03
-3.13651e-01 9.09194e-01 4.07949e-03
-3.32438e-01 9.70474e-01 4.17578e-03
-3.52592e-01 1.03171e+00 4.20134e-03
-3.74104e-01 1.09292e+00 4.17549e-03
-3.96965e-01 1.15410e+00 4.11349e-03
-4.21169e-01 1.21528e+00 4.02738e-03
-4.46711e-01 1.27646e+00 3.92675e-03
-4.73583e-01 1.33767e+00 3.81919e-03
-5.01783e-01 1.39890e+00 3.71080e-03
-5.31305e-01 1.46017e+00 3.60643e-03
-5.62148e-01 1.52149e+00 3.51000e-03
-5.94309e-01 1.58287e+00 3.42465e-03
-6.28479e-01 1.64556e+00 3.34439e-03
-6.64212e-01 1.70867e+00 3.26659e-03
-7.01275e-01 1.77178e+00 3.19736e-03
-7.39667e-01 1.83491e+00 3.13546e-03
-7.79386e-01 1.89806e+00 3.07981e-03
-8.20430e-01 1.96126e+00 3.02953e-03
-8.62801e-01 2.02450e+00 2.98383e-03
-9.06497e-01 2.08780e+00 2.94207e-03
-9.51522e-01 2.15117e+00 2.90367e-03
-9.97876e-01 2.21463e+00 2.86814e-03
-1.04556e+00 2.27818e+00 2.83506e-03
-1.09458e+00 2.34183e+00 2.80408e-03
-1.14539e+00 2.40615e+00 2.77647e-03
-1.19796e+00 2.47108e+00 2.75002e-03
-1.25185e+00 2.53605e+00 2.72558e-03
-1.30705e+00 2.60108e+00 2.70291e-03
-1.36359e+00 2.66619e+00 2.68183e-03
-1.42145e+00 2.73137e+00 2.66214e-03
-1.48065e+00 2.79664e+00 2.64369e-03
-1.54120e+00 2.86202e+00 2.62633e-03
-1.60308e+00 2.92751e+00 2.60995e-03
-1.66633e+00 2.99312e+00 2.59441e-03
-1.73094e+00 3.05888e+00 2.57963e-03
-1.79692e+00 3.12477e+00 2.56549e-03
-1.86442e+00 3.19097e+00 2.55176e-03
-1.93371e+00 3.25769e+00 2.53878e-03
-2.00431e+00 3.32450e+00 2.52599e-03
-2.07626e+00 3.39141e+00 2.51327e-03
-2.14954e+00 3.45843e+00 2.50053e-03
-2.22418e+00 3.52558e+00 2.48767e-03
-2.30019e+00 3.59286e+00 2.47462e-03
-2.37757e+00 3.66028e+00 2.46130e-03
-2.45634e+00 3.72786e+00 2.44766e-03
-2.53650e+00 3.79561e+00 2.43362e-03
-2.61809e+00 3.86353e+00 2.41913e-03
-2.70109e+00 3.93165e+00 2.40414e-03
-2.78555e+00 3.99997e+00 2.38860e-03
-2.70798e-01 8.63550e-01 4.04262e-03
-2.86477e-01 9.25412e-01 4.26138e-03
-3.03472e-01 9.87193e-01 4.36804e-03
-3.21774e-01 1.04891e+00 4.39153e-03
-3.41374e-01 1.11056e+00 4.35480e-03
-3.62266e-01 1.17217e+00 4.27617e-03
-3.84443e-01 1.23375e+00 4.17017e-03
-4.07900e-01 1.29530e+00 4.04842e-03
-4.32631e-01 1.35685e+00 3.92016e-03
-4.58633e-01 1.41839e+00 3.79275e-03
-4.85901e-01 1.47994e+00 3.67208e-03
-5.14434e-01 1.54152e+00 3.56283e-03
-5.44228e-01 1.60313e+00 3.46874e-03
-5.75885e-01 1.66593e+00 3.38711e-03
-6.09017e-01 1.72909e+00 3.30643e-03
-6.43424e-01 1.79223e+00 3.23488e-03
-6.79103e-01 1.85536e+00 3.17111e-03
-7.16052e-01 1.91848e+00 3.11401e-03
-7.54270e-01 1.98161e+00 3.06259e-03
-7.93758e-01 2.04477e+00 3.01602e-03
-8.34515e-01 2.10795e+00 2.97359e-03
-8.76542e-01 2.17117e+00 2.93468e-03
-9.19842e-01 2.23445e+00 2.89877e-03
-9.64415e-01 2.29778e+00 2.86539e-03
-1.01027e+00 2.36119e+00 2.83416e-03
-1.05778e+00 2.42519e+00 2.80610e-03
-1.10696e+00 2.48973e+00 2.77936e-03
-1.15739e+00 2.55428e+00 2.75467e-03
-1.20909e+00 2.61887e+00 2.73180e-03
-1.26206e+00 2.68349e+00 2.71056e-03
-1.31630e+00 2.74816e+00 2.69076e-03
-1.37182e+00 2.81289e+00 2.67224e-03
-1.42862e+00 2.87769e+00 2.65486e-03
-1.48671e+00 2.94257e+00 2.63848e-03
-1.54609e+00 3.00754e+00 2.62299e-03
-1.60677e+00 3.07261e+00 2.60829e-03
-1.66876e+00 3.13779e+00 2.59429e-03
-1.73219e+00 3.20322e+00 2.58072e-03
-1.79729e+00 3.26911e+00 2.56798e-03
-1.86365e+00 3.33506e+00 2.55555e-03
-1.93130e+00 3.40108e+00 2.54328e-03
-2.00022e+00 3.46717e+00 2.53106e-03
-2.07044e+00 3.53336e+00 2.51880e-03
-2.14195e+00 3.59964e+00 2.50638e-03
-2.21478e+00 3.66603e+00 2.49372e-03
-2.28893e+00 3.73253e+00 2.48076e-03
-2.36441e+00 3.79917e+00 2.46740e-03
-2.44123e+00 3.86595e+00 2.45360e-03
-2.51942e+00 3.93288e+00 2.43928e-03
-2.59897e+00 3.99997e+00 2.42440e-03
-2.45126e-01 8.78823e-01 4.23789e-03
-2.59104e-01 9.41100e-01 4.46659e-03
-2.74324e-01 1.00328e+00 4.57056e-03
-2.90777e-01 1.06537e+00 4.58210e-03
-3.08457e-01 1.12739e+00 4.52720e-03
-3.27357e-01 1.18934e+00 4.42670e-03
-3.47472e-01 1.25124e+00 4.29731e-03
-3.68797e-01 1.31309e+00 4.15240e-03
-3.91326e-01 1.37491e+00 4.00259e-03
-4.15057e-01 1.43670e+00 3.85635e-03
-4.39986e-01 1.49849e+00 3.72040e-03
-4.66111e-01 1.56027e+00 3.60006e-03
-4.93429e-01 1.62205e+00 3.49950e-03
-5.22451e-01 1.68492e+00 3.41900e-03
-5.52850e-01 1.74809e+00 3.33689e-03
-5.84453e-01 1.81121e+00 3.26417e-03
-6.17260e-01 1.87431e+00 3.19949e-03
-6.51268e-01 1.93737e+00 3.14166e-03
-6.86477e-01 2.00043e+00 3.08968e-03
-7.22886e-01 2.06347e+00 3.04268e-03
-7.60495e-01 2.12653e+00 2.99993e-03
-7.99306e-01 2.18959e+00 2.96078e-03
-8.39318e-01 2.25269e+00 2.92469e-03
-8.80534e-01 2.31581e+00 2.89117e-03
-9.22957e-01 2.37898e+00 2.85981e-03
-9.66921e-01 2.44267e+00 2.83149e-03
-1.01242e+00 2.50683e+00 2.80473e-03
-1.05911e+00 2.57098e+00 2.78004e-03
-1.10699e+00 2.63514e+00 2.75720e-03
-1.15608e+00 2.69930e+00 2.73601e-03
-1.20636e+00 2.76350e+00 2.71629e-03
-1.25786e+00 2.82772e+00 2.69788e-03
-1.31056e+00 2.89198e+00 2.68065e-03
-1.36448e+00 2.95630e+00 2.66445e-03
-1.41961e+00 3.02067e+00 2.64919e-03
-1.47598e+00 3.08512e+00 2.63475e-03
-1.53358e+00 3.14964e+00 2.62104e-03
-1.59252e+00 3.21437e+00 2.60783e-03
-1.65301e+00 3.27950e+00 2.59547e-03
-1.71469e+00 3.34466e+00 2.58354e-03
-1.77758e+00 3.40986e+00 2.57191e-03
-1.84168e+00 3.47510e+00 2.56043e-03
-1.90700e+00 3.54041e+00 2.54898e-03
-1.97354e+00 3.60578e+00 2.53746e-03
-2.04132e+00 3.67123e+00 2.52577e-03
-2.11034e+00 3.73677e+00 2.51382e-03
-2.18062e+00 3.80240e+00 2.50153e-03
-2.25216e+00 3.86814e+00 2.48884e-03
-2.32497e+00 3.93399e+00 2.47566e-03
-2.39906e+00 3.99997e+00 2.46196e-03
-2.19256e-01 8.93665e-01 4.47770e-03
-2.31563e-01 9.56251e-01 4.69833e-03
-2.45024e-01 1.01873e+00 4.78555e-03
-2.59633e-01 1.08110e+00 4.77429e-03
-2.75383e-01 1.14339e+00 4.69301e-03
-2.92270e-01 1.20560e+00 4.56471e-03
-3.10288e-01 1.26774e+00 4.40791e-03
-3.29434e-01 1.32982e+00 4.23742e-03
-3.49702e-01 1.39185e+00 4.06504e-03
-3.71090e-01 1.45384e+00 3.90012e-03
-3.93595e-01 1.51579e+00 3.75001e-03
-4.17215e-01 1.57773e+00 3.62047e-03
-4.41948e-01 1.63965e+00 3.51597e-03
-4.68214e-01 1.70253e+00 3.43960e-03
-4.95745e-01 1.76567e+00 3.35761e-03
-5.24400e-01 1.82874e+00 3.28501e-03
-5.54176e-01 1.89177e+00 3.22041e-03
-5.85072e-01 1.95475e+00 3.16266e-03
-6.17088e-01 2.01770e+00 3.11076e-03
-6.50223e-01 2.08063e+00 3.06383e-03
-6.84476e-01 2.14354e+00 3.02114e-03
-7.19848e-01 2.20644e+00 2.98204e-03
-7.56340e-01 2.26935e+00 2.94598e-03
-7.93954e-01 2.33226e+00 2.91249e-03
-8.32691e-01 2.39520e+00 2.88114e-03
-8.72832e-01 2.45859e+00 2.85272e-03
-9.14367e-01 2.52238e+00 2.82624e-03
-9.57015e-01 2.58615e+00 2.80182e-03
-1.00078e+00 2.64990e+00 2.77924e-03
-1.04566e+00 2.71364e+00 2.75832e-03
-1.09166e+00 2.77738e+00 2.73888e-03
-1.13878e+00 2.84113e+00 2.72077e-03
-1.18703e+00 2.90490e+00 2.70386e-03
-1.23642e+00 2.96870e+00 2.68803e-03
-1.28693e+00 3.03253e+00 2.67316e-03
-1.33859e+00 3.09640e+00 2.65915e-03
-1.39139e+00 3.16033e+00 2.64592e-03
-1.44543e+00 3.22442e+00 2.63324e-03
-1.50088e+00 3.28885e+00 2.62139e-03
-1.55744e+00 3.35329e+00 2.61013e-03
-1.61513e+00 3.41775e+00 2.59929e-03
-1.67394e+00 3.48223e+00 2.58873e-03
-1.73389e+00 3.54674e+00 2.57831e-03
-1.79497e+00 3.61129e+00 2.56793e-03
-1.85720e+00 3.67590e+00 2.55746e-03
-1.92058e+00 3.74056e+00 2.54682e-03
-1.98513e+00 3.80529e+00 2.53592e-03
-2.05085e+00 3.87010e+00 2.52469e-03
-2.11774e+00 3.93499e+00 2.51306e-03
-2.18583e+00 3.99997e+00 2.50097e-03
-1.93217e-01 9.08069e-01 4.76535e-03
-2.03882e-01 9.70858e-01 4.95920e-03
-2.15602e-01 1.03353e+00 5.01472e-03
-2.28371e-01 1.09610e+00 4.96896e-03
-2.42184e-01 1.15857e+00 4.85236e-03
-2.57036e-01 1.22096e+00 4.68972e-03
-2.72924e-01 1.28327e+00 4.50103e-03
-2.89843e-01 1.34550e+00 4.30229e-03
-3.07791e-01 1.40768e+00 4.10621e-03
-3.26765e-01 1.46980e+00 3.92277e-03
-3.46763e-01 1.53187e+00 3.75975e-03
-3.67781e-01 1.59391e+00 3.62314e-03
-3.89820e-01 1.65592e+00 3.51751e-03
-4.13210e-01 1.71876e+00 3.44860e-03
-4.37742e-01 1.78183e+00 3.36840e-03
-4.63302e-01 1.84482e+00 3.29724e-03
-4.89890e-01 1.90774e+00 3.23380e-03
-5.17504e-01 1.97061e+00 3.17698e-03
-5.46143e-01 2.03344e+00 3.12582e-03
-5.75807e-01 2.09622e+00 3.07948e-03
-6.06495e-01 2.15898e+00 3.03725e-03
-6.38208e-01 2.22171e+00 2.99852e-03
-6.70947e-01 2.28443e+00 2.96274e-03
-7.04712e-01 2.34714e+00 2.92946e-03
-7.39506e-01 2.40985e+00 2.89828e-03
-7.75551e-01 2.47295e+00 2.86991e-03
-8.12841e-01 2.53638e+00 2.84401e-03
-8.51152e-01 2.59978e+00 2.82012e-03
-8.90485e-01 2.66315e+00 2.79805e-03
-9.30841e-01 2.72649e+00 2.77762e-03
-9.72222e-01 2.78982e+00 2.75866e-03
-1.01463e+00 2.85313e+00 2.74105e-03
-1.05807e+00 2.91645e+00 2.72465e-03
-1.10255e+00 2.97977e+00 2.70935e-03
-1.14806e+00 3.04311e+00 2.69504e-03
-1.19461e+00 3.10646e+00 2.68164e-03
-1.24221e+00 3.16985e+00 2.66906e-03
-1.29094e+00 3.23337e+00 2.65707e-03
-1.34092e+00 3.29717e+00 2.64588e-03
-1.39192e+00 3.36096e+00 2.63543e-03
-1.44394e+00 3.42475e+00 2.62554e-03
-1.49700e+00 3.48854e+00 2.61608e-03
-1.55110e+00 3.55235e+00 2.60688e-03
-1.60623e+00 3.61617e+00 2.59783e-03
-1.66242e+00 3.68003e+00 2.58882e-03
-1.71965e+00 3.74391e+00 2.57974e-03
-1.77795e+00 3.80785e+00 2.57051e-03
-1.83731e+00 3.87183e+00 2.56106e-03
-1.89775e+00 3.93586e+00 2.55130e-03
-1.95927e+00 3.99997e+00 2.54117e-03
-1.66906e-01 9.22098e-01 5.17939e-03
-1.75960e-01 9.84985e-01 5.24959e-03
-1.85955e-01 1.04776e+00 5.22127e-03
-1.96888e-01 1.11043e+00 5.12017e-03
-2.08754e-01 1.17299e+00 4.96790e-03
-2.21550e-01 1.23547e+00 4.78231e-03
-2.35274e-01 1.29787e+00 4.57803e-03
-2.49921e-01 1.36019e+00 4.36686e-03
-2.65490e-01 1.42244e+00 4.15827e-03
-2.81977e-01 1.48463e+00 3.95972e-03
-2.99382e-01 1.54676e+00 3.77706e-03
-3.17701e-01 1.60885e+00 3.61482e-03
-3.36936e-01 1.67090e+00 3.47641e-03
-3.57333e-01 1.73367e+00 3.42471e-03
-3.78735e-01 1.79661e+00 3.36563e-03
-4.01059e-01 1.85947e+00 3.30727e-03
-4.24304e-01 1.92227e+00 3.25050e-03
-4.48467e-01 1.98500e+00 3.19601e-03
-4.73549e-01 2.04767e+00 3.14432e-03
-4.99548e-01 2.11030e+00 3.09586e-03
-5.26466e-01 2.17289e+00 3.05095e-03
-5.54301e-01 2.23544e+00 3.00980e-03
-5.83054e-01 2.29796e+00 2.97260e-03
-6.12727e-01 2.36047e+00 2.93945e-03
-6.43320e-01 2.42295e+00 2.91043e-03
-6.75002e-01 2.48576e+00 2.88403e-03
-7.07770e-01 2.54886e+00 2.85867e-03
-7.41452e-01 2.61191e+00 2.83525e-03
-7.76050e-01 2.67491e+00 2.81360e-03
-8.11566e-01 2.73788e+00 2.79357e-03
-8.48000e-01 2.80081e+00 2.77501e-03
-8.85354e-01 2.86373e+00 2.75781e-03
-9.23632e-01 2.92663e+00 2.74184e-03
-9.62834e-01 2.98952e+00 2.72702e-03
-1.00296e+00 3.05241e+00 2.71323e-03
-1.04403e+00 3.11531e+00 2.70041e-03
-1.08602e+00 3.17821e+00 2.68847e-03
-1.12901e+00 3.24121e+00 2.67719e-03
-1.17309e+00 3.30445e+00 2.66656e-03
-1.21809e+00 3.36767e+00 2.65680e-03
-1.26401e+00 3.43086e+00 2.64775e-03
-1.31086e+00 3.49405e+00 2.63926e-03
-1.35863e+00 3.55723e+00 2.63121e-03
-1.40733e+00 3.62042e+00 2.62348e-03
-1.45697e+00 3.68362e+00 2.61596e-03
-1.50755e+00 3.74683e+00 2.60858e-03
-1.55907e+00 3.81006e+00 2.60123e-03
-1.61155e+00 3.87333e+00 2.59386e-03
-1.66498e+00 3.93663e+00 2.58639e-03
-1.71938e+00 3.99997e+00 2.57878e-03
-1.39495e-01 9.36174e-01 5.62437e-03
-1.46963e-01 9.99038e-01 5.63246e-03
-1.55247e-01 1.06179e+00 5.52651e-03
-1.64343e-01 1.12445e+00 5.34167e-03
-1.74248e-01 1.18701e+00 5.10725e-03
-1.84961e-01 1.24948e+00 4.84730e-03
-1.96478e-01 1.31187e+00 4.58117e-03
-2.08798e-01 1.37418e+00 4.32419e-03
-2.21918e-01 1.43643e+00 4.08830e-03
-2.35837e-01 1.49861e+00 3.88258e-03
-2.50553e-01 1.56074e+00 3.71383e-03
-2.66066e-01 1.62281e+00 3.58696e-03
-2.82374e-01 1.68484e+00 3.50537e-03
-2.99666e-01 1.74746e+00 3.45819e-03
-3.17823e-01 1.81022e+00 3.38449e-03
-3.36782e-01 1.87290e+00 3.31670e-03
-3.56541e-01 1.93552e+00 3.25446e-03
-3.77099e-01 1.99806e+00 3.19745e-03
-3.98456e-01 2.06055e+00 3.14532e-03
-4.20612e-01 2.12299e+00 3.09776e-03
-4.43567e-01 2.18538e+00 3.05448e-03
-4.67319e-01 2.24773e+00 3.01521e-03
-4.91871e-01 2.31005e+00 2.97969e-03
-5.17222e-01 2.37233e+00 2.94767e-03
-5.43372e-01 2.43460e+00 2.91894e-03
-5.70453e-01 2.49712e+00 2.89277e-03
-5.98460e-01 2.55988e+00 2.86771e-03
-6.27262e-01 2.62258e+00 2.84466e-03
-6.56861e-01 2.68523e+00 2.82344e-03
-6.87258e-01 2.74784e+00 2.80390e-03
-7.18453e-01 2.81042e+00 2.78588e-03
-7.50447e-01 2.87296e+00 2.76925e-03
-7.83243e-01 2.93548e+00 2.75388e-03
-8.16843e-01 2.99798e+00 2.73968e-03
-8.51247e-01 3.06047e+00 2.72654e-03
-8.86458e-01 3.12295e+00 2.71437e-03
-9.22479e-01 3.18543e+00 2.70309e-03
-9.59355e-01 3.24798e+00 2.69257e-03
-9.97162e-01 3.31071e+00 2.68275e-03
-1.03576e+00 3.37342e+00 2.67379e-03
-1.07517e+00 3.43610e+00 2.66559e-03
-1.11537e+00 3.49876e+00 2.65803e-03
-1.15637e+00 3.56140e+00 2.65103e-03
-1.19818e+00 3.62404e+00 2.64450e-03
-1.24080e+00 3.68667e+00 2.63836e-03
-1.28423e+00 3.74930e+00 2.63256e-03
-1.32848e+00 3.81194e+00 2.62703e-03
-1.37355e+00 3.87460e+00 2.62171e-03
-1.41944e+00 3.93727e+00 2.61657e-03
-1.46616e+00 3.99997e+00 2.61155e-03
-1.11883e-01 9.49818e-01 6.28675e-03
-1.17797e-01 1.01255e+00 6.06424e-03
-1.24387e-01 1.07519e+00 5.78600e-03
-1.31652e-01 1.13774e+00 5.47662e-03
-1.39589e-01 1.20020e+00 5.15628e-03
-1.48197e-01 1.26259e+00 4.84111e-03
-1.57474e-01 1.32489e+00 4.54368e-03
-1.67420e-01 1.38713e+00 4.27355e-03
-1.78032e-01 1.44930e+00 4.03775e-03
-1.89309e-01 1.51141e+00 3.84124e-03
-2.01251e-01 1.57347e+00 3.68732e-03
-2.13857e-01 1.63548e+00 3.57801e-03
-2.27125e-01 1.69744e+00 3.51429e-03
-2.41193e-01 1.75987e+00 3.47673e-03
-2.55975e-01 1.82241e+00 3.39389e-03
-2.71425e-01 1.88487e+00 3.32042e-03
-2.87542e-01 1.94727e+00 3.25512e-03
-3.04326e-01 2.00961e+00 3.19695e-03
-3.21776e-01 2.07189e+00 3.14499e-03
-3.39892e-01 2.13412e+00 3.09843e-03
-3.58674e-01 2.19631e+00 3.05658e-03
-3.78122e-01 2.25845e+00 3.01882e-03
-3.98236e-01 2.32055e+00 2.98461e-03
-4.19017e-01 2.38263e+00 2.95349e-03
-4.40464e-01 2.44467e+00 2.92504e-03
-4.62673e-01 2.50692e+00 2.89904e-03
-4.85639e-01 2.56934e+00 2.87432e-03
-5.09270e-01 2.63171e+00 2.85165e-03
-5.33564e-01 2.69404e+00 2.83083e-03
-5.58524e-01 2.75632e+00 2.81170e-03
-5.84149e-01 2.81857e+00 2.79410e-03
-6.10440e-01 2.88077e+00 2.77791e-03
-6.37399e-01 2.94296e+00 2.76300e-03
-6.65025e-01 3.00511e+00 2.74927e-03
-6.93322e-01 3.06725e+00 2.73661e-03
-7.22289e-01 3.12937e+00 2.72494e-03
-7.51929e-01 3.19148e+00 2.71416e-03
-7.82274e-01 3.25364e+00 2.70421e-03
-8.13380e-01 3.31594e+00 2.69502e-03
-8.45148e-01 3.37821e+00 2.68667e-03
-8.77579e-01 3.44045e+00 2.67910e-03
-9.10675e-01 3.50266e+00 2.67223e-03
-9.44438e-01 3.56485e+00 2.66600e-03
-9.78869e-01 3.62702e+00 2.66035e-03
-1.01397e+00 3.68918e+00 2.65524e-03
-1.04974e+00 3.75134e+00 2.65060e-03
-1.08619e+00 3.81349e+00 2.64641e-03
-1.12332e+00 3.87564e+00 2.64261e-03
-1.16113e+00 3.93780e+00 2.63918e-03
-1.19962e+00 3.99997e+00 2.63608e-03
-8.40995e-02 9.63024e-01 7.19926e-03
-8.84897e-02 1.02553e+00 6.56561e-03
-9.34050e-02 1.08795e+00 6.00958e-03
-9.88443e-02 1.15030e+00 5.52656e-03
-1.04806e-01 1.21258e+00 5.11099e-03
-1.11290e-01 1.27480e+00 4.75682e-03
-1.18295e-01 1.33694e+00 4.45789e-03
-1.25820e-01 1.39903e+00 4.20819e-03
-1.33865e-01 1.46107e+00 4.00202e-03
-1.42429e-01 1.52305e+00 3.83415e-03
-1.51511e-01 1.58498e+00 3.69978e-03
-1.61111e-01 1.64687e+00 3.59466e-03
-1.71229e-01 1.70871e+00 3.51499e-03
-1.81954e-01 1.77091e+00 3.47849e-03
-1.93231e-01 1.83318e+00 3.39260e-03
-2.05030e-01 1.89539e+00 3.31765e-03
-2.17349e-01 1.95755e+00 3.25201e-03
-2.30189e-01 2.01965e+00 3.19431e-03
-2.43550e-01 2.08170e+00 3.14331e-03
-2.57430e-01 2.14371e+00 3.09799e-03
-2.71831e-01 2.20567e+00 3.05743e-03
-2.86752e-01 2.26760e+00 3.02085e-03
-3.02192e-01 2.32949e+00 2.98760e-03
-3.18154e-01 2.39135e+00 2.95708e-03
-3.34636e-01 2.45318e+00 2.92882e-03
-3.51701e-01 2.51516e+00 2.90293e-03
-3.69348e-01 2.57726e+00 2.87865e-03
-3.87513e-01 2.63933e+00 2.85637e-03
-4.06197e-01 2.70134e+00 2.83592e-03
-4.25400e-01 2.76332e+00 2.81714e-03
-4.45123e-01 2.82527e+00 2.79988e-03
-4.65365e-01 2.88718e+00 2.78403e-03
-4.86127e-01 2.94906e+00 2.76946e-03
-5.07411e-01 3.01091e+00 2.75607e-03
-5.29216e-01 3.07275e+00 2.74376e-03
-5.51543e-01 3.13456e+00 2.73244e-03
-5.74393e-01 3.19637e+00 2.72204e-03
-5.97788e-01 3.25820e+00 2.71250e-03
-6.21766e-01 3.32013e+00 2.70378e-03
-6.46259e-01 3.38203e+00 2.69589e-03
-6.71268e-01 3.44390e+00 2.68877e-03
-6.96794e-01 3.50575e+00 2.68240e-03
-7.22838e-01 3.56757e+00 2.67672e-03
-7.49401e-01 3.62937e+00 2.67170e-03
-7.76484e-01 3.69116e+00 2.66730e-03
-8.04088e-01 3.75293e+00 2.66349e-03
-8.32214e-01 3.81470e+00 2.66023e-03
-8.60865e-01 3.87646e+00 2.65751e-03
-8.90041e-01 3.93821e+00 2.65528e-03
-9.19743e-01 3.99997e+00 2.65353e-03
-5.61747e-02 9.75790e-01 8.38889e-03
-5.90718e-02 1.03796e+00 7.15340e-03
-6.23305e-02 1.10008e+00 6.20517e-03
-6.59504e-02 1.16214e+00 5.49276e-03
-6.99309e-02 1.22415e+00 4.96847e-03
-7.42717e-02 1.28611e+00 4.58949e-03
-7.89724e-02 1.34803e+00 4.31847e-03
-8.40328e-02 1.40990e+00 4.12356e-03
-8.94526e-02 1.47173e+00 3.97813e-03
-9.52315e-02 1.53351e+00 3.86038e-03
-1.01369e-01 1.59527e+00 3.75272e-03
-1.07866e-01 1.65698e+00 3.64122e-03
-1.14722e-01 1.71867e+00 3.51508e-03
-1.21988e-01 1.78059e+00 3.46236e-03
-1.29632e-01 1.84255e+00 3.37989e-03
-1.37638e-01 1.90447e+00 3.30794e-03
-1.46005e-01 1.96635e+00 3.24492e-03
-1.54733e-01 2.02819e+00 3.18946e-03
-1.63822e-01 2.08999e+00 3.14034e-03
-1.73271e-01 2.15175e+00 3.09654e-03
-1.83081e-01 2.21348e+00 3.05717e-03
-1.93252e-01 2.27518e+00 3.02148e-03
-2.03783e-01 2.33685e+00 2.98880e-03
-2.14675e-01 2.39850e+00 2.95860e-03
-2.25929e-01 2.46012e+00 2.93038e-03
-2.37579e-01 2.52184e+00 2.90458e-03
-2.49626e-01 2.58365e+00 2.88081e-03
-2.62032e-01 2.64541e+00 2.85896e-03
-2.74798e-01 2.70715e+00 2.83886e-03
-2.87924e-01 2.76885e+00 2.82039e-03
-3.01410e-01 2.83052e+00 2.80340e-03
-3.15256e-01 2.89217e+00 2.78780e-03
-3.29462e-01 2.95379e+00 2.77347e-03
-3.44028e-01 3.01539e+00 2.76031e-03
-3.58955e-01 3.07697e+00 2.74824e-03
-3.74244e-01 3.13854e+00 2.73717e-03
-3.89893e-01 3.20009e+00 2.72704e-03
-4.05917e-01 3.26166e+00 2.71780e-03
-4.22336e-01 3.32329e+00 2.70941e-03
-4.39111e-01 3.38489e+00 2.70184e-03
-4.56244e-01 3.44647e+00 2.69504e-03
-4.73733e-01 3.50803e+00 2.68900e-03
-4.91579e-01 3.56957e+00 2.68368e-03
-5.09783e-01 3.63109e+00 2.67907e-03
-5.28345e-01 3.69259e+00 2.67514e-03
-5.47266e-01 3.75409e+00 2.67186e-03
-5.66545e-01 3.81557e+00 2.66921e-03
-5.86184e-01 3.87704e+00 2.66717e-03
-6.06183e-01 3.93851e+00 2.66572e-03
-6.26543e-01 3.99997e+00 2.66483e-03
-2.81369e-02 9.88114e-01 9.87755e-03
-2.95709e-02 1.04986e+00 7.84087e-03
-3.11915e-02 1.11157e+00 6.37878e-03
-3.29984e-02 1.17326e+00 5.37620e-03
-3.49917e-02 1.23492e+00 4.72684e-03
-3.71712e-02 1.29655e+00 4.33611e-03
-3.95370e-02 1.35816e+00 4.12245e-03
-4.20890e-02 1.41974e+00 4.01735e-03
-4.48272e-02 1.48130e+00 3.96471e-03
-4.77516e-02 1.54283e+00 3.91960e-03
-5.08623e-02 1.60435e+00 3.84685e-03
-5.41591e-02 1.66584e+00 3.71964e-03
-5.76422e-02 1.72732e+00 3.51805e-03
-6.13332e-02 1.78892e+00 3.42800e-03
-6.52190e-02 1.85053e+00 3.35557e-03
-6.92922e-02 1.91212e+00 3.29124e-03
-7.35530e-02 1.97369e+00 3.23386e-03
-7.80012e-02 2.03523e+00 3.18245e-03
-8.26369e-02 2.09676e+00 3.13614e-03
-8.74600e-02 2.15826e+00 3.09418e-03
-9.24705e-02 2.21975e+00 3.05593e-03
-9.76684e-02 2.28121e+00 3.02082e-03
-1.03054e-01 2.34266e+00 2.98837e-03
-1.08627e-01 2.40410e+00 2.95815e-03
-1.14387e-01 2.46552e+00 2.92981e-03
-1.20350e-01 2.52699e+00 2.90411e-03
-1.26516e-01 2.58850e+00 2.88094e-03
-1.32869e-01 2.64998e+00 2.85955e-03
-1.39408e-01 2.71145e+00 2.83980e-03
-1.46135e-01 2.77290e+00 2.82160e-03
-1.53048e-01 2.83434e+00 2.80484e-03
-1.60148e-01 2.89575e+00 2.78941e-03
-1.67435e-01 2.95716e+00 2.77523e-03
-1.74909e-01 3.01855e+00 2.76222e-03
-1.82570e-01 3.07993e+00 2.75029e-03
-1.90418e-01 3.14130e+00 2.73939e-03
-1.98454e-01 3.20265e+00 2.72944e-03
-2.06681e-01 3.26402e+00 2.72040e-03
-2.15110e-01 3.32541e+00 2.71224e-03
-2.23723e-01 3.38679e+00 2.70486e-03
-2.32521e-01 3.44816e+00 2.69826e-03
-2.41504e-01 3.50951e+00 2.69242e-03
-2.50671e-01 3.57085e+00 2.68732e-03
-2.60023e-01 3.63217e+00 2.68294e-03
-2.69560e-01 3.69349e+00 2.67926e-03
-2.79282e-01 3.75480e+00 2.67627e-03
-2.89188e-01 3.81610e+00 2.67395e-03
-2.99279e-01 3.87740e+00 2.67227e-03
-3.09555e-01 3.93868e+00 2.67122e-03
-3.20016e-01 3.99997e+00 2.67078e-03
-1.37969e-05 9.99994e-01 1.16827e-02
-1.44921e-05 1.06122e+00 8.63793e-03
-1.52813e-05 1.12244e+00 6.53462e-03
-1.61645e-05 1.18367e+00 5.17761e-03
-1.71419e-05 1.24489e+00 4.38527e-03
-1.82134e-05 1.30611e+00 3.99562e-03
-1.93791e-05 1.36734e+00 3.86916e-03
-2.06392e-05 1.42856e+00 3.88946e-03
-2.19936e-05 1.48979e+00 3.96198e-03
-2.34424e-05 1.55101e+00 4.01201e-03
-2.49857e-05 1.61224e+00 3.98212e-03
-2.66235e-05 1.67346e+00 3.82948e-03
-2.83558e-05 1.73468e+00 3.52334e-03
-3.01913e-05 1.79591e+00 3.37582e-03
-3.21247e-05 1.85713e+00 3.32003e-03
-3.41534e-05 1.91836e+00 3.26784e-03
-3.62773e-05 1.97958e+00 3.21905e-03
-3.84964e-05 2.04080e+00 3.17346e-03
-4.08108e-05 2.10203e+00 3.13086e-03
-4.32205e-05 2.16325e+00 3.09104e-03
-4.57255e-05 2.22448e+00 3.05381e-03
-4.83257e-05 2.28570e+00 3.01898e-03
-5.10213e-05 2.34692e+00 2.98638e-03
-5.38122e-05 2.40815e+00 2.95583e-03
-5.66984e-05 2.46937e+00 2.92719e-03
-5.96860e-05 2.53060e+00 2.90167e-03
-6.27748e-05 2.59182e+00 2.87918e-03
-6.59586e-05 2.65304e+00 2.85828e-03
-6.92375e-05 2.71427e+00 2.83889e-03
-7.26114e-05 2.77549e+00 2.82093e-03
-7.60802e-05 2.83672e+00 2.80434e-03
-7.96440e-05 2.89794e+00 2.78902e-03
-8.33027e-05 2.95916e+00 2.77493e-03
-8.70562e-05 3.02039e+00 2.76199e-03
-9.09046e-05 3.08161e+00 2.75014e-03
-9.48477e-05 3.14284e+00 2.73932e-03
-9.88856e-05 3.20406e+00 2.72947e-03
-1.03020e-04 3.26528e+00 2.72057e-03
-1.07255e-04 3.32651e+00 2.71253e-03
-1.11584e-04 3.38773e+00 2.70527e-03
-1.16006e-04 3.44895e+00 2.69877e-03
-1.20521e-04 3.51018e+00 2.69302e-03
-1.25130e-04 3.57140e+00 2.68800e-03
-1.29832e-04 3.63263e+00 2.68370e-03
-1.34627e-04 3.69385e+00 2.68010e-03
-1.39515e-04 3.75507e+00 2.67719e-03
-1.44497e-04 3.81630e+00 2.67494e-03
-1.49571e-04 3.87752e+00 2.67334e-03
-1.54738e-04 3.93875e+00 2.67237e-03
-1.59998e-04 3.99997e+00 2.67202e-03
