-1.00000e+00 0.00000e+00 -6.82649e-04
-1.06122e+00 0.00000e+00 -3.84458e-04
-1.12245e+00 0.00000e+00 -1.03378e-04
-1.18367e+00 0.00000e+00 1.60591e-04
-1.24490e+00 0.00000e+00 4.07450e-04
-1.30612e+00 0.00000e+00 6.37199e-04
-1.36734e+00 0.00000e+00 8.49836e-04
-1.42857e+00 0.00000e+00 1.04536e-03
-1.48979e+00 0.00000e+00 1.22378e-03
-1.55101e+00 0.00000e+00 1.38509e-03
-1.61224e+00 0.00000e+00 1.52928e-03
-1.67346e+00 0.00000e+00 1.65636e-03
-1.73469e+00 0.00000e+00 1.76634e-03
-1.79591e+00 0.00000e+00 1.85920e-03
-1.85713e+00 0.00000e+00 1.93495e-03
-1.91836e+00 0.00000e+00 1.99360e-03
-1.97958e+00 0.00000e+00 2.03513e-03
-2.04081e+00 0.00000e+00 2.05955e-03
-2.10203e+00 0.00000e+00 2.06686e-03
-2.16325e+00 0.00000e+00 2.05706e-03
-2.22448e+00 0.00000e+00 2.03014e-03
-2.28570e+00 0.00000e+00 1.98612e-03
-2.34693e+00 0.00000e+00 1.92499e-03
-2.40815e+00 0.00000e+00 1.84675e-03
-2.46937e+00 0.00000e+00 1.75139e-03
-2.53060e+00 0.00000e+00 2.09438e-03
-2.59182e+00 0.00000e+00 2.10505e-03
-2.65304e+00 0.00000e+00 2.11523e-03
-2.71427e+00 0.00000e+00 2.12493e-03
-2.77549e+00 0.00000e+00 2.13414e-03
-2.83672e+00 0.00000e+00 2.14287e-03
-2.89794e+00 0.00000e+00 2.15111e-03
-2.95916e+00 0.00000e+00 2.15887e-03
-3.02039e+00 0.00000e+00 2.16614e-03
-3.08161e+00 0.00000e+00 2.17292e-03
-3.14284e+00 0.00000e+00 2.17922e-03
-3.20406e+00 0.00000e+00 2.18503e-03
-3.26528e+00 0.00000e+00 2.19036e-03
-3.32651e+00 0.00000e+00 2.19520e-03
-3.38773e+00 0.00000e+00 2.19956e-03
-3.44896e+00 0.00000e+00 2.20343e-03
-3.51018e+00 0.00000e+00 2.20681e-03
-3.57140e+00 0.00000e+00 2.20971e-03
-3.63263e+00 0.00000e+00 2.21212e-03
-3.69385e+00 0.00000e+00 2.21405e-03
-3.75507e+00 0.00000e+00 2.21549e-03
-3.81630e+00 0.00000e+00 2.21645e-03
-3.87752e+00 0.00000e+00 2.21692e-03
-3.93875e+00 0.00000e+00 2.21690e-03
-3.99997e+00 0.00000e+00 2.21640e-03
-9.88409e-01 2.74464e-02 -7.19345e-04
-1.05026e+00 2.88937e-02 -4.22278e-04
-1.11208e+00 3.05275e-02 -1.41976e-04
-1.17386e+00 3.23479e-02 1.21637e-04
-1.23561e+00 3.43547e-02 3.68599e-04
-1.29733e+00 3.65478e-02 5.98921e-04
-1.35901e+00 3.89274e-02 8.12592e-04
-1.42067e+00 4.14933e-02 1.00959e-03
-1.48230e+00 4.42455e-02 1.18988e-03
-1.54391e+00 4.71841e-02 1.35343e-03
-1.60549e+00 5.03090e-02 1.50020e-03
-1.66704e+00 5.36202e-02 1.63014e-03
-1.72857e+00 5.71179e-02 1.74323e-03
-1.79008e+00 6.08020e-02 1.83943e-03
-1.85157e+00 6.46725e-02 1.91871e-03
-1.91304e+00 6.87296e-02 1.98104e-03
-1.97449e+00 7.29734e-02 2.02640e-03
-2.03593e+00 7.74039e-02 2.05478e-03
-2.09735e+00 8.20212e-02 2.06615e-03
-2.15875e+00 8.68254e-02 2.06051e-03
-2.22014e+00 9.18166e-02 2.03783e-03
-2.28152e+00 9.69951e-02 1.99812e-03
-2.34289e+00 1.02361e-01 1.94137e-03
-2.40425e+00 1.07914e-01 1.86756e-03
-2.46560e+00 1.13655e-01 1.77671e-03
-2.52706e+00 1.19637e-01 2.08275e-03
-2.58862e+00 1.25858e-01 2.09488e-03
-2.65016e+00 1.32265e-01 2.10638e-03
-2.71167e+00 1.38858e-01 2.11726e-03
-2.77316e+00 1.45635e-01 2.12753e-03
-2.83462e+00 1.52598e-01 2.13718e-03
-2.89607e+00 1.59745e-01 2.14623e-03
-2.95750e+00 1.67076e-01 2.15468e-03
-3.01891e+00 1.74593e-01 2.16253e-03
-3.08030e+00 1.82293e-01 2.16979e-03
-3.14167e+00 1.90178e-01 2.17645e-03
-3.20304e+00 1.98247e-01 2.18254e-03
-3.26439e+00 2.06500e-01 2.18804e-03
-3.32572e+00 2.14936e-01 2.19296e-03
-3.38705e+00 2.23557e-01 2.19731e-03
-3.44836e+00 2.32361e-01 2.20108e-03
-3.50967e+00 2.41349e-01 2.20428e-03
-3.57097e+00 2.50521e-01 2.20692e-03
-3.63227e+00 2.59876e-01 2.20898e-03
-3.69356e+00 2.69415e-01 2.21049e-03
-3.75484e+00 2.79137e-01 2.21143e-03
-3.81612e+00 2.89043e-01 2.21182e-03
-3.87741e+00 2.99133e-01 2.21165e-03
-3.93869e+00 3.09406e-01 2.21092e-03
-3.99997e+00 3.19862e-01 2.20963e-03
-9.76371e-01 5.48637e-02 -7.27311e-04
-1.03876e+00 5.77906e-02 -4.36911e-04
-1.10107e+00 6.10801e-02 -1.62705e-04
-1.16333e+00 6.47316e-02 9.55510e-05
-1.22552e+00 6.87447e-02 3.38007e-04
-1.28766e+00 7.31191e-02 5.64730e-04
-1.34973e+00 7.78542e-02 7.75732e-04
-1.41176e+00 8.29498e-02 9.70978e-04
-1.47373e+00 8.84056e-02 1.15040e-03
-1.53565e+00 9.42213e-02 1.31393e-03
-1.59753e+00 1.00397e-01 1.46146e-03
-1.65936e+00 1.06932e-01 1.59290e-03
-1.72115e+00 1.13826e-01 1.70816e-03
-1.78290e+00 1.21080e-01 1.80715e-03
-1.84462e+00 1.28693e-01 1.88977e-03
-1.90630e+00 1.36666e-01 1.95594e-03
-1.96795e+00 1.44997e-01 2.00561e-03
-2.02957e+00 1.53689e-01 2.03869e-03
-2.09117e+00 1.62739e-01 2.05514e-03
-2.15273e+00 1.72150e-01 2.05490e-03
-2.21428e+00 1.81921e-01 2.03793e-03
-2.27581e+00 1.92051e-01 2.00418e-03
-2.33732e+00 2.02543e-01 1.95363e-03
-2.39881e+00 2.13395e-01 1.88624e-03
-2.46030e+00 2.24608e-01 1.80198e-03
-2.52200e+00 2.36297e-01 2.06958e-03
-2.58391e+00 2.48459e-01 2.08263e-03
-2.64577e+00 2.60978e-01 2.09497e-03
-2.70758e+00 2.73853e-01 2.10663e-03
-2.76936e+00 2.87084e-01 2.11760e-03
-2.83109e+00 3.00670e-01 2.12789e-03
-2.89279e+00 3.14612e-01 2.13751e-03
-2.95446e+00 3.28910e-01 2.14646e-03
-3.01610e+00 3.43562e-01 2.15474e-03
-3.07771e+00 3.58570e-01 2.16237e-03
-3.13929e+00 3.73934e-01 2.16935e-03
-3.20085e+00 3.89652e-01 2.17567e-03
-3.26238e+00 4.05726e-01 2.18136e-03
-3.32390e+00 4.22155e-01 2.18640e-03
-3.38540e+00 4.38939e-01 2.19080e-03
-3.44688e+00 4.56080e-01 2.19457e-03
-3.50835e+00 4.73576e-01 2.19771e-03
-3.56982e+00 4.91428e-01 2.20022e-03
-3.63127e+00 5.09637e-01 2.20211e-03
-3.69272e+00 5.28202e-01 2.20337e-03
-3.75417e+00 5.47125e-01 2.20402e-03
-3.81561e+00 5.66405e-01 2.20405e-03
-3.87706e+00 5.86044e-01 2.20346e-03
-3.93851e+00 6.06040e-01 2.20227e-03
-3.99997e+00 6.26396e-01 2.20046e-03
-9.63884e-01 8.22262e-02 -7.08991e-04
-1.02671e+00 8.66653e-02 -4.29870e-04
-1.08943e+00 9.16321e-02 -1.66144e-04
-1.15207e+00 9.71251e-02 8.26503e-05
-1.21462e+00 1.03143e-01 3.16803e-04
-1.27709e+00 1.09686e-01 5.36465e-04
-1.33948e+00 1.16751e-01 7.41679e-04
-1.40180e+00 1.24338e-01 9.32409e-04
-1.46405e+00 1.32447e-01 1.10856e-03
-1.52623e+00 1.41077e-01 1.27002e-03
-1.58835e+00 1.50227e-01 1.41661e-03
-1.65040e+00 1.59896e-01 1.54819e-03
-1.71241e+00 1.70085e-01 1.66459e-03
-1.77436e+00 1.80792e-01 1.76565e-03
-1.83626e+00 1.92018e-01 1.85120e-03
-1.89812e+00 2.03763e-01 1.92110e-03
-1.95994e+00 2.16026e-01 1.97522e-03
-2.02172e+00 2.28807e-01 2.01342e-03
-2.08347e+00 2.42107e-01 2.03559e-03
-2.14518e+00 2.55925e-01 2.04162e-03
-2.20687e+00 2.70263e-01 2.03142e-03
-2.26854e+00 2.85120e-01 2.00489e-03
-2.33019e+00 3.00497e-01 1.96197e-03
-2.39182e+00 3.16394e-01 1.90258e-03
-2.45345e+00 3.32813e-01 1.82666e-03
-2.51540e+00 3.49935e-01 2.05558e-03
-2.57766e+00 3.67757e-01 2.06909e-03
-2.63986e+00 3.86092e-01 2.08189e-03
-2.70200e+00 4.04940e-01 2.09398e-03
-2.76408e+00 4.24301e-01 2.10537e-03
-2.82612e+00 4.44175e-01 2.11606e-03
-2.88811e+00 4.64562e-01 2.12605e-03
-2.95005e+00 4.85461e-01 2.13535e-03
-3.01196e+00 5.06872e-01 2.14396e-03
-3.07383e+00 5.28797e-01 2.15188e-03
-3.13567e+00 5.51235e-01 2.15912e-03
-3.19748e+00 5.74186e-01 2.16567e-03
-3.25927e+00 5.97652e-01 2.17155e-03
-3.32103e+00 6.21632e-01 2.17675e-03
-3.38278e+00 6.46126e-01 2.18128e-03
-3.44451e+00 6.71137e-01 2.18513e-03
-3.50622e+00 6.96665e-01 2.18831e-03
-3.56793e+00 7.22709e-01 2.19083e-03
-3.62964e+00 7.49273e-01 2.19268e-03
-3.69134e+00 7.76355e-01 2.19387e-03
-3.75305e+00 8.03959e-01 2.19440e-03
-3.81476e+00 8.32084e-01 2.19426e-03
-3.87649e+00 8.60732e-01 2.19347e-03
-3.93822e+00 8.89904e-01 2.19202e-03
-3.99997e+00 9.19603e-01 2.18991e-03
-9.50948e-01 1.09507e-01 -6.66601e-04
-1.01411e+00 1.15491e-01 -4.02496e-04
-1.07715e+00 1.22157e-01 -1.52762e-04
-1.14008e+00 1.29501e-01 8.32908e-05
-1.20290e+00 1.37522e-01 3.06098e-04
-1.26563e+00 1.46218e-01 5.15894e-04
-1.32826e+00 1.55587e-01 7.12758e-04
-1.39079e+00 1.65627e-01 8.96654e-04
-1.45325e+00 1.76337e-01 1.06746e-03
-1.51562e+00 1.87716e-01 1.22502e-03
-1.57792e+00 1.99762e-01 1.36910e-03
-1.64016e+00 2.12475e-01 1.49948e-03
-1.70232e+00 2.25853e-01 1.61593e-03
-1.76443e+00 2.39896e-01 1.71821e-03
-1.82648e+00 2.54604e-01 1.80609e-03
-1.88848e+00 2.69976e-01 1.87934e-03
-1.95044e+00 2.86012e-01 1.93776e-03
-2.01236e+00 3.02712e-01 1.98115e-03
-2.07424e+00 3.20076e-01 2.00932e-03
-2.13609e+00 3.38103e-01 2.02211e-03
-2.19791e+00 3.56796e-01 2.01935e-03
-2.25972e+00 3.76153e-01 2.00092e-03
-2.32150e+00 3.96176e-01 1.96666e-03
-2.38328e+00 4.16866e-01 1.91647e-03
-2.44504e+00 4.38223e-01 1.85022e-03
-2.50726e+00 4.60506e-01 2.04150e-03
-2.56988e+00 4.83706e-01 2.05512e-03
-2.63243e+00 5.07563e-01 2.06806e-03
-2.69491e+00 5.32077e-01 2.08032e-03
-2.75733e+00 5.57246e-01 2.09190e-03
-2.81969e+00 5.83072e-01 2.10280e-03
-2.88201e+00 6.09553e-01 2.11302e-03
-2.94427e+00 6.36692e-01 2.12255e-03
-3.00649e+00 6.64487e-01 2.13140e-03
-3.06868e+00 6.92940e-01 2.13956e-03
-3.13083e+00 7.22051e-01 2.14703e-03
-3.19295e+00 7.51822e-01 2.15381e-03
-3.25504e+00 7.82252e-01 2.15990e-03
-3.31712e+00 8.13344e-01 2.16530e-03
-3.37918e+00 8.45099e-01 2.17002e-03
-3.44124e+00 8.77518e-01 2.17404e-03
-3.50328e+00 9.10602e-01 2.17737e-03
-3.56533e+00 9.44354e-01 2.18000e-03
-3.62737e+00 9.78776e-01 2.18194e-03
-3.68943e+00 1.01387e+00 2.18319e-03
-3.75149e+00 1.04963e+00 2.18375e-03
-3.81358e+00 1.08608e+00 2.18361e-03
-3.87568e+00 1.12320e+00 2.18278e-03
-3.93781e+00 1.16100e+00 2.18125e-03
-3.99997e+00 1.19948e+00 2.17903e-03
-9.37566e-01 1.36678e-01 -6.02142e-04
-1.00096e+00 1.44241e-01 -3.55970e-04
-1.06421e+00 1.52627e-01 -1.22929e-04
-1.12734e+00 1.61831e-01 9.78694e-05
-1.19035e+00 1.71852e-01 3.06985e-04
-1.25325e+00 1.82686e-01 5.04724e-04
-1.31604e+00 1.94331e-01 6.91193e-04
-1.37872e+00 2.06783e-01 8.66355e-04
-1.44132e+00 2.20040e-01 1.03006e-03
-1.50382e+00 2.34102e-01 1.18211e-03
-1.56625e+00 2.48965e-01 1.32222e-03
-1.62860e+00 2.64628e-01 1.45012e-03
-1.69088e+00 2.81090e-01 1.56550e-03
-1.75310e+00 2.98351e-01 1.66804e-03
-1.81526e+00 3.16408e-01 1.75746e-03
-1.87738e+00 3.35262e-01 1.83346e-03
-1.93944e+00 3.54912e-01 1.89576e-03
-2.00147e+00 3.75358e-01 1.94409e-03
-2.06347e+00 3.96599e-01 1.97820e-03
-2.12544e+00 4.18637e-01 1.99786e-03
-2.18739e+00 4.41472e-01 2.00285e-03
-2.24932e+00 4.65104e-01 1.99296e-03
-2.31124e+00 4.89534e-01 1.96800e-03
-2.37316e+00 5.14764e-01 1.92780e-03
-2.43508e+00 5.40795e-01 1.87218e-03
-2.49757e+00 5.67965e-01 2.02805e-03
-2.56056e+00 5.96264e-01 2.04152e-03
-2.62347e+00 6.25349e-01 2.05438e-03
-2.68632e+00 6.55220e-01 2.06662e-03
-2.74910e+00 6.85877e-01 2.07824e-03
-2.81182e+00 7.17320e-01 2.08923e-03
-2.87448e+00 7.49550e-01 2.09957e-03
-2.93711e+00 7.82567e-01 2.10926e-03
-2.99969e+00 8.16372e-01 2.11830e-03
-3.06223e+00 8.50968e-01 2.12667e-03
-3.12475e+00 8.86353e-01 2.13437e-03
-3.18724e+00 9.22531e-01 2.14139e-03
-3.24971e+00 9.59504e-01 2.14773e-03
-3.31217e+00 9.97272e-01 2.15338e-03
-3.37462e+00 1.03584e+00 2.15834e-03
-3.43707e+00 1.07521e+00 2.16259e-03
-3.49953e+00 1.11538e+00 2.16615e-03
-3.56199e+00 1.15635e+00 2.16900e-03
-3.62447e+00 1.19814e+00 2.17114e-03
-3.68697e+00 1.24073e+00 2.17256e-03
-3.74950e+00 1.28415e+00 2.17327e-03
-3.81205e+00 1.32838e+00 2.17325e-03
-3.87465e+00 1.37344e+00 2.17250e-03
-3.93728e+00 1.41932e+00 2.17102e-03
-3.99997e+00 1.46603e+00 2.16881e-03
-9.23739e-01 1.63711e-01 -5.17424e-04
-9.87255e-01 1.72886e-01 -2.91314e-04
-1.05063e+00 1.83013e-01 -7.69099e-05
-1.11386e+00 1.94087e-01 1.26826e-04
-1.17696e+00 2.06104e-01 3.20545e-04
-1.23995e+00 2.19059e-01 5.04596e-04
-1.30281e+00 2.32950e-01 6.79101e-04
-1.36558e+00 2.47772e-01 8.44014e-04
-1.42824e+00 2.63522e-01 9.99166e-04
-1.49082e+00 2.80198e-01 1.14431e-03
-1.55331e+00 2.97797e-01 1.27913e-03
-1.61573e+00 3.16317e-01 1.40329e-03
-1.67808e+00 3.35756e-01 1.51644e-03
-1.74037e+00 3.56113e-01 1.61821e-03
-1.80260e+00 3.77386e-01 1.70823e-03
-1.86479e+00 3.99575e-01 1.78617e-03
-1.92694e+00 4.22679e-01 1.85166e-03
-1.98906e+00 4.46698e-01 1.90440e-03
-2.05115e+00 4.71632e-01 1.94406e-03
-2.11323e+00 4.97481e-01 1.97036e-03
-2.17529e+00 5.24246e-01 1.98301e-03
-2.23734e+00 5.51928e-01 1.98176e-03
-2.29940e+00 5.80528e-01 1.96635e-03
-2.36147e+00 6.10046e-01 1.93654e-03
-2.42355e+00 6.40487e-01 1.89213e-03
-2.48632e+00 6.72273e-01 2.01593e-03
-2.54969e+00 7.05390e-01 2.02910e-03
-2.61298e+00 7.39409e-01 2.04175e-03
-2.67621e+00 7.74331e-01 2.05388e-03
-2.73937e+00 8.10155e-01 2.06545e-03
-2.80248e+00 8.46883e-01 2.07646e-03
-2.86554e+00 8.84515e-01 2.08688e-03
-2.92856e+00 9.23052e-01 2.09670e-03
-2.99154e+00 9.62497e-01 2.10591e-03
-3.05450e+00 1.00285e+00 2.11449e-03
-3.11743e+00 1.04411e+00 2.12243e-03
-3.18035e+00 1.08629e+00 2.12972e-03
-3.24326e+00 1.12938e+00 2.13634e-03
-3.30617e+00 1.17339e+00 2.14229e-03
-3.36909e+00 1.21833e+00 2.14755e-03
-3.43202e+00 1.26419e+00 2.15211e-03
-3.49496e+00 1.31097e+00 2.15596e-03
-3.55793e+00 1.35869e+00 2.15910e-03
-3.62093e+00 1.40735e+00 2.16151e-03
-3.68397e+00 1.45695e+00 2.16319e-03
-3.74706e+00 1.50750e+00 2.16412e-03
-3.81019e+00 1.55899e+00 2.16430e-03
-3.87338e+00 1.61145e+00 2.16372e-03
-3.93664e+00 1.66487e+00 2.16237e-03
-3.99997e+00 1.71926e+00 2.16025e-03
-9.09472e-01 1.90577e-01 -4.14074e-04
-9.73006e-01 2.01397e-01 -2.09406e-04
-1.03639e+00 2.13286e-01 -1.48723e-05
-1.09963e+00 2.26238e-01 1.70647e-04
-1.16273e+00 2.40246e-01 3.47845e-04
-1.22572e+00 2.55306e-01 5.17084e-04
-1.28859e+00 2.71412e-01 6.78484e-04
-1.35135e+00 2.88560e-01 8.31984e-04
-1.41402e+00 3.06747e-01 9.77392e-04
-1.47660e+00 3.25968e-01 1.11443e-03
-1.53910e+00 3.46220e-01 1.24275e-03
-1.60153e+00 3.67501e-01 1.36199e-03
-1.66390e+00 3.89809e-01 1.47174e-03
-1.72621e+00 4.13141e-01 1.57160e-03
-1.78848e+00 4.37496e-01 1.66116e-03
-1.85072e+00 4.62873e-01 1.74003e-03
-1.91292e+00 4.89271e-01 1.80783e-03
-1.97511e+00 5.16690e-01 1.86417e-03
-2.03728e+00 5.45130e-01 1.90870e-03
-2.09944e+00 5.74591e-01 1.94108e-03
-2.16161e+00 6.05075e-01 1.96097e-03
-2.22378e+00 6.36581e-01 1.96808e-03
-2.28598e+00 6.69113e-01 1.96209e-03
-2.34820e+00 7.02671e-01 1.94273e-03
-2.41046e+00 7.37258e-01 1.90972e-03
-2.47351e+00 7.73388e-01 2.00580e-03
-2.53727e+00 8.11044e-01 2.01862e-03
-2.60096e+00 8.49705e-01 2.03103e-03
-2.66459e+00 8.89371e-01 2.04301e-03
-2.72816e+00 9.30045e-01 2.05453e-03
-2.79169e+00 9.71725e-01 2.06556e-03
-2.85517e+00 1.01442e+00 2.07607e-03
-2.91863e+00 1.05812e+00 2.08604e-03
-2.98206e+00 1.10283e+00 2.09545e-03
-3.04548e+00 1.14856e+00 2.10428e-03
-3.10888e+00 1.19531e+00 2.11250e-03
-3.17229e+00 1.24307e+00 2.12010e-03
-3.23571e+00 1.29187e+00 2.12705e-03
-3.29913e+00 1.34169e+00 2.13335e-03
-3.36259e+00 1.39255e+00 2.13896e-03
-3.42607e+00 1.44444e+00 2.14388e-03
-3.48958e+00 1.49738e+00 2.14808e-03
-3.55315e+00 1.55137e+00 2.15156e-03
-3.61676e+00 1.60641e+00 2.15429e-03
-3.68043e+00 1.66251e+00 2.15626e-03
-3.74418e+00 1.71967e+00 2.15746e-03
-3.80799e+00 1.77791e+00 2.15787e-03
-3.87189e+00 1.83724e+00 2.15748e-03
-3.93588e+00 1.89765e+00 2.15628e-03
-3.99997e+00 1.95915e+00 2.15425e-03
-8.94772e-01 2.17245e-01 -2.93546e-04
-9.58211e-01 2.29744e-01 -1.10975e-04
-1.02150e+00 2.43416e-01 6.31195e-05
-1.08464e+00 2.58253e-01 2.29865e-04
-1.14766e+00 2.74247e-01 3.89943e-04
-1.21056e+00 2.91392e-01 5.43700e-04
-1.27334e+00 3.09683e-01 6.91233e-04
-1.33603e+00 3.29113e-01 8.32462e-04
-1.39863e+00 3.49678e-01 9.67175e-04
-1.46115e+00 3.71374e-01 1.09507e-03
-1.52360e+00 3.94196e-01 1.21580e-03
-1.58599e+00 4.18142e-01 1.32896e-03
-1.64834e+00 4.43209e-01 1.43413e-03
-1.71063e+00 4.69394e-01 1.53088e-03
-1.77290e+00 4.96696e-01 1.61880e-03
-1.83515e+00 5.25112e-01 1.69746e-03
-1.89738e+00 5.54644e-01 1.76644e-03
-1.95960e+00 5.85289e-01 1.82535e-03
-2.02183e+00 6.17049e-01 1.87380e-03
-2.08408e+00 6.49924e-01 1.91140e-03
-2.14634e+00 6.83914e-01 1.93781e-03
-2.20864e+00 7.19022e-01 1.95267e-03
-2.27097e+00 7.55249e-01 1.95564e-03
-2.33335e+00 7.92597e-01 1.94642e-03
-2.39578e+00 8.31070e-01 1.92468e-03
-2.45913e+00 8.71275e-01 1.99827e-03
-2.52329e+00 9.13189e-01 2.01080e-03
-2.58740e+00 9.56199e-01 2.02303e-03
-2.65145e+00 1.00031e+00 2.03493e-03
-2.71546e+00 1.04551e+00 2.04645e-03
-2.77943e+00 1.09181e+00 2.05756e-03
-2.84338e+00 1.13922e+00 2.06823e-03
-2.90731e+00 1.18773e+00 2.07841e-03
-2.97124e+00 1.23734e+00 2.08809e-03
-3.03516e+00 1.28807e+00 2.09723e-03
-3.09910e+00 1.33991e+00 2.10580e-03
-3.16305e+00 1.39286e+00 2.11377e-03
-3.22703e+00 1.44694e+00 2.12112e-03
-3.29105e+00 1.50215e+00 2.12781e-03
-3.35511e+00 1.55849e+00 2.13383e-03
-3.41922e+00 1.61597e+00 2.13915e-03
-3.48339e+00 1.67459e+00 2.14374e-03
-3.54763e+00 1.73437e+00 2.14758e-03
-3.61195e+00 1.79530e+00 2.15066e-03
-3.67635e+00 1.85740e+00 2.15293e-03
-3.74085e+00 1.92068e+00 2.15440e-03
-3.80546e+00 1.98514e+00 2.15502e-03
-3.87017e+00 2.05079e+00 2.15479e-03
-3.93500e+00 2.11765e+00 2.15368e-03
-3.99997e+00 2.18572e+00 2.15167e-03
-8.79646e-01 2.43685e-01 -1.57128e-04
-9.42875e-01 2.57897e-01 3.39111e-06
-1.00596e+00 2.73372e-01 1.57103e-04
-1.06891e+00 2.90101e-01 3.05063e-04
-1.13174e+00 3.08075e-01 4.47893e-04
-1.19446e+00 3.27287e-01 5.85891e-04
-1.25709e+00 3.47729e-01 7.19123e-04
-1.31962e+00 3.69396e-01 8.47486e-04
-1.38208e+00 3.92281e-01 9.70757e-04
-1.44448e+00 4.16380e-01 1.08863e-03
-1.50682e+00 4.41687e-01 1.20075e-03
-1.56912e+00 4.68201e-01 1.30671e-03
-1.63138e+00 4.95916e-01 1.40610e-03
-1.69363e+00 5.24831e-01 1.49851e-03
-1.75585e+00 5.54943e-01 1.58349e-03
-1.81808e+00 5.86252e-01 1.66064e-03
-1.88031e+00 6.18755e-01 1.72953e-03
-1.94255e+00 6.52454e-01 1.78975e-03
-2.00483e+00 6.87348e-01 1.84092e-03
-2.06713e+00 7.23437e-01 1.88264e-03
-2.12949e+00 7.60724e-01 1.91454e-03
-2.19189e+00 7.99209e-01 1.93626e-03
-2.25436e+00 8.38896e-01 1.94745e-03
-2.31691e+00 8.79787e-01 1.94776e-03
-2.37953e+00 9.21886e-01 1.93685e-03
-2.44319e+00 9.65896e-01 1.99392e-03
-2.50776e+00 1.01179e+00 2.00630e-03
-2.57229e+00 1.05886e+00 2.01850e-03
-2.63679e+00 1.10710e+00 2.03045e-03
-2.70126e+00 1.15652e+00 2.04211e-03
-2.76571e+00 1.20711e+00 2.05344e-03
-2.83016e+00 1.25889e+00 2.06438e-03
-2.89461e+00 1.31186e+00 2.07490e-03
-2.95907e+00 1.36601e+00 2.08496e-03
-3.02356e+00 1.42135e+00 2.09451e-03
-3.08808e+00 1.47789e+00 2.10351e-03
-3.15264e+00 1.53563e+00 2.11194e-03
-3.21725e+00 1.59458e+00 2.11975e-03
-3.28192e+00 1.65474e+00 2.12691e-03
-3.34666e+00 1.71613e+00 2.13339e-03
-3.41148e+00 1.77874e+00 2.13914e-03
-3.47639e+00 1.84259e+00 2.14414e-03
-3.54139e+00 1.90768e+00 2.14836e-03
-3.60650e+00 1.97403e+00 2.15176e-03
-3.67173e+00 2.04163e+00 2.15431e-03
-3.73709e+00 2.11051e+00 2.15598e-03
-3.80258e+00 2.18067e+00 2.15675e-03
-3.86822e+00 2.25213e+00 2.15657e-03
-3.93401e+00 2.32488e+00 2.15543e-03
-3.99997e+00 2.39896e+00 2.15328e-03
-8.64104e-01 2.69866e-01 -5.94189e-06
-9.27007e-01 2.85825e-01 1.33251e-04
-9.89778e-01 3.03123e-01 2.67219e-04
-1.05243e+00 3.21751e-01 3.96875e-04
-1.11498e+00 3.41698e-01 5.22739e-04
-1.17744e+00 3.62955e-01 6.45044e-04
-1.23981e+00 3.85516e-01 7.63816e-04
-1.30212e+00 4.09372e-01 8.78935e-04
-1.36437e+00 4.34518e-01 9.90176e-04
-1.42658e+00 4.60947e-01 1.09725e-03
-1.48875e+00 4.88655e-01 1.19981e-03
-1.55090e+00 5.17637e-01 1.29749e-03
-1.61304e+00 5.47890e-01 1.38990e-03
-1.67518e+00 5.79411e-01 1.47664e-03
-1.73733e+00 6.12198e-01 1.55731e-03
-1.79950e+00 6.46250e-01 1.63153e-03
-1.86170e+00 6.81565e-01 1.69888e-03
-1.92395e+00 7.18143e-01 1.75900e-03
-1.98625e+00 7.55985e-01 1.81149e-03
-2.04861e+00 7.95091e-01 1.85599e-03
-2.11104e+00 8.35464e-01 1.89214e-03
-2.17356e+00 8.77106e-01 1.91957e-03
-2.23616e+00 9.20018e-01 1.93794e-03
-2.29888e+00 9.64206e-01 1.94691e-03
-2.36170e+00 1.00967e+00 1.94615e-03
-2.42567e+00 1.05722e+00 1.99324e-03
-2.49067e+00 1.10681e+00 2.00573e-03
-2.55564e+00 1.15765e+00 2.01812e-03
-2.62060e+00 1.20972e+00 2.03034e-03
-2.68556e+00 1.26304e+00 2.04235e-03
-2.75052e+00 1.31760e+00 2.05408e-03
-2.81551e+00 1.37341e+00 2.06549e-03
-2.88052e+00 1.43048e+00 2.07651e-03
-2.94556e+00 1.48880e+00 2.08709e-03
-3.01066e+00 1.54838e+00 2.09719e-03
-3.07582e+00 1.60924e+00 2.10676e-03
-3.14104e+00 1.67136e+00 2.11575e-03
-3.20635e+00 1.73477e+00 2.12412e-03
-3.27174e+00 1.79947e+00 2.13181e-03
-3.33724e+00 1.86546e+00 2.13879e-03
-3.40284e+00 1.93276e+00 2.14501e-03
-3.46857e+00 2.00137e+00 2.15043e-03
-3.53442e+00 2.07130e+00 2.15500e-03
-3.60042e+00 2.14257e+00 2.15869e-03
-3.66657e+00 2.21519e+00 2.16144e-03
-3.73289e+00 2.28916e+00 2.16322e-03
-3.79937e+00 2.36450e+00 2.16399e-03
-3.86604e+00 2.44123e+00 2.16370e-03
-3.93290e+00 2.51934e+00 2.16231e-03
-3.99997e+00 2.59887e+00 2.15978e-03
-8.48156e-01 2.95757e-01 1.59054e-04
-9.10613e-01 3.13496e-01 2.78308e-04
-9.72961e-01 3.32637e-01 3.93713e-04
-1.03521e+00 3.53169e-01 5.05988e-04
-1.09738e+00 3.75081e-01 6.15526e-04
-1.15948e+00 3.98364e-01 7.22486e-04
-1.22153e+00 4.23009e-01 8.26861e-04
-1.28353e+00 4.49007e-01 9.28526e-04
-1.34550e+00 4.76353e-01 1.02728e-03
-1.40745e+00 5.05039e-01 1.12285e-03
-1.46939e+00 5.35060e-01 1.21496e-03
-1.53134e+00 5.66413e-01 1.30327e-03
-1.59331e+00 5.99092e-01 1.38746e-03
-1.65530e+00 6.33096e-01 1.46718e-03
-1.71734e+00 6.68421e-01 1.54209e-03
-1.77942e+00 7.05067e-01 1.61185e-03
-1.84157e+00 7.43032e-01 1.67610e-03
-1.90379e+00 7.82317e-01 1.73453e-03
-1.96610e+00 8.22921e-01 1.78678e-03
-2.02849e+00 8.64848e-01 1.83254e-03
-2.09100e+00 9.08098e-01 1.87147e-03
-2.15362e+00 9.52674e-01 1.90325e-03
-2.21637e+00 9.98579e-01 1.92758e-03
-2.27926e+00 1.04582e+00 1.94412e-03
-2.34229e+00 1.09440e+00 1.95257e-03
-2.40659e+00 1.14521e+00 1.99670e-03
-2.47202e+00 1.19823e+00 2.00961e-03
-2.53745e+00 1.25254e+00 2.02251e-03
-2.60290e+00 1.30814e+00 2.03531e-03
-2.66837e+00 1.36504e+00 2.04794e-03
-2.73387e+00 1.42324e+00 2.06033e-03
-2.79943e+00 1.48275e+00 2.07243e-03
-2.86503e+00 1.54356e+00 2.08417e-03
-2.93071e+00 1.60569e+00 2.09548e-03
-2.99647e+00 1.66915e+00 2.10631e-03
-3.06232e+00 1.73392e+00 2.11659e-03
-3.12827e+00 1.80004e+00 2.12628e-03
-3.19433e+00 1.86749e+00 2.13531e-03
-3.26052e+00 1.93630e+00 2.14362e-03
-3.32684e+00 2.00647e+00 2.15116e-03
-3.39331e+00 2.07800e+00 2.15787e-03
-3.45994e+00 2.15092e+00 2.16370e-03
-3.52673e+00 2.22523e+00 2.16860e-03
-3.59371e+00 2.30094e+00 2.17249e-03
-3.66087e+00 2.37807e+00 2.17533e-03
-3.72824e+00 2.45663e+00 2.17706e-03
-3.79582e+00 2.53664e+00 2.17763e-03
-3.86363e+00 2.61810e+00 2.17697e-03
-3.93167e+00 2.70103e+00 2.17503e-03
-3.99997e+00 2.78546e+00 2.17174e-03
-8.31816e-01 3.21327e-01 3.37069e-04
-8.93707e-01 3.40879e-01 4.38413e-04
-9.55517e-01 3.61882e-01 5.36936e-04
-1.01726e+00 3.84324e-01 6.33142e-04
-1.07895e+00 4.08194e-01 7.27294e-04
-1.14061e+00 4.33480e-01 8.19486e-04
-1.20223e+00 4.60173e-01 9.09698e-04
-1.26385e+00 4.88266e-01 9.97824e-04
-1.32546e+00 5.17750e-01 1.08371e-03
-1.38709e+00 5.48619e-01 1.16714e-03
-1.44875e+00 5.80867e-01 1.24792e-03
-1.51044e+00 6.14490e-01 1.32578e-03
-1.57219e+00 6.49484e-01 1.40049e-03
-1.63399e+00 6.85845e-01 1.47178e-03
-1.69587e+00 7.23572e-01 1.53940e-03
-1.75784e+00 7.62663e-01 1.60308e-03
-1.81991e+00 8.03118e-01 1.66256e-03
-1.88208e+00 8.44937e-01 1.71758e-03
-1.94437e+00 8.88120e-01 1.76789e-03
-2.00680e+00 9.32670e-01 1.81322e-03
-2.06937e+00 9.78588e-01 1.85332e-03
-2.13209e+00 1.02588e+00 1.88793e-03
-2.19498e+00 1.07455e+00 1.91679e-03
-2.25805e+00 1.12459e+00 1.93964e-03
-2.32131e+00 1.17603e+00 1.95623e-03
-2.38594e+00 1.22984e+00 2.00469e-03
-2.45181e+00 1.28601e+00 2.01845e-03
-2.51772e+00 1.34350e+00 2.03223e-03
-2.58367e+00 1.40233e+00 2.04596e-03
-2.64968e+00 1.46250e+00 2.05956e-03
-2.71576e+00 1.52401e+00 2.07293e-03
-2.78192e+00 1.58688e+00 2.08602e-03
-2.84817e+00 1.65109e+00 2.09874e-03
-2.91452e+00 1.71667e+00 2.11103e-03
-2.98099e+00 1.78362e+00 2.12280e-03
-3.04758e+00 1.85194e+00 2.13400e-03
-3.11432e+00 1.92164e+00 2.14455e-03
-3.18120e+00 1.99273e+00 2.15437e-03
-3.24825e+00 2.06523e+00 2.16340e-03
-3.31547e+00 2.13914e+00 2.17157e-03
-3.38288e+00 2.21447e+00 2.17880e-03
-3.45049e+00 2.29124e+00 2.18503e-03
-3.51831e+00 2.36945e+00 2.19019e-03
-3.58635e+00 2.44913e+00 2.19419e-03
-3.65463e+00 2.53028e+00 2.19696e-03
-3.72315e+00 2.61292e+00 2.19843e-03
-3.79193e+00 2.69707e+00 2.19851e-03
-3.86099e+00 2.78274e+00 2.19714e-03
-3.93033e+00 2.86995e+00 2.19421e-03
-3.99997e+00 2.95872e+00 2.18966e-03
-8.15735e-01 3.45600e-01 4.77019e-04
-8.76929e-01 3.66997e-01 5.57426e-04
-9.38079e-01 3.89882e-01 6.38771e-04
-9.99198e-01 4.14241e-01 7.20818e-04
-1.06030e+00 4.40061e-01 8.03245e-04
-1.12140e+00 4.67332e-01 8.85683e-04
-1.18251e+00 4.96043e-01 9.67740e-04
-1.24365e+00 5.26187e-01 1.04902e-03
-1.30482e+00 5.57755e-01 1.12911e-03
-1.36605e+00 5.90740e-01 1.20764e-03
-1.42733e+00 6.25137e-01 1.28421e-03
-1.48870e+00 6.60941e-01 1.35846e-03
-1.55015e+00 6.98148e-01 1.43003e-03
-1.61171e+00 7.36754e-01 1.49856e-03
-1.67338e+00 7.76759e-01 1.56372e-03
-1.73517e+00 8.18160e-01 1.62518e-03
-1.79711e+00 8.60958e-01 1.68263e-03
-1.85919e+00 9.05153e-01 1.73574e-03
-1.92143e+00 9.50745e-01 1.78422e-03
-1.98385e+00 9.97739e-01 1.82775e-03
-2.04646e+00 1.04613e+00 1.86604e-03
-2.10926e+00 1.09594e+00 1.89879e-03
-2.17227e+00 1.14715e+00 1.92570e-03
-2.23550e+00 1.19979e+00 1.94648e-03
-2.29896e+00 1.25384e+00 1.96083e-03
-2.36392e+00 1.31043e+00 2.00233e-03
-2.43023e+00 1.36950e+00 2.01943e-03
-2.49661e+00 1.42994e+00 2.03566e-03
-2.56307e+00 1.49174e+00 2.05106e-03
-2.62963e+00 1.55492e+00 2.06566e-03
-2.69630e+00 1.61946e+00 2.07948e-03
-2.76308e+00 1.68538e+00 2.09253e-03
-2.83000e+00 1.75269e+00 2.10484e-03
-2.89706e+00 1.82140e+00 2.11641e-03
-2.96428e+00 1.89150e+00 2.12726e-03
-3.03167e+00 1.96301e+00 2.13740e-03
-3.09924e+00 2.03594e+00 2.14683e-03
-3.16701e+00 2.11029e+00 2.15557e-03
-3.23498e+00 2.18609e+00 2.16361e-03
-3.30317e+00 2.26333e+00 2.17096e-03
-3.37159e+00 2.34204e+00 2.17762e-03
-3.44026e+00 2.42222e+00 2.18358e-03
-3.50918e+00 2.50390e+00 2.18884e-03
-3.57837e+00 2.58707e+00 2.19341e-03
-3.64785e+00 2.67177e+00 2.19726e-03
-3.71763e+00 2.75800e+00 2.20040e-03
-3.78771e+00 2.84579e+00 2.20280e-03
-3.85812e+00 2.93514e+00 2.20447e-03
-3.92887e+00 3.02609e+00 2.20538e-03
-3.99997e+00 3.11865e+00 2.20552e-03
-7.99415e-01 3.69387e-01 6.37508e-04
-8.59793e-01 3.92660e-01 7.00478e-04
-9.20169e-01 4.17442e-01 7.66579e-04
-9.80556e-01 4.43720e-01 8.35065e-04
-1.04097e+00 4.71481e-01 9.05263e-04
-1.10142e+00 5.00713e-01 9.76558e-04
-1.16193e+00 5.31407e-01 1.04839e-03
-1.22251e+00 5.63554e-01 1.12025e-03
-1.28316e+00 5.97145e-01 1.19167e-03
-1.34391e+00 6.32174e-01 1.26220e-03
-1.40477e+00 6.68635e-01 1.33145e-03
-1.46575e+00 7.06523e-01 1.39902e-03
-1.52686e+00 7.45834e-01 1.46457e-03
-1.58812e+00 7.86566e-01 1.52775e-03
-1.64953e+00 8.28716e-01 1.58824e-03
-1.71112e+00 8.72285e-01 1.64572e-03
-1.77289e+00 9.17270e-01 1.69990e-03
-1.83485e+00 9.63675e-01 1.75048e-03
-1.89703e+00 1.01150e+00 1.79717e-03
-1.95942e+00 1.06075e+00 1.83969e-03
-2.02204e+00 1.11142e+00 1.87776e-03
-2.08491e+00 1.16353e+00 1.91110e-03
-2.14804e+00 1.21707e+00 1.93943e-03
-2.21143e+00 1.27205e+00 1.96246e-03
-2.27511e+00 1.32848e+00 1.97990e-03
-2.34039e+00 1.38758e+00 2.01395e-03
-2.40714e+00 1.44930e+00 2.03150e-03
-2.47401e+00 1.51239e+00 2.04802e-03
-2.54100e+00 1.57686e+00 2.06355e-03
-2.60813e+00 1.64273e+00 2.07815e-03
-2.67541e+00 1.70998e+00 2.09185e-03
-2.74286e+00 1.77863e+00 2.10470e-03
-2.81048e+00 1.84869e+00 2.11674e-03
-2.87829e+00 1.92016e+00 2.12798e-03
-2.94631e+00 1.99305e+00 2.13847e-03
-3.01454e+00 2.06737e+00 2.14824e-03
-3.08300e+00 2.14313e+00 2.15729e-03
-3.15171e+00 2.22034e+00 2.16566e-03
-3.22067e+00 2.29902e+00 2.17337e-03
-3.28990e+00 2.37917e+00 2.18043e-03
-3.35941e+00 2.46081e+00 2.18686e-03
-3.42921e+00 2.54396e+00 2.19267e-03
-3.49933e+00 2.62862e+00 2.19787e-03
-3.56976e+00 2.71482e+00 2.20248e-03
-3.64054e+00 2.80257e+00 2.20649e-03
-3.71166e+00 2.89189e+00 2.20993e-03
-3.78316e+00 2.98280e+00 2.21278e-03
-3.85503e+00 3.07531e+00 2.21506e-03
-3.92729e+00 3.16946e+00 2.21677e-03
-3.99996e+00 3.26525e+00 2.21790e-03
-7.82642e-01 3.93004e-01 8.00291e-04
-8.42085e-01 4.18181e-01 8.46334e-04
-9.01576e-01 4.44876e-01 8.97790e-04
-9.61128e-01 4.73074e-01 9.53338e-04
-1.02076e+00 5.02764e-01 1.01191e-03
-1.08047e+00 5.33933e-01 1.07263e-03
-1.14030e+00 5.66571e-01 1.13475e-03
-1.20024e+00 6.00670e-01 1.19763e-03
-1.26031e+00 6.36221e-01 1.26073e-03
-1.32052e+00 6.73217e-01 1.32357e-03
-1.38089e+00 7.11654e-01 1.38570e-03
-1.44143e+00 7.51525e-01 1.44673e-03
-1.50215e+00 7.92829e-01 1.50631e-03
-1.56307e+00 8.35561e-01 1.56410e-03
-1.62420e+00 8.79722e-01 1.61979e-03
-1.68555e+00 9.25309e-01 1.67309e-03
-1.74713e+00 9.72324e-01 1.72371e-03
-1.80895e+00 1.02077e+00 1.77138e-03
-1.87104e+00 1.07064e+00 1.81584e-03
-1.93339e+00 1.12195e+00 1.85683e-03
-1.99603e+00 1.17470e+00 1.89408e-03
-2.05896e+00 1.22889e+00 1.92734e-03
-2.12221e+00 1.28453e+00 1.95634e-03
-2.18577e+00 1.34162e+00 1.98083e-03
-2.24967e+00 1.40018e+00 2.00053e-03
-2.31529e+00 1.46152e+00 2.02869e-03
-2.38250e+00 1.52558e+00 2.04657e-03
-2.44986e+00 1.59103e+00 2.06325e-03
-2.51740e+00 1.65786e+00 2.07880e-03
-2.58513e+00 1.72609e+00 2.09328e-03
-2.65306e+00 1.79571e+00 2.10677e-03
-2.72120e+00 1.86674e+00 2.11932e-03
-2.78957e+00 1.93919e+00 2.13097e-03
-2.85818e+00 2.01305e+00 2.14178e-03
-2.92704e+00 2.08835e+00 2.15179e-03
-2.99617e+00 2.16509e+00 2.16105e-03
-3.06559e+00 2.24328e+00 2.16958e-03
-3.13530e+00 2.32294e+00 2.17743e-03
-3.20531e+00 2.40407e+00 2.18463e-03
-3.27565e+00 2.48669e+00 2.19120e-03
-3.34633e+00 2.57082e+00 2.19719e-03
-3.41735e+00 2.65647e+00 2.20262e-03
-3.48875e+00 2.74365e+00 2.20751e-03
-3.56052e+00 2.83239e+00 2.21189e-03
-3.63268e+00 2.92270e+00 2.21578e-03
-3.70526e+00 3.01460e+00 2.21920e-03
-3.77826e+00 3.10811e+00 2.22218e-03
-3.85170e+00 3.20326e+00 2.22473e-03
-3.92560e+00 3.30005e+00 2.22686e-03
-3.99996e+00 3.39853e+00 2.22861e-03
-7.65426e-01 4.16424e-01 9.64699e-04
-8.23815e-01 4.43532e-01 9.94422e-04
-8.82309e-01 4.72154e-01 1.03190e-03
-9.40922e-01 5.02273e-01 1.07518e-03
-9.99668e-01 5.33879e-01 1.12277e-03
-1.05856e+00 5.66958e-01 1.17349e-03
-1.11761e+00 6.01502e-01 1.22642e-03
-1.17684e+00 6.37500e-01 1.28078e-03
-1.23625e+00 6.74947e-01 1.33595e-03
-1.29587e+00 7.13834e-01 1.39138e-03
-1.35569e+00 7.54158e-01 1.44662e-03
-1.41574e+00 7.95912e-01 1.50125e-03
-1.47603e+00 8.39095e-01 1.55492e-03
-1.53657e+00 8.83704e-01 1.60731e-03
-1.59737e+00 9.29739e-01 1.65811e-03
-1.65845e+00 9.77198e-01 1.70704e-03
-1.71982e+00 1.02608e+00 1.75385e-03
-1.78148e+00 1.07639e+00 1.79829e-03
-1.84346e+00 1.12814e+00 1.84011e-03
-1.90577e+00 1.18131e+00 1.87907e-03
-1.96842e+00 1.23593e+00 1.91494e-03
-2.03142e+00 1.29199e+00 1.94748e-03
-2.09478e+00 1.34950e+00 1.97647e-03
-2.15852e+00 1.40847e+00 2.00165e-03
-2.22265e+00 1.46890e+00 2.02278e-03
-2.28862e+00 1.53221e+00 2.04632e-03
-2.35629e+00 1.59833e+00 2.06431e-03
-2.42417e+00 1.66583e+00 2.08096e-03
-2.49228e+00 1.73471e+00 2.09636e-03
-2.56063e+00 1.80497e+00 2.11058e-03
-2.62924e+00 1.87664e+00 2.12372e-03
-2.69811e+00 1.94970e+00 2.13583e-03
-2.76727e+00 2.02417e+00 2.14698e-03
-2.83672e+00 2.10007e+00 2.15723e-03
-2.90648e+00 2.17739e+00 2.16664e-03
-2.97657e+00 2.25616e+00 2.17526e-03
-3.04699e+00 2.33638e+00 2.18314e-03
-3.11777e+00 2.41806e+00 2.19033e-03
-3.18891e+00 2.50123e+00 2.19687e-03
-3.26043e+00 2.58588e+00 2.20281e-03
-3.33235e+00 2.67205e+00 2.20818e-03
-3.40468e+00 2.75974e+00 2.21304e-03
-3.47744e+00 2.84898e+00 2.21742e-03
-3.55063e+00 2.93978e+00 2.22135e-03
-3.62429e+00 3.03215e+00 2.22487e-03
-3.69841e+00 3.12613e+00 2.22803e-03
-3.77303e+00 3.22173e+00 2.23086e-03
-3.84814e+00 3.31897e+00 2.23339e-03
-3.92378e+00 3.41788e+00 2.23567e-03
-3.99996e+00 3.51847e+00 2.23773e-03
-7.47782e-01 4.39616e-01 1.13003e-03
-8.04995e-01 4.68684e-01 1.14416e-03
-8.62379e-01 4.99246e-01 1.16842e-03
-9.19948e-01 5.31286e-01 1.20015e-03
-9.77715e-01 5.64794e-01 1.23742e-03
-1.03569e+00 5.99757e-01 1.27875e-03
-1.09389e+00 6.36166e-01 1.32302e-03
-1.15233e+00 6.74013e-01 1.36932e-03
-1.21102e+00 7.13290e-01 1.41693e-03
-1.26996e+00 7.53991e-01 1.46528e-03
-1.32918e+00 7.96112e-01 1.51386e-03
-1.38869e+00 8.39649e-01 1.56225e-03
-1.44850e+00 8.84599e-01 1.61010e-03
-1.50862e+00 9.30960e-01 1.65709e-03
-1.56906e+00 9.78733e-01 1.70292e-03
-1.62984e+00 1.02792e+00 1.74734e-03
-1.69096e+00 1.07851e+00 1.79011e-03
-1.75245e+00 1.13052e+00 1.83100e-03
-1.81431e+00 1.18395e+00 1.86979e-03
-1.87656e+00 1.23881e+00 1.90628e-03
-1.93921e+00 1.29509e+00 1.94024e-03
-2.00227e+00 1.35280e+00 1.97148e-03
-2.06575e+00 1.41196e+00 1.99978e-03
-2.12967e+00 1.47256e+00 2.02493e-03
-2.19405e+00 1.53462e+00 2.04670e-03
-2.26038e+00 1.59964e+00 2.06659e-03
-2.32852e+00 1.66752e+00 2.08441e-03
-2.39693e+00 1.73677e+00 2.10078e-03
-2.46563e+00 1.80738e+00 2.11580e-03
-2.53463e+00 1.87936e+00 2.12958e-03
-2.60395e+00 1.95273e+00 2.14219e-03
-2.67359e+00 2.02748e+00 2.15371e-03
-2.74357e+00 2.10363e+00 2.16422e-03
-2.81391e+00 2.18118e+00 2.17378e-03
-2.88463e+00 2.26016e+00 2.18247e-03
-2.95572e+00 2.34056e+00 2.19034e-03
-3.02722e+00 2.42241e+00 2.19745e-03
-3.09912e+00 2.50571e+00 2.20386e-03
-3.17146e+00 2.59048e+00 2.20963e-03
-3.24424e+00 2.67674e+00 2.21480e-03
-3.31748e+00 2.76450e+00 2.21943e-03
-3.39120e+00 2.85378e+00 2.22356e-03
-3.46540e+00 2.94460e+00 2.22726e-03
-3.54012e+00 3.03697e+00 2.23057e-03
-3.61535e+00 3.13092e+00 2.23355e-03
-3.69112e+00 3.22647e+00 2.23624e-03
-3.76746e+00 3.32364e+00 2.23871e-03
-3.84436e+00 3.42245e+00 2.24100e-03
-3.92186e+00 3.52293e+00 2.24319e-03
-3.99996e+00 3.62510e+00 2.24533e-03
-7.29724e-01 4.62553e-01 1.29555e-03
-7.85640e-01 4.93608e-01 1.29496e-03
-8.41801e-01 5.26122e-01 1.30684e-03
-8.98220e-01 5.60082e-01 1.32781e-03
-9.54909e-01 5.95477e-01 1.35546e-03
-1.01188e+00 6.32296e-01 1.38803e-03
-1.06914e+00 6.70531e-01 1.42418e-03
-1.12671e+00 7.10173e-01 1.46288e-03
-1.18460e+00 7.51216e-01 1.50333e-03
-1.24282e+00 7.93654e-01 1.54490e-03
-1.30138e+00 8.37484e-01 1.58706e-03
-1.36029e+00 8.82702e-01 1.62938e-03
-1.41957e+00 9.29306e-01 1.67149e-03
-1.47922e+00 9.77296e-01 1.71309e-03
-1.53927e+00 1.02667e+00 1.75391e-03
-1.59971e+00 1.07743e+00 1.79369e-03
-1.66057e+00 1.12958e+00 1.83221e-03
-1.72186e+00 1.18312e+00 1.86928e-03
-1.78359e+00 1.23806e+00 1.90470e-03
-1.84576e+00 1.29439e+00 1.93829e-03
-1.90841e+00 1.35214e+00 1.96986e-03
-1.97152e+00 1.41129e+00 1.99922e-03
-2.03513e+00 1.47187e+00 2.02621e-03
-2.09924e+00 1.53388e+00 2.05063e-03
-2.16387e+00 1.59732e+00 2.07229e-03
-2.23057e+00 1.66377e+00 2.08925e-03
-2.29919e+00 1.73313e+00 2.10655e-03
-2.36815e+00 1.80382e+00 2.12234e-03
-2.43746e+00 1.87585e+00 2.13673e-03
-2.50714e+00 1.94923e+00 2.14983e-03
-2.57719e+00 2.02396e+00 2.16172e-03
-2.64764e+00 2.10006e+00 2.17248e-03
-2.71849e+00 2.17753e+00 2.18219e-03
-2.78977e+00 2.25638e+00 2.19094e-03
-2.86148e+00 2.33662e+00 2.19878e-03
-2.93364e+00 2.41828e+00 2.20579e-03
-3.00626e+00 2.50135e+00 2.21203e-03
-3.07937e+00 2.58586e+00 2.21757e-03
-3.15297e+00 2.67182e+00 2.22246e-03
-3.22708e+00 2.75925e+00 2.22676e-03
-3.30172e+00 2.84816e+00 2.23054e-03
-3.37690e+00 2.93857e+00 2.23385e-03
-3.45264e+00 3.03050e+00 2.23675e-03
-3.52896e+00 3.12398e+00 2.23932e-03
-3.60587e+00 3.21901e+00 2.24160e-03
-3.68340e+00 3.31563e+00 2.24368e-03
-3.76155e+00 3.41385e+00 2.24562e-03
-3.84035e+00 3.51370e+00 2.24751e-03
-3.91981e+00 3.61520e+00 2.24943e-03
-3.99996e+00 3.71839e+00 2.25149e-03
-7.11269e-01 4.85207e-01 1.46050e-03
-7.65766e-01 5.18273e-01 1.44622e-03
-8.20591e-01 5.52751e-01 1.44667e-03
-8.75753e-01 5.88630e-01 1.45773e-03
-9.31265e-01 6.25898e-01 1.47651e-03
-9.87137e-01 6.64545e-01 1.50096e-03
-1.04338e+00 7.04565e-01 1.52954e-03
-1.10000e+00 7.45949e-01 1.56111e-03
-1.15702e+00 7.88692e-01 1.59479e-03
-1.21444e+00 8.32790e-01 1.62989e-03
-1.27228e+00 8.78240e-01 1.66587e-03
-1.33054e+00 9.25038e-01 1.70228e-03
-1.38925e+00 9.73184e-01 1.73876e-03
-1.44840e+00 1.02268e+00 1.77500e-03
-1.50801e+00 1.07352e+00 1.81075e-03
-1.56809e+00 1.12571e+00 1.84577e-03
-1.62866e+00 1.17926e+00 1.87988e-03
-1.68972e+00 1.23416e+00 1.91288e-03
-1.75130e+00 1.29042e+00 1.94461e-03
-1.81339e+00 1.34805e+00 1.97491e-03
-1.87602e+00 1.40706e+00 2.00362e-03
-1.93919e+00 1.46744e+00 2.03059e-03
-2.00293e+00 1.52921e+00 2.05568e-03
-2.06723e+00 1.59239e+00 2.07872e-03
-2.13213e+00 1.65697e+00 2.09955e-03
-2.19920e+00 1.72458e+00 2.11404e-03
-2.26832e+00 1.79513e+00 2.13043e-03
-2.33784e+00 1.86697e+00 2.14530e-03
-2.40778e+00 1.94011e+00 2.15877e-03
-2.47815e+00 2.01457e+00 2.17093e-03
-2.54898e+00 2.09033e+00 2.18187e-03
-2.62026e+00 2.16743e+00 2.19168e-03
-2.69202e+00 2.24586e+00 2.20044e-03
-2.76428e+00 2.32564e+00 2.20823e-03
-2.83703e+00 2.40679e+00 2.21511e-03
-2.91031e+00 2.48930e+00 2.22116e-03
-2.98413e+00 2.57321e+00 2.22644e-03
-3.05849e+00 2.65852e+00 2.23102e-03
-3.13343e+00 2.74525e+00 2.23496e-03
-3.20894e+00 2.83341e+00 2.23832e-03
-3.28506e+00 2.92303e+00 2.24117e-03
-3.36179e+00 3.01411e+00 2.24358e-03
-3.43915e+00 3.10669e+00 2.24561e-03
-3.51717e+00 3.20079e+00 2.24733e-03
-3.59585e+00 3.29641e+00 2.24883e-03
-3.67522e+00 3.39359e+00 2.25019e-03
-3.75530e+00 3.49235e+00 2.25150e-03
-3.83610e+00 3.59271e+00 2.25286e-03
-3.91765e+00 3.69471e+00 2.25442e-03
-3.99996e+00 3.79836e+00 2.25630e-03
-6.92434e-01 5.07549e-01 1.62406e-03
-7.45391e-01 5.42652e-01 1.59734e-03
-7.98766e-01 5.79106e-01 1.58743e-03
-8.52566e-01 6.16900e-01 1.58949e-03
-9.06802e-01 6.56024e-01 1.60019e-03
-9.61484e-01 6.96472e-01 1.61718e-03
-1.01662e+00 7.38235e-01 1.63876e-03
-1.07222e+00 7.81308e-01 1.66366e-03
-1.12830e+00 8.25686e-01 1.69095e-03
-1.18486e+00 8.71367e-01 1.71990e-03
-1.24191e+00 9.18347e-01 1.74993e-03
-1.29947e+00 9.66625e-01 1.78059e-03
-1.35755e+00 1.01620e+00 1.81153e-03
-1.41615e+00 1.06708e+00 1.84245e-03
-1.47529e+00 1.11925e+00 1.87311e-03
-1.53498e+00 1.17273e+00 1.90328e-03
-1.59523e+00 1.22751e+00 1.93280e-03
-1.65604e+00 1.28361e+00 1.96151e-03
-1.71745e+00 1.34102e+00 1.98926e-03
-1.77945e+00 1.39975e+00 2.01591e-03
-1.84205e+00 1.45982e+00 2.04135e-03
-1.90528e+00 1.52122e+00 2.06544e-03
-1.96914e+00 1.58397e+00 2.08807e-03
-2.03365e+00 1.64807e+00 2.10911e-03
-2.09881e+00 1.71355e+00 2.12843e-03
-2.16628e+00 1.78206e+00 2.14071e-03
-2.23589e+00 1.85351e+00 2.15576e-03
-2.30599e+00 1.92620e+00 2.16934e-03
-2.37658e+00 2.00014e+00 2.18155e-03
-2.44768e+00 2.07535e+00 2.19249e-03
-2.51930e+00 2.15182e+00 2.20225e-03
-2.59146e+00 2.22957e+00 2.21091e-03
-2.66417e+00 2.30862e+00 2.21854e-03
-2.73744e+00 2.38897e+00 2.22523e-03
-2.81130e+00 2.47063e+00 2.23103e-03
-2.88575e+00 2.55363e+00 2.23602e-03
-2.96082e+00 2.63797e+00 2.24026e-03
-3.03651e+00 2.72367e+00 2.24381e-03
-3.11284e+00 2.81074e+00 2.24674e-03
-3.18983e+00 2.89921e+00 2.24912e-03
-3.26750e+00 2.98909e+00 2.25100e-03
-3.34586e+00 3.08040e+00 2.25245e-03
-3.42494e+00 3.17317e+00 2.25356e-03
-3.50474e+00 3.26740e+00 2.25440e-03
-3.58529e+00 3.36313e+00 2.25505e-03
-3.66661e+00 3.46037e+00 2.25562e-03
-3.74872e+00 3.55915e+00 2.25623e-03
-3.83163e+00 3.65950e+00 2.25701e-03
-3.91537e+00 3.76144e+00 2.25814e-03
-3.99996e+00 3.86500e+00 2.25984e-03
-6.73241e-01 5.29554e-01 1.78541e-03
-7.24536e-01 5.66716e-01 1.74768e-03
-7.76346e-01 6.05155e-01 1.72862e-03
-8.28678e-01 6.44861e-01 1.72269e-03
-8.81540e-01 6.85827e-01 1.72613e-03
-9.34939e-01 7.28045e-01 1.73635e-03
-9.88883e-01 7.71511e-01 1.75150e-03
-1.04338e+00 8.16219e-01 1.77021e-03
-1.09844e+00 8.62167e-01 1.79149e-03
-1.15407e+00 9.09352e-01 1.81458e-03
-1.21029e+00 9.57774e-01 1.83890e-03
-1.26709e+00 1.00743e+00 1.86398e-03
-1.32449e+00 1.05833e+00 1.88949e-03
-1.38250e+00 1.11046e+00 1.91512e-03
-1.44113e+00 1.16383e+00 1.94065e-03
-1.50039e+00 1.21845e+00 1.96590e-03
-1.56029e+00 1.27432e+00 1.99069e-03
-1.62084e+00 1.33144e+00 2.01489e-03
-1.68205e+00 1.38982e+00 2.03839e-03
-1.74394e+00 1.44947e+00 2.06107e-03
-1.80652e+00 1.51040e+00 2.08283e-03
-1.86980e+00 1.57261e+00 2.10359e-03
-1.93378e+00 1.63611e+00 2.12325e-03
-1.99849e+00 1.70092e+00 2.14171e-03
-2.06394e+00 1.76704e+00 2.15889e-03
-2.13180e+00 1.83618e+00 2.16902e-03
-2.20192e+00 1.90824e+00 2.18226e-03
-2.27261e+00 1.98149e+00 2.19414e-03
-2.34387e+00 2.05592e+00 2.20475e-03
-2.41571e+00 2.13156e+00 2.21417e-03
-2.48817e+00 2.20841e+00 2.22249e-03
-2.56123e+00 2.28648e+00 2.22978e-03
-2.63493e+00 2.36579e+00 2.23611e-03
-2.70927e+00 2.44634e+00 2.24154e-03
-2.78428e+00 2.52815e+00 2.24614e-03
-2.85996e+00 2.61124e+00 2.24998e-03
-2.93633e+00 2.69562e+00 2.25310e-03
-3.01341e+00 2.78130e+00 2.25558e-03
-3.09121e+00 2.86831e+00 2.25746e-03
-3.16975e+00 2.95665e+00 2.25881e-03
-3.24905e+00 3.04636e+00 2.25970e-03
-3.32913e+00 3.13744e+00 2.26018e-03
-3.40999e+00 3.22992e+00 2.26034e-03
-3.49168e+00 3.32381e+00 2.26026e-03
-3.57419e+00 3.41915e+00 2.26004e-03
-3.65756e+00 3.51596e+00 2.25980e-03
-3.74180e+00 3.61425e+00 2.25967e-03
-3.82693e+00 3.71405e+00 2.25985e-03
-3.91297e+00 3.81540e+00 2.26058e-03
-3.99996e+00 3.91831e+00 2.26220e-03
-6.53710e-01 5.51195e-01 1.94369e-03
-7.03223e-01 5.90439e-01 1.89664e-03
-7.53355e-01 6.30871e-01 1.86978e-03
-8.04112e-01 6.72485e-01 1.85693e-03
-8.55500e-01 7.15274e-01 1.85399e-03
-9.07524e-01 7.59234e-01 1.85816e-03
-9.60191e-01 8.04361e-01 1.86745e-03
-1.01351e+00 8.50651e-01 1.88044e-03
-1.06748e+00 8.98104e-01 1.89609e-03
-1.12212e+00 9.46717e-01 1.91362e-03
-1.17742e+00 9.96492e-01 1.93244e-03
-1.23341e+00 1.04743e+00 1.95211e-03
-1.29009e+00 1.09953e+00 1.97227e-03
-1.34746e+00 1.15280e+00 1.99266e-03
-1.40554e+00 1.20724e+00 2.01305e-03
-1.46434e+00 1.26285e+00 2.03329e-03
-1.52386e+00 1.31965e+00 2.05322e-03
-1.58412e+00 1.37763e+00 2.07273e-03
-1.64513e+00 1.43681e+00 2.09173e-03
-1.70690e+00 1.49719e+00 2.11013e-03
-1.76943e+00 1.55878e+00 2.12787e-03
-1.83275e+00 1.62158e+00 2.14487e-03
-1.89686e+00 1.68562e+00 2.16107e-03
-1.96178e+00 1.75090e+00 2.17641e-03
-2.02752e+00 1.81743e+00 2.19083e-03
-2.09578e+00 1.88694e+00 2.19871e-03
-2.16642e+00 1.95933e+00 2.20966e-03
-2.23770e+00 2.03283e+00 2.21941e-03
-2.30965e+00 2.10744e+00 2.22805e-03
-2.38227e+00 2.18320e+00 2.23564e-03
-2.45558e+00 2.26009e+00 2.24225e-03
-2.52959e+00 2.33814e+00 2.24794e-03
-2.60431e+00 2.41735e+00 2.25277e-03
-2.67977e+00 2.49775e+00 2.25680e-03
-2.75597e+00 2.57934e+00 2.26009e-03
-2.83293e+00 2.66214e+00 2.26267e-03
-2.91066e+00 2.74616e+00 2.26461e-03
-2.98919e+00 2.83142e+00 2.26596e-03
-3.06853e+00 2.91793e+00 2.26676e-03
-3.14870e+00 3.00573e+00 2.26707e-03
-3.22970e+00 3.09481e+00 2.26695e-03
-3.31157e+00 3.18521e+00 2.26645e-03
-3.39432e+00 3.27694e+00 2.26567e-03
-3.47798e+00 3.37003e+00 2.26466e-03
-3.56255e+00 3.46449e+00 2.26355e-03
-3.64806e+00 3.56035e+00 2.26247e-03
-3.73454e+00 3.65764e+00 2.26159e-03
-3.82200e+00 3.75637e+00 2.26117e-03
-3.91046e+00 3.85658e+00 2.26160e-03
-3.99996e+00 3.95829e+00 2.26347e-03
-6.33864e-01 5.72447e-01 2.09804e-03
-6.81474e-01 6.13793e-01 2.04360e-03
-7.29816e-01 6.56227e-01 2.01043e-03
-7.78893e-01 6.99743e-01 1.99184e-03
-8.28707e-01 7.44339e-01 1.98345e-03
-8.79264e-01 7.90010e-01 1.98229e-03
-9.30568e-01 8.36756e-01 1.98631e-03
-9.82622e-01 8.84575e-01 1.99405e-03
-1.03543e+00 9.33466e-01 2.00443e-03
-1.08901e+00 9.83432e-01 2.01669e-03
-1.14335e+00 1.03447e+00 2.03024e-03
-1.19847e+00 1.08659e+00 2.04464e-03
-1.25437e+00 1.13979e+00 2.05956e-03
-1.31106e+00 1.19407e+00 2.07474e-03
-1.36855e+00 1.24945e+00 2.08998e-03
-1.42685e+00 1.30592e+00 2.10514e-03
-1.48597e+00 1.36349e+00 2.12009e-03
-1.54591e+00 1.42216e+00 2.13474e-03
-1.60669e+00 1.48196e+00 2.14902e-03
-1.66831e+00 1.54288e+00 2.16286e-03
-1.73080e+00 1.60493e+00 2.17622e-03
-1.79415e+00 1.66813e+00 2.18907e-03
-1.85839e+00 1.73248e+00 2.20136e-03
-1.92352e+00 1.79800e+00 2.21307e-03
-1.98956e+00 1.86470e+00 2.22417e-03
-2.05823e+00 1.93432e+00 2.22955e-03
-2.12939e+00 2.00675e+00 2.23770e-03
-2.20129e+00 2.08020e+00 2.24488e-03
-2.27394e+00 2.15470e+00 2.25116e-03
-2.34735e+00 2.23024e+00 2.25658e-03
-2.42154e+00 2.30685e+00 2.26120e-03
-2.49653e+00 2.38454e+00 2.26506e-03
-2.57232e+00 2.46332e+00 2.26820e-03
-2.64893e+00 2.54319e+00 2.27067e-03
-2.72637e+00 2.62418e+00 2.27250e-03
-2.80467e+00 2.70631e+00 2.27374e-03
-2.88383e+00 2.78958e+00 2.27442e-03
-2.96387e+00 2.87401e+00 2.27458e-03
-3.04481e+00 2.95962e+00 2.27427e-03
-3.12667e+00 3.04643e+00 2.27352e-03
-3.20946e+00 3.13446e+00 2.27238e-03
-3.29321e+00 3.22373e+00 2.27090e-03
-3.37793e+00 3.31425e+00 2.26915e-03
-3.46364e+00 3.40604e+00 2.26720e-03
-3.55036e+00 3.49914e+00 2.26516e-03
-3.63812e+00 3.59356e+00 2.26318e-03
-3.72694e+00 3.68933e+00 2.26148e-03
-3.81683e+00 3.78646e+00 2.26044e-03
-3.90783e+00 3.88500e+00 2.26073e-03
-3.99995e+00 3.98495e+00 2.26374e-03
-6.13726e-01 5.93287e-01 2.24755e-03
-6.59315e-01 6.36753e-01 2.18793e-03
-7.05755e-01 6.81195e-01 2.15012e-03
-7.53046e-01 7.26608e-01 2.12705e-03
-8.01190e-01 7.72991e-01 2.11418e-03
-8.50188e-01 8.20345e-01 2.10846e-03
-9.00041e-01 8.68668e-01 2.10781e-03
-9.50754e-01 9.17961e-01 2.11075e-03
-1.00233e+00 9.68228e-01 2.11625e-03
-1.05477e+00 1.01947e+00 2.12352e-03
-1.10809e+00 1.07169e+00 2.13200e-03
-1.16228e+00 1.12489e+00 2.14128e-03
-1.21735e+00 1.17908e+00 2.15104e-03
-1.27332e+00 1.23425e+00 2.16105e-03
-1.33018e+00 1.29043e+00 2.17113e-03
-1.38794e+00 1.34761e+00 2.18115e-03
-1.44662e+00 1.40580e+00 2.19100e-03
-1.50622e+00 1.46501e+00 2.20063e-03
-1.56675e+00 1.52525e+00 2.20997e-03
-1.62822e+00 1.58653e+00 2.21899e-03
-1.69064e+00 1.64885e+00 2.22767e-03
-1.75402e+00 1.71224e+00 2.23599e-03
-1.81838e+00 1.77669e+00 2.24395e-03
-1.88373e+00 1.84222e+00 2.25155e-03
-1.95007e+00 1.90884e+00 2.25879e-03
-2.01916e+00 1.97831e+00 2.26130e-03
-2.09084e+00 2.05049e+00 2.26612e-03
-2.16336e+00 2.12360e+00 2.27027e-03
-2.23673e+00 2.19767e+00 2.27380e-03
-2.31096e+00 2.27270e+00 2.27671e-03
-2.38607e+00 2.34870e+00 2.27904e-03
-2.46206e+00 2.42568e+00 2.28082e-03
-2.53895e+00 2.50367e+00 2.28206e-03
-2.61676e+00 2.58266e+00 2.28279e-03
-2.69550e+00 2.66269e+00 2.28303e-03
-2.77518e+00 2.74376e+00 2.28281e-03
-2.85582e+00 2.82588e+00 2.28214e-03
-2.93744e+00 2.90908e+00 2.28105e-03
-3.02005e+00 2.99337e+00 2.27957e-03
-3.10367e+00 3.07877e+00 2.27771e-03
-3.18833e+00 3.16530e+00 2.27551e-03
-3.27403e+00 3.25298e+00 2.27299e-03
-3.36081e+00 3.34182e+00 2.27020e-03
-3.44867e+00 3.43186e+00 2.26718e-03
-3.53764e+00 3.52310e+00 2.26401e-03
-3.62775e+00 3.61557e+00 2.26081e-03
-3.71900e+00 3.70931e+00 2.25781e-03
-3.81144e+00 3.80432e+00 2.25549e-03
-3.90508e+00 3.90064e+00 2.25524e-03
-3.99995e+00 3.99828e+00 2.26308e-03
-5.93297e-01 6.13716e-01 2.39785e-03
-6.36765e-01 6.59304e-01 2.33532e-03
-6.81207e-01 7.05743e-01 2.29355e-03
-7.26621e-01 7.53033e-01 2.26579e-03
-7.73005e-01 8.01176e-01 2.24771e-03
-8.20359e-01 8.50173e-01 2.23642e-03
-8.68683e-01 9.00026e-01 2.22995e-03
-9.17978e-01 9.50738e-01 2.22691e-03
-9.68244e-01 1.00231e+00 2.22631e-03
-1.01949e+00 1.05475e+00 2.22744e-03
-1.07171e+00 1.10807e+00 2.22978e-03
-1.12491e+00 1.16226e+00 2.23296e-03
-1.17909e+00 1.21733e+00 2.23670e-03
-1.23427e+00 1.27330e+00 2.24079e-03
-1.29045e+00 1.33016e+00 2.24510e-03
-1.34763e+00 1.38792e+00 2.24951e-03
-1.40582e+00 1.44660e+00 2.25398e-03
-1.46503e+00 1.50620e+00 2.25845e-03
-1.52527e+00 1.56673e+00 2.26290e-03
-1.58655e+00 1.62820e+00 2.26735e-03
-1.64888e+00 1.69062e+00 2.27180e-03
-1.71226e+00 1.75400e+00 2.27629e-03
-1.77671e+00 1.81836e+00 2.28085e-03
-1.84224e+00 1.88371e+00 2.28554e-03
-1.90886e+00 1.95005e+00 2.29044e-03
-1.97833e+00 2.01914e+00 2.29164e-03
-2.05051e+00 2.09082e+00 2.29297e-03
-2.12362e+00 2.16334e+00 2.29421e-03
-2.19769e+00 2.23671e+00 2.29534e-03
-2.27272e+00 2.31094e+00 2.29634e-03
-2.34872e+00 2.38605e+00 2.29717e-03
-2.42570e+00 2.46204e+00 2.29784e-03
-2.50369e+00 2.53893e+00 2.29831e-03
-2.58268e+00 2.61674e+00 2.29858e-03
-2.66271e+00 2.69548e+00 2.29864e-03
-2.74377e+00 2.77516e+00 2.29848e-03
-2.82590e+00 2.85580e+00 2.29808e-03
-2.90909e+00 2.93742e+00 2.29744e-03
-2.99339e+00 3.02004e+00 2.29652e-03
-3.07879e+00 3.10366e+00 2.29533e-03
-3.16531e+00 3.18832e+00 2.29382e-03
-3.25299e+00 3.27402e+00 2.29196e-03
-3.34183e+00 3.36080e+00 2.28968e-03
-3.43187e+00 3.44866e+00 2.28689e-03
-3.52311e+00 3.53763e+00 2.28344e-03
-3.61558e+00 3.62774e+00 2.27904e-03
-3.70931e+00 3.71900e+00 2.27313e-03
-3.80432e+00 3.81144e+00 2.26445e-03
-3.90064e+00 3.90508e+00 2.24942e-03
-3.99829e+00 3.99995e+00 2.21212e-03
-5.72457e-01 6.33854e-01 2.52982e-03
-6.13804e-01 6.81463e-01 2.47151e-03
-6.56239e-01 7.29803e-01 2.43087e-03
-6.99756e-01 7.78879e-01 2.40221e-03
-7.44353e-01 8.28693e-01 2.38185e-03
-7.90025e-01 8.79249e-01 2.36732e-03
-8.36772e-01 9.30551e-01 2.35691e-03
-8.84591e-01 9.82605e-01 2.34944e-03
-9.33484e-01 1.03542e+00 2.34405e-03
-9.83450e-01 1.08899e+00 2.34014e-03
-1.03449e+00 1.14333e+00 2.33725e-03
-1.08661e+00 1.19845e+00 2.33508e-03
-1.13981e+00 1.25435e+00 2.33338e-03
-1.19409e+00 1.31104e+00 2.33201e-03
-1.24947e+00 1.36853e+00 2.33084e-03
-1.30594e+00 1.42683e+00 2.32980e-03
-1.36351e+00 1.48594e+00 2.32885e-03
-1.42219e+00 1.54589e+00 2.32797e-03
-1.48198e+00 1.60667e+00 2.32717e-03
-1.54290e+00 1.66829e+00 2.32646e-03
-1.60496e+00 1.73078e+00 2.32588e-03
-1.66815e+00 1.79413e+00 2.32547e-03
-1.73251e+00 1.85837e+00 2.32530e-03
-1.79802e+00 1.92350e+00 2.32543e-03
-1.86472e+00 1.98954e+00 2.32595e-03
-1.93434e+00 2.05821e+00 2.32536e-03
-2.00677e+00 2.12937e+00 2.32384e-03
-2.08022e+00 2.20127e+00 2.32231e-03
-2.15472e+00 2.27392e+00 2.32072e-03
-2.23027e+00 2.34733e+00 2.31906e-03
-2.30688e+00 2.42153e+00 2.31729e-03
-2.38456e+00 2.49651e+00 2.31539e-03
-2.46334e+00 2.57230e+00 2.31335e-03
-2.54321e+00 2.64891e+00 2.31113e-03
-2.62421e+00 2.72636e+00 2.30874e-03
-2.70633e+00 2.80465e+00 2.30615e-03
-2.78960e+00 2.88381e+00 2.30335e-03
-2.87403e+00 2.96386e+00 2.30031e-03
-2.95964e+00 3.04480e+00 2.29703e-03
-3.04645e+00 3.12666e+00 2.29347e-03
-3.13448e+00 3.20945e+00 2.28962e-03
-3.22374e+00 3.29320e+00 2.28543e-03
-3.31426e+00 3.37792e+00 2.28086e-03
-3.40606e+00 3.46363e+00 2.27582e-03
-3.49915e+00 3.55036e+00 2.27023e-03
-3.59357e+00 3.63812e+00 2.26393e-03
-3.68934e+00 3.72694e+00 2.25666e-03
-3.78647e+00 3.81683e+00 2.24800e-03
-3.88501e+00 3.90783e+00 2.23714e-03
-3.98496e+00 3.99995e+00 2.22244e-03
-5.51205e-01 6.53700e-01 2.66081e-03
-5.90450e-01 7.03211e-01 2.60756e-03
-6.30884e-01 7.53342e-01 2.56863e-03
-6.72499e-01 8.04097e-01 2.53945e-03
-7.15289e-01 8.55484e-01 2.51704e-03
-7.59249e-01 9.07507e-01 2.49937e-03
-8.04377e-01 9.60172e-01 2.48505e-03
-8.50668e-01 1.01349e+00 2.47311e-03
-8.98121e-01 1.06746e+00 2.46285e-03
-9.46735e-01 1.12209e+00 2.45378e-03
-9.96511e-01 1.17740e+00 2.44555e-03
-1.04745e+00 1.23339e+00 2.43791e-03
-1.09955e+00 1.29007e+00 2.43067e-03
-1.15282e+00 1.34744e+00 2.42373e-03
-1.20726e+00 1.40552e+00 2.41700e-03
-1.26288e+00 1.46432e+00 2.41045e-03
-1.31967e+00 1.52384e+00 2.40407e-03
-1.37766e+00 1.58410e+00 2.39785e-03
-1.43683e+00 1.64510e+00 2.39183e-03
-1.49721e+00 1.70687e+00 2.38604e-03
-1.55880e+00 1.76941e+00 2.38054e-03
-1.62161e+00 1.83272e+00 2.37540e-03
-1.68564e+00 1.89684e+00 2.37069e-03
-1.75092e+00 1.96176e+00 2.36651e-03
-1.81745e+00 2.02750e+00 2.36295e-03
-1.88697e+00 2.09576e+00 2.36018e-03
-1.95935e+00 2.16640e+00 2.35596e-03
-2.03285e+00 2.23768e+00 2.35183e-03
-2.10747e+00 2.30963e+00 2.34774e-03
-2.18322e+00 2.38225e+00 2.34367e-03
-2.26011e+00 2.45556e+00 2.33958e-03
-2.33816e+00 2.52957e+00 2.33544e-03
-2.41738e+00 2.60429e+00 2.33123e-03
-2.49777e+00 2.67975e+00 2.32693e-03
-2.57936e+00 2.75595e+00 2.32253e-03
-2.66216e+00 2.83291e+00 2.31801e-03
-2.74618e+00 2.91065e+00 2.31336e-03
-2.83144e+00 2.98918e+00 2.30856e-03
-2.91796e+00 3.06852e+00 2.30361e-03
-3.00575e+00 3.14868e+00 2.29849e-03
-3.09483e+00 3.22969e+00 2.29319e-03
-3.18523e+00 3.31156e+00 2.28769e-03
-3.27696e+00 3.39432e+00 2.28198e-03
-3.37005e+00 3.47797e+00 2.27604e-03
-3.46451e+00 3.56254e+00 2.26984e-03
-3.56037e+00 3.64806e+00 2.26334e-03
-3.65766e+00 3.73453e+00 2.25649e-03
-3.75639e+00 3.82199e+00 2.24921e-03
-3.85660e+00 3.91046e+00 2.24137e-03
-3.95831e+00 3.99996e+00 2.23278e-03
-5.29564e-01 6.73232e-01 2.79178e-03
-5.66728e-01 7.24524e-01 2.74409e-03
-6.05168e-01 7.76332e-01 2.70723e-03
-6.44875e-01 8.28662e-01 2.67774e-03
-6.85841e-01 8.81521e-01 2.65337e-03
-7.28060e-01 9.34919e-01 2.63258e-03
-7.71527e-01 9.88861e-01 2.61430e-03
-8.16236e-01 1.04336e+00 2.59779e-03
-8.62185e-01 1.09842e+00 2.58254e-03
-9.09371e-01 1.15405e+00 2.56818e-03
-9.57793e-01 1.21026e+00 2.55446e-03
-1.00745e+00 1.26706e+00 2.54121e-03
-1.05835e+00 1.32446e+00 2.52831e-03
-1.11048e+00 1.38247e+00 2.51569e-03
-1.16385e+00 1.44110e+00 2.50333e-03
-1.21847e+00 1.50036e+00 2.49121e-03
-1.27434e+00 1.56026e+00 2.47936e-03
-1.33146e+00 1.62081e+00 2.46781e-03
-1.38985e+00 1.68203e+00 2.45661e-03
-1.44950e+00 1.74391e+00 2.44582e-03
-1.51042e+00 1.80649e+00 2.43552e-03
-1.57263e+00 1.86977e+00 2.42580e-03
-1.63613e+00 1.93375e+00 2.41675e-03
-1.70094e+00 1.99847e+00 2.40848e-03
-1.76706e+00 2.06392e+00 2.40113e-03
-1.83621e+00 2.13178e+00 2.39598e-03
-1.90827e+00 2.20190e+00 2.38918e-03
-1.98151e+00 2.27258e+00 2.38260e-03
-2.05595e+00 2.34384e+00 2.37619e-03
-2.13159e+00 2.41569e+00 2.36990e-03
-2.20844e+00 2.48814e+00 2.36369e-03
-2.28651e+00 2.56121e+00 2.35755e-03
-2.36581e+00 2.63491e+00 2.35143e-03
-2.44637e+00 2.70925e+00 2.34533e-03
-2.52818e+00 2.78426e+00 2.33922e-03
-2.61127e+00 2.85994e+00 2.33309e-03
-2.69564e+00 2.93631e+00 2.32693e-03
-2.78133e+00 3.01339e+00 2.32072e-03
-2.86833e+00 3.09119e+00 2.31447e-03
-2.95668e+00 3.16974e+00 2.30817e-03
-3.04638e+00 3.24904e+00 2.30181e-03
-3.13746e+00 3.32911e+00 2.29540e-03
-3.22994e+00 3.40999e+00 2.28893e-03
-3.32384e+00 3.49167e+00 2.28242e-03
-3.41918e+00 3.57418e+00 2.27588e-03
-3.51598e+00 3.65755e+00 2.26930e-03
-3.61427e+00 3.74179e+00 2.26271e-03
-3.71408e+00 3.82692e+00 2.25612e-03
-3.81542e+00 3.91297e+00 2.24958e-03
-3.91833e+00 3.99996e+00 2.24312e-03
-5.07560e-01 6.92425e-01 2.92363e-03
-5.42664e-01 7.45379e-01 2.88169e-03
-5.79118e-01 7.98750e-01 2.84702e-03
-6.16913e-01 8.52548e-01 2.81728e-03
-6.56039e-01 9.06781e-01 2.79093e-03
-6.96487e-01 9.61460e-01 2.76692e-03
-7.38251e-01 1.01659e+00 2.74455e-03
-7.81325e-01 1.07219e+00 2.72333e-03
-8.25704e-01 1.12827e+00 2.70293e-03
-8.71386e-01 1.18483e+00 2.68311e-03
-9.18366e-01 1.24188e+00 2.66374e-03
-9.66645e-01 1.29944e+00 2.64472e-03
-1.01622e+00 1.35751e+00 2.62602e-03
-1.06710e+00 1.41612e+00 2.60762e-03
-1.11927e+00 1.47525e+00 2.58954e-03
-1.17275e+00 1.53494e+00 2.57180e-03
-1.22754e+00 1.59519e+00 2.55447e-03
-1.28363e+00 1.65601e+00 2.53760e-03
-1.34104e+00 1.71741e+00 2.52126e-03
-1.39978e+00 1.77941e+00 2.50556e-03
-1.45984e+00 1.84202e+00 2.49058e-03
-1.52124e+00 1.90525e+00 2.47642e-03
-1.58399e+00 1.96911e+00 2.46322e-03
-1.64810e+00 2.03361e+00 2.45110e-03
-1.71357e+00 2.09878e+00 2.44019e-03
-1.78209e+00 2.16625e+00 2.43265e-03
-1.85354e+00 2.23586e+00 2.42338e-03
-1.92623e+00 2.30596e+00 2.41447e-03
-2.00017e+00 2.37655e+00 2.40587e-03
-2.07538e+00 2.44765e+00 2.39752e-03
-2.15185e+00 2.51927e+00 2.38938e-03
-2.22960e+00 2.59143e+00 2.38141e-03
-2.30865e+00 2.66415e+00 2.37358e-03
-2.38900e+00 2.73742e+00 2.36587e-03
-2.47066e+00 2.81128e+00 2.35826e-03
-2.55366e+00 2.88573e+00 2.35072e-03
-2.63800e+00 2.96080e+00 2.34326e-03
-2.72370e+00 3.03649e+00 2.33585e-03
-2.81077e+00 3.11282e+00 2.32850e-03
-2.89924e+00 3.18982e+00 2.32120e-03
-2.98912e+00 3.26749e+00 2.31395e-03
-3.08043e+00 3.34585e+00 2.30676e-03
-3.17320e+00 3.42493e+00 2.29963e-03
-3.26743e+00 3.50473e+00 2.29258e-03
-3.36316e+00 3.58529e+00 2.28563e-03
-3.46040e+00 3.66661e+00 2.27880e-03
-3.55918e+00 3.74871e+00 2.27212e-03
-3.65953e+00 3.83163e+00 2.26563e-03
-3.76147e+00 3.91537e+00 2.25939e-03
-3.86503e+00 3.99996e+00 2.25347e-03
-4.85218e-01 7.11259e-01 3.05717e-03
-5.18285e-01 7.65752e-01 3.02088e-03
-5.52764e-01 8.20573e-01 2.98832e-03
-5.88644e-01 8.75732e-01 2.95821e-03
-6.25913e-01 9.31241e-01 2.92974e-03
-6.64561e-01 9.87110e-01 2.90235e-03
-7.04581e-01 1.04335e+00 2.87571e-03
-7.45966e-01 1.09997e+00 2.84956e-03
-7.88711e-01 1.15699e+00 2.82379e-03
-8.32809e-01 1.21441e+00 2.79832e-03
-8.78259e-01 1.27224e+00 2.77311e-03
-9.25058e-01 1.33051e+00 2.74817e-03
-9.73205e-01 1.38921e+00 2.72353e-03
-1.02270e+00 1.44835e+00 2.69923e-03
-1.07354e+00 1.50796e+00 2.67534e-03
-1.12574e+00 1.56805e+00 2.65194e-03
-1.17928e+00 1.62862e+00 2.62910e-03
-1.23418e+00 1.68968e+00 2.60693e-03
-1.29045e+00 1.75125e+00 2.58552e-03
-1.34808e+00 1.81335e+00 2.56499e-03
-1.40708e+00 1.87598e+00 2.54545e-03
-1.46747e+00 1.93915e+00 2.52703e-03
-1.52924e+00 2.00289e+00 2.50987e-03
-1.59241e+00 2.06719e+00 2.49410e-03
-1.65700e+00 2.13209e+00 2.47989e-03
-1.72461e+00 2.19917e+00 2.47009e-03
-1.79516e+00 2.26828e+00 2.45843e-03
-1.86700e+00 2.33780e+00 2.44731e-03
-1.94015e+00 2.40774e+00 2.43664e-03
-2.01460e+00 2.47812e+00 2.42635e-03
-2.09037e+00 2.54895e+00 2.41641e-03
-2.16746e+00 2.62023e+00 2.40676e-03
-2.24589e+00 2.69200e+00 2.39737e-03
-2.32568e+00 2.76425e+00 2.38820e-03
-2.40682e+00 2.83701e+00 2.37923e-03
-2.48934e+00 2.91029e+00 2.37043e-03
-2.57324e+00 2.98411e+00 2.36180e-03
-2.65855e+00 3.05848e+00 2.35331e-03
-2.74528e+00 3.13341e+00 2.34496e-03
-2.83344e+00 3.20893e+00 2.33675e-03
-2.92306e+00 3.28504e+00 2.32867e-03
-3.01415e+00 3.36178e+00 2.32072e-03
-3.10673e+00 3.43914e+00 2.31291e-03
-3.20082e+00 3.51716e+00 2.30526e-03
-3.29645e+00 3.59585e+00 2.29777e-03
-3.39363e+00 3.67522e+00 2.29047e-03
-3.49239e+00 3.75530e+00 2.28339e-03
-3.59275e+00 3.83610e+00 2.27655e-03
-3.69474e+00 3.91765e+00 2.27001e-03
-3.79839e+00 3.99996e+00 2.26381e-03
-4.62564e-01 7.29715e-01 3.19314e-03
-4.93620e-01 7.85625e-01 3.16215e-03
-5.26135e-01 8.41782e-01 3.13141e-03
-5.60096e-01 8.98196e-01 3.10068e-03
-5.95492e-01 9.54881e-01 3.06983e-03
-6.32312e-01 1.01185e+00 3.03880e-03
-6.70548e-01 1.06911e+00 3.00760e-03
-7.10191e-01 1.12668e+00 2.97628e-03
-7.51234e-01 1.18456e+00 2.94490e-03
-7.93674e-01 1.24278e+00 2.91353e-03
-8.37504e-01 1.30133e+00 2.88228e-03
-8.82723e-01 1.36024e+00 2.85123e-03
-9.29328e-01 1.41952e+00 2.82050e-03
-9.77318e-01 1.47917e+00 2.79019e-03
-1.02669e+00 1.53922e+00 2.76042e-03
-1.07746e+00 1.59966e+00 2.73131e-03
-1.12961e+00 1.66052e+00 2.70297e-03
-1.18315e+00 1.72181e+00 2.67552e-03
-1.23808e+00 1.78354e+00 2.64911e-03
-1.29442e+00 1.84572e+00 2.62386e-03
-1.35216e+00 1.90836e+00 2.59990e-03
-1.41132e+00 1.97148e+00 2.57738e-03
-1.47190e+00 2.03509e+00 2.55646e-03
-1.53390e+00 2.09920e+00 2.53728e-03
-1.59735e+00 2.16383e+00 2.52002e-03
-1.66380e+00 2.23053e+00 2.50819e-03
-1.73316e+00 2.29915e+00 2.49424e-03
-1.80385e+00 2.36811e+00 2.48099e-03
-1.87589e+00 2.43743e+00 2.46836e-03
-1.94927e+00 2.50710e+00 2.45625e-03
-2.02400e+00 2.57716e+00 2.44463e-03
-2.10009e+00 2.64761e+00 2.43341e-03
-2.17756e+00 2.71846e+00 2.42257e-03
-2.25641e+00 2.78974e+00 2.41205e-03
-2.33666e+00 2.86145e+00 2.40183e-03
-2.41831e+00 2.93361e+00 2.39187e-03
-2.50139e+00 3.00624e+00 2.38215e-03
-2.58590e+00 3.07935e+00 2.37265e-03
-2.67186e+00 3.15295e+00 2.36336e-03
-2.75929e+00 3.22706e+00 2.35426e-03
-2.84820e+00 3.30170e+00 2.34535e-03
-2.93861e+00 3.37689e+00 2.33662e-03
-3.03054e+00 3.45263e+00 2.32808e-03
-3.12402e+00 3.52895e+00 2.31972e-03
-3.21905e+00 3.60587e+00 2.31156e-03
-3.31567e+00 3.68339e+00 2.30359e-03
-3.41389e+00 3.76154e+00 2.29585e-03
-3.51374e+00 3.84034e+00 2.28834e-03
-3.61525e+00 3.91981e+00 2.28110e-03
-3.71843e+00 3.99996e+00 2.27416e-03
-4.39627e-01 7.47773e-01 3.33218e-03
-4.68697e-01 8.04979e-01 3.30591e-03
-4.99259e-01 8.62358e-01 3.27655e-03
-5.31300e-01 9.19921e-01 3.24479e-03
-5.64809e-01 9.77683e-01 3.21118e-03
-5.99773e-01 1.03566e+00 3.17615e-03
-6.36183e-01 1.09385e+00 3.14006e-03
-6.74030e-01 1.15229e+00 3.10325e-03
-7.13309e-01 1.21097e+00 3.06596e-03
-7.54011e-01 1.26991e+00 3.02844e-03
-7.96133e-01 1.32913e+00 2.99091e-03
-8.39671e-01 1.38864e+00 2.95357e-03
-8.84621e-01 1.44844e+00 2.91659e-03
-9.30983e-01 1.50856e+00 2.88016e-03
-9.78756e-01 1.56900e+00 2.84444e-03
-1.02794e+00 1.62978e+00 2.80958e-03
-1.07854e+00 1.69091e+00 2.77574e-03
-1.13055e+00 1.75239e+00 2.74308e-03
-1.18398e+00 1.81426e+00 2.71175e-03
-1.23883e+00 1.87650e+00 2.68189e-03
-1.29511e+00 1.93915e+00 2.65368e-03
-1.35283e+00 2.00221e+00 2.62725e-03
-1.41199e+00 2.06570e+00 2.60278e-03
-1.47259e+00 2.12962e+00 2.58044e-03
-1.53465e+00 2.19400e+00 2.56039e-03
-1.59967e+00 2.26033e+00 2.54687e-03
-1.66756e+00 2.32847e+00 2.53070e-03
-1.73680e+00 2.39689e+00 2.51541e-03
-1.80741e+00 2.46559e+00 2.50090e-03
-1.87940e+00 2.53459e+00 2.48708e-03
-1.95276e+00 2.60391e+00 2.47386e-03
-2.02751e+00 2.67355e+00 2.46118e-03
-2.10366e+00 2.74354e+00 2.44898e-03
-2.18122e+00 2.81388e+00 2.43720e-03
-2.26019e+00 2.88460e+00 2.42580e-03
-2.34060e+00 2.95569e+00 2.41475e-03
-2.42245e+00 3.02719e+00 2.40400e-03
-2.50575e+00 3.09910e+00 2.39353e-03
-2.59052e+00 3.17144e+00 2.38332e-03
-2.67678e+00 3.24423e+00 2.37334e-03
-2.76454e+00 3.31747e+00 2.36358e-03
-2.85382e+00 3.39119e+00 2.35403e-03
-2.94464e+00 3.46539e+00 2.34467e-03
-3.03702e+00 3.54011e+00 2.33551e-03
-3.13097e+00 3.61534e+00 2.32653e-03
-3.22652e+00 3.69112e+00 2.31773e-03
-3.32369e+00 3.76745e+00 2.30913e-03
-3.42250e+00 3.84436e+00 2.30072e-03
-3.52297e+00 3.92185e+00 2.29250e-03
-3.62514e+00 3.99996e+00 2.28450e-03
-4.16435e-01 7.65418e-01 3.47489e-03
-4.43545e-01 8.23798e-01 3.45255e-03
-4.72167e-01 8.82285e-01 3.42393e-03
-5.02287e-01 9.40892e-01 3.39060e-03
-5.33894e-01 9.99632e-01 3.35374e-03
-5.66974e-01 1.05852e+00 3.31426e-03
-6.01519e-01 1.11757e+00 3.27289e-03
-6.37518e-01 1.17679e+00 3.23020e-03
-6.74966e-01 1.23620e+00 3.18667e-03
-7.13854e-01 1.29581e+00 3.14271e-03
-7.54178e-01 1.35563e+00 3.09866e-03
-7.95934e-01 1.41568e+00 3.05481e-03
-8.39118e-01 1.47597e+00 3.01144e-03
-8.83728e-01 1.53650e+00 2.96877e-03
-9.29763e-01 1.59731e+00 2.92703e-03
-9.77223e-01 1.65838e+00 2.88641e-03
-1.02611e+00 1.71975e+00 2.84710e-03
-1.07642e+00 1.78142e+00 2.80929e-03
-1.12817e+00 1.84340e+00 2.77314e-03
-1.18134e+00 1.90571e+00 2.73884e-03
-1.23596e+00 1.96835e+00 2.70654e-03
-1.29202e+00 2.03135e+00 2.67641e-03
-1.34953e+00 2.09472e+00 2.64864e-03
-1.40850e+00 2.15846e+00 2.62338e-03
-1.46893e+00 2.22259e+00 2.60081e-03
-1.53225e+00 2.28856e+00 2.58602e-03
-1.59837e+00 2.35623e+00 2.56770e-03
-1.66586e+00 2.42412e+00 2.55045e-03
-1.73474e+00 2.49223e+00 2.53416e-03
-1.80501e+00 2.56058e+00 2.51870e-03
-1.87667e+00 2.62919e+00 2.50399e-03
-1.94974e+00 2.69807e+00 2.48993e-03
-2.02421e+00 2.76723e+00 2.47644e-03
-2.10011e+00 2.83668e+00 2.46348e-03
-2.17743e+00 2.90645e+00 2.45097e-03
-2.25620e+00 2.97654e+00 2.43886e-03
-2.33642e+00 3.04696e+00 2.42712e-03
-2.41811e+00 3.11774e+00 2.41570e-03
-2.50127e+00 3.18889e+00 2.40456e-03
-2.58593e+00 3.26041e+00 2.39369e-03
-2.67210e+00 3.33234e+00 2.38305e-03
-2.75979e+00 3.40467e+00 2.37262e-03
-2.84903e+00 3.47743e+00 2.36238e-03
-2.93983e+00 3.55063e+00 2.35231e-03
-3.03220e+00 3.62428e+00 2.34240e-03
-3.12618e+00 3.69841e+00 2.33263e-03
-3.22178e+00 3.77302e+00 2.32300e-03
-3.31902e+00 3.84814e+00 2.31350e-03
-3.41793e+00 3.92378e+00 2.30412e-03
-3.51853e+00 3.99996e+00 2.29485e-03
-3.93016e-01 7.82633e-01 3.62176e-03
-4.18193e-01 8.42068e-01 3.60239e-03
-4.44889e-01 9.01550e-01 3.57372e-03
-4.73088e-01 9.61095e-01 3.53815e-03
-5.02779e-01 1.02072e+00 3.49744e-03
-5.33949e-01 1.08043e+00 3.45298e-03
-5.66588e-01 1.14025e+00 3.40582e-03
-6.00688e-01 1.20018e+00 3.35683e-03
-6.36240e-01 1.26025e+00 3.30669e-03
-6.73237e-01 1.32046e+00 3.25596e-03
-7.11675e-01 1.38082e+00 3.20512e-03
-7.51547e-01 1.44136e+00 3.15456e-03
-7.92852e-01 1.50208e+00 3.10462e-03
-8.35585e-01 1.56300e+00 3.05562e-03
-8.79746e-01 1.62412e+00 3.00780e-03
-9.25335e-01 1.68547e+00 2.96142e-03
-9.72350e-01 1.74705e+00 2.91669e-03
-1.02079e+00 1.80888e+00 2.87382e-03
-1.07067e+00 1.87096e+00 2.83300e-03
-1.12198e+00 1.93332e+00 2.79441e-03
-1.17473e+00 1.99596e+00 2.75824e-03
-1.22892e+00 2.05889e+00 2.72465e-03
-1.28456e+00 2.12214e+00 2.69382e-03
-1.34165e+00 2.18570e+00 2.66592e-03
-1.40021e+00 2.24960e+00 2.64113e-03
-1.46155e+00 2.31523e+00 2.62552e-03
-1.52562e+00 2.38243e+00 2.60513e-03
-1.59107e+00 2.44980e+00 2.58601e-03
-1.65790e+00 2.51735e+00 2.56802e-03
-1.72613e+00 2.58508e+00 2.55101e-03
-1.79575e+00 2.65301e+00 2.53488e-03
-1.86679e+00 2.72115e+00 2.51951e-03
-1.93923e+00 2.78953e+00 2.50481e-03
-2.01310e+00 2.85814e+00 2.49071e-03
-2.08840e+00 2.92701e+00 2.47714e-03
-2.16514e+00 2.99614e+00 2.46402e-03
-2.24333e+00 3.06556e+00 2.45131e-03
-2.32298e+00 3.13527e+00 2.43894e-03
-2.40412e+00 3.20529e+00 2.42689e-03
-2.48674e+00 3.27563e+00 2.41510e-03
-2.57087e+00 3.34631e+00 2.40353e-03
-2.65652e+00 3.41734e+00 2.39217e-03
-2.74371e+00 3.48873e+00 2.38097e-03
-2.83245e+00 3.56051e+00 2.36991e-03
-2.92276e+00 3.63268e+00 2.35896e-03
-3.01466e+00 3.70525e+00 2.34811e-03
-3.10817e+00 3.77826e+00 2.33732e-03
-3.20332e+00 3.85170e+00 2.32658e-03
-3.30011e+00 3.92559e+00 2.31588e-03
-3.39859e+00 3.99996e+00 2.30519e-03
-3.69399e-01 7.99407e-01 3.77321e-03
-3.92672e-01 8.59775e-01 3.75568e-03
-4.17455e-01 9.20141e-01 3.72604e-03
-4.43734e-01 9.80520e-01 3.68742e-03
-4.71496e-01 1.04093e+00 3.64216e-03
-5.00730e-01 1.10137e+00 3.59209e-03
-5.31425e-01 1.16187e+00 3.53860e-03
-5.63572e-01 1.22244e+00 3.48282e-03
-5.97165e-01 1.28310e+00 3.42564e-03
-6.32194e-01 1.34384e+00 3.36779e-03
-6.68656e-01 1.40470e+00 3.30987e-03
-7.06545e-01 1.46567e+00 3.25237e-03
-7.45857e-01 1.52678e+00 3.19572e-03
-7.86590e-01 1.58804e+00 3.14028e-03
-8.28742e-01 1.64945e+00 3.08636e-03
-8.72311e-01 1.71104e+00 3.03424e-03
-9.17298e-01 1.77281e+00 2.98416e-03
-9.63703e-01 1.83477e+00 2.93635e-03
-1.01153e+00 1.89695e+00 2.89101e-03
-1.06078e+00 1.95934e+00 2.84835e-03
-1.11145e+00 2.02196e+00 2.80853e-03
-1.16356e+00 2.08483e+00 2.77174e-03
-1.21710e+00 2.14796e+00 2.73814e-03
-1.27208e+00 2.21136e+00 2.70791e-03
-1.32852e+00 2.27503e+00 2.68121e-03
-1.38762e+00 2.34032e+00 2.66526e-03
-1.44933e+00 2.40708e+00 2.64288e-03
-1.51243e+00 2.47395e+00 2.62197e-03
-1.57691e+00 2.54094e+00 2.60236e-03
-1.64277e+00 2.60807e+00 2.58388e-03
-1.71002e+00 2.67536e+00 2.56640e-03
-1.77868e+00 2.74281e+00 2.54980e-03
-1.84873e+00 2.81043e+00 2.53395e-03
-1.92020e+00 2.87825e+00 2.51877e-03
-1.99310e+00 2.94627e+00 2.50417e-03
-2.06742e+00 3.01451e+00 2.49007e-03
-2.14318e+00 3.08297e+00 2.47640e-03
-2.22039e+00 3.15168e+00 2.46310e-03
-2.29907e+00 3.22064e+00 2.45011e-03
-2.37923e+00 3.28987e+00 2.43737e-03
-2.46087e+00 3.35939e+00 2.42485e-03
-2.54402e+00 3.42920e+00 2.41250e-03
-2.62868e+00 3.49931e+00 2.40027e-03
-2.71488e+00 3.56975e+00 2.38814e-03
-2.80263e+00 3.64053e+00 2.37607e-03
-2.89195e+00 3.71166e+00 2.36402e-03
-2.98286e+00 3.78315e+00 2.35198e-03
-3.07538e+00 3.85502e+00 2.33990e-03
-3.16952e+00 3.92729e+00 2.32776e-03
-3.26532e+00 3.99996e+00 2.31554e-03
-3.45612e-01 8.15727e-01 3.92961e-03
-3.67010e-01 8.76910e-01 3.91264e-03
-3.89896e-01 9.38050e-01 3.88096e-03
-4.14255e-01 9.99160e-01 3.83837e-03
-4.40076e-01 1.06025e+00 3.78776e-03
-4.67348e-01 1.12135e+00 3.73135e-03
-4.96061e-01 1.18245e+00 3.67090e-03
-5.26205e-01 1.24358e+00 3.60779e-03
-5.57774e-01 1.30475e+00 3.54311e-03
-5.90761e-01 1.36597e+00 3.47775e-03
-6.25159e-01 1.42725e+00 3.41245e-03
-6.60963e-01 1.48862e+00 3.34779e-03
-6.98171e-01 1.55007e+00 3.28427e-03
-7.36779e-01 1.61162e+00 3.22231e-03
-7.76785e-01 1.67329e+00 3.16227e-03
-8.18187e-01 1.73508e+00 3.10445e-03
-8.60986e-01 1.79702e+00 3.04913e-03
-9.05182e-01 1.85910e+00 2.99653e-03
-9.50776e-01 1.92134e+00 2.94688e-03
-9.97770e-01 1.98376e+00 2.90037e-03
-1.04617e+00 2.04637e+00 2.85718e-03
-1.09597e+00 2.10917e+00 2.81748e-03
-1.14719e+00 2.17218e+00 2.78143e-03
-1.19982e+00 2.23542e+00 2.74919e-03
-1.25388e+00 2.29888e+00 2.72092e-03
-1.31047e+00 2.36384e+00 2.70512e-03
-1.36954e+00 2.43016e+00 2.68083e-03
-1.42998e+00 2.49654e+00 2.65821e-03
-1.49179e+00 2.56301e+00 2.63707e-03
-1.55496e+00 2.62957e+00 2.61720e-03
-1.61951e+00 2.69624e+00 2.59846e-03
-1.68543e+00 2.76303e+00 2.58068e-03
-1.75274e+00 2.82995e+00 2.56374e-03
-1.82145e+00 2.89702e+00 2.54753e-03
-1.89155e+00 2.96424e+00 2.53193e-03
-1.96306e+00 3.03163e+00 2.51687e-03
-2.03599e+00 3.09921e+00 2.50226e-03
-2.11035e+00 3.16697e+00 2.48801e-03
-2.18615e+00 3.23495e+00 2.47407e-03
-2.26339e+00 3.30314e+00 2.46036e-03
-2.34210e+00 3.37157e+00 2.44684e-03
-2.42228e+00 3.44024e+00 2.43345e-03
-2.50396e+00 3.50917e+00 2.42014e-03
-2.58714e+00 3.57836e+00 2.40688e-03
-2.67183e+00 3.64784e+00 2.39360e-03
-2.75807e+00 3.71762e+00 2.38029e-03
-2.84586e+00 3.78771e+00 2.36689e-03
-2.93521e+00 3.85812e+00 2.35338e-03
-3.02616e+00 3.92887e+00 2.33972e-03
-3.11872e+00 3.99997e+00 2.32589e-03
-3.21339e-01 8.31808e-01 4.17348e-03
-3.40892e-01 8.93686e-01 4.10557e-03
-3.61896e-01 9.55486e-01 4.03701e-03
-3.84339e-01 1.01722e+00 3.96814e-03
-4.08210e-01 1.07890e+00 3.89923e-03
-4.33497e-01 1.14055e+00 3.83054e-03
-4.60191e-01 1.20217e+00 3.76225e-03
-4.88285e-01 1.26378e+00 3.69457e-03
-5.17770e-01 1.32539e+00 3.62763e-03
-5.48640e-01 1.38701e+00 3.56160e-03
-5.80889e-01 1.44866e+00 3.49660e-03
-6.14513e-01 1.51035e+00 3.43275e-03
-6.49508e-01 1.57210e+00 3.37017e-03
-6.85871e-01 1.63390e+00 3.30896e-03
-7.23599e-01 1.69578e+00 3.24923e-03
-7.62691e-01 1.75775e+00 3.19107e-03
-8.03147e-01 1.81981e+00 3.13457e-03
-8.44967e-01 1.88198e+00 3.07983e-03
-8.88151e-01 1.94428e+00 3.02694e-03
-9.32702e-01 2.00671e+00 2.97598e-03
-9.78622e-01 2.06928e+00 2.92705e-03
-1.02591e+00 2.13200e+00 2.88024e-03
-1.07458e+00 2.19490e+00 2.83562e-03
-1.12463e+00 2.25797e+00 2.79330e-03
-1.17607e+00 2.32122e+00 2.75335e-03
-1.22989e+00 2.38586e+00 2.73104e-03
-1.28605e+00 2.45174e+00 2.70537e-03
-1.34354e+00 2.51765e+00 2.68199e-03
-1.40237e+00 2.58360e+00 2.66055e-03
-1.46255e+00 2.64962e+00 2.64078e-03
-1.52406e+00 2.71570e+00 2.62240e-03
-1.58693e+00 2.78186e+00 2.60519e-03
-1.65115e+00 2.84811e+00 2.58893e-03
-1.71672e+00 2.91447e+00 2.57345e-03
-1.78367e+00 2.98094e+00 2.55857e-03
-1.85199e+00 3.04754e+00 2.54414e-03
-1.92170e+00 3.11428e+00 2.53004e-03
-1.99279e+00 3.18117e+00 2.51614e-03
-2.06529e+00 3.24822e+00 2.50231e-03
-2.13920e+00 3.31545e+00 2.48847e-03
-2.21453e+00 3.38286e+00 2.47452e-03
-2.29130e+00 3.45048e+00 2.46036e-03
-2.36952e+00 3.51830e+00 2.44592e-03
-2.44920e+00 3.58634e+00 2.43112e-03
-2.53035e+00 3.65462e+00 2.41589e-03
-2.61299e+00 3.72315e+00 2.40016e-03
-2.69714e+00 3.79193e+00 2.38387e-03
-2.78282e+00 3.86099e+00 2.36695e-03
-2.87003e+00 3.93033e+00 2.34935e-03
-2.95880e+00 3.99997e+00 2.33100e-03
-2.95770e-01 8.48148e-01 4.33496e-03
-3.13509e-01 9.10593e-01 4.28673e-03
-3.32651e-01 9.72929e-01 4.22654e-03
-3.53184e-01 1.03517e+00 4.15764e-03
-3.75098e-01 1.09733e+00 4.08263e-03
-3.98382e-01 1.15942e+00 4.00352e-03
-4.23027e-01 1.22146e+00 3.92194e-03
-4.49027e-01 1.28345e+00 3.83917e-03
-4.76373e-01 1.34542e+00 3.75624e-03
-5.05060e-01 1.40736e+00 3.67396e-03
-5.35083e-01 1.46930e+00 3.59302e-03
-5.66436e-01 1.53125e+00 3.51395e-03
-5.99117e-01 1.59321e+00 3.43719e-03
-6.33122e-01 1.65521e+00 3.36310e-03
-6.68448e-01 1.71724e+00 3.29200e-03
-7.05095e-01 1.77932e+00 3.22413e-03
-7.43062e-01 1.84147e+00 3.15969e-03
-7.82348e-01 1.90369e+00 3.09888e-03
-8.22954e-01 1.96599e+00 3.04184e-03
-8.64882e-01 2.02840e+00 2.98871e-03
-9.08133e-01 2.09090e+00 2.93962e-03
-9.52710e-01 2.15353e+00 2.89467e-03
-9.98617e-01 2.21628e+00 2.85395e-03
-1.04586e+00 2.27917e+00 2.81757e-03
-1.09444e+00 2.34221e+00 2.78561e-03
-1.14525e+00 2.40650e+00 2.76768e-03
-1.19827e+00 2.47194e+00 2.74173e-03
-1.25258e+00 2.53738e+00 2.71809e-03
-1.30819e+00 2.60283e+00 2.69643e-03
-1.36509e+00 2.66830e+00 2.67647e-03
-1.42329e+00 2.73381e+00 2.65797e-03
-1.48280e+00 2.79937e+00 2.64070e-03
-1.54362e+00 2.86498e+00 2.62446e-03
-1.60575e+00 2.93066e+00 2.60908e-03
-1.66920e+00 2.99642e+00 2.59440e-03
-1.73398e+00 3.06228e+00 2.58027e-03
-1.80010e+00 3.12823e+00 2.56658e-03
-1.86756e+00 3.19430e+00 2.55319e-03
-1.93636e+00 3.26049e+00 2.54002e-03
-2.00653e+00 3.32682e+00 2.52696e-03
-2.07807e+00 3.39329e+00 2.51393e-03
-2.15099e+00 3.45992e+00 2.50084e-03
-2.22530e+00 3.52672e+00 2.48763e-03
-2.30102e+00 3.59369e+00 2.47422e-03
-2.37815e+00 3.66086e+00 2.46057e-03
-2.45671e+00 3.72823e+00 2.44659e-03
-2.53672e+00 3.79582e+00 2.43226e-03
-2.61818e+00 3.86363e+00 2.41750e-03
-2.70112e+00 3.93167e+00 2.40228e-03
-2.78555e+00 3.99997e+00 2.38655e-03
-2.69879e-01 8.64096e-01 4.53756e-03
-2.85838e-01 9.26986e-01 4.48749e-03
-3.03138e-01 9.89745e-01 4.42038e-03
-3.21766e-01 1.05239e+00 4.34096e-03
-3.41714e-01 1.11493e+00 4.25294e-03
-3.62973e-01 1.17738e+00 4.15929e-03
-3.85534e-01 1.23974e+00 4.06236e-03
-4.09392e-01 1.30204e+00 3.96402e-03
-4.34538e-01 1.36429e+00 3.86573e-03
-4.60969e-01 1.42649e+00 3.76869e-03
-4.88678e-01 1.48866e+00 3.67382e-03
-5.17661e-01 1.55081e+00 3.58187e-03
-5.47915e-01 1.61294e+00 3.49345e-03
-5.79438e-01 1.67508e+00 3.40901e-03
-6.12226e-01 1.73723e+00 3.32893e-03
-6.46279e-01 1.79940e+00 3.25352e-03
-6.81595e-01 1.86160e+00 3.18302e-03
-7.18175e-01 1.92384e+00 3.11761e-03
-7.56018e-01 1.98614e+00 3.05745e-03
-7.95126e-01 2.04850e+00 3.00266e-03
-8.35500e-01 2.11094e+00 2.95334e-03
-8.77143e-01 2.17346e+00 2.90957e-03
-9.20058e-01 2.23607e+00 2.87143e-03
-9.64247e-01 2.29878e+00 2.83897e-03
-1.00971e+00 2.36161e+00 2.81225e-03
-1.05726e+00 2.42558e+00 2.79955e-03
-1.10686e+00 2.49059e+00 2.77339e-03
-1.15769e+00 2.55556e+00 2.74953e-03
-1.20977e+00 2.62053e+00 2.72767e-03
-1.26309e+00 2.68549e+00 2.70755e-03
-1.31765e+00 2.75046e+00 2.68893e-03
-1.37347e+00 2.81544e+00 2.67159e-03
-1.43053e+00 2.88046e+00 2.65535e-03
-1.48886e+00 2.94551e+00 2.64003e-03
-1.54844e+00 3.01061e+00 2.62550e-03
-1.60930e+00 3.07577e+00 2.61161e-03
-1.67143e+00 3.14100e+00 2.59825e-03
-1.73484e+00 3.20631e+00 2.58530e-03
-1.79954e+00 3.27171e+00 2.57267e-03
-1.86553e+00 3.33721e+00 2.56027e-03
-1.93283e+00 3.40282e+00 2.54802e-03
-2.00144e+00 3.46855e+00 2.53585e-03
-2.07138e+00 3.53441e+00 2.52369e-03
-2.14265e+00 3.60041e+00 2.51148e-03
-2.21527e+00 3.66656e+00 2.49916e-03
-2.28925e+00 3.73288e+00 2.48669e-03
-2.36459e+00 3.79937e+00 2.47402e-03
-2.44132e+00 3.86604e+00 2.46110e-03
-2.51944e+00 3.93290e+00 2.44789e-03
-2.59897e+00 3.99997e+00 2.43436e-03
-2.43698e-01 8.79639e-01 4.78690e-03
-2.57911e-01 9.42854e-01 4.71232e-03
-2.73387e-01 1.00593e+00 4.62177e-03
-2.90117e-01 1.06887e+00 4.52007e-03
-3.08092e-01 1.13169e+00 4.41110e-03
-3.27304e-01 1.19440e+00 4.29790e-03
-3.47748e-01 1.25702e+00 4.18288e-03
-3.69415e-01 1.31954e+00 4.06797e-03
-3.92302e-01 1.38200e+00 3.95466e-03
-4.16402e-01 1.44439e+00 3.84412e-03
-4.41711e-01 1.50673e+00 3.73727e-03
-4.68225e-01 1.56902e+00 3.63482e-03
-4.95942e-01 1.63128e+00 3.53730e-03
-5.24858e-01 1.69352e+00 3.44515e-03
-5.54972e-01 1.75575e+00 3.35866e-03
-5.86281e-01 1.81797e+00 3.27809e-03
-6.18787e-01 1.88020e+00 3.20359e-03
-6.52487e-01 1.94245e+00 3.13528e-03
-6.87382e-01 2.00472e+00 3.07325e-03
-7.23473e-01 2.06703e+00 3.01756e-03
-7.60761e-01 2.12938e+00 2.96824e-03
-7.99248e-01 2.19179e+00 2.92529e-03
-8.38937e-01 2.25426e+00 2.88872e-03
-8.79829e-01 2.31681e+00 2.85853e-03
-9.21930e-01 2.37944e+00 2.83471e-03
-9.65941e-01 2.44310e+00 2.82685e-03
-1.01184e+00 2.50768e+00 2.80055e-03
-1.05891e+00 2.57221e+00 2.77655e-03
-1.10715e+00 2.63671e+00 2.75455e-03
-1.15657e+00 2.70118e+00 2.73431e-03
-1.20717e+00 2.76564e+00 2.71559e-03
-1.25895e+00 2.83009e+00 2.69820e-03
-1.31192e+00 2.89455e+00 2.68196e-03
-1.36607e+00 2.95902e+00 2.66671e-03
-1.42141e+00 3.02351e+00 2.65232e-03
-1.47796e+00 3.08803e+00 2.63864e-03
-1.53570e+00 3.15260e+00 2.62558e-03
-1.59465e+00 3.21721e+00 2.61302e-03
-1.65482e+00 3.28189e+00 2.60088e-03
-1.71620e+00 3.34663e+00 2.58908e-03
-1.77882e+00 3.41146e+00 2.57753e-03
-1.84267e+00 3.47637e+00 2.56617e-03
-1.90776e+00 3.54138e+00 2.55495e-03
-1.97411e+00 3.60649e+00 2.54379e-03
-2.04172e+00 3.67173e+00 2.53267e-03
-2.11060e+00 3.73708e+00 2.52152e-03
-2.18076e+00 3.80258e+00 2.51031e-03
-2.25222e+00 3.86822e+00 2.49900e-03
-2.32498e+00 3.93401e+00 2.48755e-03
-2.39906e+00 3.99997e+00 2.47593e-03
-2.17258e-01 8.94765e-01 5.08760e-03
-2.29758e-01 9.58190e-01 4.96495e-03
-2.43431e-01 1.02146e+00 4.83333e-03
-2.58268e-01 1.08460e+00 4.69660e-03
-2.74264e-01 1.14761e+00 4.55778e-03
-2.91410e-01 1.21049e+00 4.41926e-03
-3.09702e-01 1.27327e+00 4.28286e-03
-3.29133e-01 1.33595e+00 4.14999e-03
-3.49699e-01 1.39855e+00 4.02172e-03
-3.71396e-01 1.46106e+00 3.89882e-03
-3.94220e-01 1.52351e+00 3.78188e-03
-4.18167e-01 1.58590e+00 3.67130e-03
-4.43235e-01 1.64823e+00 3.56737e-03
-4.69421e-01 1.71053e+00 3.47026e-03
-4.96724e-01 1.77280e+00 3.38008e-03
-5.25143e-01 1.83504e+00 3.29686e-03
-5.54676e-01 1.89727e+00 3.22062e-03
-5.85323e-01 1.95950e+00 3.15130e-03
-6.17084e-01 2.02173e+00 3.08887e-03
-6.49960e-01 2.08397e+00 3.03324e-03
-6.83952e-01 2.14624e+00 2.98433e-03
-7.19062e-01 2.20853e+00 2.94206e-03
-7.55290e-01 2.27087e+00 2.90633e-03
-7.92640e-01 2.33325e+00 2.87704e-03
-8.31115e-01 2.39569e+00 2.85412e-03
-8.71322e-01 2.45904e+00 2.84975e-03
-9.13238e-01 2.52321e+00 2.82342e-03
-9.56250e-01 2.58731e+00 2.79935e-03
-1.00036e+00 2.65137e+00 2.77728e-03
-1.04557e+00 2.71538e+00 2.75698e-03
-1.09187e+00 2.77936e+00 2.73822e-03
-1.13928e+00 2.84332e+00 2.72083e-03
-1.18779e+00 2.90725e+00 2.70463e-03
-1.23741e+00 2.97118e+00 2.68947e-03
-1.28813e+00 3.03512e+00 2.67522e-03
-1.33997e+00 3.09906e+00 2.66177e-03
-1.39293e+00 3.16301e+00 2.64901e-03
-1.44702e+00 3.22700e+00 2.63683e-03
-1.50222e+00 3.29102e+00 2.62516e-03
-1.55857e+00 3.35508e+00 2.61391e-03
-1.61605e+00 3.41920e+00 2.60302e-03
-1.67467e+00 3.48337e+00 2.59243e-03
-1.73445e+00 3.54762e+00 2.58207e-03
-1.79539e+00 3.61194e+00 2.57189e-03
-1.85750e+00 3.67635e+00 2.56186e-03
-1.92078e+00 3.74085e+00 2.55192e-03
-1.98524e+00 3.80545e+00 2.54203e-03
-2.05090e+00 3.87017e+00 2.53217e-03
-2.11776e+00 3.93500e+00 2.52230e-03
-2.18583e+00 3.99997e+00 2.51239e-03
-1.90590e-01 9.09465e-01 5.44340e-03
-2.01411e-01 9.72986e-01 5.24839e-03
-2.13301e-01 1.03636e+00 5.05720e-03
-2.26253e-01 1.09958e+00 4.87176e-03
-2.40263e-01 1.16268e+00 4.69344e-03
-2.55323e-01 1.22565e+00 4.52321e-03
-2.71431e-01 1.28852e+00 4.36165e-03
-2.88580e-01 1.35127e+00 4.20911e-03
-3.06768e-01 1.41393e+00 4.06573e-03
-3.25990e-01 1.47651e+00 3.93153e-03
-3.46244e-01 1.53901e+00 3.80638e-03
-3.67526e-01 1.60143e+00 3.69013e-03
-3.89835e-01 1.66380e+00 3.58254e-03
-4.13169e-01 1.72611e+00 3.48337e-03
-4.37525e-01 1.78838e+00 3.39233e-03
-4.62904e-01 1.85061e+00 3.30915e-03
-4.89303e-01 1.91282e+00 3.23355e-03
-5.16724e-01 1.97500e+00 3.16525e-03
-5.45166e-01 2.03717e+00 3.10400e-03
-5.74629e-01 2.09934e+00 3.04954e-03
-6.05114e-01 2.16151e+00 3.00164e-03
-6.36622e-01 2.22369e+00 2.96007e-03
-6.69155e-01 2.28588e+00 2.92462e-03
-7.02715e-01 2.34811e+00 2.89510e-03
-7.37304e-01 2.41037e+00 2.87133e-03
-7.73437e-01 2.47342e+00 2.86841e-03
-8.11095e-01 2.53719e+00 2.84215e-03
-8.49758e-01 2.60088e+00 2.81813e-03
-8.89427e-01 2.66451e+00 2.79608e-03
-9.30102e-01 2.72809e+00 2.77579e-03
-9.71785e-01 2.79162e+00 2.75707e-03
-1.01448e+00 2.85511e+00 2.73973e-03
-1.05818e+00 2.91857e+00 2.72362e-03
-1.10290e+00 2.98201e+00 2.70860e-03
-1.14863e+00 3.04543e+00 2.69455e-03
-1.19538e+00 3.10884e+00 2.68135e-03
-1.24315e+00 3.17225e+00 2.66890e-03
-1.29195e+00 3.23567e+00 2.65712e-03
-1.34177e+00 3.29911e+00 2.64593e-03
-1.39263e+00 3.36256e+00 2.63524e-03
-1.44453e+00 3.42604e+00 2.62499e-03
-1.49747e+00 3.48957e+00 2.61514e-03
-1.55146e+00 3.55313e+00 2.60561e-03
-1.60650e+00 3.61675e+00 2.59636e-03
-1.66261e+00 3.68043e+00 2.58736e-03
-1.71978e+00 3.74417e+00 2.57855e-03
-1.77802e+00 3.80799e+00 2.56990e-03
-1.83734e+00 3.87189e+00 2.56139e-03
-1.89776e+00 3.93588e+00 2.55297e-03
-1.95927e+00 3.99997e+00 2.54462e-03
-1.63725e-01 9.23732e-01 5.85720e-03
-1.72900e-01 9.87236e-01 5.56499e-03
-1.83028e-01 1.05060e+00 5.29497e-03
-1.94103e-01 1.11382e+00 5.04640e-03
-2.06121e-01 1.17691e+00 4.81829e-03
-2.19077e-01 1.23989e+00 4.60944e-03
-2.32969e-01 1.30275e+00 4.41858e-03
-2.47792e-01 1.36550e+00 4.24443e-03
-2.63543e-01 1.42816e+00 4.08572e-03
-2.80220e-01 1.49073e+00 3.94123e-03
-2.97821e-01 1.55322e+00 3.80982e-03
-3.16342e-01 1.61564e+00 3.69041e-03
-3.35782e-01 1.67798e+00 3.58203e-03
-3.56141e-01 1.74027e+00 3.48379e-03
-3.77416e-01 1.80250e+00 3.39485e-03
-3.99606e-01 1.86469e+00 3.31448e-03
-4.22712e-01 1.92684e+00 3.24202e-03
-4.46733e-01 1.98896e+00 3.17687e-03
-4.71669e-01 2.05105e+00 3.11848e-03
-4.97520e-01 2.11313e+00 3.06640e-03
-5.24286e-01 2.17519e+00 3.02017e-03
-5.51970e-01 2.23725e+00 2.97943e-03
-5.80572e-01 2.29931e+00 2.94383e-03
-6.10093e-01 2.36138e+00 2.91308e-03
-6.40535e-01 2.42347e+00 2.88689e-03
-6.72323e-01 2.48624e+00 2.88299e-03
-7.05442e-01 2.54961e+00 2.85693e-03
-7.39464e-01 2.61291e+00 2.83305e-03
-7.74388e-01 2.67614e+00 2.81113e-03
-8.10215e-01 2.73931e+00 2.79095e-03
-8.46945e-01 2.80242e+00 2.77234e-03
-8.84580e-01 2.86548e+00 2.75514e-03
-9.23120e-01 2.92851e+00 2.73919e-03
-9.62567e-01 2.99149e+00 2.72438e-03
-1.00292e+00 3.05445e+00 2.71058e-03
-1.04419e+00 3.11739e+00 2.69768e-03
-1.08637e+00 3.18032e+00 2.68560e-03
-1.12946e+00 3.24323e+00 2.67425e-03
-1.17348e+00 3.30615e+00 2.66356e-03
-1.21841e+00 3.36907e+00 2.65344e-03
-1.26428e+00 3.43200e+00 2.64386e-03
-1.31107e+00 3.49495e+00 2.63473e-03
-1.35879e+00 3.55792e+00 2.62603e-03
-1.40745e+00 3.62092e+00 2.61769e-03
-1.45705e+00 3.68397e+00 2.60968e-03
-1.50760e+00 3.74705e+00 2.60196e-03
-1.55910e+00 3.81019e+00 2.59449e-03
-1.61156e+00 3.87338e+00 2.58725e-03
-1.66499e+00 3.93664e+00 2.58020e-03
-1.71938e+00 3.99997e+00 2.57331e-03
-1.36692e-01 9.37559e-01 6.33124e-03
-1.44255e-01 1.00094e+00 5.91647e-03
-1.52641e-01 1.06418e+00 5.54773e-03
-1.61847e-01 1.12730e+00 5.22102e-03
-1.71869e-01 1.19030e+00 4.93229e-03
-1.82704e-01 1.25319e+00 4.67754e-03
-1.94349e-01 1.31597e+00 4.45301e-03
-2.06803e-01 1.37866e+00 4.25519e-03
-2.20062e-01 1.44125e+00 4.08087e-03
-2.34124e-01 1.50375e+00 3.92716e-03
-2.48989e-01 1.56617e+00 3.79149e-03
-2.64653e-01 1.62852e+00 3.67157e-03
-2.81117e-01 1.69080e+00 3.56538e-03
-2.98379e-01 1.75301e+00 3.47116e-03
-3.16438e-01 1.81517e+00 3.38737e-03
-3.35294e-01 1.87729e+00 3.31267e-03
-3.54945e-01 1.93935e+00 3.24590e-03
-3.75393e-01 2.00138e+00 3.18605e-03
-3.96636e-01 2.06338e+00 3.13226e-03
-4.18676e-01 2.12535e+00 3.08376e-03
-4.41513e-01 2.18730e+00 3.03992e-03
-4.65147e-01 2.24923e+00 3.00018e-03
-4.89580e-01 2.31116e+00 2.96407e-03
-5.14812e-01 2.37308e+00 2.93116e-03
-5.40844e-01 2.43500e+00 2.90112e-03
-5.68017e-01 2.49749e+00 2.89365e-03
-5.96319e-01 2.56049e+00 2.86792e-03
-6.25406e-01 2.62340e+00 2.84431e-03
-6.55279e-01 2.68625e+00 2.82262e-03
-6.85939e-01 2.74903e+00 2.80266e-03
-7.17385e-01 2.81176e+00 2.78427e-03
-7.49617e-01 2.87443e+00 2.76729e-03
-7.82637e-01 2.93706e+00 2.75159e-03
-8.16446e-01 2.99964e+00 2.73706e-03
-8.51043e-01 3.06219e+00 2.72357e-03
-8.86432e-01 3.12471e+00 2.71105e-03
-9.22613e-01 3.18721e+00 2.69939e-03
-9.59589e-01 3.24968e+00 2.68852e-03
-9.97360e-01 3.31215e+00 2.67837e-03
-1.03593e+00 3.37460e+00 2.66887e-03
-1.07530e+00 3.43706e+00 2.65996e-03
-1.11547e+00 3.49951e+00 2.65159e-03
-1.15645e+00 3.56198e+00 2.64371e-03
-1.19824e+00 3.62446e+00 2.63628e-03
-1.24084e+00 3.68696e+00 2.62925e-03
-1.28426e+00 3.74949e+00 2.62259e-03
-1.32850e+00 3.81205e+00 2.61626e-03
-1.37356e+00 3.87465e+00 2.61024e-03
-1.41944e+00 3.93728e+00 2.60450e-03
-1.46616e+00 3.99997e+00 2.59900e-03
-1.09520e-01 9.50942e-01 6.86709e-03
-1.15505e-01 1.01409e+00 6.30399e-03
-1.22172e-01 1.07712e+00 5.81610e-03
-1.29517e-01 1.14004e+00 5.39573e-03
-1.37539e-01 1.20286e+00 5.03517e-03
-1.46236e-01 1.26558e+00 4.72699e-03
-1.55606e-01 1.32820e+00 4.46429e-03
-1.65647e-01 1.39074e+00 4.24072e-03
-1.76359e-01 1.45318e+00 4.05058e-03
-1.87739e-01 1.51556e+00 3.88884e-03
-1.99786e-01 1.57785e+00 3.75105e-03
-2.12500e-01 1.64008e+00 3.63337e-03
-2.25880e-01 1.70225e+00 3.53247e-03
-2.39925e-01 1.76435e+00 3.44547e-03
-2.54635e-01 1.82640e+00 3.36995e-03
-2.70009e-01 1.88840e+00 3.30381e-03
-2.86046e-01 1.95036e+00 3.24529e-03
-3.02748e-01 2.01228e+00 3.19290e-03
-3.20113e-01 2.07416e+00 3.14538e-03
-3.38143e-01 2.13601e+00 3.10166e-03
-3.56838e-01 2.19784e+00 3.06088e-03
-3.76197e-01 2.25964e+00 3.02229e-03
-3.96222e-01 2.32143e+00 2.98528e-03
-4.16914e-01 2.38320e+00 2.94934e-03
-4.38274e-01 2.44497e+00 2.91406e-03
-4.60559e-01 2.50720e+00 2.90057e-03
-4.83762e-01 2.56982e+00 2.87529e-03
-5.07622e-01 2.63237e+00 2.85208e-03
-5.32138e-01 2.69485e+00 2.83074e-03
-5.57310e-01 2.75728e+00 2.81111e-03
-5.83138e-01 2.81964e+00 2.79304e-03
-6.09623e-01 2.88196e+00 2.77638e-03
-6.36764e-01 2.94423e+00 2.76103e-03
-6.64563e-01 3.00645e+00 2.74686e-03
-6.93019e-01 3.06864e+00 2.73378e-03
-7.22133e-01 3.13079e+00 2.72170e-03
-7.51907e-01 3.19292e+00 2.71053e-03
-7.82341e-01 3.25502e+00 2.70020e-03
-8.13436e-01 3.31710e+00 2.69065e-03
-8.45195e-01 3.37917e+00 2.68180e-03
-8.77617e-01 3.44122e+00 2.67361e-03
-9.10705e-01 3.50327e+00 2.66602e-03
-9.44461e-01 3.56532e+00 2.65899e-03
-9.78886e-01 3.62737e+00 2.65247e-03
-1.01398e+00 3.68942e+00 2.64642e-03
-1.04975e+00 3.75149e+00 2.64081e-03
-1.08620e+00 3.81357e+00 2.63561e-03
-1.12332e+00 3.87568e+00 2.63078e-03
-1.16113e+00 3.93781e+00 2.62629e-03
-1.19962e+00 3.99997e+00 2.62213e-03
-8.22396e-02 9.63878e-01 7.46582e-03
-8.66795e-02 1.02669e+00 6.72819e-03
-9.16470e-02 1.08941e+00 6.10025e-03
-9.71410e-02 1.15204e+00 5.57029e-03
-1.03160e-01 1.21459e+00 5.12642e-03
-1.09703e-01 1.27705e+00 4.75716e-03
-1.16770e-01 1.33944e+00 4.45178e-03
-1.24359e-01 1.40175e+00 4.20048e-03
-1.32469e-01 1.46400e+00 3.99447e-03
-1.41100e-01 1.52617e+00 3.82605e-03
-1.50251e-01 1.58829e+00 3.68847e-03
-1.59922e-01 1.65034e+00 3.57595e-03
-1.70112e-01 1.71234e+00 3.48355e-03
-1.80821e-01 1.77429e+00 3.40706e-03
-1.92049e-01 1.83620e+00 3.34294e-03
-2.03795e-01 1.89805e+00 3.28825e-03
-2.16060e-01 1.95987e+00 3.24049e-03
-2.28843e-01 2.02165e+00 3.19764e-03
-2.42145e-01 2.08340e+00 3.15799e-03
-2.55966e-01 2.14512e+00 3.12016e-03
-2.70306e-01 2.20681e+00 3.08302e-03
-2.85165e-01 2.26848e+00 3.04566e-03
-3.00544e-01 2.33013e+00 3.00732e-03
-3.16444e-01 2.39177e+00 2.96744e-03
-3.32865e-01 2.45339e+00 2.92554e-03
-3.49990e-01 2.51535e+00 2.90394e-03
-3.67815e-01 2.57761e+00 2.87925e-03
-3.86153e-01 2.63981e+00 2.85655e-03
-4.05004e-01 2.70195e+00 2.83569e-03
-4.24368e-01 2.76404e+00 2.81650e-03
-4.44244e-01 2.82608e+00 2.79886e-03
-4.64634e-01 2.88807e+00 2.78264e-03
-4.85536e-01 2.95002e+00 2.76773e-03
-5.06951e-01 3.01193e+00 2.75402e-03
-5.28879e-01 3.07380e+00 2.74143e-03
-5.51320e-01 3.13565e+00 2.72988e-03
-5.74275e-01 3.19746e+00 2.71927e-03
-5.97744e-01 3.25925e+00 2.70955e-03
-6.21727e-01 3.32101e+00 2.70065e-03
-6.46226e-01 3.38276e+00 2.69251e-03
-6.71241e-01 3.44449e+00 2.68508e-03
-6.96772e-01 3.50621e+00 2.67830e-03
-7.22820e-01 3.56793e+00 2.67214e-03
-7.49388e-01 3.62963e+00 2.66655e-03
-7.76474e-01 3.69134e+00 2.66150e-03
-8.04082e-01 3.75305e+00 2.65694e-03
-8.32211e-01 3.81476e+00 2.65284e-03
-8.60863e-01 3.87648e+00 2.64918e-03
-8.90040e-01 3.93822e+00 2.64593e-03
-9.19743e-01 3.99997e+00 2.64306e-03
-5.48772e-02 9.76365e-01 8.12802e-03
-5.78048e-02 1.03874e+00 7.18921e-03
-6.10950e-02 1.10106e+00 6.39990e-03
-6.47475e-02 1.16331e+00 5.74411e-03
-6.87616e-02 1.22550e+00 5.20531e-03
-7.31370e-02 1.28763e+00 4.76732e-03
-7.78733e-02 1.34970e+00 4.41489e-03
-8.29701e-02 1.41172e+00 4.13408e-03
-8.84272e-02 1.47369e+00 3.91240e-03
-9.42444e-02 1.53561e+00 3.73890e-03
-1.00421e-01 1.59748e+00 3.60408e-03
-1.06958e-01 1.65932e+00 3.49982e-03
-1.13854e-01 1.72111e+00 3.41925e-03
-1.21109e-01 1.78286e+00 3.35659e-03
-1.28724e-01 1.84457e+00 3.30703e-03
-1.36699e-01 1.90625e+00 3.26660e-03
-1.45032e-01 1.96790e+00 3.23204e-03
-1.53726e-01 2.02952e+00 3.20068e-03
-1.62779e-01 2.09112e+00 3.17036e-03
-1.72192e-01 2.15269e+00 3.13937e-03
-1.81964e-01 2.21423e+00 3.10630e-03
-1.92097e-01 2.27576e+00 3.07010e-03
-2.02591e-01 2.33727e+00 3.02991e-03
-2.13446e-01 2.39877e+00 2.98509e-03
-2.24662e-01 2.46025e+00 2.93517e-03
-2.36354e-01 2.52196e+00 2.90394e-03
-2.48519e-01 2.58387e+00 2.87998e-03
-2.61040e-01 2.64573e+00 2.85793e-03
-2.73918e-01 2.70755e+00 2.83767e-03
-2.87152e-01 2.76932e+00 2.81904e-03
-3.00742e-01 2.83106e+00 2.80195e-03
-3.14687e-01 2.89277e+00 2.78627e-03
-3.28988e-01 2.95444e+00 2.77190e-03
-3.43644e-01 3.01608e+00 2.75875e-03
-3.58655e-01 3.07769e+00 2.74675e-03
-3.74022e-01 3.13927e+00 2.73580e-03
-3.89744e-01 3.20083e+00 2.72583e-03
-4.05822e-01 3.26237e+00 2.71679e-03
-4.22254e-01 3.32388e+00 2.70861e-03
-4.39043e-01 3.38539e+00 2.70123e-03
-4.56187e-01 3.44687e+00 2.69460e-03
-4.73687e-01 3.50835e+00 2.68868e-03
-4.91544e-01 3.56981e+00 2.68343e-03
-5.09757e-01 3.63127e+00 2.67879e-03
-5.28326e-01 3.69272e+00 2.67473e-03
-5.47253e-01 3.75416e+00 2.67123e-03
-5.66538e-01 3.81561e+00 2.66824e-03
-5.86181e-01 3.87706e+00 2.66573e-03
-6.06183e-01 3.93851e+00 2.66369e-03
-6.26543e-01 3.99997e+00 2.66207e-03
-2.74598e-02 9.88403e-01 8.85388e-03
-2.89078e-02 1.05025e+00 7.68676e-03
-3.05425e-02 1.11207e+00 6.71434e-03
-3.23637e-02 1.17385e+00 5.91626e-03
-3.43715e-02 1.23559e+00 5.27086e-03
-3.65658e-02 1.29731e+00 4.75662e-03
-3.89465e-02 1.35899e+00 4.35303e-03
-4.15136e-02 1.42065e+00 4.04127e-03
-4.42672e-02 1.48228e+00 3.80447e-03
-4.72072e-02 1.54388e+00 3.62782e-03
-5.03336e-02 1.60546e+00 3.49856e-03
-5.36464e-02 1.66702e+00 3.40585e-03
-5.71458e-02 1.72855e+00 3.34055e-03
-6.08316e-02 1.79006e+00 3.29508e-03
-6.47041e-02 1.85154e+00 3.26318e-03
-6.87631e-02 1.91301e+00 3.23975e-03
-7.30089e-02 1.97447e+00 3.22065e-03
-7.74415e-02 2.03590e+00 3.20256e-03
-8.20610e-02 2.09732e+00 3.18284e-03
-8.68676e-02 2.15873e+00 3.15941e-03
-9.18612e-02 2.22012e+00 3.13067e-03
-9.70421e-02 2.28150e+00 3.09539e-03
-1.02410e-01 2.34287e+00 3.05266e-03
-1.07966e-01 2.40423e+00 3.00181e-03
-1.13710e-01 2.46558e+00 2.94239e-03
-1.19695e-01 2.52704e+00 2.90082e-03
-1.25919e-01 2.58860e+00 2.87770e-03
-1.32329e-01 2.65014e+00 2.85643e-03
-1.38925e-01 2.71165e+00 2.83688e-03
-1.45706e-01 2.77314e+00 2.81894e-03
-1.52671e-01 2.83461e+00 2.80250e-03
-1.59822e-01 2.89606e+00 2.78747e-03
-1.67157e-01 2.95748e+00 2.77375e-03
-1.74677e-01 3.01889e+00 2.76127e-03
-1.82381e-01 3.08029e+00 2.74993e-03
-1.90270e-01 3.14166e+00 2.73967e-03
-1.98342e-01 3.20303e+00 2.73043e-03
-2.06599e-01 3.26438e+00 2.72213e-03
-2.15040e-01 3.32572e+00 2.71473e-03
-2.23665e-01 3.38704e+00 2.70817e-03
-2.32473e-01 3.44836e+00 2.70240e-03
-2.41465e-01 3.50967e+00 2.69738e-03
-2.50641e-01 3.57097e+00 2.69306e-03
-2.60001e-01 3.63226e+00 2.68939e-03
-2.69544e-01 3.69355e+00 2.68636e-03
-2.79271e-01 3.75484e+00 2.68391e-03
-2.89182e-01 3.81612e+00 2.68202e-03
-2.99276e-01 3.87741e+00 2.68067e-03
-3.09554e-01 3.93869e+00 2.67981e-03
-3.20016e-01 3.99997e+00 2.67942e-03
-1.34519e-05 9.99994e-01 9.64327e-03
-1.41532e-05 1.06122e+00 8.22016e-03
-1.49485e-05 1.12244e+00 7.04250e-03
-1.58377e-05 1.18367e+00 6.08548e-03
-1.68210e-05 1.24489e+00 5.32190e-03
-1.78984e-05 1.30612e+00 4.72415e-03
-1.90701e-05 1.36734e+00 4.26569e-03
-2.03360e-05 1.42856e+00 3.92199e-03
-2.16962e-05 1.48979e+00 3.67104e-03
-2.31508e-05 1.55101e+00 3.49355e-03
-2.46999e-05 1.61224e+00 3.37297e-03
-2.63435e-05 1.67346e+00 3.29529e-03
-2.80818e-05 1.73468e+00 3.24881e-03
-2.99147e-05 1.79591e+00 3.22389e-03
-3.18424e-05 1.85713e+00 3.21267e-03
-3.38649e-05 1.91836e+00 3.20881e-03
-3.59822e-05 1.97958e+00 3.20724e-03
-3.81945e-05 2.04080e+00 3.20395e-03
-4.05019e-05 2.10203e+00 3.19583e-03
-4.29043e-05 2.16325e+00 3.18046e-03
-4.54019e-05 2.22448e+00 3.15604e-03
-4.79947e-05 2.28570e+00 3.12124e-03
-5.06828e-05 2.34692e+00 3.07511e-03
-5.34663e-05 2.40815e+00 3.01700e-03
-5.63452e-05 2.46937e+00 2.94652e-03
-5.93436e-05 2.53060e+00 2.89479e-03
-6.24611e-05 2.59182e+00 2.87265e-03
-6.56730e-05 2.65304e+00 2.85227e-03
-6.89792e-05 2.71427e+00 2.83356e-03
-7.23798e-05 2.77549e+00 2.81641e-03
-7.58744e-05 2.83672e+00 2.80075e-03
-7.94631e-05 2.89794e+00 2.78647e-03
-8.31457e-05 2.95916e+00 2.77350e-03
-8.69220e-05 3.02039e+00 2.76177e-03
-9.07920e-05 3.08161e+00 2.75119e-03
-9.47555e-05 3.14284e+00 2.74171e-03
-9.88124e-05 3.20406e+00 2.73326e-03
-1.02963e-04 3.26528e+00 2.72579e-03
-1.07206e-04 3.32651e+00 2.71923e-03
-1.11542e-04 3.38773e+00 2.71354e-03
-1.15972e-04 3.44896e+00 2.70868e-03
-1.20494e-04 3.51018e+00 2.70459e-03
-1.25109e-04 3.57140e+00 2.70123e-03
-1.29816e-04 3.63263e+00 2.69857e-03
-1.34616e-04 3.69385e+00 2.69656e-03
-1.39508e-04 3.75507e+00 2.69519e-03
-1.44493e-04 3.81630e+00 2.69440e-03
-1.49569e-04 3.87752e+00 2.69418e-03
-1.54738e-04 3.93875e+00 2.69449e-03
-1.59998e-04 3.99997e+00 2.69531e-03
