-1.00000e+00 0.00000e+00 -6.03870e+00
-1.06122e+00 0.00000e+00 -6.91455e+00
-1.12245e+00 0.00000e+00 -6.17921e+00
-1.18367e+00 0.00000e+00 -4.46194e+00
-1.24490e+00 0.00000e+00 -2.28820e+00
-1.30612e+00 0.00000e+00 -7.86038e-02
-1.36734e+00 0.00000e+00 1.84419e+00
-1.42857e+00 0.00000e+00 3.24401e+00
-1.48979e+00 0.00000e+00 3.95761e+00
-1.55101e+00 0.00000e+00 3.88095e+00
-1.61224e+00 0.00000e+00 2.95645e+00
-1.67346e+00 0.00000e+00 1.16174e+00
-1.73469e+00 0.00000e+00 -1.49967e+00
-1.79591e+00 0.00000e+00 -4.27682e+00
-1.85713e+00 0.00000e+00 -1.33631e+00
-1.91836e+00 0.00000e+00 3.44916e-01
-1.97958e+00 0.00000e+00 1.11684e+00
-2.04081e+00 0.00000e+00 1.26748e+00
-2.10203e+00 0.00000e+00 1.03230e+00
-2.16325e+00 0.00000e+00 6.02471e-01
-2.22448e+00 0.00000e+00 1.32160e-01
-2.28570e+00 0.00000e+00 -2.55332e-01
-2.34693e+00 0.00000e+00 -4.62277e-01
-2.40815e+00 0.00000e+00 -4.12076e-01
-2.46937e+00 0.00000e+00 -4.55256e-02
-2.53060e+00 0.00000e+00 2.51754e-01
-2.59182e+00 0.00000e+00 1.80746e-01
-2.65304e+00 0.00000e+00 1.30872e-01
-2.71427e+00 0.00000e+00 9.73222e-02
-2.77549e+00 0.00000e+00 7.60546e-02
-2.83672e+00 0.00000e+00 6.36808e-02
-2.89794e+00 0.00000e+00 5.73643e-02
-2.95916e+00 0.00000e+00 5.47358e-02
-3.02039e+00 0.00000e+00 5.38212e-02
-3.08161e+00 0.00000e+00 5.29802e-02
-3.14284e+00 0.00000e+00 5.08553e-02
-3.20406e+00 0.00000e+00 4.63271e-02
-3.26528e+00 0.00000e+00 4.02203e-02
-3.32651e+00 0.00000e+00 3.84036e-02
-3.38773e+00 0.00000e+00 3.56851e-02
-3.44896e+00 0.00000e+00 3.22860e-02
-3.51018e+00 0.00000e+00 2.84114e-02
-3.57140e+00 0.00000e+00 2.42508e-02
-3.63263e+00 0.00000e+00 1.99783e-02
-3.69385e+00 0.00000e+00 1.57536e-02
-3.75507e+00 0.00000e+00 1.17225e-02
-3.81630e+00 0.00000e+00 8.01768e-03
-3.87752e+00 0.00000e+00 4.75900e-03
-3.93875e+00 0.00000e+00 2.05448e-03
-3.99997e+00 0.00000e+00 8.32285e-07
-9.88119e-01 2.81231e-02 9.64918e+01
-1.04987e+00 2.95565e-02 5.88748e+01
-1.11159e+00 3.11762e-02 3.19556e+01
-1.17328e+00 3.29823e-02 1.37554e+01
-1.23494e+00 3.49746e-02 2.47734e+00
-1.29657e+00 3.71530e-02 -3.45329e+00
-1.35818e+00 3.95177e-02 -5.37553e+00
-1.41976e+00 4.20684e-02 -4.39796e+00
-1.48132e+00 4.48053e-02 -1.41617e+00
-1.54286e+00 4.77283e-02 2.86334e+00
-1.60437e+00 5.08374e-02 7.89669e+00
-1.66587e+00 5.41327e-02 1.32764e+01
-1.72735e+00 5.76141e-02 1.87071e+01
-1.78894e+00 6.13034e-02 -1.61798e+00
-1.85056e+00 6.51872e-02 5.48408e-01
-1.91215e+00 6.92585e-02 1.83527e+00
-1.97372e+00 7.35172e-02 2.48006e+00
-2.03526e+00 7.79633e-02 2.67911e+00
-2.09678e+00 8.25968e-02 2.59381e+00
-2.15829e+00 8.74175e-02 2.35603e+00
-2.21977e+00 9.24256e-02 2.07278e+00
-2.28124e+00 9.76211e-02 1.83031e+00
-2.34269e+00 1.03004e-01 1.69755e+00
-2.40412e+00 1.08574e-01 1.72905e+00
-2.46554e+00 1.14332e-01 1.96741e+00
-2.52701e+00 1.20292e-01 1.81024e+00
-2.58852e+00 1.26455e-01 1.74844e+00
-2.65000e+00 1.32804e-01 1.68889e+00
-2.71147e+00 1.39341e-01 1.63081e+00
-2.77292e+00 1.46064e-01 1.57355e+00
-2.83435e+00 1.52974e-01 1.51656e+00
-2.89577e+00 1.60071e-01 1.45939e+00
-2.95717e+00 1.67355e-01 1.40166e+00
-3.01856e+00 1.74825e-01 1.34303e+00
-3.07994e+00 1.82482e-01 1.28323e+00
-3.14131e+00 1.90327e-01 1.22204e+00
-3.20266e+00 1.98358e-01 1.15924e+00
-3.26403e+00 2.06582e-01 1.07728e+00
-3.32542e+00 2.15006e-01 1.02579e+00
-3.38680e+00 2.23616e-01 9.64264e-01
-3.44816e+00 2.32410e-01 8.93993e-01
-3.50951e+00 2.41388e-01 8.16101e-01
-3.57085e+00 2.50551e-01 7.31569e-01
-3.63218e+00 2.59899e-01 6.41256e-01
-3.69349e+00 2.69431e-01 5.45909e-01
-3.75480e+00 2.79148e-01 4.46178e-01
-3.81610e+00 2.89049e-01 3.42623e-01
-3.87740e+00 2.99135e-01 2.35730e-01
-3.93869e+00 3.09406e-01 1.25916e-01
-3.99997e+00 3.19862e-01 1.35371e-02
-9.75796e-01 5.61609e-02 1.65250e+02
-1.03798e+00 5.90573e-02 1.05983e+02
-1.10010e+00 6.23153e-02 6.28179e+01
-1.16216e+00 6.59342e-02 3.27665e+01
-1.22418e+00 6.99138e-02 1.31734e+01
-1.28614e+00 7.42535e-02 1.74804e+00
-1.34806e+00 7.89531e-02 -3.43324e+00
-1.40994e+00 8.40123e-02 -3.94827e+00
-1.47177e+00 8.94308e-02 -1.06227e+00
-1.53356e+00 9.52083e-02 4.23265e+00
-1.59531e+00 1.01345e-01 1.11769e+01
-1.65703e+00 1.07840e-01 1.92047e+01
-1.71872e+00 1.14694e-01 2.79085e+01
-1.78064e+00 1.21958e-01 2.86736e+00
-1.84260e+00 1.29601e-01 3.95947e+00
-1.90452e+00 1.37605e-01 4.55678e+00
-1.96640e+00 1.45970e-01 4.79771e+00
-2.02824e+00 1.54696e-01 4.79674e+00
-2.09004e+00 1.63782e-01 4.64799e+00
-2.15180e+00 1.73229e-01 4.42840e+00
-2.21353e+00 1.83037e-01 4.20042e+00
-2.27523e+00 1.93205e-01 4.01438e+00
-2.33690e+00 2.03734e-01 3.91050e+00
-2.39854e+00 2.14624e-01 3.92053e+00
-2.46017e+00 2.25875e-01 4.06924e+00
-2.52188e+00 2.37522e-01 3.61832e+00
-2.58368e+00 2.49566e-01 3.52939e+00
-2.64545e+00 2.61970e-01 3.43241e+00
-2.70718e+00 2.74733e-01 3.32914e+00
-2.76888e+00 2.87856e-01 3.22106e+00
-2.83055e+00 3.01338e-01 3.10937e+00
-2.89220e+00 3.15181e-01 2.99509e+00
-2.95382e+00 3.29384e-01 2.87904e+00
-3.01542e+00 3.43947e-01 2.76187e+00
-3.07700e+00 3.58870e-01 2.64411e+00
-3.13856e+00 3.74155e-01 2.52617e+00
-3.20011e+00 3.89801e-01 2.40834e+00
-3.26167e+00 4.05821e-01 2.25140e+00
-3.32330e+00 4.22236e-01 2.14001e+00
-3.38491e+00 4.39008e-01 2.01181e+00
-3.44648e+00 4.56136e-01 1.86810e+00
-3.50804e+00 4.73621e-01 1.71002e+00
-3.56958e+00 4.91463e-01 1.53856e+00
-3.63109e+00 5.09663e-01 1.35458e+00
-3.69260e+00 5.28221e-01 1.15882e+00
-3.75409e+00 5.47137e-01 9.51927e-01
-3.81557e+00 5.66412e-01 7.34446e-01
-3.87704e+00 5.86047e-01 5.06853e-01
-3.93851e+00 6.06041e-01 2.69546e-01
-3.99997e+00 6.26396e-01 2.28628e-02
-9.63030e-01 8.40859e-02 2.09060e+02
-1.02554e+00 8.84753e-02 1.39746e+02
-1.08798e+00 9.33898e-02 8.88743e+01
-1.15033e+00 9.88282e-02 5.28615e+01
-1.21262e+00 1.04789e-01 2.86097e+01
-1.27484e+00 1.11272e-01 1.35088e+01
-1.33699e+00 1.18276e-01 5.41053e+00
-1.39908e+00 1.25800e-01 2.58548e+00
-1.46112e+00 1.33844e-01 3.67115e+00
-1.52310e+00 1.42406e-01 7.61865e+00
-1.58504e+00 1.51486e-01 1.36414e+01
-1.64693e+00 1.61085e-01 2.11682e+01
-1.70878e+00 1.71201e-01 2.98019e+01
-1.77098e+00 1.81925e-01 8.42105e+00
-1.83325e+00 1.93200e-01 8.36229e+00
-1.89546e+00 2.04997e-01 8.15685e+00
-1.95762e+00 2.17315e-01 7.86098e+00
-2.01972e+00 2.30153e-01 7.52073e+00
-2.08177e+00 2.43511e-01 7.17353e+00
-2.14377e+00 2.57389e-01 6.84955e+00
-2.20574e+00 2.71788e-01 6.57293e+00
-2.26766e+00 2.86706e-01 6.36271e+00
-2.32955e+00 3.02145e-01 6.23373e+00
-2.39141e+00 3.18104e-01 6.19735e+00
-2.45323e+00 3.34583e-01 6.26200e+00
-2.51521e+00 3.51646e-01 5.66265e+00
-2.57732e+00 3.69290e-01 5.51740e+00
-2.63938e+00 3.87453e-01 5.36088e+00
-2.70139e+00 4.06134e-01 5.19601e+00
-2.76337e+00 4.25334e-01 5.02523e+00
-2.82531e+00 4.45054e-01 4.85051e+00
-2.88722e+00 4.65293e-01 4.67348e+00
-2.94909e+00 4.86052e-01 4.49544e+00
-3.01095e+00 5.07332e-01 4.31742e+00
-3.07278e+00 5.29134e-01 4.14024e+00
-3.13459e+00 5.51457e-01 3.96451e+00
-3.19639e+00 5.74304e-01 3.79066e+00
-3.25822e+00 5.97696e-01 3.56370e+00
-3.32015e+00 6.21670e-01 3.37770e+00
-3.38205e+00 6.46159e-01 3.17228e+00
-3.44392e+00 6.71164e-01 2.94743e+00
-3.50576e+00 6.96687e-01 2.70308e+00
-3.56758e+00 7.22727e-01 2.43916e+00
-3.62938e+00 7.49286e-01 2.15557e+00
-3.69116e+00 7.76365e-01 1.85222e+00
-3.75294e+00 8.03965e-01 1.52899e+00
-3.81470e+00 8.32087e-01 1.18575e+00
-3.87646e+00 8.60733e-01 8.22379e-01
-3.93821e+00 8.89905e-01 4.38722e-01
-3.99997e+00 9.19603e-01 3.46341e-02
-9.49824e-01 1.11869e-01 2.36605e+02
-1.01257e+00 1.17782e-01 1.65348e+02
-1.07522e+00 1.24372e-01 1.12460e+02
-1.13777e+00 1.31636e-01 7.42251e+01
-1.20024e+00 1.39572e-01 4.75115e+01
-1.26263e+00 1.48179e-01 2.97393e+01
-1.32495e+00 1.57455e-01 1.88270e+01
-1.38719e+00 1.67399e-01 1.31300e+01
-1.44937e+00 1.78010e-01 1.13767e+01
-1.51148e+00 1.89286e-01 1.26079e+01
-1.57354e+00 2.01227e-01 1.61215e+01
-1.63555e+00 2.13831e-01 2.14232e+01
-1.69752e+00 2.27098e-01 2.81852e+01
-1.75995e+00 2.41165e-01 1.43070e+01
-1.82249e+00 2.55945e-01 1.32321e+01
-1.88496e+00 2.71393e-01 1.22842e+01
-1.94736e+00 2.87508e-01 1.14570e+01
-2.00969e+00 3.04290e-01 1.07446e+01
-2.07198e+00 3.21738e-01 1.01415e+01
-2.13420e+00 3.39852e-01 9.64253e+00
-2.19639e+00 3.58632e-01 9.24305e+00
-2.25853e+00 3.78078e-01 8.93858e+00
-2.32063e+00 3.98190e-01 8.72500e+00
-2.38270e+00 4.18968e-01 8.59845e+00
-2.44474e+00 4.40413e-01 8.55531e+00
-2.50698e+00 4.62619e-01 7.92969e+00
-2.56941e+00 4.85583e-01 7.70662e+00
-2.63178e+00 5.09211e-01 7.47453e+00
-2.69410e+00 5.33503e-01 7.23624e+00
-2.75638e+00 5.58460e-01 6.99407e+00
-2.81862e+00 5.84082e-01 6.74985e+00
-2.88082e+00 6.10370e-01 6.50507e+00
-2.94300e+00 6.37326e-01 6.26087e+00
-3.00515e+00 6.64950e-01 6.01812e+00
-3.06728e+00 6.93243e-01 5.77745e+00
-3.12940e+00 7.22207e-01 5.53929e+00
-3.19151e+00 7.51843e-01 5.30393e+00
-3.25366e+00 7.82185e-01 5.01517e+00
-3.31596e+00 8.13288e-01 4.73528e+00
-3.37823e+00 8.45053e-01 4.43918e+00
-3.44046e+00 8.77480e-01 4.12384e+00
-3.50267e+00 9.10573e-01 3.78651e+00
-3.56486e+00 9.44332e-01 3.42471e+00
-3.62703e+00 9.78759e-01 3.03617e+00
-3.68919e+00 1.01386e+00 2.61884e+00
-3.75134e+00 1.04963e+00 2.17084e+00
-3.81349e+00 1.08607e+00 1.69046e+00
-3.87564e+00 1.12319e+00 1.17614e+00
-3.93780e+00 1.16100e+00 6.26432e-01
-3.99997e+00 1.19948e+00 4.00253e-02
-9.36181e-01 1.39482e-01 2.56496e+02
-9.99056e-01 1.46949e-01 1.87849e+02
-1.06182e+00 1.55232e-01 1.35782e+02
-1.12449e+00 1.64327e-01 9.69318e+01
-1.18705e+00 1.74231e-01 6.85169e+01
-1.24953e+00 1.84943e-01 4.82819e+01
-1.31193e+00 1.96459e-01 3.44311e+01
-1.37425e+00 2.08778e-01 2.55621e+01
-1.43650e+00 2.21896e-01 2.06021e+01
-1.49869e+00 2.35814e-01 1.87499e+01
-1.56082e+00 2.50529e-01 1.94259e+01
-1.62289e+00 2.66040e-01 2.22279e+01
-1.68493e+00 2.82347e-01 2.68949e+01
-1.74755e+00 2.99637e-01 1.98233e+01
-1.81031e+00 3.17793e-01 1.80637e+01
-1.87300e+00 3.36750e-01 1.65961e+01
-1.93561e+00 3.56507e-01 1.53736e+01
-1.99816e+00 3.77064e-01 1.43575e+01
-2.06065e+00 3.98419e-01 1.35161e+01
-2.12308e+00 4.20573e-01 1.28231e+01
-2.18547e+00 4.43526e-01 1.22573e+01
-2.24782e+00 4.67276e-01 1.18015e+01
-2.31013e+00 4.91826e-01 1.14415e+01
-2.37242e+00 5.17174e-01 1.11664e+01
-2.43468e+00 5.43323e-01 1.09670e+01
-2.49720e+00 5.70401e-01 1.04064e+01
-2.55995e+00 5.98405e-01 1.00921e+01
-2.62265e+00 6.27205e-01 9.77485e+00
-2.68530e+00 6.56802e-01 9.45614e+00
-2.74790e+00 6.87196e-01 9.13723e+00
-2.81047e+00 7.18388e-01 8.81903e+00
-2.87301e+00 7.50380e-01 8.50219e+00
-2.93553e+00 7.83173e-01 8.18712e+00
-2.99803e+00 8.16770e-01 7.87407e+00
-3.06051e+00 8.51171e-01 7.56309e+00
-3.12299e+00 8.86379e-01 7.25414e+00
-3.18546e+00 9.22397e-01 6.94702e+00
-3.24801e+00 9.59270e-01 6.60696e+00
-3.31074e+00 9.97074e-01 6.20938e+00
-3.37344e+00 1.03567e+00 5.80587e+00
-3.43612e+00 1.07507e+00 5.38849e+00
-3.49877e+00 1.11527e+00 4.95001e+00
-3.56141e+00 1.15627e+00 4.48392e+00
-3.62405e+00 1.19808e+00 3.98428e+00
-3.68668e+00 1.24069e+00 3.44571e+00
-3.74931e+00 1.28412e+00 2.86330e+00
-3.81195e+00 1.32836e+00 2.23259e+00
-3.87460e+00 1.37343e+00 1.54947e+00
-3.93727e+00 1.41932e+00 8.10202e-01
-3.99997e+00 1.46603e+00 1.13600e-02
-9.22105e-01 1.66893e-01 2.77319e+02
-9.85005e-01 1.75945e-01 2.12198e+02
-1.04779e+00 1.85940e-01 1.60917e+02
-1.11047e+00 1.96872e-01 1.20941e+02
-1.17304e+00 2.08737e-01 9.01756e+01
-1.23553e+00 2.21533e-01 6.69158e+01
-1.29793e+00 2.35255e-01 4.97932e+01
-1.36026e+00 2.49901e-01 3.77246e+01
-1.42252e+00 2.65468e-01 2.98642e+01
-1.48471e+00 2.81954e-01 2.55630e+01
-1.54685e+00 2.99358e-01 2.43323e+01
-1.60895e+00 3.17676e-01 2.58129e+01
-1.67100e+00 3.36909e-01 2.97504e+01
-1.73377e+00 3.57305e-01 2.43132e+01
-1.79671e+00 3.78706e-01 2.23799e+01
-1.85957e+00 4.01028e-01 2.07644e+01
-1.92237e+00 4.24271e-01 1.94034e+01
-1.98510e+00 4.48432e-01 1.82470e+01
-2.04777e+00 4.73512e-01 1.72559e+01
-2.11040e+00 4.99510e-01 1.63997e+01
-2.17298e+00 5.26425e-01 1.56554e+01
-2.23553e+00 5.54259e-01 1.50060e+01
-2.29805e+00 5.83010e-01 1.44392e+01
-2.36055e+00 6.12681e-01 1.39468e+01
-2.42304e+00 6.43272e-01 1.35239e+01
-2.48585e+00 6.74952e-01 1.30810e+01
-2.54894e+00 7.07717e-01 1.26706e+01
-2.61198e+00 7.41397e-01 1.22651e+01
-2.67498e+00 7.75993e-01 1.18639e+01
-2.73794e+00 8.11506e-01 1.14664e+01
-2.80088e+00 8.47937e-01 1.10717e+01
-2.86379e+00 8.85289e-01 1.06792e+01
-2.92669e+00 9.23564e-01 1.02881e+01
-2.98957e+00 9.62764e-01 9.89744e+00
-3.05246e+00 1.00289e+00 9.50652e+00
-3.11535e+00 1.04395e+00 9.11447e+00
-3.17825e+00 1.08594e+00 8.72045e+00
-3.24125e+00 1.12893e+00 8.34075e+00
-3.30448e+00 1.17301e+00 7.79714e+00
-3.36769e+00 1.21801e+00 7.26593e+00
-3.43088e+00 1.26392e+00 6.73205e+00
-3.49407e+00 1.31076e+00 6.18179e+00
-3.55725e+00 1.35853e+00 5.60268e+00
-3.62043e+00 1.40723e+00 4.98336e+00
-3.68362e+00 1.45687e+00 4.31343e+00
-3.74683e+00 1.50744e+00 3.58339e+00
-3.81007e+00 1.55896e+00 2.78453e+00
-3.87333e+00 1.61144e+00 1.90885e+00
-3.93663e+00 1.66486e+00 9.48984e-01
-3.99997e+00 1.71926e+00 -1.01865e-01
-9.08076e-01 1.93204e-01 2.78110e+02
-9.70878e-01 2.03868e-01 2.20109e+02
-1.03356e+00 2.15587e-01 1.74025e+02
-1.09614e+00 2.28355e-01 1.37480e+02
-1.15863e+00 2.42167e-01 1.08583e+02
-1.22102e+00 2.57019e-01 8.58537e+01
-1.28333e+00 2.72905e-01 6.81476e+01
-1.34558e+00 2.89824e-01 5.45957e+01
-1.40776e+00 3.07771e-01 4.45501e+01
-1.46988e+00 3.26744e-01 3.75397e+01
-1.53196e+00 3.46739e-01 3.32337e+01
-1.59401e+00 3.67757e-01 3.14119e+01
-1.65602e+00 3.89794e-01 3.19407e+01
-1.71887e+00 4.13183e-01 2.82189e+01
-1.78193e+00 4.37713e-01 2.67540e+01
-1.84492e+00 4.63272e-01 2.53099e+01
-1.90785e+00 4.89858e-01 2.39190e+01
-1.97072e+00 5.17470e-01 2.26060e+01
-2.03354e+00 5.46108e-01 2.13895e+01
-2.09633e+00 5.75770e-01 2.02826e+01
-2.15908e+00 6.06456e-01 1.92945e+01
-2.22181e+00 6.38168e-01 1.84310e+01
-2.28453e+00 6.70905e-01 1.76952e+01
-2.34723e+00 7.04668e-01 1.70880e+01
-2.40994e+00 7.39459e-01 1.66088e+01
-2.47303e+00 7.75503e-01 1.59341e+01
-2.53647e+00 8.12791e-01 1.54336e+01
-2.59986e+00 8.51099e-01 1.49363e+01
-2.66322e+00 8.90429e-01 1.44417e+01
-2.72656e+00 9.30783e-01 1.39493e+01
-2.78988e+00 9.72163e-01 1.34584e+01
-2.85320e+00 1.01457e+00 1.29682e+01
-2.91651e+00 1.05801e+00 1.24778e+01
-2.97982e+00 1.10248e+00 1.19861e+01
-3.04315e+00 1.14799e+00 1.14922e+01
-3.10651e+00 1.19454e+00 1.09948e+01
-3.16989e+00 1.24214e+00 1.04929e+01
-3.23340e+00 1.29086e+00 1.00575e+01
-3.29720e+00 1.34084e+00 9.37072e+00
-3.36099e+00 1.39183e+00 8.69971e+00
-3.42477e+00 1.44386e+00 8.02840e+00
-3.48856e+00 1.49691e+00 7.34203e+00
-3.55236e+00 1.55101e+00 6.62706e+00
-3.61618e+00 1.60614e+00 5.87098e+00
-3.68003e+00 1.66232e+00 5.06224e+00
-3.74392e+00 1.71955e+00 4.19014e+00
-3.80785e+00 1.77785e+00 3.24473e+00
-3.87183e+00 1.83720e+00 2.21675e+00
-3.93587e+00 1.89764e+00 1.09754e+00
-3.99997e+00 1.95915e+00 -1.20998e-01
-8.93672e-01 2.19243e-01 2.82488e+02
-9.56271e-01 2.31549e-01 2.30580e+02
-1.01876e+00 2.45009e-01 1.88418e+02
-1.08115e+00 2.59617e-01 1.54079e+02
-1.14345e+00 2.75367e-01 1.26062e+02
-1.20566e+00 2.92253e-01 1.03210e+02
-1.26781e+00 3.10270e-01 8.46420e+01
-1.32990e+00 3.29414e-01 6.96987e+01
-1.39193e+00 3.49681e-01 5.78951e+01
-1.45393e+00 3.71068e-01 4.88852e+01
-1.51589e+00 3.93572e-01 4.24317e+01
-1.57783e+00 4.17191e-01 3.83825e+01
-1.63975e+00 4.41922e-01 3.66515e+01
-1.70263e+00 4.68187e-01 3.39767e+01
-1.76577e+00 4.95717e-01 3.21238e+01
-1.82885e+00 5.24370e-01 3.03312e+01
-1.89187e+00 5.54145e-01 2.86290e+01
-1.95486e+00 5.85040e-01 2.70398e+01
-2.01781e+00 6.17054e-01 2.55800e+01
-2.08073e+00 6.50186e-01 2.42609e+01
-2.14364e+00 6.84438e-01 2.30897e+01
-2.20654e+00 7.19809e-01 2.20704e+01
-2.26944e+00 7.56299e-01 2.12043e+01
-2.33236e+00 7.93911e-01 2.04908e+01
-2.39529e+00 8.32646e-01 1.99275e+01
-2.45867e+00 8.72785e-01 1.89936e+01
-2.52246e+00 9.14318e-01 1.83680e+01
-2.58623e+00 9.56964e-01 1.77499e+01
-2.64997e+00 1.00073e+00 1.71377e+01
-2.71371e+00 1.04560e+00 1.65300e+01
-2.77745e+00 1.09160e+00 1.59251e+01
-2.84120e+00 1.13872e+00 1.53214e+01
-2.90496e+00 1.18697e+00 1.47171e+01
-2.96875e+00 1.23635e+00 1.41103e+01
-3.03258e+00 1.28686e+00 1.34992e+01
-3.09645e+00 1.33852e+00 1.28820e+01
-3.16037e+00 1.39132e+00 1.22567e+01
-3.22445e+00 1.44536e+00 1.17173e+01
-3.28888e+00 1.50080e+00 1.08745e+01
-3.35332e+00 1.55737e+00 1.00488e+01
-3.41777e+00 1.61505e+00 9.22484e+00
-3.48225e+00 1.67386e+00 8.38818e+00
-3.54675e+00 1.73380e+00 7.52552e+00
-3.61131e+00 1.79488e+00 6.62446e+00
-3.67591e+00 1.85711e+00 5.67342e+00
-3.74057e+00 1.92049e+00 4.66157e+00
-3.80529e+00 1.98503e+00 3.57874e+00
-3.87010e+00 2.05075e+00 2.41533e+00
-3.93499e+00 2.11764e+00 1.16228e+00
-3.99997e+00 2.18572e+00 -1.88972e-01
-8.78830e-01 2.45113e-01 2.85103e+02
-9.41121e-01 2.59091e-01 2.38816e+02
-1.00331e+00 2.74309e-01 2.00402e+02
-1.06542e+00 2.90762e-01 1.68336e+02
-1.12744e+00 3.08441e-01 1.41449e+02
-1.18940e+00 3.27340e-01 1.18853e+02
-1.25131e+00 3.47454e-01 9.98841e+01
-1.31317e+00 3.68778e-01 8.40521e+01
-1.37499e+00 3.91306e-01 7.10038e+01
-1.43679e+00 4.15036e-01 6.04923e+01
-1.49858e+00 4.39964e-01 5.23541e+01
-1.56037e+00 4.66087e-01 4.64902e+01
-1.62216e+00 4.93404e-01 4.28513e+01
-1.68502e+00 5.22425e-01 4.04902e+01
-1.74819e+00 5.52822e-01 3.81232e+01
-1.81132e+00 5.84424e-01 3.58770e+01
-1.87441e+00 6.17229e-01 3.37754e+01
-1.93748e+00 6.51236e-01 3.18355e+01
-2.00053e+00 6.86443e-01 3.00686e+01
-2.06358e+00 7.22851e-01 2.84817e+01
-2.12663e+00 7.60458e-01 2.70782e+01
-2.18970e+00 7.99267e-01 2.58586e+01
-2.25278e+00 8.39278e-01 2.48214e+01
-2.31591e+00 8.80492e-01 2.39630e+01
-2.37907e+00 9.22913e-01 2.32788e+01
-2.44276e+00 9.66876e-01 2.21238e+01
-2.50691e+00 1.01237e+00 2.13449e+01
-2.57106e+00 1.05906e+00 2.05800e+01
-2.63521e+00 1.10694e+00 1.98267e+01
-2.69938e+00 1.15602e+00 1.90823e+01
-2.76356e+00 1.20631e+00 1.83441e+01
-2.82778e+00 1.25780e+00 1.76096e+01
-2.89204e+00 1.31050e+00 1.68760e+01
-2.95635e+00 1.36441e+00 1.61405e+01
-3.02072e+00 1.41955e+00 1.54006e+01
-3.08516e+00 1.47591e+00 1.46534e+01
-3.14968e+00 1.53351e+00 1.38963e+01
-3.21440e+00 1.59245e+00 1.32281e+01
-3.27953e+00 1.65294e+00 1.22392e+01
-3.34468e+00 1.71462e+00 1.12679e+01
-3.40988e+00 1.77751e+00 1.03001e+01
-3.47512e+00 1.84160e+00 9.32293e+00
-3.54042e+00 1.90692e+00 8.32406e+00
-3.60579e+00 1.97346e+00 7.29197e+00
-3.67124e+00 2.04123e+00 6.21579e+00
-3.73677e+00 2.11025e+00 5.08518e+00
-3.80240e+00 2.18053e+00 3.89031e+00
-3.86814e+00 2.25206e+00 2.62182e+00
-3.93399e+00 2.32487e+00 1.27072e+00
-3.99997e+00 2.39896e+00 -1.71620e-01
-8.63558e-01 2.70785e-01 2.86780e+02
-9.25433e-01 2.86464e-01 2.45481e+02
-9.87226e-01 3.03458e-01 2.10491e+02
-1.04895e+00 3.21758e-01 1.80622e+02
-1.11061e+00 3.41358e-01 1.54979e+02
-1.17223e+00 3.62249e-01 1.32892e+02
-1.23382e+00 3.84425e-01 1.13869e+02
-1.29538e+00 4.07881e-01 9.75508e+01
-1.35693e+00 4.32611e-01 8.36848e+01
-1.41848e+00 4.58612e-01 7.20984e+01
-1.48004e+00 4.85879e-01 6.26816e+01
-1.54162e+00 5.14410e-01 5.53730e+01
-1.60323e+00 5.44203e-01 5.01482e+01
-1.66603e+00 5.75859e-01 4.75670e+01
-1.72919e+00 6.08990e-01 4.45931e+01
-1.79233e+00 6.43395e-01 4.18167e+01
-1.85546e+00 6.79073e-01 3.92518e+01
-1.91858e+00 7.16020e-01 3.69067e+01
-1.98172e+00 7.54237e-01 3.47854e+01
-2.04487e+00 7.93724e-01 3.28887e+01
-2.10805e+00 8.34479e-01 3.12143e+01
-2.17127e+00 8.76505e-01 2.97583e+01
-2.23454e+00 9.19803e-01 2.85148e+01
-2.29788e+00 9.64375e-01 2.74769e+01
-2.36128e+00 1.01022e+00 2.66368e+01
-2.42528e+00 1.05774e+00 2.52745e+01
-2.48981e+00 1.10691e+00 2.43182e+01
-2.55436e+00 1.15735e+00 2.33841e+01
-2.61894e+00 1.20905e+00 2.24685e+01
-2.68356e+00 1.26201e+00 2.15677e+01
-2.74823e+00 1.31625e+00 2.06780e+01
-2.81295e+00 1.37177e+00 1.97958e+01
-2.87775e+00 1.42856e+00 1.89173e+01
-2.94262e+00 1.48665e+00 1.80390e+01
-3.00759e+00 1.54603e+00 1.71572e+01
-3.07265e+00 1.60671e+00 1.62685e+01
-3.13783e+00 1.66869e+00 1.53692e+01
-3.20325e+00 1.73212e+00 1.45532e+01
-3.26914e+00 1.79722e+00 1.34222e+01
-3.33509e+00 1.86358e+00 1.23077e+01
-3.40110e+00 1.93122e+00 1.11986e+01
-3.46719e+00 2.00014e+00 1.00842e+01
-3.53337e+00 2.07036e+00 8.95437e+00
-3.59965e+00 2.14187e+00 7.79940e+00
-3.66604e+00 2.21470e+00 6.60998e+00
-3.73254e+00 2.28884e+00 5.37712e+00
-3.79918e+00 2.36432e+00 4.09214e+00
-3.86595e+00 2.44115e+00 2.74662e+00
-3.93288e+00 2.51932e+00 1.33234e+00
-3.99997e+00 2.59887e+00 -1.58720e-01
-8.47864e-01 2.96228e-01 2.88361e+02
-9.09214e-01 3.13638e-01 2.51247e+02
-9.70506e-01 3.32424e-01 2.19203e+02
-1.03175e+00 3.52577e-01 1.91312e+02
-1.09297e+00 3.74088e-01 1.66895e+02
-1.15416e+00 3.96948e-01 1.45450e+02
-1.21535e+00 4.21152e-01 1.26608e+02
-1.27654e+00 4.46692e-01 1.10108e+02
-1.33775e+00 4.73563e-01 9.57651e+01
-1.39898e+00 5.01762e-01 8.34561e+01
-1.46025e+00 5.31283e-01 7.31045e+01
-1.52158e+00 5.62125e-01 6.46702e+01
-1.58297e+00 5.94284e-01 5.81409e+01
-1.64566e+00 6.28453e-01 5.50185e+01
-1.70877e+00 6.64185e-01 5.13784e+01
-1.77188e+00 7.01247e-01 4.80240e+01
-1.83501e+00 7.39638e-01 4.49559e+01
-1.89817e+00 7.79355e-01 4.21714e+01
-1.96136e+00 8.20398e-01 3.96653e+01
-2.02460e+00 8.62767e-01 3.74302e+01
-2.08790e+00 9.06463e-01 3.54574e+01
-2.15127e+00 9.51486e-01 3.37370e+01
-2.21472e+00 9.97838e-01 3.22584e+01
-2.27827e+00 1.04552e+00 3.10105e+01
-2.34192e+00 1.09454e+00 2.99819e+01
-2.40624e+00 1.14535e+00 2.84024e+01
-2.47116e+00 1.19791e+00 2.72487e+01
-2.53613e+00 1.25180e+00 2.61260e+01
-2.60116e+00 1.30701e+00 2.50293e+01
-2.66626e+00 1.36354e+00 2.39540e+01
-2.73143e+00 1.42140e+00 2.28953e+01
-2.79670e+00 1.48060e+00 2.18486e+01
-2.86208e+00 1.54114e+00 2.08094e+01
-2.92756e+00 1.60303e+00 1.97731e+01
-2.99317e+00 1.66627e+00 1.87354e+01
-3.05892e+00 1.73088e+00 1.76916e+01
-3.12481e+00 1.79686e+00 1.66377e+01
-3.19100e+00 1.86436e+00 1.56601e+01
-3.25772e+00 1.93364e+00 1.43844e+01
-3.32453e+00 2.00425e+00 1.31229e+01
-3.39143e+00 2.07619e+00 1.18683e+01
-3.45845e+00 2.14947e+00 1.06137e+01
-3.52559e+00 2.22411e+00 9.35217e+00
-3.59287e+00 2.30011e+00 8.07706e+00
-3.66029e+00 2.37749e+00 6.78170e+00
-3.72787e+00 2.45626e+00 5.45954e+00
-3.79561e+00 2.53642e+00 4.10410e+00
-3.86354e+00 2.61800e+00 2.70891e+00
-3.93165e+00 2.70101e+00 1.26755e+00
-3.99997e+00 2.78546e+00 -2.26395e-01
-8.31760e-01 3.21413e-01 2.90706e+02
-8.92474e-01 3.40584e-01 2.56790e+02
-9.53161e-01 3.61178e-01 2.27055e+02
-1.01383e+00 3.83186e-01 2.00784e+02
-1.07451e+00 4.06598e-01 1.77449e+02
-1.13519e+00 4.31405e-01 1.56659e+02
-1.19590e+00 4.57600e-01 1.38130e+02
-1.25665e+00 4.85177e-01 1.21656e+02
-1.31745e+00 5.14129e-01 1.07090e+02
-1.37831e+00 5.44452e-01 9.43342e+01
-1.43924e+00 5.76142e-01 8.33247e+01
-1.50026e+00 6.09196e-01 7.40257e+01
-1.56137e+00 6.43613e-01 6.64230e+01
-1.62391e+00 6.80173e-01 6.26614e+01
-1.68692e+00 7.18371e-01 5.83300e+01
-1.74997e+00 7.57943e-01 5.43782e+01
-1.81307e+00 7.98888e-01 5.07913e+01
-1.87623e+00 8.41204e-01 4.75536e+01
-1.93945e+00 8.84890e-01 4.46488e+01
-2.00277e+00 9.29946e-01 4.20606e+01
-2.06617e+00 9.76373e-01 3.97725e+01
-2.12969e+00 1.02417e+00 3.77683e+01
-2.19332e+00 1.07335e+00 3.60319e+01
-2.25708e+00 1.12390e+00 3.45476e+01
-2.32098e+00 1.17584e+00 3.33002e+01
-2.38563e+00 1.22966e+00 3.14711e+01
-2.45096e+00 1.28534e+00 3.01039e+01
-2.51636e+00 1.34239e+00 2.87760e+01
-2.58186e+00 1.40080e+00 2.74817e+01
-2.64747e+00 1.46058e+00 2.62151e+01
-2.71319e+00 1.52174e+00 2.49708e+01
-2.77904e+00 1.58428e+00 2.37431e+01
-2.84503e+00 1.64821e+00 2.25267e+01
-2.91117e+00 1.71354e+00 2.13163e+01
-2.97748e+00 1.78027e+00 2.01067e+01
-3.04396e+00 1.84841e+00 1.88926e+01
-3.11063e+00 1.91798e+00 1.76688e+01
-3.17764e+00 1.98915e+00 1.65207e+01
-3.24526e+00 2.06219e+00 1.50910e+01
-3.31300e+00 2.13660e+00 1.36716e+01
-3.38088e+00 2.21239e+00 1.22609e+01
-3.44891e+00 2.28958e+00 1.08569e+01
-3.51710e+00 2.36817e+00 9.45733e+00
-3.58546e+00 2.44818e+00 8.05993e+00
-3.65401e+00 2.52961e+00 6.66213e+00
-3.72275e+00 2.61249e+00 5.26121e+00
-3.79171e+00 2.69682e+00 3.85428e+00
-3.86089e+00 2.78263e+00 2.43830e+00
-3.93030e+00 2.86992e+00 1.01006e+00
-3.99997e+00 2.95872e+00 -4.33777e-01
-8.15576e-01 3.45837e-01 2.92683e+02
-8.75541e-01 3.66792e-01 2.61074e+02
-9.35516e-01 3.89206e-01 2.33096e+02
-9.95514e-01 4.13067e-01 2.08143e+02
-1.05555e+00 4.38366e-01 1.85768e+02
-1.11563e+00 4.65093e-01 1.65646e+02
-1.17578e+00 4.93241e-01 1.47537e+02
-1.23601e+00 5.22804e-01 1.31271e+02
-1.29632e+00 5.53774e-01 1.16723e+02
-1.35673e+00 5.86148e-01 1.03809e+02
-1.41726e+00 6.19922e-01 9.24735e+01
-1.47791e+00 6.55091e-01 8.26831e+01
-1.53870e+00 6.91656e-01 7.44230e+01
-1.60102e+00 7.30495e-01 7.00499e+01
-1.66388e+00 7.71036e-01 6.50787e+01
-1.72681e+00 8.12984e-01 6.05671e+01
-1.78983e+00 8.56336e-01 5.64859e+01
-1.85295e+00 9.01091e-01 5.28074e+01
-1.91618e+00 9.47249e-01 4.95058e+01
-1.97954e+00 9.94810e-01 4.65570e+01
-2.04303e+00 1.04378e+00 4.39381e+01
-2.10666e+00 1.09415e+00 4.16278e+01
-2.17046e+00 1.14593e+00 3.96062e+01
-2.23443e+00 1.19912e+00 3.78544e+01
-2.29858e+00 1.25374e+00 3.63546e+01
-2.36356e+00 1.31032e+00 3.42892e+01
-2.42929e+00 1.36886e+00 3.26995e+01
-2.49514e+00 1.42879e+00 3.11600e+01
-2.56113e+00 1.49012e+00 2.96639e+01
-2.62726e+00 1.55286e+00 2.82048e+01
-2.69355e+00 1.61700e+00 2.67762e+01
-2.76001e+00 1.68256e+00 2.53717e+01
-2.82665e+00 1.74955e+00 2.39852e+01
-2.89349e+00 1.81797e+00 2.26103e+01
-2.96053e+00 1.88783e+00 2.12408e+01
-3.02780e+00 1.95915e+00 1.98708e+01
-3.09530e+00 2.03193e+00 1.84939e+01
-3.16320e+00 2.10636e+00 1.71634e+01
-3.23178e+00 2.18275e+00 1.56392e+01
-3.30052e+00 2.26055e+00 1.41081e+01
-3.36944e+00 2.33976e+00 1.25773e+01
-3.43856e+00 2.42041e+00 1.10539e+01
-3.50788e+00 2.50249e+00 9.54425e+00
-3.57742e+00 2.58603e+00 8.05420e+00
-3.64719e+00 2.67104e+00 6.58937e+00
-3.71720e+00 2.75753e+00 5.15503e+00
-3.78747e+00 2.84552e+00 3.75619e+00
-3.85801e+00 2.93502e+00 2.39764e+00
-3.92884e+00 3.02606e+00 1.08402e+00
-3.99997e+00 3.11865e+00 -1.80154e-01
-7.99070e-01 3.69891e-01 2.94896e+02
-8.58176e-01 3.92657e-01 2.64955e+02
-9.17334e-01 4.16904e-01 2.38317e+02
-9.76559e-01 4.42619e-01 2.14436e+02
-1.03587e+00 4.69793e-01 1.92907e+02
-1.09526e+00 4.98417e-01 1.73436e+02
-1.15477e+00 5.28482e-01 1.55802e+02
-1.21440e+00 5.59982e-01 1.39846e+02
-1.27416e+00 5.92911e-01 1.25448e+02
-1.33406e+00 6.27263e-01 1.12526e+02
-1.39412e+00 6.63036e-01 1.01020e+02
-1.45435e+00 7.00226e-01 9.08914e+01
-1.51477e+00 7.38832e-01 8.21189e+01
-1.57683e+00 7.79831e-01 7.70996e+01
-1.63948e+00 8.22583e-01 7.15526e+01
-1.70226e+00 8.66761e-01 6.65286e+01
-1.76517e+00 9.12364e-01 6.19866e+01
-1.82822e+00 9.59390e-01 5.78899e+01
-1.89142e+00 1.00784e+00 5.42049e+01
-1.95480e+00 1.05771e+00 5.09014e+01
-2.01836e+00 1.10901e+00 4.79514e+01
-2.08211e+00 1.16174e+00 4.53295e+01
-2.14606e+00 1.21590e+00 4.30122e+01
-2.21024e+00 1.27150e+00 4.09777e+01
-2.27465e+00 1.32854e+00 3.92061e+01
-2.33995e+00 1.38763e+00 3.69150e+01
-2.40610e+00 1.44874e+00 3.50940e+01
-2.47241e+00 1.51127e+00 3.33337e+01
-2.53890e+00 1.57522e+00 3.16271e+01
-2.60558e+00 1.64059e+00 2.99672e+01
-2.67247e+00 1.70740e+00 2.83474e+01
-2.73957e+00 1.77565e+00 2.67607e+01
-2.80691e+00 1.84534e+00 2.52005e+01
-2.87449e+00 1.91649e+00 2.36601e+01
-2.94232e+00 1.98912e+00 2.21329e+01
-3.01042e+00 2.06322e+00 2.06121e+01
-3.07881e+00 2.13881e+00 1.90910e+01
-3.14766e+00 2.21610e+00 1.75903e+01
-3.21726e+00 2.29542e+00 1.59444e+01
-3.28708e+00 2.37617e+00 1.43002e+01
-3.35712e+00 2.45836e+00 1.26675e+01
-3.42740e+00 2.54200e+00 1.10557e+01
-3.49794e+00 2.62711e+00 9.47370e+00
-3.56874e+00 2.71370e+00 7.92992e+00
-3.63983e+00 2.80179e+00 6.43251e+00
-3.71121e+00 2.89138e+00 4.98939e+00
-3.78290e+00 2.98251e+00 3.60831e+00
-3.85491e+00 3.07519e+00 2.29698e+00
-3.92726e+00 3.16942e+00 1.06307e+00
-3.99996e+00 3.26525e+00 -8.56582e-02
-7.82142e-01 3.93718e-01 2.97238e+02
-8.40277e-01 4.18324e-01 2.68462e+02
-8.98515e-01 4.44418e-01 2.42814e+02
-9.56871e-01 4.71990e-01 2.19768e+02
-1.01536e+00 5.01029e-01 1.98941e+02
-1.07399e+00 5.31526e-01 1.80045e+02
-1.13277e+00 5.63473e-01 1.62867e+02
-1.19173e+00 5.96862e-01 1.47247e+02
-1.25087e+00 6.31689e-01 1.33065e+02
-1.31020e+00 6.67948e-01 1.20231e+02
-1.36975e+00 7.05636e-01 1.08680e+02
-1.42951e+00 7.44751e-01 9.83655e+01
-1.48950e+00 7.85291e-01 8.92556e+01
-1.55125e+00 8.28326e-01 8.36273e+01
-1.61366e+00 8.73153e-01 7.75749e+01
-1.67624e+00 9.19414e-01 7.20937e+01
-1.73900e+00 9.67107e-01 6.71339e+01
-1.80196e+00 1.01623e+00 6.26517e+01
-1.86512e+00 1.06679e+00 5.86075e+01
-1.92850e+00 1.11878e+00 5.49664e+01
-1.99211e+00 1.17221e+00 5.16964e+01
-2.05597e+00 1.22708e+00 4.87690e+01
-2.12008e+00 1.28338e+00 4.61579e+01
-2.18447e+00 1.34114e+00 4.38393e+01
-2.24913e+00 1.40035e+00 4.17915e+01
-2.31479e+00 1.46168e+00 3.92822e+01
-2.38136e+00 1.52508e+00 3.72326e+01
-2.44815e+00 1.58991e+00 3.52556e+01
-2.51516e+00 1.65617e+00 3.33435e+01
-2.58242e+00 1.72386e+00 3.14889e+01
-2.64994e+00 1.79300e+00 2.96843e+01
-2.71772e+00 1.86359e+00 2.79223e+01
-2.78579e+00 1.93564e+00 2.61957e+01
-2.85415e+00 2.00916e+00 2.44972e+01
-2.92283e+00 2.08416e+00 2.28194e+01
-2.99182e+00 2.16066e+00 2.11551e+01
-3.06115e+00 2.23867e+00 1.94967e+01
-3.13101e+00 2.31840e+00 1.78542e+01
-3.20171e+00 2.40022e+00 1.60916e+01
-3.27267e+00 2.48349e+00 1.43388e+01
-3.34391e+00 2.56820e+00 1.26079e+01
-3.41544e+00 2.65438e+00 1.09105e+01
-3.48728e+00 2.74204e+00 9.25743e+00
-3.55944e+00 2.83119e+00 7.65973e+00
-3.63193e+00 2.92186e+00 6.12809e+00
-3.70478e+00 3.01406e+00 4.67324e+00
-3.77799e+00 3.10781e+00 3.30599e+00
-3.85158e+00 3.20312e+00 2.03742e+00
-3.92557e+00 3.30002e+00 8.78905e-01
-3.99996e+00 3.39853e+00 -1.57697e-01
-7.64804e-01 4.17289e-01 2.99663e+02
-8.21857e-01 4.43763e-01 2.71612e+02
-8.79071e-01 4.71720e-01 2.46648e+02
-9.36460e-01 5.01150e-01 2.24235e+02
-9.94036e-01 5.32043e-01 2.03981e+02
-1.05181e+00 5.64389e-01 1.85592e+02
-1.10980e+00 5.98180e-01 1.68847e+02
-1.16802e+00 6.33411e-01 1.53578e+02
-1.22647e+00 6.70076e-01 1.39655e+02
-1.28517e+00 7.08169e-01 1.26981e+02
-1.34414e+00 7.47690e-01 1.15479e+02
-1.40338e+00 7.88634e-01 1.05093e+02
-1.46291e+00 8.31001e-01 9.57802e+01
-1.52429e+00 8.75949e-01 8.95845e+01
-1.58642e+00 9.22714e-01 8.30957e+01
-1.64876e+00 9.70909e-01 7.72126e+01
-1.71135e+00 1.02053e+00 7.18791e+01
-1.77418e+00 1.07158e+00 6.70459e+01
-1.83727e+00 1.12407e+00 6.26696e+01
-1.90064e+00 1.17798e+00 5.87113e+01
-1.96429e+00 1.23333e+00 5.51367e+01
-2.02825e+00 1.29011e+00 5.19147e+01
-2.09252e+00 1.34834e+00 4.90173e+01
-2.15712e+00 1.40802e+00 4.64192e+01
-2.22205e+00 1.46915e+00 4.40972e+01
-2.28806e+00 1.53243e+00 4.13819e+01
-2.35507e+00 1.59785e+00 3.91102e+01
-2.42235e+00 1.66468e+00 3.69240e+01
-2.48992e+00 1.73294e+00 3.48149e+01
-2.55778e+00 1.80264e+00 3.27746e+01
-2.62596e+00 1.87378e+00 3.07950e+01
-2.69446e+00 1.94637e+00 2.88680e+01
-2.76330e+00 2.02042e+00 2.69855e+01
-2.83249e+00 2.09595e+00 2.51395e+01
-2.90205e+00 2.17296e+00 2.33220e+01
-2.97199e+00 2.25147e+00 2.15247e+01
-3.04233e+00 2.33149e+00 1.97394e+01
-3.11327e+00 2.41326e+00 1.79752e+01
-3.18512e+00 2.49716e+00 1.61079e+01
-3.25730e+00 2.58249e+00 1.42588e+01
-3.32981e+00 2.66928e+00 1.24413e+01
-3.40267e+00 2.75753e+00 1.06687e+01
-3.47589e+00 2.84727e+00 8.95424e+00
-3.54950e+00 2.93851e+00 7.31098e+00
-3.62349e+00 3.03127e+00 5.75237e+00
-3.69790e+00 3.12556e+00 4.29219e+00
-3.77274e+00 3.22140e+00 2.94476e+00
-3.84802e+00 3.31882e+00 1.72517e+00
-3.92375e+00 3.41784e+00 6.49475e-01
-3.99996e+00 3.51847e+00 -2.65094e-01
-7.47073e-01 4.40577e-01 3.02128e+02
-8.02931e-01 4.68945e-01 2.74425e+02
-8.59016e-01 4.98779e-01 2.49886e+02
-9.15339e-01 5.30068e-01 2.27934e+02
-9.71912e-01 5.62803e-01 2.08143e+02
-1.02875e+00 5.96974e-01 1.90198e+02
-1.08586e+00 6.32574e-01 1.73860e+02
-1.14326e+00 6.69598e-01 1.58943e+02
-1.20096e+00 7.08040e-01 1.45306e+02
-1.25897e+00 7.47896e-01 1.32836e+02
-1.31731e+00 7.89164e-01 1.21446e+02
-1.37598e+00 8.31843e-01 1.11067e+02
-1.43500e+00 8.75931e-01 1.01647e+02
-1.49597e+00 9.22669e-01 9.49305e+01
-1.55776e+00 9.71235e-01 8.80726e+01
-1.61983e+00 1.02122e+00 8.18425e+01
-1.68220e+00 1.07261e+00 7.61800e+01
-1.74488e+00 1.12542e+00 7.10323e+01
-1.80789e+00 1.17964e+00 6.63531e+01
-1.87122e+00 1.23528e+00 6.21016e+01
-1.93491e+00 1.29234e+00 5.82415e+01
-1.99896e+00 1.35083e+00 5.47403e+01
-2.06338e+00 1.41074e+00 5.15689e+01
-2.12819e+00 1.47210e+00 4.87011e+01
-2.19340e+00 1.53490e+00 4.61130e+01
-2.25977e+00 1.59988e+00 4.32083e+01
-2.32723e+00 1.66702e+00 4.07239e+01
-2.39502e+00 1.73557e+00 3.83390e+01
-2.46316e+00 1.80553e+00 3.60441e+01
-2.53165e+00 1.87691e+00 3.38302e+01
-2.60052e+00 1.94972e+00 3.16882e+01
-2.66977e+00 2.02397e+00 2.96091e+01
-2.73943e+00 2.09968e+00 2.75842e+01
-2.80950e+00 2.17685e+00 2.56045e+01
-2.88000e+00 2.25550e+00 2.36610e+01
-2.95094e+00 2.33563e+00 2.17447e+01
-3.02234e+00 2.41727e+00 1.98462e+01
-3.09442e+00 2.50066e+00 1.79737e+01
-3.16750e+00 2.58621e+00 1.60215e+01
-3.24096e+00 2.67318e+00 1.40959e+01
-3.31482e+00 2.76159e+00 1.22118e+01
-3.38909e+00 2.85146e+00 1.03838e+01
-3.46378e+00 2.94281e+00 8.62698e+00
-3.53892e+00 3.03564e+00 6.95691e+00
-3.61452e+00 3.12999e+00 5.38982e+00
-3.69059e+00 3.22587e+00 3.94298e+00
-3.76715e+00 3.32330e+00 2.63491e+00
-3.84423e+00 3.42230e+00 1.48582e+00
-3.92182e+00 3.52289e+00 5.17925e-01
-3.99996e+00 3.62510e+00 -2.44046e-01
-7.28964e-01 4.63552e-01 3.04595e+02
-7.83515e-01 4.93841e-01 2.76926e+02
-8.38364e-01 5.25566e-01 2.52602e+02
-8.93523e-01 5.58715e-01 2.30967e+02
-9.49003e-01 5.93279e-01 2.11547e+02
-1.00482e+00 6.29251e-01 1.93990e+02
-1.06097e+00 6.66623e-01 1.78027e+02
-1.11748e+00 7.05391e-01 1.63453e+02
-1.17436e+00 7.45550e-01 1.50107e+02
-1.23162e+00 7.87097e-01 1.37861e+02
-1.28927e+00 8.30029e-01 1.26616e+02
-1.34732e+00 8.74347e-01 1.16290e+02
-1.40578e+00 9.20050e-01 1.06819e+02
-1.46629e+00 9.68455e-01 9.96316e+01
-1.52770e+00 1.01869e+00 9.24700e+01
-1.58946e+00 1.07030e+00 8.59474e+01
-1.65158e+00 1.12331e+00 8.00011e+01
-1.71408e+00 1.17770e+00 7.45764e+01
-1.77697e+00 1.23348e+00 6.96259e+01
-1.84026e+00 1.29065e+00 6.51077e+01
-1.90397e+00 1.34922e+00 6.09845e+01
-1.96810e+00 1.40919e+00 5.72234e+01
-2.03267e+00 1.47057e+00 5.37949e+01
-2.09769e+00 1.53337e+00 5.06723e+01
-2.16319e+00 1.59758e+00 4.78317e+01
-2.22993e+00 1.66400e+00 4.47573e+01
-2.29785e+00 1.73258e+00 4.20724e+01
-2.36617e+00 1.80254e+00 3.95018e+01
-2.43489e+00 1.87390e+00 3.70350e+01
-2.50405e+00 1.94665e+00 3.46618e+01
-2.57364e+00 2.02081e+00 3.23724e+01
-2.64368e+00 2.09638e+00 3.01568e+01
-2.71419e+00 2.17339e+00 2.80053e+01
-2.78518e+00 2.25184e+00 2.59082e+01
-2.85667e+00 2.33175e+00 2.38554e+01
-2.92867e+00 2.41313e+00 2.18369e+01
-3.00119e+00 2.49600e+00 1.98422e+01
-3.07447e+00 2.58060e+00 1.78703e+01
-3.14884e+00 2.66737e+00 1.58607e+01
-3.22366e+00 2.75554e+00 1.38875e+01
-3.29894e+00 2.84513e+00 1.19663e+01
-3.37470e+00 2.93616e+00 1.01133e+01
-3.45095e+00 3.02864e+00 8.34539e+00
-3.52772e+00 3.12259e+00 6.68069e+00
-3.60501e+00 3.21804e+00 5.13883e+00
-3.68284e+00 3.31500e+00 3.74137e+00
-3.76123e+00 3.41349e+00 2.51237e+00
-3.84021e+00 3.51354e+00 1.47903e+00
-3.91978e+00 3.61516e+00 6.72499e-01
-3.99996e+00 3.71839e+00 1.28863e-01
-7.10643e-01 4.86009e-01 3.06830e+02
-7.63777e-01 5.18242e-01 2.79103e+02
-8.17288e-01 5.51867e-01 2.54899e+02
-8.71184e-01 5.86873e-01 2.33490e+02
-9.25478e-01 6.23253e-01 2.14351e+02
-9.80179e-01 6.60999e-01 1.97096e+02
-1.03530e+00 7.00107e-01 1.81434e+02
-1.09085e+00 7.40570e-01 1.67141e+02
-1.14683e+00 7.82386e-01 1.54040e+02
-1.20327e+00 8.25553e-01 1.41993e+02
-1.26017e+00 8.70069e-01 1.30889e+02
-1.31754e+00 9.15934e-01 1.20638e+02
-1.37539e+00 9.63148e-01 1.11164e+02
-1.43540e+00 1.01310e+00 1.03573e+02
-1.49637e+00 1.06487e+00 9.61713e+01
-1.55777e+00 1.11798e+00 8.94131e+01
-1.61961e+00 1.17244e+00 8.32340e+01
-1.68189e+00 1.22825e+00 7.75788e+01
-1.74464e+00 1.28541e+00 7.23992e+01
-1.80785e+00 1.34393e+00 6.76529e+01
-1.87156e+00 1.40381e+00 6.33025e+01
-1.93576e+00 1.46506e+00 5.93147e+01
-2.00047e+00 1.52768e+00 5.56598e+01
-2.06570e+00 1.59168e+00 5.23110e+01
-2.13147e+00 1.65707e+00 4.92443e+01
-2.19859e+00 1.72466e+00 4.60277e+01
-2.26698e+00 1.79441e+00 4.31702e+01
-2.33583e+00 1.86551e+00 4.04381e+01
-2.40517e+00 1.93796e+00 3.78207e+01
-2.47500e+00 2.01177e+00 3.53074e+01
-2.54534e+00 2.08696e+00 3.28880e+01
-2.61620e+00 2.16353e+00 3.05524e+01
-2.68760e+00 2.24150e+00 2.82907e+01
-2.75956e+00 2.32088e+00 2.60929e+01
-2.83208e+00 2.40168e+00 2.39487e+01
-2.90518e+00 2.48392e+00 2.18478e+01
-2.97889e+00 2.56762e+00 1.97794e+01
-3.05342e+00 2.65304e+00 1.77303e+01
-3.12915e+00 2.74061e+00 1.56353e+01
-3.20540e+00 2.82955e+00 1.36007e+01
-3.28218e+00 2.91987e+00 1.16383e+01
-3.35951e+00 3.01160e+00 9.76073e+00
-3.43740e+00 3.10476e+00 7.98172e+00
-3.51588e+00 3.19935e+00 6.31658e+00
-3.59495e+00 3.29541e+00 4.78267e+00
-3.67465e+00 3.39294e+00 3.39994e+00
-3.75497e+00 3.49198e+00 2.19175e+00
-3.83596e+00 3.59255e+00 1.18583e+00
-3.91761e+00 3.69467e+00 4.15529e-01
-3.99996e+00 3.79836e+00 -7.84193e-02
-6.92010e-01 5.08084e-01 3.08776e+02
-7.43617e-01 5.42284e-01 2.80879e+02
-7.95684e-01 5.77819e-01 2.56712e+02
-8.48221e-01 6.14681e-01 2.35460e+02
-9.01236e-01 6.52863e-01 2.16546e+02
-9.54741e-01 6.92360e-01 1.99548e+02
-1.00874e+00 7.33165e-01 1.84150e+02
-1.06325e+00 7.75276e-01 1.70108e+02
-1.11828e+00 8.18690e-01 1.57235e+02
-1.17383e+00 8.63406e-01 1.45377e+02
-1.22993e+00 9.09423e-01 1.34415e+02
-1.28657e+00 9.56742e-01 1.24249e+02
-1.34377e+00 1.00537e+00 1.14797e+02
-1.40320e+00 1.05675e+00 1.06860e+02
-1.46370e+00 1.10991e+00 9.92670e+01
-1.52469e+00 1.16438e+00 9.23152e+01
-1.58620e+00 1.22014e+00 8.59411e+01
-1.64824e+00 1.27720e+00 8.00897e+01
-1.71082e+00 1.33556e+00 7.47131e+01
-1.77394e+00 1.39524e+00 6.97693e+01
-1.83762e+00 1.45622e+00 6.52212e+01
-1.90188e+00 1.51853e+00 6.10357e+01
-1.96673e+00 1.58217e+00 5.71833e+01
-2.03217e+00 1.64714e+00 5.36375e+01
-2.09823e+00 1.71346e+00 5.03744e+01
-2.16572e+00 1.78196e+00 4.70371e+01
-2.23458e+00 1.85260e+00 4.40269e+01
-2.30399e+00 1.92454e+00 4.11555e+01
-2.37395e+00 1.99778e+00 3.84110e+01
-2.44449e+00 2.07234e+00 3.57820e+01
-2.51560e+00 2.14823e+00 3.32573e+01
-2.58732e+00 2.22546e+00 3.08260e+01
-2.65965e+00 2.30404e+00 2.84773e+01
-2.73261e+00 2.38399e+00 2.62001e+01
-2.80622e+00 2.46532e+00 2.39834e+01
-2.88049e+00 2.54805e+00 2.18157e+01
-2.95543e+00 2.63219e+00 1.96851e+01
-3.03129e+00 2.71801e+00 1.75777e+01
-3.10844e+00 2.80595e+00 1.54483e+01
-3.18618e+00 2.89522e+00 1.33900e+01
-3.26453e+00 2.98584e+00 1.14131e+01
-3.34351e+00 3.07781e+00 9.52905e+00
-3.42313e+00 3.17117e+00 7.75116e+00
-3.50341e+00 3.26592e+00 6.09487e+00
-3.58436e+00 3.36209e+00 4.57862e+00
-3.66601e+00 3.45970e+00 3.22477e+00
-3.74838e+00 3.55877e+00 2.06093e+00
-3.83148e+00 3.65933e+00 1.12169e+00
-3.91533e+00 3.76140e+00 4.51262e-01
-3.99996e+00 3.86500e+00 1.07128e-01
-6.72982e-01 5.29876e-01 3.10404e+02
-7.22948e-01 5.66068e-01 2.82319e+02
-7.73466e-01 6.03526e-01 2.58153e+02
-8.24545e-01 6.42244e-01 2.37010e+02
-8.76192e-01 6.82216e-01 2.18266e+02
-9.28414e-01 7.23437e-01 2.01468e+02
-9.81220e-01 7.65904e-01 1.86278e+02
-1.03462e+00 8.09614e-01 1.72438e+02
-1.08862e+00 8.54567e-01 1.59748e+02
-1.14323e+00 9.00760e-01 1.48047e+02
-1.19846e+00 9.48196e-01 1.37207e+02
-1.25432e+00 9.96876e-01 1.27122e+02
-1.31081e+00 1.04680e+00 1.17704e+02
-1.36964e+00 1.09949e+00 1.09481e+02
-1.42960e+00 1.15392e+00 1.01738e+02
-1.49016e+00 1.20958e+00 9.46327e+01
-1.55131e+00 1.26648e+00 8.81030e+01
-1.61308e+00 1.32462e+00 8.20940e+01
-1.67546e+00 1.38400e+00 7.65581e+01
-1.73847e+00 1.44463e+00 7.14536e+01
-1.80212e+00 1.50652e+00 6.67436e+01
-1.86643e+00 1.56968e+00 6.23953e+01
-1.93141e+00 1.63410e+00 5.83794e+01
-1.99707e+00 1.69981e+00 5.46695e+01
-2.06341e+00 1.76680e+00 5.12417e+01
-2.13130e+00 1.83595e+00 4.78095e+01
-2.20064e+00 1.90719e+00 4.46735e+01
-2.27062e+00 1.97967e+00 4.16870e+01
-2.34123e+00 2.05340e+00 3.88374e+01
-2.41249e+00 2.12839e+00 3.61125e+01
-2.48442e+00 2.20466e+00 3.35005e+01
-2.55703e+00 2.28220e+00 3.09900e+01
-2.63033e+00 2.36105e+00 2.85693e+01
-2.70434e+00 2.44121e+00 2.62271e+01
-2.77908e+00 2.52269e+00 2.39514e+01
-2.85456e+00 2.60552e+00 2.17299e+01
-2.93080e+00 2.68970e+00 1.95496e+01
-3.00804e+00 2.77552e+00 1.73825e+01
-3.08668e+00 2.86341e+00 1.52144e+01
-3.16600e+00 2.95258e+00 1.31307e+01
-3.24600e+00 3.04303e+00 1.11391e+01
-3.32670e+00 3.13479e+00 9.24882e+00
-3.40813e+00 3.22788e+00 7.47118e+00
-3.49030e+00 3.32230e+00 5.82043e+00
-3.57323e+00 3.41810e+00 4.31475e+00
-3.65694e+00 3.51528e+00 2.97776e+00
-3.74145e+00 3.61386e+00 1.84071e+00
-3.82677e+00 3.71388e+00 9.45787e-01
-3.91293e+00 3.81535e+00 3.51334e-01
-3.99996e+00 3.91831e+00 1.40287e-01
-6.53576e-01 5.51358e-01 3.11681e+02
-7.01790e-01 5.89566e-01 2.83409e+02
-7.50655e-01 6.28960e-01 2.59222e+02
-8.00178e-01 6.69533e-01 2.38152e+02
-8.50363e-01 7.11282e-01 2.19531e+02
-9.01218e-01 7.54203e-01 2.02881e+02
-9.52749e-01 7.98295e-01 1.87846e+02
-1.00496e+00 8.43556e-01 1.74157e+02
-1.05787e+00 8.89986e-01 1.61605e+02
-1.11147e+00 9.37587e-01 1.50024e+02
-1.16578e+00 9.86359e-01 1.39281e+02
-1.22081e+00 1.03631e+00 1.29264e+02
-1.27656e+00 1.08743e+00 1.19884e+02
-1.33472e+00 1.14130e+00 1.11442e+02
-1.39411e+00 1.19685e+00 1.03587e+02
-1.45419e+00 1.25356e+00 9.63684e+01
-1.51495e+00 1.31144e+00 8.97221e+01
-1.57641e+00 1.37048e+00 8.35942e+01
-1.63857e+00 1.43070e+00 7.79374e+01
-1.70145e+00 1.49210e+00 7.27103e+01
-1.76506e+00 1.55469e+00 6.78762e+01
-1.82942e+00 1.61847e+00 6.34025e+01
-1.89452e+00 1.68346e+00 5.92599e+01
-1.96039e+00 1.74966e+00 5.54222e+01
-2.02704e+00 1.81709e+00 5.18655e+01
-2.09531e+00 1.88661e+00 4.83637e+01
-2.16516e+00 1.95817e+00 4.51317e+01
-2.23572e+00 2.03090e+00 4.20567e+01
-2.30700e+00 2.10482e+00 3.91260e+01
-2.37901e+00 2.17992e+00 3.63268e+01
-2.45178e+00 2.25623e+00 3.36474e+01
-2.52532e+00 2.33376e+00 3.10757e+01
-2.59963e+00 2.41252e+00 2.86001e+01
-2.67474e+00 2.49252e+00 2.62086e+01
-2.75066e+00 2.57379e+00 2.38890e+01
-2.82741e+00 2.65633e+00 2.16284e+01
-2.90501e+00 2.74016e+00 1.94130e+01
-2.98370e+00 2.82557e+00 1.71960e+01
-3.06390e+00 2.91299e+00 1.49843e+01
-3.14485e+00 3.00161e+00 1.28743e+01
-3.22657e+00 3.09145e+00 1.08699e+01
-3.30909e+00 3.18254e+00 8.97638e+00
-3.39241e+00 3.27488e+00 7.20170e+00
-3.47656e+00 3.36850e+00 5.55693e+00
-3.56156e+00 3.46343e+00 4.05788e+00
-3.64743e+00 3.55967e+00 2.72727e+00
-3.73418e+00 3.65725e+00 1.59832e+00
-3.82184e+00 3.75620e+00 7.20905e-01
-3.91042e+00 3.85654e+00 1.72711e-01
-3.99996e+00 3.95829e+00 8.06011e-02
-6.33815e-01 5.72505e-01 3.12579e+02
-6.80165e-01 6.12753e-01 2.84140e+02
-7.27273e-01 6.54093e-01 2.59923e+02
-7.75141e-01 6.96519e-01 2.38897e+02
-8.23774e-01 7.40032e-01 2.20359e+02
-8.73176e-01 7.84628e-01 2.03808e+02
-9.23352e-01 8.30307e-01 1.88877e+02
-9.74307e-01 8.77071e-01 1.75289e+02
-1.02605e+00 9.24920e-01 1.62830e+02
-1.07858e+00 9.73857e-01 1.51331e+02
-1.13192e+00 1.02388e+00 1.40653e+02
-1.18606e+00 1.07501e+00 1.30687e+02
-1.24101e+00 1.12723e+00 1.21338e+02
-1.29846e+00 1.18216e+00 1.12748e+02
-1.35724e+00 1.23869e+00 1.04820e+02
-1.41679e+00 1.29631e+00 9.75250e+01
-1.47712e+00 1.35500e+00 9.08005e+01
-1.53825e+00 1.41478e+00 8.45924e+01
-1.60017e+00 1.47565e+00 7.88537e+01
-1.66290e+00 1.53762e+00 7.35432e+01
-1.72646e+00 1.60070e+00 6.86243e+01
-1.79084e+00 1.66490e+00 6.40645e+01
-1.85607e+00 1.73022e+00 5.98347e+01
-1.92215e+00 1.79668e+00 5.59087e+01
-1.98910e+00 1.86429e+00 5.22625e+01
-2.05779e+00 1.93392e+00 4.87163e+01
-2.12814e+00 2.00552e+00 4.54203e+01
-2.19930e+00 2.07821e+00 4.22859e+01
-2.27127e+00 2.15200e+00 3.93000e+01
-2.34406e+00 2.22691e+00 3.64502e+01
-2.41770e+00 2.30294e+00 3.37248e+01
-2.49220e+00 2.38011e+00 3.11119e+01
-2.56756e+00 2.45843e+00 2.86000e+01
-2.64382e+00 2.53792e+00 2.61773e+01
-2.72097e+00 2.61860e+00 2.38314e+01
-2.79905e+00 2.70047e+00 2.15494e+01
-2.87805e+00 2.78357e+00 1.93170e+01
-2.95826e+00 2.86815e+00 1.70692e+01
-3.04007e+00 2.95467e+00 1.48106e+01
-3.12273e+00 3.04231e+00 1.26767e+01
-3.20626e+00 3.13110e+00 1.06660e+01
-3.29066e+00 3.22105e+00 8.77875e+00
-3.37597e+00 3.31219e+00 7.01739e+00
-3.46219e+00 3.40452e+00 5.38720e+00
-3.54935e+00 3.49807e+00 3.89814e+00
-3.63747e+00 3.59287e+00 2.56752e+00
-3.72657e+00 3.68894e+00 1.42549e+00
-3.81667e+00 3.78629e+00 5.25981e-01
-3.90779e+00 3.88495e+00 -2.80029e-02
-3.99995e+00 3.98495e+00 -1.81026e-02
-6.13720e-01 5.93293e-01 3.13081e+02
-6.58097e-01 6.35603e-01 2.84509e+02
-7.03343e-01 6.78898e-01 2.60264e+02
-7.49460e-01 7.23176e-01 2.39261e+02
-7.96448e-01 7.68438e-01 2.20768e+02
-8.44311e-01 8.14684e-01 2.04272e+02
-8.93053e-01 8.61915e-01 1.89396e+02
-9.42676e-01 9.10133e-01 1.75859e+02
-9.93185e-01 9.59342e-01 1.63446e+02
-1.04459e+00 1.00955e+00 1.51985e+02
-1.09688e+00 1.06075e+00 1.41341e+02
-1.15009e+00 1.11295e+00 1.31400e+02
-1.20420e+00 1.16617e+00 1.22070e+02
-1.26088e+00 1.22203e+00 1.13404e+02
-1.31900e+00 1.27942e+00 1.05438e+02
-1.37798e+00 1.33778e+00 9.81041e+01
-1.43785e+00 1.39714e+00 9.13392e+01
-1.49861e+00 1.45748e+00 8.50896e+01
-1.56027e+00 1.51883e+00 7.93085e+01
-1.62283e+00 1.58118e+00 7.39546e+01
-1.68632e+00 1.64455e+00 6.89915e+01
-1.75073e+00 1.70895e+00 6.43869e+01
-1.81607e+00 1.77438e+00 6.01116e+01
-1.88237e+00 1.84086e+00 5.61396e+01
-1.94963e+00 1.90840e+00 5.24469e+01
-2.01872e+00 1.97788e+00 4.88808e+01
-2.08959e+00 2.04924e+00 4.55555e+01
-2.16136e+00 2.12159e+00 4.23925e+01
-2.23404e+00 2.19496e+00 3.93794e+01
-2.30764e+00 2.26935e+00 3.65045e+01
-2.38218e+00 2.34478e+00 3.37566e+01
-2.45767e+00 2.42125e+00 3.11247e+01
-2.53413e+00 2.49879e+00 2.85978e+01
-2.61157e+00 2.57741e+00 2.61648e+01
-2.69001e+00 2.65713e+00 2.38140e+01
-2.76946e+00 2.73795e+00 2.15331e+01
-2.84994e+00 2.81991e+00 1.93081e+01
-2.93171e+00 2.90326e+00 1.70563e+01
-3.01521e+00 2.98845e+00 1.47529e+01
-3.09966e+00 3.07468e+00 1.26050e+01
-3.18506e+00 3.16197e+00 1.06057e+01
-3.27143e+00 3.25033e+00 8.74921e+00
-3.35880e+00 3.33978e+00 7.03053e+00
-3.44719e+00 3.43035e+00 5.44632e+00
-3.53661e+00 3.52204e+00 3.99555e+00
-3.62708e+00 3.61490e+00 2.68129e+00
-3.71863e+00 3.70892e+00 1.51524e+00
-3.81127e+00 3.80415e+00 5.30670e-01
-3.90504e+00 3.90059e+00 -1.68561e-01
-3.99995e+00 3.99828e+00 -1.07745e-01
-5.93303e-01 6.13710e-01 3.13081e+02
-6.35614e-01 6.58086e-01 2.84509e+02
-6.78910e-01 7.03332e-01 2.60264e+02
-7.23189e-01 7.49447e-01 2.39261e+02
-7.68452e-01 7.96435e-01 2.20769e+02
-8.14698e-01 8.44297e-01 2.04272e+02
-8.61930e-01 8.93037e-01 1.89396e+02
-9.10149e-01 9.42660e-01 1.75859e+02
-9.59359e-01 9.93168e-01 1.63446e+02
-1.00956e+00 1.04457e+00 1.51985e+02
-1.06076e+00 1.09687e+00 1.41341e+02
-1.11297e+00 1.15007e+00 1.31400e+02
-1.16618e+00 1.20418e+00 1.22070e+02
-1.22205e+00 1.26087e+00 1.13404e+02
-1.27944e+00 1.31898e+00 1.05438e+02
-1.33780e+00 1.37796e+00 9.81042e+01
-1.39716e+00 1.43783e+00 9.13393e+01
-1.45750e+00 1.49859e+00 8.50898e+01
-1.51885e+00 1.56025e+00 7.93086e+01
-1.58120e+00 1.62281e+00 7.39547e+01
-1.64457e+00 1.68630e+00 6.89916e+01
-1.70897e+00 1.75071e+00 6.43869e+01
-1.77440e+00 1.81605e+00 6.01117e+01
-1.84088e+00 1.88235e+00 5.61396e+01
-1.90842e+00 1.94961e+00 5.24469e+01
-1.97790e+00 2.01870e+00 4.88808e+01
-2.04926e+00 2.08957e+00 4.55556e+01
-2.12161e+00 2.16134e+00 4.23925e+01
-2.19498e+00 2.23402e+00 3.93794e+01
-2.26937e+00 2.30762e+00 3.65045e+01
-2.34480e+00 2.38216e+00 3.37566e+01
-2.42127e+00 2.45766e+00 3.11247e+01
-2.49881e+00 2.53411e+00 2.85978e+01
-2.57743e+00 2.61155e+00 2.61648e+01
-2.65714e+00 2.68999e+00 2.38141e+01
-2.73797e+00 2.76944e+00 2.15331e+01
-2.81992e+00 2.84992e+00 1.93081e+01
-2.90328e+00 2.93170e+00 1.70564e+01
-2.98847e+00 3.01520e+00 1.47529e+01
-3.07470e+00 3.09965e+00 1.26050e+01
-3.16198e+00 3.18505e+00 1.06058e+01
-3.25034e+00 3.27142e+00 8.74926e+00
-3.33979e+00 3.35880e+00 7.03061e+00
-3.43036e+00 3.44718e+00 5.44644e+00
-3.52205e+00 3.53660e+00 3.99570e+00
-3.61490e+00 3.62707e+00 2.68148e+00
-3.70893e+00 3.71862e+00 1.51542e+00
-3.80415e+00 3.81127e+00 5.30793e-01
-3.90060e+00 3.90504e+00 -1.68583e-01
-3.99829e+00 3.99995e+00 -1.07781e-01
-5.72516e-01 6.33805e-01 3.12579e+02
-6.12765e-01 6.80154e-01 2.84141e+02
-6.54105e-01 7.27261e-01 2.59923e+02
-6.96533e-01 7.75128e-01 2.38898e+02
-7.40046e-01 8.23760e-01 2.20359e+02
-7.84642e-01 8.73161e-01 2.03808e+02
-8.30323e-01 9.23336e-01 1.88878e+02
-8.77088e-01 9.74291e-01 1.75290e+02
-9.24937e-01 1.02603e+00 1.62831e+02
-9.73875e-01 1.07856e+00 1.51331e+02
-1.02390e+00 1.13190e+00 1.40654e+02
-1.07503e+00 1.18604e+00 1.30688e+02
-1.12725e+00 1.24099e+00 1.21339e+02
-1.18218e+00 1.29844e+00 1.12748e+02
-1.23871e+00 1.35722e+00 1.04821e+02
-1.29633e+00 1.41677e+00 9.75256e+01
-1.35502e+00 1.47710e+00 9.08011e+01
-1.41480e+00 1.53822e+00 8.45929e+01
-1.47567e+00 1.60015e+00 7.88542e+01
-1.53765e+00 1.66288e+00 7.35436e+01
-1.60073e+00 1.72644e+00 6.86246e+01
-1.66492e+00 1.79082e+00 6.40648e+01
-1.73025e+00 1.85605e+00 5.98350e+01
-1.79671e+00 1.92213e+00 5.59090e+01
-1.86431e+00 1.98908e+00 5.22627e+01
-1.93394e+00 2.05777e+00 4.87164e+01
-2.00554e+00 2.12812e+00 4.54205e+01
-2.07824e+00 2.19928e+00 4.22860e+01
-2.15203e+00 2.27125e+00 3.93001e+01
-2.22693e+00 2.34404e+00 3.64503e+01
-2.30296e+00 2.41768e+00 3.37248e+01
-2.38013e+00 2.49218e+00 3.11119e+01
-2.45845e+00 2.56755e+00 2.86000e+01
-2.53795e+00 2.64380e+00 2.61773e+01
-2.61862e+00 2.72096e+00 2.38314e+01
-2.70049e+00 2.79903e+00 2.15494e+01
-2.78359e+00 2.87804e+00 1.93170e+01
-2.86817e+00 2.95824e+00 1.70692e+01
-2.95469e+00 3.04006e+00 1.48106e+01
-3.04233e+00 3.12272e+00 1.26766e+01
-3.13112e+00 3.20625e+00 1.06659e+01
-3.22107e+00 3.29065e+00 8.77869e+00
-3.31220e+00 3.37596e+00 7.01733e+00
-3.40453e+00 3.46219e+00 5.38716e+00
-3.49809e+00 3.54935e+00 3.89810e+00
-3.59289e+00 3.63747e+00 2.56749e+00
-3.68895e+00 3.72657e+00 1.42545e+00
-3.78630e+00 3.81667e+00 5.25912e-01
-3.88496e+00 3.90779e+00 -2.80965e-02
-3.98496e+00 3.99995e+00 -1.81537e-02
-5.51368e-01 6.53567e-01 3.11681e+02
-5.89578e-01 7.01779e-01 2.83410e+02
-6.28972e-01 7.50642e-01 2.59223e+02
-6.69546e-01 8.00163e-01 2.38153e+02
-7.11296e-01 8.50348e-01 2.19532e+02
-7.54218e-01 9.01201e-01 2.02882e+02
-7.98310e-01 9.52731e-01 1.87847e+02
-8.43572e-01 1.00494e+00 1.74158e+02
-8.90003e-01 1.05785e+00 1.61607e+02
-9.37605e-01 1.11145e+00 1.50026e+02
-9.86378e-01 1.16576e+00 1.39283e+02
-1.03633e+00 1.22078e+00 1.29266e+02
-1.08745e+00 1.27653e+00 1.19885e+02
-1.14132e+00 1.33469e+00 1.11443e+02
-1.19687e+00 1.39409e+00 1.03589e+02
-1.25359e+00 1.45416e+00 9.63696e+01
-1.31146e+00 1.51492e+00 8.97232e+01
-1.37051e+00 1.57638e+00 8.35952e+01
-1.43073e+00 1.63855e+00 7.79384e+01
-1.49213e+00 1.70143e+00 7.27112e+01
-1.55471e+00 1.76504e+00 6.78770e+01
-1.61850e+00 1.82939e+00 6.34032e+01
-1.68348e+00 1.89450e+00 5.92605e+01
-1.74968e+00 1.96037e+00 5.54227e+01
-1.81711e+00 2.02701e+00 5.18659e+01
-1.88663e+00 2.09529e+00 4.83641e+01
-1.95819e+00 2.16514e+00 4.51320e+01
-2.03093e+00 2.23569e+00 4.20570e+01
-2.10484e+00 2.30698e+00 3.91262e+01
-2.17995e+00 2.37899e+00 3.63270e+01
-2.25626e+00 2.45176e+00 3.36475e+01
-2.33378e+00 2.52530e+00 3.10758e+01
-2.41254e+00 2.59961e+00 2.86001e+01
-2.49254e+00 2.67472e+00 2.62086e+01
-2.57381e+00 2.75065e+00 2.38890e+01
-2.65635e+00 2.82740e+00 2.16284e+01
-2.74019e+00 2.90499e+00 1.94129e+01
-2.82559e+00 2.98369e+00 1.71960e+01
-2.91301e+00 3.06388e+00 1.49842e+01
-3.00163e+00 3.14483e+00 1.28742e+01
-3.09148e+00 3.22656e+00 1.08698e+01
-3.18256e+00 3.30908e+00 8.97627e+00
-3.27490e+00 3.39240e+00 7.20159e+00
-3.36852e+00 3.47656e+00 5.55682e+00
-3.46344e+00 3.56156e+00 4.05777e+00
-3.55969e+00 3.64742e+00 2.72716e+00
-3.65727e+00 3.73417e+00 1.59821e+00
-3.75622e+00 3.82183e+00 7.20794e-01
-3.85656e+00 3.91042e+00 1.72613e-01
-3.95831e+00 3.99996e+00 8.05574e-02
-5.29886e-01 6.72972e-01 3.10405e+02
-5.66079e-01 7.22936e-01 2.82320e+02
-6.03539e-01 7.73452e-01 2.58154e+02
-6.42258e-01 8.24529e-01 2.37012e+02
-6.82230e-01 8.76174e-01 2.18268e+02
-7.23452e-01 9.28394e-01 2.01470e+02
-7.65920e-01 9.81199e-01 1.86281e+02
-8.09631e-01 1.03460e+00 1.72441e+02
-8.54584e-01 1.08859e+00 1.59751e+02
-9.00778e-01 1.14320e+00 1.48050e+02
-9.48215e-01 1.19843e+00 1.37209e+02
-9.96895e-01 1.25429e+00 1.27124e+02
-1.04682e+00 1.31079e+00 1.17707e+02
-1.09951e+00 1.36961e+00 1.09483e+02
-1.15394e+00 1.42958e+00 1.01740e+02
-1.20960e+00 1.49013e+00 9.46347e+01
-1.26650e+00 1.55128e+00 8.81049e+01
-1.32464e+00 1.61305e+00 8.20957e+01
-1.38402e+00 1.67543e+00 7.65597e+01
-1.44466e+00 1.73844e+00 7.14550e+01
-1.50655e+00 1.80209e+00 6.67449e+01
-1.56970e+00 1.86640e+00 6.23965e+01
-1.63413e+00 1.93138e+00 5.83805e+01
-1.69983e+00 1.99704e+00 5.46704e+01
-1.76683e+00 2.06339e+00 5.12424e+01
-1.83597e+00 2.13127e+00 4.78102e+01
-1.90722e+00 2.20062e+00 4.46741e+01
-1.97970e+00 2.27059e+00 4.16875e+01
-2.05343e+00 2.34120e+00 3.88378e+01
-2.12842e+00 2.41247e+00 3.61128e+01
-2.20468e+00 2.48440e+00 3.35008e+01
-2.28223e+00 2.55700e+00 3.09902e+01
-2.36108e+00 2.63031e+00 2.85695e+01
-2.44123e+00 2.70432e+00 2.62272e+01
-2.52272e+00 2.77906e+00 2.39515e+01
-2.60554e+00 2.85454e+00 2.17299e+01
-2.68973e+00 2.93078e+00 1.95496e+01
-2.77555e+00 3.00803e+00 1.73825e+01
-2.86344e+00 3.08667e+00 1.52143e+01
-2.95260e+00 3.16598e+00 1.31306e+01
-3.04306e+00 3.24599e+00 1.11390e+01
-3.13482e+00 3.32669e+00 9.24870e+00
-3.22790e+00 3.40812e+00 7.47106e+00
-3.32233e+00 3.49030e+00 5.82030e+00
-3.41812e+00 3.57323e+00 4.31462e+00
-3.51530e+00 3.65694e+00 2.97764e+00
-3.61389e+00 3.74144e+00 1.84059e+00
-3.71390e+00 3.82677e+00 9.45684e-01
-3.81538e+00 3.91293e+00 3.51261e-01
-3.91833e+00 3.99996e+00 1.40275e-01
-5.08095e-01 6.92001e-01 3.08776e+02
-5.42295e-01 7.43604e-01 2.80881e+02
-5.77832e-01 7.95668e-01 2.56714e+02
-6.14695e-01 8.48202e-01 2.35462e+02
-6.52878e-01 9.01216e-01 2.16549e+02
-6.92375e-01 9.54718e-01 1.99551e+02
-7.33181e-01 1.00872e+00 1.84153e+02
-7.75293e-01 1.06323e+00 1.70112e+02
-8.18708e-01 1.11825e+00 1.57239e+02
-8.63425e-01 1.17380e+00 1.45381e+02
-9.09442e-01 1.22990e+00 1.34419e+02
-9.56762e-01 1.28653e+00 1.24253e+02
-1.00539e+00 1.34373e+00 1.14801e+02
-1.05677e+00 1.40317e+00 1.06864e+02
-1.10994e+00 1.46366e+00 9.92704e+01
-1.16440e+00 1.52466e+00 9.23183e+01
-1.22016e+00 1.58617e+00 8.59439e+01
-1.27722e+00 1.64821e+00 8.00923e+01
-1.33559e+00 1.71078e+00 7.47155e+01
-1.39526e+00 1.77390e+00 6.97715e+01
-1.45625e+00 1.83759e+00 6.52231e+01
-1.51856e+00 1.90185e+00 6.10374e+01
-1.58220e+00 1.96669e+00 5.71849e+01
-1.64717e+00 2.03214e+00 5.36389e+01
-1.71349e+00 2.09820e+00 5.03755e+01
-1.78199e+00 2.16569e+00 4.70381e+01
-1.85263e+00 2.23455e+00 4.40277e+01
-1.92456e+00 2.30396e+00 4.11562e+01
-1.99781e+00 2.37392e+00 3.84117e+01
-2.07237e+00 2.44446e+00 3.57825e+01
-2.14826e+00 2.51558e+00 3.32578e+01
-2.22549e+00 2.58730e+00 3.08264e+01
-2.30407e+00 2.65963e+00 2.84775e+01
-2.38402e+00 2.73259e+00 2.62003e+01
-2.46535e+00 2.80620e+00 2.39835e+01
-2.54808e+00 2.88047e+00 2.18158e+01
-2.63222e+00 2.95541e+00 1.96852e+01
-2.71804e+00 3.03127e+00 1.75777e+01
-2.80598e+00 3.10842e+00 1.54482e+01
-2.89525e+00 3.18617e+00 1.33899e+01
-2.98587e+00 3.26452e+00 1.14130e+01
-3.07784e+00 3.34350e+00 9.52895e+00
-3.17120e+00 3.42312e+00 7.75106e+00
-3.26595e+00 3.50340e+00 6.09476e+00
-3.36212e+00 3.58436e+00 4.57851e+00
-3.45973e+00 3.66601e+00 3.22467e+00
-3.55880e+00 3.74838e+00 2.06084e+00
-3.65936e+00 3.83148e+00 1.12163e+00
-3.76143e+00 3.91533e+00 4.51242e-01
-3.86503e+00 3.99996e+00 1.07177e-01
-4.86020e-01 7.10634e-01 3.06831e+02
-5.18254e-01 7.63764e-01 2.79104e+02
-5.51879e-01 8.17270e-01 2.54902e+02
-5.86886e-01 8.71164e-01 2.33494e+02
-6.23267e-01 9.25454e-01 2.14356e+02
-6.61015e-01 9.80152e-01 1.97101e+02
-7.00123e-01 1.03527e+00 1.81440e+02
-7.40587e-01 1.09081e+00 1.67146e+02
-7.82404e-01 1.14680e+00 1.54046e+02
-8.25572e-01 1.20323e+00 1.41999e+02
-8.70088e-01 1.26013e+00 1.30895e+02
-9.15954e-01 1.31750e+00 1.20643e+02
-9.63169e-01 1.37536e+00 1.11170e+02
-1.01312e+00 1.43536e+00 1.03578e+02
-1.06489e+00 1.49633e+00 9.61760e+01
-1.11800e+00 1.55773e+00 8.94174e+01
-1.17247e+00 1.61957e+00 8.32379e+01
-1.22828e+00 1.68185e+00 7.75824e+01
-1.28544e+00 1.74459e+00 7.24025e+01
-1.34396e+00 1.80781e+00 6.76559e+01
-1.40384e+00 1.87151e+00 6.33052e+01
-1.46509e+00 1.93572e+00 5.93171e+01
-1.52771e+00 2.00043e+00 5.56619e+01
-1.59171e+00 2.06566e+00 5.23129e+01
-1.65710e+00 2.13144e+00 4.92458e+01
-1.72469e+00 2.19855e+00 4.60292e+01
-1.79444e+00 2.26694e+00 4.31714e+01
-1.86554e+00 2.33580e+00 4.04392e+01
-1.93799e+00 2.40513e+00 3.78216e+01
-2.01180e+00 2.47497e+00 3.53081e+01
-2.08699e+00 2.54531e+00 3.28886e+01
-2.16356e+00 2.61617e+00 3.05530e+01
-2.24153e+00 2.68758e+00 2.82912e+01
-2.32091e+00 2.75953e+00 2.60932e+01
-2.40171e+00 2.83205e+00 2.39490e+01
-2.48396e+00 2.90516e+00 2.18480e+01
-2.56766e+00 2.97887e+00 1.97796e+01
-2.65308e+00 3.05341e+00 1.77304e+01
-2.74064e+00 3.12914e+00 1.56353e+01
-2.82958e+00 3.20539e+00 1.36007e+01
-2.91991e+00 3.28217e+00 1.16383e+01
-3.01164e+00 3.35950e+00 9.76069e+00
-3.10479e+00 3.43739e+00 7.98167e+00
-3.19939e+00 3.51587e+00 6.31653e+00
-3.29544e+00 3.59495e+00 4.78261e+00
-3.39298e+00 3.67464e+00 3.39989e+00
-3.49202e+00 3.75497e+00 2.19173e+00
-3.59259e+00 3.83595e+00 1.18584e+00
-3.69470e+00 3.91761e+00 4.15589e-01
-3.79839e+00 3.99996e+00 -7.82793e-02
-4.63563e-01 7.28955e-01 3.04595e+02
-4.93853e-01 7.83501e-01 2.76928e+02
-5.25579e-01 8.38345e-01 2.52606e+02
-5.58729e-01 8.93500e-01 2.30972e+02
-5.93294e-01 9.48975e-01 2.11554e+02
-6.29266e-01 1.00478e+00 1.93997e+02
-6.66640e-01 1.06094e+00 1.78034e+02
-7.05408e-01 1.11745e+00 1.63460e+02
-7.45568e-01 1.17432e+00 1.50114e+02
-7.87116e-01 1.23158e+00 1.37869e+02
-8.30049e-01 1.28922e+00 1.26624e+02
-8.74368e-01 1.34727e+00 1.16298e+02
-9.20071e-01 1.40573e+00 1.06827e+02
-9.68477e-01 1.46624e+00 9.96383e+01
-1.01871e+00 1.52765e+00 9.24762e+01
-1.07033e+00 1.58941e+00 8.59530e+01
-1.12333e+00 1.65153e+00 8.00062e+01
-1.17772e+00 1.71403e+00 7.45811e+01
-1.23350e+00 1.77692e+00 6.96302e+01
-1.29068e+00 1.84021e+00 6.51116e+01
-1.34925e+00 1.90392e+00 6.09880e+01
-1.40922e+00 1.96805e+00 5.72266e+01
-1.47060e+00 2.03262e+00 5.37977e+01
-1.53340e+00 2.09765e+00 5.06748e+01
-1.59761e+00 2.16314e+00 4.78338e+01
-1.66403e+00 2.22988e+00 4.47592e+01
-1.73261e+00 2.29781e+00 4.20741e+01
-1.80258e+00 2.36613e+00 3.95032e+01
-1.87393e+00 2.43486e+00 3.70362e+01
-1.94668e+00 2.50401e+00 3.46629e+01
-2.02084e+00 2.57360e+00 3.23733e+01
-2.09642e+00 2.64365e+00 3.01575e+01
-2.17343e+00 2.71416e+00 2.80059e+01
-2.25188e+00 2.78515e+00 2.59087e+01
-2.33179e+00 2.85664e+00 2.38558e+01
-2.41317e+00 2.92864e+00 2.18372e+01
-2.49603e+00 3.00117e+00 1.98424e+01
-2.58064e+00 3.07445e+00 1.78704e+01
-2.66740e+00 3.14882e+00 1.58608e+01
-2.75557e+00 3.22364e+00 1.38876e+01
-2.84517e+00 3.29893e+00 1.19663e+01
-2.93619e+00 3.37469e+00 1.01133e+01
-3.02868e+00 3.45094e+00 8.34533e+00
-3.12263e+00 3.52771e+00 6.68063e+00
-3.21808e+00 3.60500e+00 5.13878e+00
-3.31504e+00 3.68283e+00 3.74134e+00
-3.41353e+00 3.76123e+00 2.51239e+00
-3.51358e+00 3.84020e+00 1.47912e+00
-3.61521e+00 3.91977e+00 6.72684e-01
-3.71843e+00 3.99996e+00 1.29181e-01
-4.40588e-01 7.47064e-01 3.02127e+02
-4.68957e-01 8.02916e-01 2.74427e+02
-4.98792e-01 8.58994e-01 2.49891e+02
-5.30082e-01 9.15312e-01 2.27941e+02
-5.62818e-01 9.71881e-01 2.08151e+02
-5.96990e-01 1.02871e+00 1.90207e+02
-6.32591e-01 1.08582e+00 1.73870e+02
-6.69615e-01 1.14322e+00 1.58953e+02
-7.08058e-01 1.20091e+00 1.45316e+02
-7.47915e-01 1.25892e+00 1.32846e+02
-7.89184e-01 1.31726e+00 1.21456e+02
-8.31864e-01 1.37593e+00 1.11077e+02
-8.75953e-01 1.43494e+00 1.01657e+02
-9.22692e-01 1.49592e+00 9.49391e+01
-9.71259e-01 1.55770e+00 8.80804e+01
-1.02124e+00 1.61978e+00 8.18496e+01
-1.07263e+00 1.68215e+00 7.61865e+01
-1.12544e+00 1.74483e+00 7.10382e+01
-1.17967e+00 1.80783e+00 6.63585e+01
-1.23531e+00 1.87117e+00 6.21065e+01
-1.29237e+00 1.93485e+00 5.82459e+01
-1.35086e+00 1.99890e+00 5.47443e+01
-1.41077e+00 2.06333e+00 5.15724e+01
-1.47213e+00 2.12814e+00 4.87042e+01
-1.53493e+00 2.19335e+00 4.61157e+01
-1.59992e+00 2.25972e+00 4.32107e+01
-1.66705e+00 2.32718e+00 4.07260e+01
-1.73560e+00 2.39498e+00 3.83408e+01
-1.80556e+00 2.46311e+00 3.60458e+01
-1.87694e+00 2.53161e+00 3.38316e+01
-1.94976e+00 2.60048e+00 3.16894e+01
-2.02401e+00 2.66974e+00 2.96102e+01
-2.09972e+00 2.73939e+00 2.75850e+01
-2.17689e+00 2.80947e+00 2.56052e+01
-2.25553e+00 2.87997e+00 2.36616e+01
-2.33567e+00 2.95091e+00 2.17451e+01
-2.41731e+00 3.02232e+00 1.98465e+01
-2.50070e+00 3.09439e+00 1.79739e+01
-2.58625e+00 3.16748e+00 1.60216e+01
-2.67322e+00 3.24094e+00 1.40960e+01
-2.76163e+00 3.31480e+00 1.22118e+01
-2.85150e+00 3.38907e+00 1.03838e+01
-2.94285e+00 3.46377e+00 8.62691e+00
-3.03569e+00 3.53891e+00 6.95681e+00
-3.13004e+00 3.61451e+00 5.38970e+00
-3.22592e+00 3.69059e+00 3.94285e+00
-3.32334e+00 3.76715e+00 2.63481e+00
-3.42234e+00 3.84422e+00 1.48575e+00
-3.52294e+00 3.92182e+00 5.17913e-01
-3.62514e+00 3.99996e+00 -2.43971e-01
-4.17301e-01 7.64796e-01 2.99661e+02
-4.43775e-01 8.21841e-01 2.71615e+02
-4.71733e-01 8.79048e-01 2.46654e+02
-5.01164e-01 9.36430e-01 2.24244e+02
-5.32058e-01 9.94000e-01 2.03991e+02
-5.64405e-01 1.05177e+00 1.85603e+02
-5.98197e-01 1.10976e+00 1.68859e+02
-6.33429e-01 1.16797e+00 1.53590e+02
-6.70094e-01 1.22642e+00 1.39668e+02
-7.08189e-01 1.28512e+00 1.26993e+02
-7.47710e-01 1.34408e+00 1.15491e+02
-7.88655e-01 1.40332e+00 1.05104e+02
-8.31023e-01 1.46285e+00 9.57914e+01
-8.75972e-01 1.52423e+00 8.95948e+01
-9.22738e-01 1.58635e+00 8.31050e+01
-9.70934e-01 1.64870e+00 7.72211e+01
-1.02056e+00 1.71128e+00 7.18868e+01
-1.07161e+00 1.77411e+00 6.70530e+01
-1.12409e+00 1.83720e+00 6.26760e+01
-1.17801e+00 1.90057e+00 5.87172e+01
-1.23336e+00 1.96423e+00 5.51420e+01
-1.29014e+00 2.02819e+00 5.19195e+01
-1.34837e+00 2.09246e+00 4.90216e+01
-1.40805e+00 2.15705e+00 4.64229e+01
-1.46918e+00 2.22199e+00 4.41004e+01
-1.53247e+00 2.28800e+00 4.13849e+01
-1.59788e+00 2.35501e+00 3.91128e+01
-1.66472e+00 2.42230e+00 3.69263e+01
-1.73298e+00 2.48987e+00 3.48169e+01
-1.80268e+00 2.55773e+00 3.27764e+01
-1.87382e+00 2.62591e+00 3.07965e+01
-1.94641e+00 2.69442e+00 2.88693e+01
-2.02046e+00 2.76326e+00 2.69866e+01
-2.09599e+00 2.83245e+00 2.51405e+01
-2.17300e+00 2.90202e+00 2.33228e+01
-2.25152e+00 2.97196e+00 2.15253e+01
-2.33154e+00 3.04230e+00 1.97399e+01
-2.41331e+00 3.11324e+00 1.79756e+01
-2.49720e+00 3.18510e+00 1.61082e+01
-2.58254e+00 3.25728e+00 1.42590e+01
-2.66933e+00 3.32979e+00 1.24414e+01
-2.75758e+00 3.40265e+00 1.06688e+01
-2.84732e+00 3.47588e+00 8.95418e+00
-2.93856e+00 3.54949e+00 7.31088e+00
-3.03132e+00 3.62349e+00 5.75224e+00
-3.12561e+00 3.69790e+00 4.29203e+00
-3.22145e+00 3.77274e+00 2.94460e+00
-3.31888e+00 3.84801e+00 1.72503e+00
-3.41789e+00 3.92375e+00 6.49373e-01
-3.51853e+00 3.99996e+00 -2.65131e-01
-3.93729e-01 7.82134e-01 2.97236e+02
-4.18336e-01 8.40260e-01 2.68466e+02
-4.44432e-01 8.98490e-01 2.42821e+02
-4.72005e-01 9.56839e-01 2.19779e+02
-5.01045e-01 1.01532e+00 1.98953e+02
-5.31542e-01 1.07394e+00 1.80059e+02
-5.63490e-01 1.13272e+00 1.62882e+02
-5.96880e-01 1.19168e+00 1.47263e+02
-6.31708e-01 1.25081e+00 1.33080e+02
-6.67968e-01 1.31014e+00 1.20246e+02
-7.05657e-01 1.36968e+00 1.08695e+02
-7.44773e-01 1.42944e+00 9.83794e+01
-7.85314e-01 1.48943e+00 8.92687e+01
-8.28350e-01 1.55117e+00 8.36392e+01
-8.73177e-01 1.61359e+00 7.75857e+01
-9.19439e-01 1.67617e+00 7.21034e+01
-9.67134e-01 1.73893e+00 6.71428e+01
-1.01626e+00 1.80188e+00 6.26597e+01
-1.06682e+00 1.86504e+00 5.86149e+01
-1.11881e+00 1.92842e+00 5.49730e+01
-1.17224e+00 1.99204e+00 5.17025e+01
-1.22711e+00 2.05590e+00 4.87744e+01
-1.28342e+00 2.12001e+00 4.61627e+01
-1.34118e+00 2.18440e+00 4.38436e+01
-1.40039e+00 2.24907e+00 4.17953e+01
-1.46171e+00 2.31472e+00 3.92856e+01
-1.52512e+00 2.38130e+00 3.72356e+01
-1.58995e+00 2.44809e+00 3.52582e+01
-1.65621e+00 2.51511e+00 3.33459e+01
-1.72390e+00 2.58237e+00 3.14910e+01
-1.79304e+00 2.64989e+00 2.96861e+01
-1.86363e+00 2.71768e+00 2.79239e+01
-1.93568e+00 2.78575e+00 2.61971e+01
-2.00920e+00 2.85411e+00 2.44984e+01
-2.08421e+00 2.92279e+00 2.28204e+01
-2.16071e+00 2.99179e+00 2.11559e+01
-2.23872e+00 3.06112e+00 1.94973e+01
-2.31845e+00 3.13099e+00 1.78547e+01
-2.40027e+00 3.20168e+00 1.60919e+01
-2.48354e+00 3.27265e+00 1.43391e+01
-2.56825e+00 3.34389e+00 1.26081e+01
-2.65443e+00 3.41542e+00 1.09105e+01
-2.74209e+00 3.48726e+00 9.25743e+00
-2.83125e+00 3.55943e+00 7.65967e+00
-2.92192e+00 3.63192e+00 6.12798e+00
-3.01412e+00 3.70477e+00 4.67310e+00
-3.10786e+00 3.77798e+00 3.30585e+00
-3.20318e+00 3.85158e+00 2.03728e+00
-3.30008e+00 3.92556e+00 8.78793e-01
-3.39859e+00 3.99996e+00 -1.57757e-01
-3.69903e-01 7.99062e-01 2.94893e+02
-3.92670e-01 8.58158e-01 2.64959e+02
-4.16917e-01 9.17307e-01 2.38327e+02
-4.42634e-01 9.76524e-01 2.14449e+02
-4.69809e-01 1.03582e+00 1.92922e+02
-4.98433e-01 1.09522e+00 1.73452e+02
-5.28500e-01 1.15472e+00 1.55820e+02
-5.60000e-01 1.21434e+00 1.39864e+02
-5.92930e-01 1.27409e+00 1.25466e+02
-6.27283e-01 1.33399e+00 1.12543e+02
-6.63057e-01 1.39405e+00 1.01036e+02
-7.00248e-01 1.45428e+00 9.09073e+01
-7.38855e-01 1.51469e+00 8.21336e+01
-7.79855e-01 1.57675e+00 7.71129e+01
-8.22608e-01 1.63940e+00 7.15646e+01
-8.66787e-01 1.70218e+00 6.65394e+01
-9.12391e-01 1.76508e+00 6.19964e+01
-9.59419e-01 1.82813e+00 5.78988e+01
-1.00787e+00 1.89134e+00 5.42131e+01
-1.05775e+00 1.95472e+00 5.09088e+01
-1.10905e+00 2.01828e+00 4.79581e+01
-1.16178e+00 2.08203e+00 4.53355e+01
-1.21594e+00 2.14599e+00 4.30176e+01
-1.27154e+00 2.21016e+00 4.09825e+01
-1.32858e+00 2.27457e+00 3.92103e+01
-1.38767e+00 2.33988e+00 3.69189e+01
-1.44878e+00 2.40603e+00 3.50974e+01
-1.51131e+00 2.47235e+00 3.33367e+01
-1.57526e+00 2.53884e+00 3.16298e+01
-1.64064e+00 2.60553e+00 2.99696e+01
-1.70744e+00 2.67242e+00 2.83495e+01
-1.77569e+00 2.73952e+00 2.67626e+01
-1.84539e+00 2.80686e+00 2.52021e+01
-1.91654e+00 2.87444e+00 2.36615e+01
-1.98916e+00 2.94228e+00 2.21340e+01
-2.06327e+00 3.01039e+00 2.06130e+01
-2.13886e+00 3.07877e+00 1.90918e+01
-2.21615e+00 3.14763e+00 1.75910e+01
-2.29547e+00 3.21723e+00 1.59449e+01
-2.37622e+00 3.28705e+00 1.43005e+01
-2.45841e+00 3.35710e+00 1.26677e+01
-2.54206e+00 3.42739e+00 1.10559e+01
-2.62717e+00 3.49793e+00 9.47378e+00
-2.71376e+00 3.56873e+00 7.92993e+00
-2.80185e+00 3.63982e+00 6.43247e+00
-2.89145e+00 3.71120e+00 4.98931e+00
-2.98258e+00 3.78289e+00 3.60822e+00
-3.07525e+00 3.85491e+00 2.29689e+00
-3.16949e+00 3.92726e+00 1.06301e+00
-3.26532e+00 3.99996e+00 -8.56700e-02
-3.45849e-01 8.15568e-01 2.92680e+02
-3.66805e-01 8.75522e-01 2.61079e+02
-3.89219e-01 9.35487e-01 2.33107e+02
-4.13081e-01 9.95476e-01 2.08158e+02
-4.38381e-01 1.05550e+00 1.85786e+02
-4.65109e-01 1.11558e+00 1.65665e+02
-4.93259e-01 1.17572e+00 1.47558e+02
-5.22822e-01 1.23594e+00 1.31292e+02
-5.53793e-01 1.29625e+00 1.16744e+02
-5.86168e-01 1.35666e+00 1.03829e+02
-6.19943e-01 1.41718e+00 9.24925e+01
-6.55114e-01 1.47783e+00 8.27007e+01
-6.91679e-01 1.53861e+00 7.44390e+01
-7.30520e-01 1.60093e+00 7.00644e+01
-7.71062e-01 1.66379e+00 6.50916e+01
-8.13010e-01 1.72673e+00 6.05788e+01
-8.56363e-01 1.78974e+00 5.64965e+01
-9.01120e-01 1.85286e+00 5.28170e+01
-9.47279e-01 1.91609e+00 4.95145e+01
-9.94841e-01 1.97945e+00 4.65649e+01
-1.04381e+00 2.04294e+00 4.39452e+01
-1.09418e+00 2.10658e+00 4.16343e+01
-1.14596e+00 2.17038e+00 3.96120e+01
-1.19916e+00 2.23435e+00 3.78596e+01
-1.25377e+00 2.29851e+00 3.63592e+01
-1.31036e+00 2.36348e+00 3.42935e+01
-1.36890e+00 2.42922e+00 3.27033e+01
-1.42883e+00 2.49507e+00 3.11633e+01
-1.49017e+00 2.56106e+00 2.96669e+01
-1.55290e+00 2.62720e+00 2.82075e+01
-1.61705e+00 2.69349e+00 2.67785e+01
-1.68261e+00 2.75995e+00 2.53738e+01
-1.74960e+00 2.82660e+00 2.39870e+01
-1.81802e+00 2.89344e+00 2.26119e+01
-1.88788e+00 2.96049e+00 2.12422e+01
-1.95920e+00 3.02776e+00 1.98720e+01
-2.03198e+00 3.09526e+00 1.84949e+01
-2.10641e+00 3.16317e+00 1.71642e+01
-2.18281e+00 3.23175e+00 1.56399e+01
-2.26061e+00 3.30049e+00 1.41086e+01
-2.33982e+00 3.36942e+00 1.25777e+01
-2.42047e+00 3.43854e+00 1.10542e+01
-2.50255e+00 3.50786e+00 9.54443e+00
-2.58610e+00 3.57741e+00 8.05431e+00
-2.67110e+00 3.64718e+00 6.58944e+00
-2.75760e+00 3.71720e+00 5.15506e+00
-2.84559e+00 3.78747e+00 3.75621e+00
-2.93509e+00 3.85801e+00 2.39766e+00
-3.02613e+00 3.92884e+00 1.08407e+00
-3.11872e+00 3.99997e+00 -1.80061e-01
-3.21426e-01 8.31752e-01 2.90703e+02
-3.40597e-01 8.92454e-01 2.56797e+02
-3.61192e-01 9.53130e-01 2.27068e+02
-3.83201e-01 1.01379e+00 2.00802e+02
-4.06614e-01 1.07446e+00 1.77470e+02
-4.31422e-01 1.13513e+00 1.56682e+02
-4.57618e-01 1.19584e+00 1.38154e+02
-4.85195e-01 1.25658e+00 1.21679e+02
-5.14148e-01 1.31737e+00 1.07113e+02
-5.44473e-01 1.37822e+00 9.43566e+01
-5.76164e-01 1.43915e+00 8.33455e+01
-6.09219e-01 1.50017e+00 7.40446e+01
-6.43637e-01 1.56128e+00 6.64397e+01
-6.80199e-01 1.62382e+00 6.26765e+01
-7.18397e-01 1.68683e+00 5.83435e+01
-7.57971e-01 1.74988e+00 5.43903e+01
-7.98917e-01 1.81297e+00 5.08022e+01
-8.41234e-01 1.87613e+00 4.75635e+01
-8.84921e-01 1.93936e+00 4.46578e+01
-9.29978e-01 2.00267e+00 4.20688e+01
-9.76407e-01 2.06608e+00 3.97799e+01
-1.02421e+00 2.12959e+00 3.77750e+01
-1.07339e+00 2.19323e+00 3.60380e+01
-1.12394e+00 2.25699e+00 3.45531e+01
-1.17588e+00 2.32090e+00 3.33052e+01
-1.22970e+00 2.38555e+00 3.14756e+01
-1.28539e+00 2.45088e+00 3.01079e+01
-1.34243e+00 2.51629e+00 2.87797e+01
-1.40084e+00 2.58179e+00 2.74850e+01
-1.46063e+00 2.64740e+00 2.62181e+01
-1.52179e+00 2.71313e+00 2.49734e+01
-1.58433e+00 2.77898e+00 2.37454e+01
-1.64826e+00 2.84498e+00 2.25288e+01
-1.71359e+00 2.91112e+00 2.13182e+01
-1.78032e+00 2.97743e+00 2.01083e+01
-1.84847e+00 3.04392e+00 1.88939e+01
-1.91804e+00 3.11059e+00 1.76700e+01
-1.98921e+00 3.17761e+00 1.65216e+01
-2.06225e+00 3.24523e+00 1.50918e+01
-2.13666e+00 3.31297e+00 1.36723e+01
-2.21246e+00 3.38086e+00 1.22614e+01
-2.28965e+00 3.44889e+00 1.08572e+01
-2.36824e+00 3.51708e+00 9.45750e+00
-2.44825e+00 3.58545e+00 8.05999e+00
-2.52968e+00 3.65400e+00 6.66210e+00
-2.61256e+00 3.72275e+00 5.26111e+00
-2.69690e+00 3.79171e+00 3.85413e+00
-2.78271e+00 3.86089e+00 2.43812e+00
-2.87000e+00 3.93030e+00 1.00988e+00
-2.95880e+00 3.99997e+00 -4.33938e-01
-2.96241e-01 8.47856e-01 2.88358e+02
-3.13651e-01 9.09194e-01 2.51255e+02
-3.32438e-01 9.70474e-01 2.19219e+02
-3.52592e-01 1.03171e+00 1.91333e+02
-3.74104e-01 1.09292e+00 1.66919e+02
-3.96965e-01 1.15410e+00 1.45475e+02
-4.21169e-01 1.21528e+00 1.26634e+02
-4.46711e-01 1.27646e+00 1.10134e+02
-4.73583e-01 1.33767e+00 9.57899e+01
-5.01783e-01 1.39890e+00 8.34793e+01
-5.31305e-01 1.46017e+00 7.31258e+01
-5.62148e-01 1.52149e+00 6.46891e+01
-5.94309e-01 1.58287e+00 5.81570e+01
-6.28479e-01 1.64556e+00 5.50331e+01
-6.64212e-01 1.70867e+00 5.13915e+01
-7.01275e-01 1.77178e+00 4.80357e+01
-7.39667e-01 1.83491e+00 4.49665e+01
-7.79386e-01 1.89806e+00 4.21810e+01
-8.20430e-01 1.96126e+00 3.96740e+01
-8.62801e-01 2.02450e+00 3.74382e+01
-9.06497e-01 2.08780e+00 3.54647e+01
-9.51522e-01 2.15117e+00 3.37436e+01
-9.97876e-01 2.21463e+00 3.22644e+01
-1.04556e+00 2.27818e+00 3.10160e+01
-1.09458e+00 2.34183e+00 2.99868e+01
-1.14539e+00 2.40615e+00 2.84069e+01
-1.19796e+00 2.47108e+00 2.72528e+01
-1.25185e+00 2.53605e+00 2.61297e+01
-1.30705e+00 2.60108e+00 2.50327e+01
-1.36359e+00 2.66619e+00 2.39570e+01
-1.42145e+00 2.73137e+00 2.28980e+01
-1.48065e+00 2.79664e+00 2.18511e+01
-1.54120e+00 2.86202e+00 2.08116e+01
-1.60308e+00 2.92751e+00 1.97751e+01
-1.66633e+00 2.99312e+00 1.87371e+01
-1.73094e+00 3.05888e+00 1.76932e+01
-1.79692e+00 3.12477e+00 1.66390e+01
-1.86442e+00 3.19097e+00 1.56613e+01
-1.93371e+00 3.25769e+00 1.43854e+01
-2.00431e+00 3.32450e+00 1.31236e+01
-2.07626e+00 3.39141e+00 1.18689e+01
-2.14954e+00 3.45843e+00 1.06141e+01
-2.22418e+00 3.52558e+00 9.35250e+00
-2.30019e+00 3.59286e+00 8.07728e+00
-2.37757e+00 3.66028e+00 6.78183e+00
-2.45634e+00 3.72786e+00 5.45960e+00
-2.53650e+00 3.79561e+00 4.10409e+00
-2.61809e+00 3.86353e+00 2.70886e+00
-2.70109e+00 3.93165e+00 1.26748e+00
-2.78555e+00 3.99997e+00 -2.26483e-01
-2.70798e-01 8.63550e-01 2.86777e+02
-2.86477e-01 9.25412e-01 2.45491e+02
-3.03472e-01 9.87193e-01 2.10509e+02
-3.21774e-01 1.04891e+00 1.80646e+02
-3.41374e-01 1.11056e+00 1.55005e+02
-3.62266e-01 1.17217e+00 1.32920e+02
-3.84443e-01 1.23375e+00 1.13897e+02
-4.07900e-01 1.29530e+00 9.75780e+01
-4.32631e-01 1.35685e+00 8.37104e+01
-4.58633e-01 1.41839e+00 7.21219e+01
-4.85901e-01 1.47994e+00 6.27025e+01
-5.14434e-01 1.54152e+00 5.53909e+01
-5.44228e-01 1.60313e+00 5.01627e+01
-5.75885e-01 1.66593e+00 4.75806e+01
-6.09017e-01 1.72909e+00 4.46053e+01
-6.43424e-01 1.79223e+00 4.18277e+01
-6.79103e-01 1.85536e+00 3.92617e+01
-7.16052e-01 1.91848e+00 3.69157e+01
-7.54270e-01 1.98161e+00 3.47936e+01
-7.93758e-01 2.04477e+00 3.28962e+01
-8.34515e-01 2.10795e+00 3.12212e+01
-8.76542e-01 2.17117e+00 2.97646e+01
-9.19842e-01 2.23445e+00 2.85206e+01
-9.64415e-01 2.29778e+00 2.74822e+01
-1.01027e+00 2.36119e+00 2.66417e+01
-1.05778e+00 2.42519e+00 2.52790e+01
-1.10696e+00 2.48973e+00 2.43223e+01
-1.15739e+00 2.55428e+00 2.33878e+01
-1.20909e+00 2.61887e+00 2.24719e+01
-1.26206e+00 2.68349e+00 2.15708e+01
-1.31630e+00 2.74816e+00 2.06808e+01
-1.37182e+00 2.81289e+00 1.97983e+01
-1.42862e+00 2.87769e+00 1.89195e+01
-1.48671e+00 2.94257e+00 1.80410e+01
-1.54609e+00 3.00754e+00 1.71590e+01
-1.60677e+00 3.07261e+00 1.62701e+01
-1.66876e+00 3.13779e+00 1.53706e+01
-1.73219e+00 3.20322e+00 1.45544e+01
-1.79729e+00 3.26911e+00 1.34232e+01
-1.86365e+00 3.33506e+00 1.23086e+01
-1.93130e+00 3.40108e+00 1.11993e+01
-2.00022e+00 3.46717e+00 1.00848e+01
-2.07044e+00 3.53336e+00 8.95484e+00
-2.14195e+00 3.59964e+00 7.79976e+00
-2.21478e+00 3.66603e+00 6.61024e+00
-2.28893e+00 3.73253e+00 5.37730e+00
-2.36441e+00 3.79917e+00 4.09226e+00
-2.44123e+00 3.86595e+00 2.74667e+00
-2.51942e+00 3.93288e+00 1.33234e+00
-2.59897e+00 3.99997e+00 -1.58758e-01
-2.45126e-01 8.78823e-01 2.85102e+02
-2.59104e-01 9.41100e-01 2.38828e+02
-2.74324e-01 1.00328e+00 2.00422e+02
-2.90777e-01 1.06537e+00 1.68361e+02
-3.08457e-01 1.12739e+00 1.41477e+02
-3.27357e-01 1.18934e+00 1.18882e+02
-3.47472e-01 1.25124e+00 9.99130e+01
-3.68797e-01 1.31309e+00 8.40798e+01
-3.91326e-01 1.37491e+00 7.10293e+01
-4.15057e-01 1.43670e+00 6.05152e+01
-4.39986e-01 1.49849e+00 5.23738e+01
-4.66111e-01 1.56027e+00 4.65062e+01
-4.93429e-01 1.62205e+00 4.28633e+01
-5.22451e-01 1.68492e+00 4.05022e+01
-5.52850e-01 1.74809e+00 3.81341e+01
-5.84453e-01 1.81121e+00 3.58868e+01
-6.17260e-01 1.87431e+00 3.37844e+01
-6.51268e-01 1.93737e+00 3.18437e+01
-6.86477e-01 2.00043e+00 3.00761e+01
-7.22886e-01 2.06347e+00 2.84886e+01
-7.60495e-01 2.12653e+00 2.70845e+01
-7.99306e-01 2.18959e+00 2.58645e+01
-8.39318e-01 2.25269e+00 2.48268e+01
-8.80534e-01 2.31581e+00 2.39680e+01
-9.22957e-01 2.37898e+00 2.32834e+01
-9.66921e-01 2.44267e+00 2.21280e+01
-1.01242e+00 2.50683e+00 2.13487e+01
-1.05911e+00 2.57098e+00 2.05835e+01
-1.10699e+00 2.63514e+00 1.98299e+01
-1.15608e+00 2.69930e+00 1.90852e+01
-1.20636e+00 2.76350e+00 1.83468e+01
-1.25786e+00 2.82772e+00 1.76121e+01
-1.31056e+00 2.89198e+00 1.68782e+01
-1.36448e+00 2.95630e+00 1.61426e+01
-1.41961e+00 3.02067e+00 1.54024e+01
-1.47598e+00 3.08512e+00 1.46551e+01
-1.53358e+00 3.14964e+00 1.38978e+01
-1.59252e+00 3.21437e+00 1.32294e+01
-1.65301e+00 3.27950e+00 1.22404e+01
-1.71469e+00 3.34466e+00 1.12688e+01
-1.77758e+00 3.40986e+00 1.03010e+01
-1.84168e+00 3.47510e+00 9.32362e+00
-1.90700e+00 3.54041e+00 8.32462e+00
-1.97354e+00 3.60578e+00 7.29243e+00
-2.04132e+00 3.67123e+00 6.21615e+00
-2.11034e+00 3.73677e+00 5.08545e+00
-2.18062e+00 3.80240e+00 3.89050e+00
-2.25216e+00 3.86814e+00 2.62194e+00
-2.32497e+00 3.93399e+00 1.27077e+00
-2.39906e+00 3.99997e+00 -1.71640e-01
-2.19256e-01 8.93665e-01 2.82492e+02
-2.31563e-01 9.56251e-01 2.30595e+02
-2.45024e-01 1.01873e+00 1.88441e+02
-2.59633e-01 1.08110e+00 1.54106e+02
-2.75383e-01 1.14339e+00 1.26091e+02
-2.92270e-01 1.20560e+00 1.03239e+02
-3.10288e-01 1.26774e+00 8.46709e+01
-3.29434e-01 1.32982e+00 6.97257e+01
-3.49702e-01 1.39185e+00 5.79194e+01
-3.71090e-01 1.45384e+00 4.89063e+01
-3.93595e-01 1.51579e+00 4.24491e+01
-4.17215e-01 1.57773e+00 3.83957e+01
-4.41948e-01 1.63965e+00 3.66600e+01
-4.68214e-01 1.70253e+00 3.39868e+01
-4.95745e-01 1.76567e+00 3.21331e+01
-5.24400e-01 1.82874e+00 3.03397e+01
-5.54176e-01 1.89177e+00 2.86368e+01
-5.85072e-01 1.95475e+00 2.70470e+01
-6.17088e-01 2.01770e+00 2.55867e+01
-6.50223e-01 2.08063e+00 2.42670e+01
-6.84476e-01 2.14354e+00 2.30954e+01
-7.19848e-01 2.20644e+00 2.20756e+01
-7.56340e-01 2.26935e+00 2.12092e+01
-7.93954e-01 2.33226e+00 2.04953e+01
-8.32691e-01 2.39520e+00 1.99317e+01
-8.72832e-01 2.45859e+00 1.89974e+01
-9.14367e-01 2.52238e+00 1.83716e+01
-9.57015e-01 2.58615e+00 1.77531e+01
-1.00078e+00 2.64990e+00 1.71407e+01
-1.04566e+00 2.71364e+00 1.65328e+01
-1.09166e+00 2.77738e+00 1.59277e+01
-1.13878e+00 2.84113e+00 1.53238e+01
-1.18703e+00 2.90490e+00 1.47193e+01
-1.23642e+00 2.96870e+00 1.41123e+01
-1.28693e+00 3.03253e+00 1.35010e+01
-1.33859e+00 3.09640e+00 1.28836e+01
-1.39139e+00 3.16033e+00 1.22582e+01
-1.44543e+00 3.22442e+00 1.17187e+01
-1.50088e+00 3.28885e+00 1.08757e+01
-1.55744e+00 3.35329e+00 1.00498e+01
-1.61513e+00 3.41775e+00 9.22572e+00
-1.67394e+00 3.48223e+00 8.38892e+00
-1.73389e+00 3.54674e+00 7.52614e+00
-1.79497e+00 3.61129e+00 6.62497e+00
-1.85720e+00 3.67590e+00 5.67383e+00
-1.92058e+00 3.74056e+00 4.66189e+00
-1.98513e+00 3.80529e+00 3.57896e+00
-2.05085e+00 3.87010e+00 2.41546e+00
-2.11774e+00 3.93499e+00 1.16233e+00
-2.18583e+00 3.99997e+00 -1.89014e-01
-1.93217e-01 9.08069e-01 2.78118e+02
-2.03882e-01 9.70858e-01 2.20127e+02
-2.15602e-01 1.03353e+00 1.74050e+02
-2.28371e-01 1.09610e+00 1.37508e+02
-2.42184e-01 1.15857e+00 1.08613e+02
-2.57036e-01 1.22096e+00 8.58827e+01
-2.72924e-01 1.28327e+00 6.81750e+01
-2.89843e-01 1.34550e+00 5.46207e+01
-3.07791e-01 1.40768e+00 4.45719e+01
-3.26765e-01 1.46980e+00 3.75578e+01
-3.46763e-01 1.53187e+00 3.32476e+01
-3.67781e-01 1.59391e+00 3.14212e+01
-3.89820e-01 1.65592e+00 3.19450e+01
-4.13210e-01 1.71876e+00 2.82268e+01
-4.37742e-01 1.78183e+00 2.67614e+01
-4.63302e-01 1.84482e+00 2.53168e+01
-4.89890e-01 1.90774e+00 2.39255e+01
-5.17504e-01 1.97061e+00 2.26121e+01
-5.46143e-01 2.03344e+00 2.13952e+01
-5.75807e-01 2.09622e+00 2.02879e+01
-6.06495e-01 2.15898e+00 1.92994e+01
-6.38208e-01 2.22171e+00 1.84356e+01
-6.70947e-01 2.28443e+00 1.76995e+01
-7.04712e-01 2.34714e+00 1.70920e+01
-7.39506e-01 2.40985e+00 1.66125e+01
-7.75551e-01 2.47295e+00 1.59374e+01
-8.12841e-01 2.53638e+00 1.54368e+01
-8.51152e-01 2.59978e+00 1.49392e+01
-8.90485e-01 2.66315e+00 1.44444e+01
-9.30841e-01 2.72649e+00 1.39518e+01
-9.72222e-01 2.78982e+00 1.34608e+01
-1.01463e+00 2.85313e+00 1.29704e+01
-1.05807e+00 2.91645e+00 1.24798e+01
-1.10255e+00 2.97977e+00 1.19880e+01
-1.14806e+00 3.04311e+00 1.14939e+01
-1.19461e+00 3.10646e+00 1.09964e+01
-1.24221e+00 3.16985e+00 1.04944e+01
-1.29094e+00 3.23337e+00 1.00588e+01
-1.34092e+00 3.29717e+00 9.37190e+00
-1.39192e+00 3.36096e+00 8.70074e+00
-1.44394e+00 3.42475e+00 8.02928e+00
-1.49700e+00 3.48854e+00 7.34278e+00
-1.55110e+00 3.55235e+00 6.62768e+00
-1.60623e+00 3.61617e+00 5.87149e+00
-1.66242e+00 3.68003e+00 5.06265e+00
-1.71965e+00 3.74391e+00 4.19045e+00
-1.77795e+00 3.80785e+00 3.24494e+00
-1.83731e+00 3.87183e+00 2.21686e+00
-1.89775e+00 3.93586e+00 1.09755e+00
-1.95927e+00 3.99997e+00 -1.21104e-01
-1.66906e-01 9.22098e-01 2.77340e+02
-1.75960e-01 9.84985e-01 2.12225e+02
-1.85955e-01 1.04776e+00 1.60947e+02
-1.96888e-01 1.11043e+00 1.20970e+02
-2.08754e-01 1.17299e+00 9.02033e+01
-2.21550e-01 1.23547e+00 6.69410e+01
-2.35274e-01 1.29787e+00 4.98155e+01
-2.49921e-01 1.36019e+00 3.77435e+01
-2.65490e-01 1.42244e+00 2.98798e+01
-2.81977e-01 1.48463e+00 2.55751e+01
-2.99382e-01 1.54676e+00 2.43408e+01
-3.17701e-01 1.60885e+00 2.58179e+01
-3.36936e-01 1.67090e+00 2.97516e+01
-3.57333e-01 1.73367e+00 2.43184e+01
-3.78735e-01 1.79661e+00 2.23855e+01
-4.01059e-01 1.85947e+00 2.07700e+01
-4.24304e-01 1.92227e+00 1.94089e+01
-4.48467e-01 1.98500e+00 1.82523e+01
-4.73549e-01 2.04767e+00 1.72608e+01
-4.99548e-01 2.11030e+00 1.64042e+01
-5.26466e-01 2.17289e+00 1.56595e+01
-5.54301e-01 2.23544e+00 1.50097e+01
-5.83054e-01 2.29796e+00 1.44425e+01
-6.12727e-01 2.36047e+00 1.39498e+01
-6.43320e-01 2.42295e+00 1.35266e+01
-6.75002e-01 2.48576e+00 1.30838e+01
-7.07770e-01 2.54886e+00 1.26732e+01
-7.41452e-01 2.61191e+00 1.22675e+01
-7.76050e-01 2.67491e+00 1.18662e+01
-8.11566e-01 2.73788e+00 1.14685e+01
-8.48000e-01 2.80081e+00 1.10738e+01
-8.85354e-01 2.86373e+00 1.06811e+01
-9.23632e-01 2.92663e+00 1.02899e+01
-9.62834e-01 2.98952e+00 9.89910e+00
-1.00296e+00 3.05241e+00 9.50806e+00
-1.04403e+00 3.11531e+00 9.11590e+00
-1.08602e+00 3.17821e+00 8.72177e+00
-1.12901e+00 3.24121e+00 8.34203e+00
-1.17309e+00 3.30445e+00 7.79826e+00
-1.21809e+00 3.36767e+00 7.26692e+00
-1.26401e+00 3.43086e+00 6.73293e+00
-1.31086e+00 3.49405e+00 6.18257e+00
-1.35863e+00 3.55723e+00 5.60337e+00
-1.40733e+00 3.62042e+00 4.98396e+00
-1.45697e+00 3.68362e+00 4.31394e+00
-1.50755e+00 3.74683e+00 3.58381e+00
-1.55907e+00 3.81006e+00 2.78484e+00
-1.61155e+00 3.87333e+00 1.90904e+00
-1.66498e+00 3.93663e+00 9.49030e-01
-1.71938e+00 3.99997e+00 -1.01988e-01
-1.39495e-01 9.36174e-01 2.56518e+02
-1.46963e-01 9.99038e-01 1.87875e+02
-1.55247e-01 1.06179e+00 1.35809e+02
-1.64343e-01 1.12445e+00 9.69583e+01
-1.74248e-01 1.18701e+00 6.85418e+01
-1.84961e-01 1.24948e+00 4.83044e+01
-1.96478e-01 1.31187e+00 3.44506e+01
-2.08798e-01 1.37418e+00 2.55783e+01
-2.21918e-01 1.43643e+00 2.06147e+01
-2.35837e-01 1.49861e+00 1.87589e+01
-2.50553e-01 1.56074e+00 1.94311e+01
-2.66066e-01 1.62281e+00 2.22291e+01
-2.82374e-01 1.68484e+00 2.68919e+01
-2.99666e-01 1.74746e+00 1.98297e+01
-3.17823e-01 1.81022e+00 1.80693e+01
-3.36782e-01 1.87290e+00 1.66011e+01
-3.56541e-01 1.93552e+00 1.53782e+01
-3.77099e-01 1.99806e+00 1.43618e+01
-3.98456e-01 2.06055e+00 1.35200e+01
-4.20612e-01 2.12299e+00 1.28268e+01
-4.43567e-01 2.18538e+00 1.22608e+01
-4.67319e-01 2.24773e+00 1.18047e+01
-4.91871e-01 2.31005e+00 1.14445e+01
-5.17222e-01 2.37233e+00 1.11689e+01
-5.43372e-01 2.43460e+00 1.09692e+01
-5.70453e-01 2.49712e+00 1.04088e+01
-5.98460e-01 2.55988e+00 1.00944e+01
-6.27262e-01 2.62258e+00 9.77699e+00
-6.56861e-01 2.68523e+00 9.45814e+00
-6.87258e-01 2.74784e+00 9.13909e+00
-7.18453e-01 2.81042e+00 8.82078e+00
-7.50447e-01 2.87296e+00 8.50383e+00
-7.83243e-01 2.93548e+00 8.18866e+00
-8.16843e-01 2.99798e+00 7.87551e+00
-8.51247e-01 3.06047e+00 7.56445e+00
-8.86458e-01 3.12295e+00 7.25540e+00
-9.22479e-01 3.18543e+00 6.94821e+00
-9.59355e-01 3.24798e+00 6.60810e+00
-9.97162e-01 3.31071e+00 6.21038e+00
-1.03576e+00 3.37342e+00 5.80677e+00
-1.07517e+00 3.43610e+00 5.38929e+00
-1.11537e+00 3.49876e+00 4.95073e+00
-1.15637e+00 3.56140e+00 4.48455e+00
-1.19818e+00 3.62404e+00 3.98484e+00
-1.24080e+00 3.68667e+00 3.44619e+00
-1.28423e+00 3.74930e+00 2.86370e+00
-1.32848e+00 3.81194e+00 2.23289e+00
-1.37355e+00 3.87460e+00 1.54967e+00
-1.41944e+00 3.93727e+00 8.10284e-01
-1.46616e+00 3.99997e+00 1.13008e-02
-1.11883e-01 9.49818e-01 2.36630e+02
-1.17797e-01 1.01255e+00 1.65373e+02
-1.24387e-01 1.07519e+00 1.12484e+02
-1.31652e-01 1.13774e+00 7.42476e+01
-1.39589e-01 1.20020e+00 4.75316e+01
-1.48197e-01 1.26259e+00 2.97566e+01
-1.57474e-01 1.32489e+00 1.88414e+01
-1.67420e-01 1.38713e+00 1.31414e+01
-1.78032e-01 1.44930e+00 1.13852e+01
-1.89309e-01 1.51141e+00 1.26135e+01
-2.01251e-01 1.57347e+00 1.61240e+01
-2.13857e-01 1.63548e+00 2.14226e+01
-2.27125e-01 1.69744e+00 2.81812e+01
-2.41193e-01 1.75987e+00 1.43135e+01
-2.55975e-01 1.82241e+00 1.32373e+01
-2.71425e-01 1.88487e+00 1.22884e+01
-2.87542e-01 1.94727e+00 1.14605e+01
-3.04326e-01 2.00961e+00 1.07477e+01
-3.21776e-01 2.07189e+00 1.01444e+01
-3.39892e-01 2.13412e+00 9.64529e+00
-3.58674e-01 2.19631e+00 9.24570e+00
-3.78122e-01 2.25845e+00 8.94112e+00
-3.98236e-01 2.32055e+00 8.72737e+00
-4.19017e-01 2.38263e+00 8.60059e+00
-4.40464e-01 2.44467e+00 8.55711e+00
-4.62673e-01 2.50692e+00 7.93165e+00
-4.85639e-01 2.56934e+00 7.70846e+00
-5.09270e-01 2.63171e+00 7.47626e+00
-5.33564e-01 2.69404e+00 7.23787e+00
-5.58524e-01 2.75632e+00 6.99560e+00
-5.84149e-01 2.81857e+00 6.75129e+00
-6.10440e-01 2.88077e+00 6.50643e+00
-6.37399e-01 2.94296e+00 6.26215e+00
-6.65025e-01 3.00511e+00 6.01932e+00
-6.93322e-01 3.06725e+00 5.77858e+00
-7.22289e-01 3.12937e+00 5.54037e+00
-7.51929e-01 3.19148e+00 5.30494e+00
-7.82274e-01 3.25364e+00 5.01614e+00
-8.13380e-01 3.31594e+00 4.73615e+00
-8.45148e-01 3.37821e+00 4.43996e+00
-8.77579e-01 3.44045e+00 4.12455e+00
-9.10675e-01 3.50266e+00 3.78715e+00
-9.44438e-01 3.56485e+00 3.42528e+00
-9.78869e-01 3.62702e+00 3.03667e+00
-1.01397e+00 3.68918e+00 2.61927e+00
-1.04974e+00 3.75134e+00 2.17120e+00
-1.08619e+00 3.81349e+00 1.69074e+00
-1.12332e+00 3.87564e+00 1.17633e+00
-1.16113e+00 3.93780e+00 6.26525e-01
-1.19962e+00 3.99997e+00 4.00005e-02
-8.40995e-02 9.63024e-01 2.09088e+02
-8.84897e-02 1.02553e+00 1.39772e+02
-9.34050e-02 1.08795e+00 8.88961e+01
-9.88443e-02 1.15030e+00 5.28795e+01
-1.04806e-01 1.21258e+00 2.86240e+01
-1.11290e-01 1.27480e+00 1.35197e+01
-1.18295e-01 1.33694e+00 5.41862e+00
-1.25820e-01 1.39903e+00 2.59124e+00
-1.33865e-01 1.46107e+00 3.67503e+00
-1.42429e-01 1.52305e+00 7.62101e+00
-1.51511e-01 1.58498e+00 1.36425e+01
-1.61111e-01 1.64687e+00 2.11680e+01
-1.71229e-01 1.70871e+00 2.98004e+01
-1.81954e-01 1.77091e+00 8.42673e+00
-1.93231e-01 1.83318e+00 8.36648e+00
-2.05030e-01 1.89539e+00 8.16002e+00
-2.17349e-01 1.95755e+00 7.86349e+00
-2.30189e-01 2.01965e+00 7.52284e+00
-2.43550e-01 2.08170e+00 7.17542e+00
-2.57430e-01 2.14371e+00 6.85137e+00
-2.71831e-01 2.20567e+00 6.57473e+00
-2.86752e-01 2.26760e+00 6.36451e+00
-3.02192e-01 2.32949e+00 6.23552e+00
-3.18154e-01 2.39135e+00 6.19907e+00
-3.34636e-01 2.45318e+00 6.26359e+00
-3.51701e-01 2.51516e+00 5.66410e+00
-3.69348e-01 2.57726e+00 5.51879e+00
-3.87513e-01 2.63933e+00 5.36220e+00
-4.06197e-01 2.70134e+00 5.19728e+00
-4.25400e-01 2.76332e+00 5.02643e+00
-4.45123e-01 2.82527e+00 4.85165e+00
-4.65365e-01 2.88718e+00 4.67457e+00
-4.86127e-01 2.94906e+00 4.49647e+00
-5.07411e-01 3.01091e+00 4.31840e+00
-5.29216e-01 3.07275e+00 4.14117e+00
-5.51543e-01 3.13456e+00 3.96539e+00
-5.74393e-01 3.19637e+00 3.79149e+00
-5.97788e-01 3.25820e+00 3.56451e+00
-6.21766e-01 3.32013e+00 3.37843e+00
-6.46259e-01 3.38203e+00 3.17295e+00
-6.71268e-01 3.44390e+00 2.94804e+00
-6.96794e-01 3.50575e+00 2.70363e+00
-7.22838e-01 3.56757e+00 2.43966e+00
-7.49401e-01 3.62937e+00 2.15601e+00
-7.76484e-01 3.69116e+00 1.85260e+00
-8.04088e-01 3.75293e+00 1.52931e+00
-8.32214e-01 3.81470e+00 1.18600e+00
-8.60865e-01 3.87646e+00 8.22552e-01
-8.90041e-01 3.93821e+00 4.38809e-01
-9.19743e-01 3.99997e+00 3.46255e-02
-5.61747e-02 9.75790e-01 1.65283e+02
-5.90718e-02 1.03796e+00 1.06010e+02
-6.23305e-02 1.10008e+00 6.28380e+01
-6.59504e-02 1.16214e+00 3.27803e+01
-6.99309e-02 1.22415e+00 1.31818e+01
-7.42717e-02 1.28611e+00 1.75235e+00
-7.89724e-02 1.34803e+00 -3.43176e+00
-8.40328e-02 1.40990e+00 -3.94834e+00
-8.94526e-02 1.47173e+00 -1.06276e+00
-9.52315e-02 1.53351e+00 4.23265e+00
-1.01369e-01 1.59527e+00 1.11781e+01
-1.07866e-01 1.65698e+00 1.92073e+01
-1.14722e-01 1.71867e+00 2.79127e+01
-1.21988e-01 1.78059e+00 2.87080e+00
-1.29632e-01 1.84255e+00 3.96212e+00
-1.37638e-01 1.90447e+00 4.55884e+00
-1.46005e-01 1.96635e+00 4.79935e+00
-1.54733e-01 2.02819e+00 4.79811e+00
-1.63822e-01 2.08999e+00 4.64921e+00
-1.73271e-01 2.15175e+00 4.42955e+00
-1.83081e-01 2.21348e+00 4.20156e+00
-1.93252e-01 2.27518e+00 4.01557e+00
-2.03783e-01 2.33685e+00 3.91176e+00
-2.14675e-01 2.39850e+00 3.92187e+00
-2.25929e-01 2.46012e+00 4.07066e+00
-2.37579e-01 2.52184e+00 3.61936e+00
-2.49626e-01 2.58365e+00 3.53041e+00
-2.62032e-01 2.64541e+00 3.43341e+00
-2.74798e-01 2.70715e+00 3.33011e+00
-2.87924e-01 2.76885e+00 3.22199e+00
-3.01410e-01 2.83052e+00 3.11027e+00
-3.15256e-01 2.89217e+00 2.99596e+00
-3.29462e-01 2.95379e+00 2.87987e+00
-3.44028e-01 3.01539e+00 2.76267e+00
-3.58955e-01 3.07697e+00 2.64487e+00
-3.74244e-01 3.13854e+00 2.52689e+00
-3.89893e-01 3.20009e+00 2.40902e+00
-4.05917e-01 3.26166e+00 2.25206e+00
-4.22336e-01 3.32329e+00 2.14062e+00
-4.39111e-01 3.38489e+00 2.01238e+00
-4.56244e-01 3.44647e+00 1.86863e+00
-4.73733e-01 3.50803e+00 1.71050e+00
-4.91579e-01 3.56957e+00 1.53899e+00
-5.09783e-01 3.63109e+00 1.35496e+00
-5.28345e-01 3.69259e+00 1.15915e+00
-5.47266e-01 3.75409e+00 9.52200e-01
-5.66545e-01 3.81557e+00 7.34659e-01
-5.86184e-01 3.87704e+00 5.06999e-01
-6.06183e-01 3.93851e+00 2.69621e-01
-6.26543e-01 3.99997e+00 2.28611e-02
-2.81369e-02 9.88114e-01 9.65317e+01
-2.95709e-02 1.04986e+00 5.89053e+01
-3.11915e-02 1.11157e+00 3.19761e+01
-3.29984e-02 1.17326e+00 1.37668e+01
-3.49917e-02 1.23492e+00 2.48137e+00
-3.71712e-02 1.29655e+00 -3.45450e+00
-3.95370e-02 1.35816e+00 -5.37967e+00
-4.20890e-02 1.41974e+00 -4.40283e+00
-4.48272e-02 1.48130e+00 -1.41983e+00
-4.77516e-02 1.54283e+00 2.86246e+00
-5.08623e-02 1.60435e+00 7.89973e+00
-5.41591e-02 1.66584e+00 1.32841e+01
-5.76422e-02 1.72732e+00 1.87196e+01
-6.13332e-02 1.78892e+00 -1.61836e+00
-6.52190e-02 1.85053e+00 5.48892e-01
-6.92922e-02 1.91212e+00 1.83623e+00
-7.35530e-02 1.97369e+00 2.48122e+00
-7.80012e-02 2.03523e+00 2.68030e+00
-8.26369e-02 2.09676e+00 2.59493e+00
-8.74600e-02 2.15826e+00 2.35704e+00
-9.24705e-02 2.21975e+00 2.07369e+00
-9.76684e-02 2.28121e+00 1.83116e+00
-1.03054e-01 2.34266e+00 1.69843e+00
-1.08627e-01 2.40410e+00 1.73004e+00
-1.14387e-01 2.46552e+00 1.96863e+00
-1.20350e-01 2.52699e+00 1.81109e+00
-1.26516e-01 2.58850e+00 1.74928e+00
-1.32869e-01 2.64998e+00 1.68972e+00
-1.39408e-01 2.71145e+00 1.63162e+00
-1.46135e-01 2.77290e+00 1.57434e+00
-1.53048e-01 2.83434e+00 1.51732e+00
-1.60148e-01 2.89575e+00 1.46013e+00
-1.67435e-01 2.95716e+00 1.40236e+00
-1.74909e-01 3.01855e+00 1.34370e+00
-1.82570e-01 3.07993e+00 1.28388e+00
-1.90418e-01 3.14130e+00 1.22265e+00
-1.98454e-01 3.20265e+00 1.15982e+00
-2.06681e-01 3.26402e+00 1.07783e+00
-2.15110e-01 3.32541e+00 1.02631e+00
-2.23723e-01 3.38679e+00 9.64751e-01
-2.32521e-01 3.44816e+00 8.94445e-01
-2.41504e-01 3.50951e+00 8.16513e-01
-2.50671e-01 3.57085e+00 7.31940e-01
-2.60023e-01 3.63217e+00 6.41583e-01
-2.69560e-01 3.69349e+00 5.46190e-01
-2.79282e-01 3.75480e+00 4.46408e-01
-2.89188e-01 3.81610e+00 3.42801e-01
-2.99279e-01 3.87740e+00 2.35852e-01
-3.09555e-01 3.93868e+00 1.25980e-01
-3.20016e-01 3.99997e+00 1.35399e-02
-1.37969e-05 9.99994e-01 -5.98458e+00
-1.44921e-05 1.06122e+00 -6.87484e+00
-1.52813e-05 1.12244e+00 -6.15400e+00
-1.61645e-05 1.18367e+00 -4.44952e+00
-1.71419e-05 1.24489e+00 -2.28575e+00
-1.82134e-05 1.30611e+00 -8.27747e-02
-1.93791e-05 1.36734e+00 1.83684e+00
-2.06392e-05 1.42856e+00 3.23670e+00
-2.19936e-05 1.48979e+00 3.95310e+00
-2.34424e-05 1.55101e+00 3.88144e+00
-2.49857e-05 1.61224e+00 2.96348e+00
-2.66235e-05 1.67346e+00 1.17623e+00
-2.83558e-05 1.73468e+00 -1.47746e+00
-3.01913e-05 1.79591e+00 -4.28273e+00
-3.21247e-05 1.85713e+00 -1.33855e+00
-3.41534e-05 1.91836e+00 3.44961e-01
-3.62773e-05 1.97958e+00 1.11815e+00
-3.84964e-05 2.04080e+00 1.26932e+00
-4.08108e-05 2.10203e+00 1.03418e+00
-4.32205e-05 2.16325e+00 6.04123e-01
-4.57255e-05 2.22448e+00 1.33454e-01
-4.83257e-05 2.28570e+00 -2.54390e-01
-5.10213e-05 2.34692e+00 -4.61578e-01
-5.38122e-05 2.40815e+00 -4.11430e-01
-5.66984e-05 2.46937e+00 -4.46810e-02
-5.96860e-05 2.53060e+00 2.52779e-01
-6.27748e-05 2.59182e+00 1.81704e-01
-6.59586e-05 2.65304e+00 1.31770e-01
-6.92375e-05 2.71427e+00 9.81677e-02
-7.26114e-05 2.77549e+00 7.68538e-02
-7.60802e-05 2.83672e+00 6.44390e-02
-7.96440e-05 2.89794e+00 5.80857e-02
-8.33027e-05 2.95916e+00 5.54230e-02
-8.70562e-05 3.02039e+00 5.44756e-02
-9.09046e-05 3.08161e+00 5.36021e-02
-9.48477e-05 3.14284e+00 5.14436e-02
-9.88856e-05 3.20406e+00 4.68797e-02
-1.03020e-04 3.26528e+00 4.07251e-02
-1.07255e-04 3.32651e+00 3.88809e-02
-1.11584e-04 3.38773e+00 3.61307e-02
-1.16006e-04 3.44895e+00 3.26964e-02
-1.20521e-04 3.51018e+00 2.87838e-02
-1.25130e-04 3.57140e+00 2.45825e-02
-1.29832e-04 3.63263e+00 2.02673e-02
-1.34627e-04 3.69385e+00 1.59983e-02
-1.39515e-04 3.75507e+00 1.19215e-02
-1.44497e-04 3.81630e+00 8.16997e-03
-1.49571e-04 3.87752e+00 4.86403e-03
-1.54738e-04 3.93875e+00 2.11207e-03
-1.59998e-04 3.99997e+00 1.11825e-05
