-1.00000e+00 0.00000e+00 4.85806e+02
-1.06122e+00 0.00000e+00 4.57503e+02
-1.12245e+00 0.00000e+00 4.41624e+02
-1.18367e+00 0.00000e+00 4.36535e+02
-1.24490e+00 0.00000e+00 4.40441e+02
-1.30612e+00 0.00000e+00 4.51521e+02
-1.36734e+00 0.00000e+00 4.68025e+02
-1.42857e+00 0.00000e+00 4.88335e+02
-1.48979e+00 0.00000e+00 5.11001e+02
-1.55101e+00 0.00000e+00 5.34751e+02
-1.61224e+00 0.00000e+00 5.58493e+02
-1.67346e+00 0.00000e+00 5.81303e+02
-1.73469e+00 0.00000e+00 6.02409e+02
-1.79591e+00 0.00000e+00 6.21176e+02
-1.85713e+00 0.00000e+00 6.37086e+02
-1.91836e+00 0.00000e+00 6.49721e+02
-1.97958e+00 0.00000e+00 6.58746e+02
-2.04081e+00 0.00000e+00 6.63897e+02
-2.10203e+00 0.00000e+00 6.64968e+02
-2.16325e+00 0.00000e+00 6.61801e+02
-2.22448e+00 0.00000e+00 6.54277e+02
-2.28570e+00 0.00000e+00 6.42307e+02
-2.34693e+00 0.00000e+00 6.25829e+02
-2.40815e+00 0.00000e+00 6.04801e+02
-2.46937e+00 0.00000e+00 5.79197e+02
-2.53060e+00 0.00000e+00 6.51167e+02
-2.59182e+00 0.00000e+00 6.52052e+02
-2.65304e+00 0.00000e+00 6.52947e+02
-2.71427e+00 0.00000e+00 6.53845e+02
-2.77549e+00 0.00000e+00 6.54740e+02
-2.83672e+00 0.00000e+00 6.55625e+02
-2.89794e+00 0.00000e+00 6.56495e+02
-2.95916e+00 0.00000e+00 6.57345e+02
-3.02039e+00 0.00000e+00 6.58169e+02
-3.08161e+00 0.00000e+00 6.58963e+02
-3.14284e+00 0.00000e+00 6.59722e+02
-3.20406e+00 0.00000e+00 6.60442e+02
-3.26528e+00 0.00000e+00 6.61120e+02
-3.32651e+00 0.00000e+00 6.61752e+02
-3.38773e+00 0.00000e+00 6.62335e+02
-3.44896e+00 0.00000e+00 6.62864e+02
-3.51018e+00 0.00000e+00 6.63338e+02
-3.57140e+00 0.00000e+00 6.63754e+02
-3.63263e+00 0.00000e+00 6.64109e+02
-3.69385e+00 0.00000e+00 6.64400e+02
-3.75507e+00 0.00000e+00 6.64626e+02
-3.81630e+00 0.00000e+00 6.64784e+02
-3.87752e+00 0.00000e+00 6.64873e+02
-3.93875e+00 0.00000e+00 6.64890e+02
-3.99997e+00 0.00000e+00 6.64834e+02
-9.88409e-01 2.74464e-02 4.25691e+02
-1.05026e+00 2.88937e-02 4.14022e+02
-1.11208e+00 3.05275e-02 4.11507e+02
-1.17386e+00 3.23479e-02 4.16819e+02
-1.23561e+00 3.43547e-02 4.28539e+02
-1.29733e+00 3.65478e-02 4.45250e+02
-1.35901e+00 3.89274e-02 4.65599e+02
-1.42067e+00 4.14933e-02 4.88339e+02
-1.48230e+00 4.42455e-02 5.12349e+02
-1.54391e+00 4.71841e-02 5.36646e+02
-1.60549e+00 5.03090e-02 5.60380e+02
-1.66704e+00 5.36202e-02 5.82827e+02
-1.72857e+00 5.71179e-02 6.03377e+02
-1.79008e+00 6.08020e-02 6.21522e+02
-1.85157e+00 6.46725e-02 6.36844e+02
-1.91304e+00 6.87296e-02 6.48999e+02
-1.97449e+00 7.29734e-02 6.57711e+02
-2.03593e+00 7.74039e-02 6.62756e+02
-2.09735e+00 8.20212e-02 6.63955e+02
-2.15875e+00 8.68254e-02 6.61171e+02
-2.22014e+00 9.18166e-02 6.54293e+02
-2.28152e+00 9.69951e-02 6.43239e+02
-2.34289e+00 1.02361e-01 6.27948e+02
-2.40425e+00 1.07914e-01 6.08375e+02
-2.46560e+00 1.13655e-01 5.84489e+02
-2.52706e+00 1.19637e-01 6.49010e+02
-2.58862e+00 1.25858e-01 6.50152e+02
-2.65016e+00 1.32265e-01 6.51277e+02
-2.71167e+00 1.38858e-01 6.52380e+02
-2.77316e+00 1.45635e-01 6.53453e+02
-2.83462e+00 1.52598e-01 6.54491e+02
-2.89607e+00 1.59745e-01 6.55488e+02
-2.95750e+00 1.67076e-01 6.56440e+02
-3.01891e+00 1.74593e-01 6.57342e+02
-3.08030e+00 1.82293e-01 6.58190e+02
-3.14167e+00 1.90178e-01 6.58979e+02
-3.20304e+00 1.98247e-01 6.59707e+02
-3.26439e+00 2.06500e-01 6.60369e+02
-3.32572e+00 2.14936e-01 6.60963e+02
-3.38705e+00 2.23557e-01 6.61485e+02
-3.44836e+00 2.32361e-01 6.61934e+02
-3.50967e+00 2.41349e-01 6.62307e+02
-3.57097e+00 2.50521e-01 6.62601e+02
-3.63227e+00 2.59876e-01 6.62814e+02
-3.69356e+00 2.69415e-01 6.62945e+02
-3.75484e+00 2.79137e-01 6.62991e+02
-3.81612e+00 2.89043e-01 6.62951e+02
-3.87741e+00 2.99133e-01 6.62824e+02
-3.93869e+00 3.09406e-01 6.62607e+02
-3.99997e+00 3.19862e-01 6.62299e+02
-9.76371e-01 5.48637e-02 3.76081e+02
-1.03876e+00 5.77906e-02 3.78001e+02
-1.10107e+00 6.10801e-02 3.86219e+02
-1.16333e+00 6.47316e-02 3.99736e+02
-1.22552e+00 6.87447e-02 4.17494e+02
-1.28766e+00 7.31191e-02 4.38442e+02
-1.34973e+00 7.78542e-02 4.61577e+02
-1.41176e+00 8.29498e-02 4.85971e+02
-1.47373e+00 8.84056e-02 5.10788e+02
-1.53565e+00 9.42213e-02 5.35288e+02
-1.59753e+00 1.00397e-01 5.58823e+02
-1.65936e+00 1.06932e-01 5.80837e+02
-1.72115e+00 1.13826e-01 6.00857e+02
-1.78290e+00 1.21080e-01 6.18481e+02
-1.84462e+00 1.28693e-01 6.33372e+02
-1.90630e+00 1.36666e-01 6.45253e+02
-1.96795e+00 1.44997e-01 6.53890e+02
-2.02957e+00 1.53689e-01 6.59095e+02
-2.09117e+00 1.62739e-01 6.60712e+02
-2.15273e+00 1.72150e-01 6.58617e+02
-2.21428e+00 1.81921e-01 6.52707e+02
-2.27581e+00 1.92051e-01 6.42903e+02
-2.33732e+00 2.02543e-01 6.29143e+02
-2.39881e+00 2.13395e-01 6.11377e+02
-2.46030e+00 2.24608e-01 5.89568e+02
-2.52200e+00 2.36297e-01 6.46321e+02
-2.58391e+00 2.48459e-01 6.47608e+02
-2.64577e+00 2.60978e-01 6.48868e+02
-2.70758e+00 2.73853e-01 6.50094e+02
-2.76936e+00 2.87084e-01 6.51277e+02
-2.83109e+00 3.00670e-01 6.52412e+02
-2.89279e+00 3.14612e-01 6.53492e+02
-2.95446e+00 3.28910e-01 6.54511e+02
-3.01610e+00 3.43562e-01 6.55466e+02
-3.07771e+00 3.58570e-01 6.56351e+02
-3.13929e+00 3.73934e-01 6.57162e+02
-3.20085e+00 3.89652e-01 6.57896e+02
-3.26238e+00 4.05726e-01 6.58548e+02
-3.32390e+00 4.22155e-01 6.59116e+02
-3.38540e+00 4.38939e-01 6.59598e+02
-3.44688e+00 4.56080e-01 6.59989e+02
-3.50835e+00 4.73576e-01 6.60289e+02
-3.56982e+00 4.91428e-01 6.60494e+02
-3.63127e+00 5.09637e-01 6.60603e+02
-3.69272e+00 5.28202e-01 6.60614e+02
-3.75417e+00 5.47125e-01 6.60525e+02
-3.81561e+00 5.66405e-01 6.60335e+02
-3.87706e+00 5.86044e-01 6.60041e+02
-3.93851e+00 6.06040e-01 6.59643e+02
-3.99997e+00 6.26396e-01 6.59140e+02
-9.63884e-01 8.22262e-02 3.36446e+02
-1.02671e+00 8.66653e-02 3.49151e+02
-1.08943e+00 9.16321e-02 3.65706e+02
-1.15207e+00 9.71251e-02 3.85439e+02
-1.21462e+00 1.03143e-01 4.07632e+02
-1.27709e+00 1.09686e-01 4.31560e+02
-1.33948e+00 1.16751e-01 4.56524e+02
-1.40180e+00 1.24338e-01 4.81872e+02
-1.46405e+00 1.32447e-01 5.07003e+02
-1.52623e+00 1.41077e-01 5.31382e+02
-1.58835e+00 1.50227e-01 5.54530e+02
-1.65040e+00 1.59896e-01 5.76030e+02
-1.71241e+00 1.70085e-01 5.95520e+02
-1.77436e+00 1.80792e-01 6.12687e+02
-1.83626e+00 1.92018e-01 6.27264e+02
-1.89812e+00 2.03763e-01 6.39021e+02
-1.95994e+00 2.16026e-01 6.47768e+02
-2.02172e+00 2.28807e-01 6.53339e+02
-2.08347e+00 2.42107e-01 6.55598e+02
-2.14518e+00 2.55925e-01 6.54431e+02
-2.20687e+00 2.70263e-01 6.49740e+02
-2.26854e+00 2.85120e-01 6.41448e+02
-2.33019e+00 3.00497e-01 6.29488e+02
-2.39182e+00 3.16394e-01 6.13806e+02
-2.45345e+00 3.32813e-01 5.94357e+02
-2.51540e+00 3.49935e-01 6.43244e+02
-2.57766e+00 3.67757e-01 6.44585e+02
-2.63986e+00 3.86092e-01 6.45902e+02
-2.70200e+00 4.04940e-01 6.47184e+02
-2.76408e+00 4.24301e-01 6.48422e+02
-2.82612e+00 4.44175e-01 6.49608e+02
-2.88811e+00 4.64562e-01 6.50735e+02
-2.95005e+00 4.85461e-01 6.51795e+02
-3.01196e+00 5.06872e-01 6.52784e+02
-3.07383e+00 5.28797e-01 6.53695e+02
-3.13567e+00 5.51235e-01 6.54523e+02
-3.19748e+00 5.74186e-01 6.55265e+02
-3.25927e+00 5.97652e-01 6.55915e+02
-3.32103e+00 6.21632e-01 6.56471e+02
-3.38278e+00 6.46126e-01 6.56930e+02
-3.44451e+00 6.71137e-01 6.57287e+02
-3.50622e+00 6.96665e-01 6.57540e+02
-3.56793e+00 7.22709e-01 6.57687e+02
-3.62964e+00 7.49273e-01 6.57726e+02
-3.69134e+00 7.76355e-01 6.57653e+02
-3.75305e+00 8.03959e-01 6.57468e+02
-3.81476e+00 8.32084e-01 6.57169e+02
-3.87649e+00 8.60732e-01 6.56753e+02
-3.93822e+00 8.89904e-01 6.56220e+02
-3.99997e+00 9.19603e-01 6.55568e+02
-9.50948e-01 1.09507e-01 3.06286e+02
-1.01411e+00 1.15491e-01 3.27198e+02
-1.07715e+00 1.22157e-01 3.49911e+02
-1.14008e+00 1.29501e-01 3.74070e+02
-1.20290e+00 1.37522e-01 3.99262e+02
-1.26563e+00 1.46218e-01 4.25049e+02
-1.32826e+00 1.55587e-01 4.50992e+02
-1.39079e+00 1.65627e-01 4.76666e+02
-1.45325e+00 1.76337e-01 5.01669e+02
-1.51562e+00 1.87716e-01 5.25631e+02
-1.57792e+00 1.99762e-01 5.48212e+02
-1.64016e+00 2.12475e-01 5.69110e+02
-1.70232e+00 2.25853e-01 5.88051e+02
-1.76443e+00 2.39896e-01 6.04795e+02
-1.82648e+00 2.54604e-01 6.19130e+02
-1.88848e+00 2.69976e-01 6.30869e+02
-1.95044e+00 2.86012e-01 6.39851e+02
-2.01236e+00 3.02712e-01 6.45933e+02
-2.07424e+00 3.20076e-01 6.48993e+02
-2.13609e+00 3.38103e-01 6.48922e+02
-2.19791e+00 3.56796e-01 6.45629e+02
-2.25972e+00 3.76153e-01 6.39033e+02
-2.32150e+00 3.96176e-01 6.29065e+02
-2.38328e+00 4.16866e-01 6.15664e+02
-2.44504e+00 4.38223e-01 5.98778e+02
-2.50726e+00 4.60506e-01 6.39927e+02
-2.56988e+00 4.83706e-01 6.41253e+02
-2.63243e+00 5.07563e-01 6.42566e+02
-2.69491e+00 5.32077e-01 6.43855e+02
-2.75733e+00 5.57246e-01 6.45106e+02
-2.81969e+00 5.83072e-01 6.46310e+02
-2.88201e+00 6.09553e-01 6.47458e+02
-2.94427e+00 6.36692e-01 6.48540e+02
-3.00649e+00 6.64487e-01 6.49551e+02
-3.06868e+00 6.92940e-01 6.50481e+02
-3.13083e+00 7.22051e-01 6.51327e+02
-3.19295e+00 7.51822e-01 6.52081e+02
-3.25504e+00 7.82252e-01 6.52739e+02
-3.31712e+00 8.13344e-01 6.53297e+02
-3.37918e+00 8.45099e-01 6.53749e+02
-3.44124e+00 8.77518e-01 6.54093e+02
-3.50328e+00 9.10602e-01 6.54324e+02
-3.56533e+00 9.44354e-01 6.54439e+02
-3.62737e+00 9.78776e-01 6.54437e+02
-3.68943e+00 1.01387e+00 6.54313e+02
-3.75149e+00 1.04963e+00 6.54065e+02
-3.81358e+00 1.08608e+00 6.53692e+02
-3.87568e+00 1.12320e+00 6.53190e+02
-3.93781e+00 1.16100e+00 6.52559e+02
-3.99997e+00 1.19948e+00 6.51796e+02
-9.37566e-01 1.36678e-01 2.85121e+02
-1.00096e+00 1.44241e-01 3.11872e+02
-1.06421e+00 1.52627e-01 3.38772e+02
-1.12734e+00 1.61831e-01 3.65754e+02
-1.19035e+00 1.71852e-01 3.92672e+02
-1.25325e+00 1.82686e-01 4.19332e+02
-1.31604e+00 1.94331e-01 4.45508e+02
-1.37872e+00 2.06783e-01 4.70960e+02
-1.44132e+00 2.20040e-01 4.95446e+02
-1.50382e+00 2.34102e-01 5.18728e+02
-1.56625e+00 2.48965e-01 5.40577e+02
-1.62860e+00 2.64628e-01 5.60779e+02
-1.69088e+00 2.81090e-01 5.79135e+02
-1.75310e+00 2.98351e-01 5.95462e+02
-1.81526e+00 3.16408e-01 6.09591e+02
-1.87738e+00 3.35262e-01 6.21369e+02
-1.93944e+00 3.54912e-01 6.30660e+02
-2.00147e+00 3.75358e-01 6.37336e+02
-2.06347e+00 3.96599e-01 6.41288e+02
-2.12544e+00 4.18637e-01 6.42412e+02
-2.18739e+00 4.41472e-01 6.40618e+02
-2.24932e+00 4.65104e-01 6.35825e+02
-2.31124e+00 4.89534e-01 6.27959e+02
-2.37316e+00 5.14764e-01 6.16955e+02
-2.43508e+00 5.40795e-01 6.02751e+02
-2.49757e+00 5.67965e-01 6.36514e+02
-2.56056e+00 5.96264e-01 6.37778e+02
-2.62347e+00 6.25349e-01 6.39048e+02
-2.68632e+00 6.55220e-01 6.40309e+02
-2.74910e+00 6.85877e-01 6.41547e+02
-2.81182e+00 7.17320e-01 6.42749e+02
-2.87448e+00 7.49550e-01 6.43903e+02
-2.93711e+00 7.82567e-01 6.44998e+02
-2.99969e+00 8.16372e-01 6.46025e+02
-3.06223e+00 8.50968e-01 6.46976e+02
-3.12475e+00 8.86353e-01 6.47842e+02
-3.18724e+00 9.22531e-01 6.48617e+02
-3.24971e+00 9.59504e-01 6.49293e+02
-3.31217e+00 9.97272e-01 6.49866e+02
-3.37462e+00 1.03584e+00 6.50329e+02
-3.43707e+00 1.07521e+00 6.50678e+02
-3.49953e+00 1.11538e+00 6.50908e+02
-3.56199e+00 1.15635e+00 6.51015e+02
-3.62447e+00 1.19814e+00 6.50994e+02
-3.68697e+00 1.24073e+00 6.50844e+02
-3.74950e+00 1.28415e+00 6.50559e+02
-3.81205e+00 1.32838e+00 6.50138e+02
-3.87465e+00 1.37344e+00 6.49577e+02
-3.93728e+00 1.41932e+00 6.48874e+02
-3.99997e+00 1.46603e+00 6.48026e+02
-9.23739e-01 1.63711e-01 2.72486e+02
-9.87255e-01 1.72886e-01 3.02907e+02
-1.05063e+00 1.83013e-01 3.32220e+02
-1.11386e+00 1.94087e-01 3.60604e+02
-1.17696e+00 2.06104e-01 3.88135e+02
-1.23995e+00 2.19059e-01 4.14813e+02
-1.30281e+00 2.32950e-01 4.40580e+02
-1.36558e+00 2.47772e-01 4.65341e+02
-1.42824e+00 2.63522e-01 4.88975e+02
-1.49082e+00 2.80198e-01 5.11347e+02
-1.55331e+00 2.97797e-01 5.32314e+02
-1.61573e+00 3.16317e-01 5.51730e+02
-1.67808e+00 3.35756e-01 5.69453e+02
-1.74037e+00 3.56113e-01 5.85342e+02
-1.80260e+00 3.77386e-01 5.99265e+02
-1.86479e+00 3.99575e-01 6.11094e+02
-1.92694e+00 4.22679e-01 6.20713e+02
-1.98906e+00 4.46698e-01 6.28008e+02
-2.05115e+00 4.71632e-01 6.32877e+02
-2.11323e+00 4.97481e-01 6.35223e+02
-2.17529e+00 5.24246e-01 6.34957e+02
-2.23734e+00 5.51928e-01 6.31995e+02
-2.29940e+00 5.80528e-01 6.26261e+02
-2.36147e+00 6.10046e-01 6.17684e+02
-2.42355e+00 6.40487e-01 6.06196e+02
-2.48632e+00 6.72273e-01 6.33147e+02
-2.54969e+00 7.05390e-01 6.34323e+02
-2.61298e+00 7.39409e-01 6.35531e+02
-2.67621e+00 7.74331e-01 6.36750e+02
-2.73937e+00 8.10155e-01 6.37963e+02
-2.80248e+00 8.46883e-01 6.39155e+02
-2.86554e+00 8.84515e-01 6.40312e+02
-2.92856e+00 9.23052e-01 6.41419e+02
-2.99154e+00 9.62497e-01 6.42467e+02
-3.05450e+00 1.00285e+00 6.43443e+02
-3.11743e+00 1.04411e+00 6.44338e+02
-3.18035e+00 1.08629e+00 6.45143e+02
-3.24326e+00 1.12938e+00 6.45851e+02
-3.30617e+00 1.17339e+00 6.46452e+02
-3.36909e+00 1.21833e+00 6.46942e+02
-3.43202e+00 1.26419e+00 6.47312e+02
-3.49496e+00 1.31097e+00 6.47558e+02
-3.55793e+00 1.35869e+00 6.47673e+02
-3.62093e+00 1.40735e+00 6.47653e+02
-3.68397e+00 1.45695e+00 6.47493e+02
-3.74706e+00 1.50750e+00 6.47189e+02
-3.81019e+00 1.55899e+00 6.46736e+02
-3.87338e+00 1.61145e+00 6.46131e+02
-3.93664e+00 1.66487e+00 6.45370e+02
-3.99997e+00 1.71926e+00 6.44449e+02
-9.09472e-01 1.90577e-01 2.67916e+02
-9.73006e-01 2.01397e-01 3.00034e+02
-1.03639e+00 2.13286e-01 3.30177e+02
-1.09963e+00 2.26238e-01 3.58719e+02
-1.16273e+00 2.40246e-01 3.85903e+02
-1.22572e+00 2.55306e-01 4.11872e+02
-1.28859e+00 2.71412e-01 4.36691e+02
-1.35135e+00 2.88560e-01 4.60368e+02
-1.41402e+00 3.06747e-01 4.82872e+02
-1.47660e+00 3.25968e-01 5.04141e+02
-1.53910e+00 3.46220e-01 5.24093e+02
-1.60153e+00 3.67501e-01 5.42634e+02
-1.66390e+00 3.89809e-01 5.59662e+02
-1.72621e+00 4.13141e-01 5.75071e+02
-1.78848e+00 4.37496e-01 5.88753e+02
-1.85072e+00 4.62873e-01 6.00604e+02
-1.91292e+00 4.89271e-01 6.10520e+02
-1.97511e+00 5.16690e-01 6.18401e+02
-2.03728e+00 5.45130e-01 6.24150e+02
-2.09944e+00 5.74591e-01 6.27676e+02
-2.16161e+00 6.05075e-01 6.28891e+02
-2.22378e+00 6.36581e-01 6.27711e+02
-2.28598e+00 6.69113e-01 6.24058e+02
-2.34820e+00 7.02671e-01 6.17857e+02
-2.41046e+00 7.37258e-01 6.09035e+02
-2.47351e+00 7.73388e-01 6.29960e+02
-2.53727e+00 8.11044e-01 6.31046e+02
-2.60096e+00 8.49705e-01 6.32191e+02
-2.66459e+00 8.89371e-01 6.33370e+02
-2.72816e+00 9.30045e-01 6.34564e+02
-2.79169e+00 9.71725e-01 6.35752e+02
-2.85517e+00 1.01442e+00 6.36920e+02
-2.91863e+00 1.05812e+00 6.38049e+02
-2.98206e+00 1.10283e+00 6.39127e+02
-3.04548e+00 1.14856e+00 6.40141e+02
-3.10888e+00 1.19531e+00 6.41078e+02
-3.17229e+00 1.24307e+00 6.41927e+02
-3.23571e+00 1.29187e+00 6.42679e+02
-3.29913e+00 1.34169e+00 6.43324e+02
-3.36259e+00 1.39255e+00 6.43853e+02
-3.42607e+00 1.44444e+00 6.44259e+02
-3.48958e+00 1.49738e+00 6.44533e+02
-3.55315e+00 1.55137e+00 6.44669e+02
-3.61676e+00 1.60641e+00 6.44660e+02
-3.68043e+00 1.66251e+00 6.44499e+02
-3.74418e+00 1.71967e+00 6.44182e+02
-3.80799e+00 1.77791e+00 6.43703e+02
-3.87189e+00 1.83724e+00 6.43056e+02
-3.93588e+00 1.89765e+00 6.42236e+02
-3.99997e+00 1.95915e+00 6.41239e+02
-8.94772e-01 2.17245e-01 2.70947e+02
-9.58211e-01 2.29744e-01 3.02979e+02
-1.02150e+00 2.43416e-01 3.32558e+02
-1.08464e+00 2.58253e-01 3.60185e+02
-1.14766e+00 2.74247e-01 3.86212e+02
-1.21056e+00 2.91392e-01 4.10869e+02
-1.27334e+00 3.09683e-01 4.34299e+02
-1.33603e+00 3.29113e-01 4.56577e+02
-1.39863e+00 3.49678e-01 4.77726e+02
-1.46115e+00 3.71374e-01 4.97732e+02
-1.52360e+00 3.94196e-01 5.16555e+02
-1.58599e+00 4.18142e-01 5.34134e+02
-1.64834e+00 4.43209e-01 5.50397e+02
-1.71063e+00 4.69394e-01 5.65260e+02
-1.77290e+00 4.96696e-01 5.78637e+02
-1.83515e+00 5.25112e-01 5.90439e+02
-1.89738e+00 5.54644e-01 6.00573e+02
-1.95960e+00 5.85289e-01 6.08950e+02
-2.02183e+00 6.17049e-01 6.15481e+02
-2.08408e+00 6.49924e-01 6.20079e+02
-2.14634e+00 6.83914e-01 6.22658e+02
-2.20864e+00 7.19022e-01 6.23137e+02
-2.27097e+00 7.55249e-01 6.21436e+02
-2.33335e+00 7.92597e-01 6.17478e+02
-2.39578e+00 8.31070e-01 6.11189e+02
-2.45913e+00 8.71275e-01 6.27076e+02
-2.52329e+00 9.13189e-01 6.28093e+02
-2.58740e+00 9.56199e-01 6.29194e+02
-2.65145e+00 1.00031e+00 6.30354e+02
-2.71546e+00 1.04551e+00 6.31547e+02
-2.77943e+00 1.09181e+00 6.32753e+02
-2.84338e+00 1.13922e+00 6.33950e+02
-2.90731e+00 1.18773e+00 6.35121e+02
-2.97124e+00 1.23734e+00 6.36249e+02
-3.03516e+00 1.28807e+00 6.37318e+02
-3.09910e+00 1.33991e+00 6.38315e+02
-3.16305e+00 1.39286e+00 6.39225e+02
-3.22703e+00 1.44694e+00 6.40037e+02
-3.29105e+00 1.50215e+00 6.40739e+02
-3.35511e+00 1.55849e+00 6.41320e+02
-3.41922e+00 1.61597e+00 6.41771e+02
-3.48339e+00 1.67459e+00 6.42082e+02
-3.54763e+00 1.73437e+00 6.42244e+02
-3.61195e+00 1.79530e+00 6.42248e+02
-3.67635e+00 1.85740e+00 6.42087e+02
-3.74085e+00 1.92068e+00 6.41753e+02
-3.80546e+00 1.98514e+00 6.41239e+02
-3.87017e+00 2.05079e+00 6.40538e+02
-3.93500e+00 2.11765e+00 6.39643e+02
-3.99997e+00 2.18572e+00 6.38548e+02
-8.79646e-01 2.43685e-01 2.81103e+02
-9.42875e-01 2.57897e-01 3.11458e+02
-1.00596e+00 2.73372e-01 3.39265e+02
-1.06891e+00 2.90101e-01 3.65075e+02
-1.13174e+00 3.08075e-01 3.89278e+02
-1.19446e+00 3.27287e-01 4.12141e+02
-1.25709e+00 3.47729e-01 4.33839e+02
-1.31962e+00 3.69396e-01 4.54473e+02
-1.38208e+00 3.92281e-01 4.74094e+02
-1.44448e+00 4.16380e-01 4.92711e+02
-1.50682e+00 4.41687e-01 5.10307e+02
-1.56912e+00 4.68201e-01 5.26841e+02
-1.63138e+00 4.95916e-01 5.42257e+02
-1.69363e+00 5.24831e-01 5.56490e+02
-1.75585e+00 5.54943e-01 5.69466e+02
-1.81808e+00 5.86252e-01 5.81109e+02
-1.88031e+00 6.18755e-01 5.91337e+02
-1.94255e+00 6.52454e-01 6.00071e+02
-2.00483e+00 6.87348e-01 6.07227e+02
-2.06713e+00 7.23437e-01 6.12725e+02
-2.12949e+00 7.60724e-01 6.16484e+02
-2.19189e+00 7.99209e-01 6.18426e+02
-2.25436e+00 8.38896e-01 6.18474e+02
-2.31691e+00 8.79787e-01 6.16551e+02
-2.37953e+00 9.21886e-01 6.12584e+02
-2.44319e+00 9.65896e-01 6.24609e+02
-2.50776e+00 1.01179e+00 6.25597e+02
-2.57229e+00 1.05886e+00 6.26695e+02
-2.63679e+00 1.10710e+00 6.27871e+02
-2.70126e+00 1.15652e+00 6.29099e+02
-2.76571e+00 1.20711e+00 6.30355e+02
-2.83016e+00 1.25889e+00 6.31613e+02
-2.89461e+00 1.31186e+00 6.32855e+02
-2.95907e+00 1.36601e+00 6.34060e+02
-3.02356e+00 1.42135e+00 6.35210e+02
-3.08808e+00 1.47789e+00 6.36288e+02
-3.15264e+00 1.53563e+00 6.37279e+02
-3.21725e+00 1.59458e+00 6.38168e+02
-3.28192e+00 1.65474e+00 6.38941e+02
-3.34666e+00 1.71613e+00 6.39585e+02
-3.41148e+00 1.77874e+00 6.40088e+02
-3.47639e+00 1.84259e+00 6.40439e+02
-3.54139e+00 1.90768e+00 6.40625e+02
-3.60650e+00 1.97403e+00 6.40637e+02
-3.67173e+00 2.04163e+00 6.40465e+02
-3.73709e+00 2.11051e+00 6.40098e+02
-3.80258e+00 2.18067e+00 6.39527e+02
-3.86822e+00 2.25213e+00 6.38742e+02
-3.93401e+00 2.32488e+00 6.37736e+02
-3.99997e+00 2.39896e+00 6.36499e+02
-8.64104e-01 2.69866e-01 2.97891e+02
-9.27007e-01 2.85825e-01 3.25176e+02
-9.89778e-01 3.03123e-01 3.50190e+02
-1.05243e+00 3.21751e-01 3.73446e+02
-1.11498e+00 3.41698e-01 3.95303e+02
-1.17744e+00 3.62955e-01 4.16007e+02
-1.23981e+00 3.85516e-01 4.35718e+02
-1.30212e+00 4.09372e-01 4.54533e+02
-1.36437e+00 4.34518e-01 4.72501e+02
-1.42658e+00 4.60947e-01 4.89635e+02
-1.48875e+00 4.88655e-01 5.05920e+02
-1.55090e+00 5.17637e-01 5.21326e+02
-1.61304e+00 5.47890e-01 5.35805e+02
-1.67518e+00 5.79411e-01 5.49302e+02
-1.73733e+00 6.12198e-01 5.61754e+02
-1.79950e+00 6.46250e-01 5.73093e+02
-1.86170e+00 6.81565e-01 5.83248e+02
-1.92395e+00 7.18143e-01 5.92147e+02
-1.98625e+00 7.55985e-01 5.99718e+02
-2.04861e+00 7.95091e-01 6.05886e+02
-2.11104e+00 8.35464e-01 6.10578e+02
-2.17356e+00 8.77106e-01 6.13722e+02
-2.23616e+00 9.20018e-01 6.15246e+02
-2.29888e+00 9.64206e-01 6.15077e+02
-2.36170e+00 1.00967e+00 6.13146e+02
-2.42567e+00 1.05722e+00 6.22660e+02
-2.49067e+00 1.10681e+00 6.23680e+02
-2.55564e+00 1.15765e+00 6.24830e+02
-2.62060e+00 1.20972e+00 6.26076e+02
-2.68556e+00 1.26304e+00 6.27389e+02
-2.75052e+00 1.31760e+00 6.28740e+02
-2.81551e+00 1.37341e+00 6.30102e+02
-2.88052e+00 1.43048e+00 6.31453e+02
-2.94556e+00 1.48880e+00 6.32770e+02
-3.01066e+00 1.54838e+00 6.34032e+02
-3.07582e+00 1.60924e+00 6.35220e+02
-3.14104e+00 1.67136e+00 6.36315e+02
-3.20635e+00 1.73477e+00 6.37299e+02
-3.27174e+00 1.79947e+00 6.38158e+02
-3.33724e+00 1.86546e+00 6.38874e+02
-3.40284e+00 1.93276e+00 6.39434e+02
-3.46857e+00 2.00137e+00 6.39822e+02
-3.53442e+00 2.07130e+00 6.40025e+02
-3.60042e+00 2.14257e+00 6.40030e+02
-3.66657e+00 2.21519e+00 6.39823e+02
-3.73289e+00 2.28916e+00 6.39392e+02
-3.79937e+00 2.36450e+00 6.38725e+02
-3.86604e+00 2.44123e+00 6.37810e+02
-3.93290e+00 2.51934e+00 6.36634e+02
-3.99997e+00 2.59887e+00 6.35185e+02
-8.48156e-01 2.95757e-01 3.20796e+02
-9.10613e-01 3.13496e-01 3.43822e+02
-9.72961e-01 3.32637e-01 3.65213e+02
-1.03521e+00 3.53169e-01 3.85344e+02
-1.09738e+00 3.75081e-01 4.04470e+02
-1.15948e+00 3.98364e-01 4.22761e+02
-1.22153e+00 4.23009e-01 4.40320e+02
-1.28353e+00 4.49007e-01 4.57206e+02
-1.34550e+00 4.76353e-01 4.73440e+02
-1.40745e+00 5.05039e-01 4.89021e+02
-1.46939e+00 5.35060e-01 5.03926e+02
-1.53134e+00 5.66413e-01 5.18122e+02
-1.59331e+00 5.99092e-01 5.31564e+02
-1.65530e+00 6.33096e-01 5.44200e+02
-1.71734e+00 6.68421e-01 5.55975e+02
-1.77942e+00 7.05067e-01 5.66831e+02
-1.84157e+00 7.43032e-01 5.76705e+02
-1.90379e+00 7.82317e-01 5.85535e+02
-1.96610e+00 8.22921e-01 5.93259e+02
-2.02849e+00 8.64848e-01 5.99812e+02
-2.09100e+00 9.08098e-01 6.05132e+02
-2.15362e+00 9.52674e-01 6.09154e+02
-2.21637e+00 9.98579e-01 6.11815e+02
-2.27926e+00 1.04582e+00 6.13052e+02
-2.34229e+00 1.09440e+00 6.12802e+02
-2.40659e+00 1.14521e+00 6.21319e+02
-2.47202e+00 1.19823e+00 6.22448e+02
-2.53745e+00 1.25254e+00 6.23723e+02
-2.60290e+00 1.30814e+00 6.25107e+02
-2.66837e+00 1.36504e+00 6.26567e+02
-2.73387e+00 1.42324e+00 6.28072e+02
-2.79943e+00 1.48275e+00 6.29592e+02
-2.86503e+00 1.54356e+00 6.31101e+02
-2.93071e+00 1.60569e+00 6.32573e+02
-2.99647e+00 1.66915e+00 6.33985e+02
-3.06232e+00 1.73392e+00 6.35315e+02
-3.12827e+00 1.80004e+00 6.36540e+02
-3.19433e+00 1.86749e+00 6.37642e+02
-3.26052e+00 1.93630e+00 6.38600e+02
-3.32684e+00 2.00647e+00 6.39397e+02
-3.39331e+00 2.07800e+00 6.40013e+02
-3.45994e+00 2.15092e+00 6.40431e+02
-3.52673e+00 2.22523e+00 6.40635e+02
-3.59371e+00 2.30094e+00 6.40607e+02
-3.66087e+00 2.37807e+00 6.40331e+02
-3.72824e+00 2.45663e+00 6.39791e+02
-3.79582e+00 2.53664e+00 6.38970e+02
-3.86363e+00 2.61810e+00 6.37852e+02
-3.93167e+00 2.70103e+00 6.36421e+02
-3.99997e+00 2.78546e+00 6.34661e+02
-8.31816e-01 3.21327e-01 3.49276e+02
-8.93707e-01 3.40879e-01 3.67069e+02
-9.55517e-01 3.61882e-01 3.84200e+02
-1.01726e+00 3.84324e-01 4.00801e+02
-1.07895e+00 4.08194e-01 4.16949e+02
-1.14061e+00 4.33480e-01 4.32680e+02
-1.20223e+00 4.60173e-01 4.48003e+02
-1.26385e+00 4.88266e-01 4.62907e+02
-1.32546e+00 5.17750e-01 4.77368e+02
-1.38709e+00 5.48619e-01 4.91352e+02
-1.44875e+00 5.80867e-01 5.04817e+02
-1.51044e+00 6.14490e-01 5.17720e+02
-1.57219e+00 6.49484e-01 5.30012e+02
-1.63399e+00 6.85845e-01 5.41644e+02
-1.69587e+00 7.23572e-01 5.52566e+02
-1.75784e+00 7.62663e-01 5.62726e+02
-1.81991e+00 8.03118e-01 5.72073e+02
-1.88208e+00 8.44937e-01 5.80557e+02
-1.94437e+00 8.88120e-01 5.88126e+02
-2.00680e+00 9.32670e-01 5.94729e+02
-2.06937e+00 9.78588e-01 6.00316e+02
-2.13209e+00 1.02588e+00 6.04835e+02
-2.19498e+00 1.07455e+00 6.08236e+02
-2.25805e+00 1.12459e+00 6.10469e+02
-2.32131e+00 1.17603e+00 6.11482e+02
-2.38594e+00 1.22984e+00 6.20660e+02
-2.45181e+00 1.28601e+00 6.21992e+02
-2.51772e+00 1.34350e+00 6.23481e+02
-2.58367e+00 1.40233e+00 6.25085e+02
-2.64968e+00 1.46250e+00 6.26768e+02
-2.71576e+00 1.52401e+00 6.28497e+02
-2.78192e+00 1.58688e+00 6.30238e+02
-2.84817e+00 1.65109e+00 6.31962e+02
-2.91452e+00 1.71667e+00 6.33642e+02
-2.98099e+00 1.78362e+00 6.35249e+02
-3.04758e+00 1.85194e+00 6.36758e+02
-3.11432e+00 1.92164e+00 6.38146e+02
-3.18120e+00 1.99273e+00 6.39388e+02
-3.24825e+00 2.06523e+00 6.40462e+02
-3.31547e+00 2.13914e+00 6.41344e+02
-3.38288e+00 2.21447e+00 6.42014e+02
-3.45049e+00 2.29124e+00 6.42450e+02
-3.51831e+00 2.36945e+00 6.42630e+02
-3.58635e+00 2.44913e+00 6.42534e+02
-3.65463e+00 2.53028e+00 6.42139e+02
-3.72315e+00 2.61292e+00 6.41425e+02
-3.79193e+00 2.69707e+00 6.40369e+02
-3.86099e+00 2.78274e+00 6.38951e+02
-3.93033e+00 2.86995e+00 6.37148e+02
-3.99997e+00 2.95872e+00 6.34938e+02
-8.15735e-01 3.45600e-01 3.63949e+02
-8.76929e-01 3.66997e-01 3.80498e+02
-9.38079e-01 3.89882e-01 3.96286e+02
-9.99198e-01 4.14241e-01 4.11508e+02
-1.06030e+00 4.40061e-01 4.26286e+02
-1.12140e+00 4.67332e-01 4.40684e+02
-1.18251e+00 4.96043e-01 4.54732e+02
-1.24365e+00 5.26187e-01 4.68433e+02
-1.30482e+00 5.57755e-01 4.81773e+02
-1.36605e+00 5.90740e-01 4.94722e+02
-1.42733e+00 6.25137e-01 5.07245e+02
-1.48870e+00 6.60941e-01 5.19300e+02
-1.55015e+00 6.98148e-01 5.30840e+02
-1.61171e+00 7.36754e-01 5.41817e+02
-1.67338e+00 7.76759e-01 5.52179e+02
-1.73517e+00 8.18160e-01 5.61875e+02
-1.79711e+00 8.60958e-01 5.70853e+02
-1.85919e+00 9.05153e-01 5.79058e+02
-1.92143e+00 9.50745e-01 5.86437e+02
-1.98385e+00 9.97739e-01 5.92938e+02
-2.04646e+00 1.04613e+00 5.98505e+02
-2.10926e+00 1.09594e+00 6.03085e+02
-2.17227e+00 1.14715e+00 6.06624e+02
-2.23550e+00 1.19979e+00 6.09065e+02
-2.29896e+00 1.25384e+00 6.10353e+02
-2.36392e+00 1.31043e+00 6.18434e+02
-2.43023e+00 1.36950e+00 6.20589e+02
-2.49661e+00 1.42994e+00 6.22666e+02
-2.56307e+00 1.49174e+00 6.24657e+02
-2.62963e+00 1.55492e+00 6.26556e+02
-2.69630e+00 1.61946e+00 6.28356e+02
-2.76308e+00 1.68538e+00 6.30053e+02
-2.83000e+00 1.75269e+00 6.31641e+02
-2.89706e+00 1.82140e+00 6.33115e+02
-2.96428e+00 1.89150e+00 6.34472e+02
-3.03167e+00 1.96301e+00 6.35707e+02
-3.09924e+00 2.03594e+00 6.36816e+02
-3.16701e+00 2.11029e+00 6.37797e+02
-3.23498e+00 2.18609e+00 6.38645e+02
-3.30317e+00 2.26333e+00 6.39356e+02
-3.37159e+00 2.34204e+00 6.39928e+02
-3.44026e+00 2.42222e+00 6.40355e+02
-3.50918e+00 2.50390e+00 6.40635e+02
-3.57837e+00 2.58707e+00 6.40763e+02
-3.64785e+00 2.67177e+00 6.40735e+02
-3.71763e+00 2.75800e+00 6.40546e+02
-3.78771e+00 2.84579e+00 6.40192e+02
-3.85812e+00 2.93514e+00 6.39667e+02
-3.92887e+00 3.02609e+00 6.38967e+02
-3.99997e+00 3.11865e+00 6.38085e+02
-7.99415e-01 3.69387e-01 3.88908e+02
-8.59793e-01 3.92660e-01 4.01589e+02
-9.20169e-01 4.17442e-01 4.14161e+02
-9.80556e-01 4.43720e-01 4.26665e+02
-1.04097e+00 4.71481e-01 4.39108e+02
-1.10142e+00 5.00713e-01 4.51475e+02
-1.16193e+00 5.31407e-01 4.63735e+02
-1.22251e+00 5.63554e-01 4.75851e+02
-1.28316e+00 5.97145e-01 4.87776e+02
-1.34391e+00 6.32174e-01 4.99464e+02
-1.40477e+00 6.68635e-01 5.10863e+02
-1.46575e+00 7.06523e-01 5.21924e+02
-1.52686e+00 7.45834e-01 5.32595e+02
-1.58812e+00 7.86566e-01 5.42825e+02
-1.64953e+00 8.28716e-01 5.52564e+02
-1.71112e+00 8.72285e-01 5.61761e+02
-1.77289e+00 9.17270e-01 5.70366e+02
-1.83485e+00 9.63675e-01 5.78329e+02
-1.89703e+00 1.01150e+00 5.85602e+02
-1.95942e+00 1.06075e+00 5.92133e+02
-2.02204e+00 1.11142e+00 5.97875e+02
-2.08491e+00 1.16353e+00 6.02776e+02
-2.14804e+00 1.21707e+00 6.06786e+02
-2.21143e+00 1.27205e+00 6.09854e+02
-2.27511e+00 1.32848e+00 6.11928e+02
-2.34039e+00 1.38758e+00 6.18359e+02
-2.40714e+00 1.44930e+00 6.20741e+02
-2.47401e+00 1.51239e+00 6.22992e+02
-2.54100e+00 1.57686e+00 6.25113e+02
-2.60813e+00 1.64273e+00 6.27103e+02
-2.67541e+00 1.70998e+00 6.28962e+02
-2.74286e+00 1.77863e+00 6.30692e+02
-2.81048e+00 1.84869e+00 6.32292e+02
-2.87829e+00 1.92016e+00 6.33763e+02
-2.94631e+00 1.99305e+00 6.35106e+02
-3.01454e+00 2.06737e+00 6.36321e+02
-3.08300e+00 2.14313e+00 6.37410e+02
-3.15171e+00 2.22034e+00 6.38373e+02
-3.22067e+00 2.29902e+00 6.39210e+02
-3.28990e+00 2.37917e+00 6.39922e+02
-3.35941e+00 2.46081e+00 6.40509e+02
-3.42921e+00 2.54396e+00 6.40972e+02
-3.49933e+00 2.62862e+00 6.41309e+02
-3.56976e+00 2.71482e+00 6.41521e+02
-3.64054e+00 2.80257e+00 6.41608e+02
-3.71166e+00 2.89189e+00 6.41569e+02
-3.78316e+00 2.98280e+00 6.41402e+02
-3.85503e+00 3.07531e+00 6.41106e+02
-3.92729e+00 3.16946e+00 6.40681e+02
-3.99996e+00 3.26525e+00 6.40123e+02
-7.82642e-01 3.93004e-01 4.14697e+02
-8.42085e-01 4.18181e-01 4.23537e+02
-9.01576e-01 4.44876e-01 4.32955e+02
-9.61128e-01 4.73074e-01 4.42817e+02
-1.02076e+00 5.02764e-01 4.53005e+02
-1.08047e+00 5.33933e-01 4.63417e+02
-1.14030e+00 5.66571e-01 4.73960e+02
-1.20024e+00 6.00670e-01 4.84551e+02
-1.26031e+00 6.36221e-01 4.95113e+02
-1.32052e+00 6.73217e-01 5.05577e+02
-1.38089e+00 7.11654e-01 5.15880e+02
-1.44143e+00 7.51525e-01 5.25960e+02
-1.50215e+00 7.92829e-01 5.35761e+02
-1.56307e+00 8.35561e-01 5.45231e+02
-1.62420e+00 8.79722e-01 5.54318e+02
-1.68555e+00 9.25309e-01 5.62973e+02
-1.74713e+00 9.72324e-01 5.71150e+02
-1.80895e+00 1.02077e+00 5.78801e+02
-1.87104e+00 1.07064e+00 5.85880e+02
-1.93339e+00 1.12195e+00 5.92343e+02
-1.99603e+00 1.17470e+00 5.98145e+02
-2.05896e+00 1.22889e+00 6.03240e+02
-2.12221e+00 1.28453e+00 6.07582e+02
-2.18577e+00 1.34162e+00 6.11124e+02
-2.24967e+00 1.40018e+00 6.13819e+02
-2.31529e+00 1.46152e+00 6.18979e+02
-2.38250e+00 1.52558e+00 6.21563e+02
-2.44986e+00 1.59103e+00 6.23968e+02
-2.51740e+00 1.65786e+00 6.26199e+02
-2.58513e+00 1.72609e+00 6.28262e+02
-2.65306e+00 1.79571e+00 6.30163e+02
-2.72120e+00 1.86674e+00 6.31907e+02
-2.78957e+00 1.93919e+00 6.33499e+02
-2.85818e+00 2.01305e+00 6.34946e+02
-2.92704e+00 2.08835e+00 6.36251e+02
-2.99617e+00 2.16509e+00 6.37419e+02
-3.06559e+00 2.24328e+00 6.38456e+02
-3.13530e+00 2.32294e+00 6.39366e+02
-3.20531e+00 2.40407e+00 6.40153e+02
-3.27565e+00 2.48669e+00 6.40821e+02
-3.34633e+00 2.57082e+00 6.41375e+02
-3.41735e+00 2.65647e+00 6.41819e+02
-3.48875e+00 2.74365e+00 6.42155e+02
-3.56052e+00 2.83239e+00 6.42388e+02
-3.63268e+00 2.92270e+00 6.42521e+02
-3.70526e+00 3.01460e+00 6.42557e+02
-3.77826e+00 3.10811e+00 6.42500e+02
-3.85170e+00 3.20326e+00 6.42352e+02
-3.92560e+00 3.30005e+00 6.42117e+02
-3.99996e+00 3.39853e+00 6.41796e+02
-7.65426e-01 4.16424e-01 4.41147e+02
-8.23815e-01 4.43532e-01 4.46205e+02
-8.82309e-01 4.72154e-01 4.52554e+02
-9.40922e-01 5.02273e-01 4.59867e+02
-9.99668e-01 5.33879e-01 4.67895e+02
-1.05856e+00 5.66958e-01 4.76439e+02
-1.11761e+00 6.01502e-01 4.85342e+02
-1.17684e+00 6.37500e-01 4.94475e+02
-1.23625e+00 6.74947e-01 5.03730e+02
-1.29587e+00 7.13834e-01 5.13014e+02
-1.35569e+00 7.54158e-01 5.22250e+02
-1.41574e+00 7.95912e-01 5.31366e+02
-1.47603e+00 8.39095e-01 5.40303e+02
-1.53657e+00 8.83704e-01 5.49002e+02
-1.59737e+00 9.29739e-01 5.57414e+02
-1.65845e+00 9.77198e-01 5.65491e+02
-1.71982e+00 1.02608e+00 5.73187e+02
-1.78148e+00 1.07639e+00 5.80459e+02
-1.84346e+00 1.12814e+00 5.87266e+02
-1.90577e+00 1.18131e+00 5.93567e+02
-1.96842e+00 1.23593e+00 5.99321e+02
-2.03142e+00 1.29199e+00 6.04488e+02
-2.09478e+00 1.34950e+00 6.09026e+02
-2.15852e+00 1.40847e+00 6.12895e+02
-2.22265e+00 1.46890e+00 6.16052e+02
-2.28862e+00 1.53221e+00 6.20249e+02
-2.35629e+00 1.59833e+00 6.22994e+02
-2.42417e+00 1.66583e+00 6.25516e+02
-2.49228e+00 1.73471e+00 6.27826e+02
-2.56063e+00 1.80497e+00 6.29934e+02
-2.62924e+00 1.87664e+00 6.31851e+02
-2.69811e+00 1.94970e+00 6.33585e+02
-2.76727e+00 2.02417e+00 6.35147e+02
-2.83672e+00 2.10007e+00 6.36545e+02
-2.90648e+00 2.17739e+00 6.37788e+02
-2.97657e+00 2.25616e+00 6.38884e+02
-3.04699e+00 2.33638e+00 6.39841e+02
-3.11777e+00 2.41806e+00 6.40668e+02
-3.18891e+00 2.50123e+00 6.41372e+02
-3.26043e+00 2.58588e+00 6.41960e+02
-3.33235e+00 2.67205e+00 6.42440e+02
-3.40468e+00 2.75974e+00 6.42820e+02
-3.47744e+00 2.84898e+00 6.43106e+02
-3.55063e+00 2.93978e+00 6.43306e+02
-3.62429e+00 3.03215e+00 6.43427e+02
-3.69841e+00 3.12613e+00 6.43478e+02
-3.77303e+00 3.22173e+00 6.43464e+02
-3.84814e+00 3.31897e+00 6.43394e+02
-3.92378e+00 3.41788e+00 6.43276e+02
-3.99996e+00 3.51847e+00 6.43118e+02
-7.47782e-01 4.39616e-01 4.68073e+02
-8.04995e-01 4.68684e-01 4.69445e+02
-8.62379e-01 4.99246e-01 4.72839e+02
-9.19948e-01 5.31286e-01 4.77719e+02
-9.77715e-01 5.64794e-01 4.83693e+02
-1.03569e+00 5.99757e-01 4.90467e+02
-1.09389e+00 6.36166e-01 4.97816e+02
-1.15233e+00 6.74013e-01 5.05564e+02
-1.21102e+00 7.13290e-01 5.13571e+02
-1.26996e+00 7.53991e-01 5.21722e+02
-1.32918e+00 7.96112e-01 5.29924e+02
-1.38869e+00 8.39649e-01 5.38098e+02
-1.44850e+00 8.84599e-01 5.46176e+02
-1.50862e+00 9.30960e-01 5.54100e+02
-1.56906e+00 9.78733e-01 5.61817e+02
-1.62984e+00 1.02792e+00 5.69282e+02
-1.69096e+00 1.07851e+00 5.76451e+02
-1.75245e+00 1.13052e+00 5.83284e+02
-1.81431e+00 1.18395e+00 5.89743e+02
-1.87656e+00 1.23881e+00 5.95793e+02
-1.93921e+00 1.29509e+00 6.01397e+02
-2.00227e+00 1.35280e+00 6.06520e+02
-2.06575e+00 1.41196e+00 6.11126e+02
-2.12967e+00 1.47256e+00 6.15179e+02
-2.19405e+00 1.53462e+00 6.18643e+02
-2.26038e+00 1.59964e+00 6.22123e+02
-2.32852e+00 1.66752e+00 6.24972e+02
-2.39693e+00 1.73677e+00 6.27562e+02
-2.46563e+00 1.80738e+00 6.29908e+02
-2.53463e+00 1.87936e+00 6.32024e+02
-2.60395e+00 1.95273e+00 6.33924e+02
-2.67359e+00 2.02748e+00 6.35620e+02
-2.74357e+00 2.10363e+00 6.37125e+02
-2.81391e+00 2.18118e+00 6.38450e+02
-2.88463e+00 2.26016e+00 6.39608e+02
-2.95572e+00 2.34056e+00 6.40608e+02
-3.02722e+00 2.42241e+00 6.41463e+02
-3.09912e+00 2.50571e+00 6.42181e+02
-3.17146e+00 2.59048e+00 6.42774e+02
-3.24424e+00 2.67674e+00 6.43253e+02
-3.31748e+00 2.76450e+00 6.43627e+02
-3.39120e+00 2.85378e+00 6.43907e+02
-3.46540e+00 2.94460e+00 6.44103e+02
-3.54012e+00 3.03697e+00 6.44226e+02
-3.61535e+00 3.13092e+00 6.44288e+02
-3.69112e+00 3.22647e+00 6.44300e+02
-3.76746e+00 3.32364e+00 6.44274e+02
-3.84436e+00 3.42245e+00 6.44224e+02
-3.92186e+00 3.52293e+00 6.44163e+02
-3.99996e+00 3.62510e+00 6.44107e+02
-7.29724e-01 4.62553e-01 4.95283e+02
-7.85640e-01 4.93608e-01 4.93109e+02
-8.41801e-01 5.26122e-01 4.93692e+02
-8.98220e-01 5.60082e-01 4.96274e+02
-9.54909e-01 5.95477e-01 5.00317e+02
-1.01188e+00 6.32296e-01 5.05428e+02
-1.06914e+00 6.70531e-01 5.11315e+02
-1.12671e+00 7.10173e-01 5.17756e+02
-1.18460e+00 7.51216e-01 5.24578e+02
-1.24282e+00 7.93654e-01 5.31645e+02
-1.30138e+00 8.37484e-01 5.38850e+02
-1.36029e+00 8.82702e-01 5.46104e+02
-1.41957e+00 9.29306e-01 5.53333e+02
-1.47922e+00 9.77296e-01 5.60478e+02
-1.53927e+00 1.02667e+00 5.67484e+02
-1.59971e+00 1.07743e+00 5.74307e+02
-1.66057e+00 1.12958e+00 5.80905e+02
-1.72186e+00 1.18312e+00 5.87243e+02
-1.78359e+00 1.23806e+00 5.93286e+02
-1.84576e+00 1.29439e+00 5.99002e+02
-1.90841e+00 1.35214e+00 6.04360e+02
-1.97152e+00 1.41129e+00 6.09329e+02
-2.03513e+00 1.47187e+00 6.13881e+02
-2.09924e+00 1.53388e+00 6.17984e+02
-2.16387e+00 1.59732e+00 6.21606e+02
-2.23057e+00 1.66377e+00 6.24552e+02
-2.29919e+00 1.73313e+00 6.27434e+02
-2.36815e+00 1.80382e+00 6.30032e+02
-2.43746e+00 1.87585e+00 6.32362e+02
-2.50714e+00 1.94923e+00 6.34442e+02
-2.57719e+00 2.02396e+00 6.36288e+02
-2.64764e+00 2.10006e+00 6.37913e+02
-2.71849e+00 2.17753e+00 6.39334e+02
-2.78977e+00 2.25638e+00 6.40562e+02
-2.86148e+00 2.33662e+00 6.41612e+02
-2.93364e+00 2.41828e+00 6.42496e+02
-3.00626e+00 2.50135e+00 6.43227e+02
-3.07937e+00 2.58586e+00 6.43817e+02
-3.15297e+00 2.67182e+00 6.44279e+02
-3.22708e+00 2.75925e+00 6.44625e+02
-3.30172e+00 2.84816e+00 6.44867e+02
-3.37690e+00 2.93857e+00 6.45019e+02
-3.45264e+00 3.03050e+00 6.45094e+02
-3.52896e+00 3.12398e+00 6.45106e+02
-3.60587e+00 3.21901e+00 6.45070e+02
-3.68340e+00 3.31563e+00 6.45002e+02
-3.76155e+00 3.41385e+00 6.44918e+02
-3.84035e+00 3.51370e+00 6.44838e+02
-3.91981e+00 3.61520e+00 6.44784e+02
-3.99996e+00 3.71839e+00 6.44779e+02
-7.11269e-01 4.85207e-01 5.22568e+02
-7.65766e-01 5.18273e-01 5.17038e+02
-8.20591e-01 5.52751e-01 5.14989e+02
-8.75753e-01 5.88630e-01 5.15433e+02
-9.31265e-01 6.25898e-01 5.17684e+02
-9.87137e-01 6.64545e-01 5.21251e+02
-1.04338e+00 7.04565e-01 5.25775e+02
-1.10000e+00 7.45949e-01 5.30990e+02
-1.15702e+00 7.88692e-01 5.36693e+02
-1.21444e+00 8.32790e-01 5.42728e+02
-1.27228e+00 8.78240e-01 5.48973e+02
-1.33054e+00 9.25038e-01 5.55330e+02
-1.38925e+00 9.73184e-01 5.61722e+02
-1.44840e+00 1.02268e+00 5.68085e+02
-1.50801e+00 1.07352e+00 5.74367e+02
-1.56809e+00 1.12571e+00 5.80521e+02
-1.62866e+00 1.17926e+00 5.86511e+02
-1.68972e+00 1.23416e+00 5.92302e+02
-1.75130e+00 1.29042e+00 5.97864e+02
-1.81339e+00 1.34805e+00 6.03168e+02
-1.87602e+00 1.40706e+00 6.08190e+02
-1.93919e+00 1.46744e+00 6.12904e+02
-2.00293e+00 1.52921e+00 6.17285e+02
-2.06723e+00 1.59239e+00 6.21309e+02
-2.13213e+00 1.65697e+00 6.24950e+02
-2.19920e+00 1.72458e+00 6.27488e+02
-2.26832e+00 1.79513e+00 6.30322e+02
-2.33784e+00 1.86697e+00 6.32858e+02
-2.40778e+00 1.94011e+00 6.35114e+02
-2.47815e+00 2.01457e+00 6.37108e+02
-2.54898e+00 2.09033e+00 6.38857e+02
-2.62026e+00 2.16743e+00 6.40377e+02
-2.69202e+00 2.24586e+00 6.41683e+02
-2.76428e+00 2.32564e+00 6.42789e+02
-2.83703e+00 2.40679e+00 6.43711e+02
-2.91031e+00 2.48930e+00 6.44460e+02
-2.98413e+00 2.57321e+00 6.45051e+02
-3.05849e+00 2.65852e+00 6.45498e+02
-3.13343e+00 2.74525e+00 6.45813e+02
-3.20894e+00 2.83341e+00 6.46010e+02
-3.28506e+00 2.92303e+00 6.46104e+02
-3.36179e+00 3.01411e+00 6.46109e+02
-3.43915e+00 3.10669e+00 6.46041e+02
-3.51717e+00 3.20079e+00 6.45915e+02
-3.59585e+00 3.29641e+00 6.45751e+02
-3.67522e+00 3.39359e+00 6.45567e+02
-3.75530e+00 3.49235e+00 6.45388e+02
-3.83610e+00 3.59271e+00 6.45238e+02
-3.91765e+00 3.69471e+00 6.45147e+02
-3.99996e+00 3.79836e+00 6.45153e+02
-6.92434e-01 5.07549e-01 5.49711e+02
-7.45391e-01 5.42652e-01 5.41071e+02
-7.98766e-01 5.79106e-01 5.36607e+02
-8.52566e-01 6.16900e-01 5.35099e+02
-9.06802e-01 6.56024e-01 5.35713e+02
-9.61484e-01 6.96472e-01 5.37864e+02
-1.01662e+00 7.38235e-01 5.41132e+02
-1.07222e+00 7.81308e-01 5.45207e+02
-1.12830e+00 8.25686e-01 5.49859e+02
-1.18486e+00 8.71367e-01 5.54914e+02
-1.24191e+00 9.18347e-01 5.60236e+02
-1.29947e+00 9.66625e-01 5.65722e+02
-1.35755e+00 1.01620e+00 5.71289e+02
-1.41615e+00 1.06708e+00 5.76871e+02
-1.47529e+00 1.11925e+00 5.82415e+02
-1.53498e+00 1.17273e+00 5.87878e+02
-1.59523e+00 1.22751e+00 5.93222e+02
-1.65604e+00 1.28361e+00 5.98419e+02
-1.71745e+00 1.34102e+00 6.03440e+02
-1.77945e+00 1.39975e+00 6.08262e+02
-1.84205e+00 1.45982e+00 6.12864e+02
-1.90528e+00 1.52122e+00 6.17226e+02
-1.96914e+00 1.58397e+00 6.21328e+02
-2.03365e+00 1.64807e+00 6.25153e+02
-2.09881e+00 1.71355e+00 6.28681e+02
-2.16628e+00 1.78206e+00 6.30882e+02
-2.23589e+00 1.85351e+00 6.33578e+02
-2.30599e+00 1.92620e+00 6.35975e+02
-2.37658e+00 2.00014e+00 6.38092e+02
-2.44768e+00 2.07535e+00 6.39946e+02
-2.51930e+00 2.15182e+00 6.41554e+02
-2.59146e+00 2.22957e+00 6.42931e+02
-2.66417e+00 2.30862e+00 6.44093e+02
-2.73744e+00 2.38897e+00 6.45053e+02
-2.81130e+00 2.47063e+00 6.45826e+02
-2.88575e+00 2.55363e+00 6.46426e+02
-2.96082e+00 2.63797e+00 6.46865e+02
-3.03651e+00 2.72367e+00 6.47158e+02
-3.11284e+00 2.81074e+00 6.47318e+02
-3.18983e+00 2.89921e+00 6.47358e+02
-3.26750e+00 2.98909e+00 6.47293e+02
-3.34586e+00 3.08040e+00 6.47139e+02
-3.42494e+00 3.17317e+00 6.46912e+02
-3.50474e+00 3.26740e+00 6.46631e+02
-3.58529e+00 3.36313e+00 6.46316e+02
-3.66661e+00 3.46037e+00 6.45991e+02
-3.74872e+00 3.55915e+00 6.45684e+02
-3.83163e+00 3.65950e+00 6.45428e+02
-3.91537e+00 3.76144e+00 6.45266e+02
-3.99996e+00 3.86500e+00 6.45248e+02
-6.73241e-01 5.29554e-01 5.76478e+02
-7.24536e-01 5.66716e-01 5.65041e+02
-7.76346e-01 6.05155e-01 5.58422e+02
-8.28678e-01 6.44861e-01 5.55173e+02
-8.81540e-01 6.85827e-01 5.54323e+02
-9.34939e-01 7.28045e-01 5.55198e+02
-9.88883e-01 7.71511e-01 5.57321e+02
-1.04338e+00 8.16219e-01 5.60346e+02
-1.09844e+00 8.62167e-01 5.64018e+02
-1.15407e+00 9.09352e-01 5.68145e+02
-1.21029e+00 9.57774e-01 5.72584e+02
-1.26709e+00 1.00743e+00 5.77224e+02
-1.32449e+00 1.05833e+00 5.81978e+02
-1.38250e+00 1.11046e+00 5.86779e+02
-1.44113e+00 1.16383e+00 5.91576e+02
-1.50039e+00 1.21845e+00 5.96325e+02
-1.56029e+00 1.27432e+00 6.00992e+02
-1.62084e+00 1.33144e+00 6.05549e+02
-1.68205e+00 1.38982e+00 6.09975e+02
-1.74394e+00 1.44947e+00 6.14248e+02
-1.80652e+00 1.51040e+00 6.18352e+02
-1.86980e+00 1.57261e+00 6.22273e+02
-1.93378e+00 1.63611e+00 6.25996e+02
-1.99849e+00 1.70092e+00 6.29509e+02
-2.06394e+00 1.76704e+00 6.32798e+02
-2.13180e+00 1.83618e+00 6.34685e+02
-2.20192e+00 1.90824e+00 6.37148e+02
-2.27261e+00 1.98149e+00 6.39325e+02
-2.34387e+00 2.05592e+00 6.41233e+02
-2.41571e+00 2.13156e+00 6.42889e+02
-2.48817e+00 2.20841e+00 6.44308e+02
-2.56123e+00 2.28648e+00 6.45505e+02
-2.63493e+00 2.36579e+00 6.46492e+02
-2.70927e+00 2.44634e+00 6.47284e+02
-2.78428e+00 2.52815e+00 6.47893e+02
-2.85996e+00 2.61124e+00 6.48332e+02
-2.93633e+00 2.69562e+00 6.48612e+02
-3.01341e+00 2.78130e+00 6.48746e+02
-3.09121e+00 2.86831e+00 6.48748e+02
-3.16975e+00 2.95665e+00 6.48629e+02
-3.24905e+00 3.04636e+00 6.48405e+02
-3.32913e+00 3.13744e+00 6.48089e+02
-3.40999e+00 3.22992e+00 6.47698e+02
-3.49168e+00 3.32381e+00 6.47251e+02
-3.57419e+00 3.41915e+00 6.46771e+02
-3.65756e+00 3.51596e+00 6.46283e+02
-3.74180e+00 3.61425e+00 6.45820e+02
-3.82693e+00 3.71405e+00 6.45425e+02
-3.91297e+00 3.81540e+00 6.45154e+02
-3.99996e+00 3.91831e+00 6.45085e+02
-6.53710e-01 5.51195e-01 6.02630e+02
-7.03223e-01 5.90439e-01 5.88777e+02
-7.53355e-01 6.30871e-01 5.80307e+02
-8.04112e-01 6.72485e-01 5.75559e+02
-8.55500e-01 7.15274e-01 5.73435e+02
-9.07524e-01 7.59234e-01 5.73185e+02
-9.60191e-01 8.04361e-01 5.74283e+02
-1.01351e+00 8.50651e-01 5.76351e+02
-1.06748e+00 8.98104e-01 5.79113e+02
-1.12212e+00 9.46717e-01 5.82368e+02
-1.17742e+00 9.96492e-01 5.85962e+02
-1.23341e+00 1.04743e+00 5.89780e+02
-1.29009e+00 1.09953e+00 5.93734e+02
-1.34746e+00 1.15280e+00 5.97757e+02
-1.40554e+00 1.20724e+00 6.01796e+02
-1.46434e+00 1.26285e+00 6.05811e+02
-1.52386e+00 1.31965e+00 6.09770e+02
-1.58412e+00 1.37763e+00 6.13648e+02
-1.64513e+00 1.43681e+00 6.17427e+02
-1.70690e+00 1.49719e+00 6.21089e+02
-1.76943e+00 1.55878e+00 6.24624e+02
-1.83275e+00 1.62158e+00 6.28020e+02
-1.89686e+00 1.68562e+00 6.31270e+02
-1.96178e+00 1.75090e+00 6.34366e+02
-2.02752e+00 1.81743e+00 6.37302e+02
-2.09578e+00 1.88694e+00 6.38851e+02
-2.16642e+00 1.95933e+00 6.40979e+02
-2.23770e+00 2.03283e+00 6.42850e+02
-2.30965e+00 2.10744e+00 6.44479e+02
-2.38227e+00 2.18320e+00 6.45878e+02
-2.45558e+00 2.26009e+00 6.47060e+02
-2.52959e+00 2.33814e+00 6.48038e+02
-2.60431e+00 2.41735e+00 6.48823e+02
-2.67977e+00 2.49775e+00 6.49426e+02
-2.75597e+00 2.57934e+00 6.49857e+02
-2.83293e+00 2.66214e+00 6.50127e+02
-2.91066e+00 2.74616e+00 6.50247e+02
-2.98919e+00 2.83142e+00 6.50226e+02
-3.06853e+00 2.91793e+00 6.50075e+02
-3.14870e+00 3.00573e+00 6.49806e+02
-3.22970e+00 3.09481e+00 6.49429e+02
-3.31157e+00 3.18521e+00 6.48959e+02
-3.39432e+00 3.27694e+00 6.48409e+02
-3.47798e+00 3.37003e+00 6.47797e+02
-3.56255e+00 3.46449e+00 6.47144e+02
-3.64806e+00 3.56035e+00 6.46477e+02
-3.73454e+00 3.65764e+00 6.45832e+02
-3.82200e+00 3.75637e+00 6.45260e+02
-3.91046e+00 3.85658e+00 6.44837e+02
-3.99996e+00 3.95829e+00 6.44682e+02
-6.33864e-01 5.72447e-01 6.27914e+02
-6.81474e-01 6.13793e-01 6.12104e+02
-7.29816e-01 6.56227e-01 6.02135e+02
-7.78893e-01 6.99743e-01 5.96160e+02
-8.28707e-01 7.44339e-01 5.92973e+02
-8.79264e-01 7.90010e-01 5.91760e+02
-9.30568e-01 8.36756e-01 5.91958e+02
-9.82622e-01 8.84575e-01 5.93165e+02
-1.03543e+00 9.33466e-01 5.95092e+02
-1.08901e+00 9.83432e-01 5.97528e+02
-1.14335e+00 1.03447e+00 6.00316e+02
-1.19847e+00 1.08659e+00 6.03337e+02
-1.25437e+00 1.13979e+00 6.06504e+02
-1.31106e+00 1.19407e+00 6.09749e+02
-1.36855e+00 1.24945e+00 6.13022e+02
-1.42685e+00 1.30592e+00 6.16285e+02
-1.48597e+00 1.36349e+00 6.19507e+02
-1.54591e+00 1.42216e+00 6.22669e+02
-1.60669e+00 1.48196e+00 6.25753e+02
-1.66831e+00 1.54288e+00 6.28749e+02
-1.73080e+00 1.60493e+00 6.31647e+02
-1.79415e+00 1.66813e+00 6.34443e+02
-1.85839e+00 1.73248e+00 6.37133e+02
-1.92352e+00 1.79800e+00 6.39715e+02
-1.98956e+00 1.86470e+00 6.42190e+02
-2.05823e+00 1.93432e+00 6.43333e+02
-2.12939e+00 2.00675e+00 6.45023e+02
-2.20129e+00 2.08020e+00 6.46501e+02
-2.27394e+00 2.15470e+00 6.47776e+02
-2.34735e+00 2.23024e+00 6.48858e+02
-2.42154e+00 2.30685e+00 6.49756e+02
-2.49653e+00 2.38454e+00 6.50479e+02
-2.57232e+00 2.46332e+00 6.51034e+02
-2.64893e+00 2.54319e+00 6.51431e+02
-2.72637e+00 2.62418e+00 6.51676e+02
-2.80467e+00 2.70631e+00 6.51777e+02
-2.88383e+00 2.78958e+00 6.51742e+02
-2.96387e+00 2.87401e+00 6.51578e+02
-3.04481e+00 2.95962e+00 6.51292e+02
-3.12667e+00 3.04643e+00 6.50893e+02
-3.20946e+00 3.13446e+00 6.50388e+02
-3.29321e+00 3.22373e+00 6.49787e+02
-3.37793e+00 3.31425e+00 6.49100e+02
-3.46364e+00 3.40604e+00 6.48340e+02
-3.55036e+00 3.49914e+00 6.47523e+02
-3.63812e+00 3.59356e+00 6.46672e+02
-3.72694e+00 3.68933e+00 6.45820e+02
-3.81683e+00 3.78646e+00 6.45019e+02
-3.90783e+00 3.88500e+00 6.44367e+02
-3.99995e+00 3.98495e+00 6.44059e+02
-6.13726e-01 5.93287e-01 6.52073e+02
-6.59315e-01 6.36753e-01 6.34847e+02
-7.05755e-01 6.81195e-01 6.23782e+02
-7.53046e-01 7.26608e-01 6.16882e+02
-8.01190e-01 7.72991e-01 6.12860e+02
-8.50188e-01 8.20345e-01 6.10858e+02
-9.00041e-01 8.68668e-01 6.10288e+02
-9.50754e-01 9.17961e-01 6.10735e+02
-1.00233e+00 9.68228e-01 6.11902e+02
-1.05477e+00 1.01947e+00 6.13574e+02
-1.10809e+00 1.07169e+00 6.15593e+02
-1.16228e+00 1.12489e+00 6.17842e+02
-1.21735e+00 1.17908e+00 6.20234e+02
-1.27332e+00 1.23425e+00 6.22703e+02
-1.33018e+00 1.29043e+00 6.25202e+02
-1.38794e+00 1.34761e+00 6.27695e+02
-1.44662e+00 1.40580e+00 6.30155e+02
-1.50622e+00 1.46501e+00 6.32565e+02
-1.56675e+00 1.52525e+00 6.34912e+02
-1.62822e+00 1.58653e+00 6.37188e+02
-1.69064e+00 1.64885e+00 6.39388e+02
-1.75402e+00 1.71224e+00 6.41513e+02
-1.81838e+00 1.77669e+00 6.43563e+02
-1.88373e+00 1.84222e+00 6.45542e+02
-1.95007e+00 1.90884e+00 6.47457e+02
-2.01916e+00 1.97831e+00 6.48087e+02
-2.09084e+00 2.05049e+00 6.49233e+02
-2.16336e+00 2.12360e+00 6.50229e+02
-2.23673e+00 2.19767e+00 6.51077e+02
-2.31096e+00 2.27270e+00 6.51783e+02
-2.38607e+00 2.34870e+00 6.52351e+02
-2.46206e+00 2.42568e+00 6.52784e+02
-2.53895e+00 2.50367e+00 6.53088e+02
-2.61676e+00 2.58266e+00 6.53267e+02
-2.69550e+00 2.66269e+00 6.53324e+02
-2.77518e+00 2.74376e+00 6.53264e+02
-2.85582e+00 2.82588e+00 6.53091e+02
-2.93744e+00 2.90908e+00 6.52809e+02
-3.02005e+00 2.99337e+00 6.52423e+02
-3.10367e+00 3.07877e+00 6.51936e+02
-3.18833e+00 3.16530e+00 6.51352e+02
-3.27403e+00 3.25298e+00 6.50676e+02
-3.36081e+00 3.34182e+00 6.49912e+02
-3.44867e+00 3.43186e+00 6.49065e+02
-3.53764e+00 3.52310e+00 6.48140e+02
-3.62775e+00 3.61557e+00 6.47147e+02
-3.71900e+00 3.70931e+00 6.46097e+02
-3.81144e+00 3.80432e+00 6.45016e+02
-3.90508e+00 3.90064e+00 6.43969e+02
-3.99995e+00 3.99828e+00 6.43235e+02
-5.93297e-01 6.13716e-01 6.75196e+02
-6.36765e-01 6.59304e-01 6.57522e+02
-6.81207e-01 7.05743e-01 6.45848e+02
-7.26621e-01 7.53033e-01 6.38226e+02
-7.73005e-01 8.01176e-01 6.33403e+02
-8.20359e-01 8.50173e-01 6.30545e+02
-8.68683e-01 9.00026e-01 6.29079e+02
-9.17978e-01 9.50738e-01 6.28604e+02
-9.68244e-01 1.00231e+00 6.28834e+02
-1.01949e+00 1.05475e+00 6.29562e+02
-1.07171e+00 1.10807e+00 6.30636e+02
-1.12491e+00 1.16226e+00 6.31947e+02
-1.17909e+00 1.21733e+00 6.33411e+02
-1.23427e+00 1.27330e+00 6.34971e+02
-1.29045e+00 1.33016e+00 6.36581e+02
-1.34763e+00 1.38792e+00 6.38213e+02
-1.40582e+00 1.44660e+00 6.39843e+02
-1.46503e+00 1.50620e+00 6.41460e+02
-1.52527e+00 1.56673e+00 6.43055e+02
-1.58655e+00 1.62820e+00 6.44627e+02
-1.64888e+00 1.69062e+00 6.46177e+02
-1.71226e+00 1.75400e+00 6.47712e+02
-1.77671e+00 1.81836e+00 6.49240e+02
-1.84224e+00 1.88371e+00 6.50772e+02
-1.90886e+00 1.95005e+00 6.52325e+02
-1.97833e+00 2.01914e+00 6.52754e+02
-2.05051e+00 2.09082e+00 6.53364e+02
-2.12362e+00 2.16334e+00 6.53911e+02
-2.19769e+00 2.23671e+00 6.54392e+02
-2.27272e+00 2.31094e+00 6.54803e+02
-2.34872e+00 2.38605e+00 6.55140e+02
-2.42570e+00 2.46204e+00 6.55403e+02
-2.50369e+00 2.53893e+00 6.55589e+02
-2.58268e+00 2.61674e+00 6.55697e+02
-2.66271e+00 2.69548e+00 6.55726e+02
-2.74377e+00 2.77516e+00 6.55676e+02
-2.82590e+00 2.85580e+00 6.55544e+02
-2.90909e+00 2.93742e+00 6.55330e+02
-2.99339e+00 3.02004e+00 6.55032e+02
-3.07879e+00 3.10366e+00 6.54647e+02
-3.16531e+00 3.18832e+00 6.54169e+02
-3.25299e+00 3.27402e+00 6.53594e+02
-3.34183e+00 3.36080e+00 6.52909e+02
-3.43187e+00 3.44866e+00 6.52098e+02
-3.52311e+00 3.53763e+00 6.51130e+02
-3.61558e+00 3.62774e+00 6.49951e+02
-3.70931e+00 3.71900e+00 6.48455e+02
-3.80432e+00 3.81144e+00 6.46396e+02
-3.90064e+00 3.90508e+00 6.43074e+02
-3.99829e+00 3.99995e+00 6.35393e+02
-5.72457e-01 6.33854e-01 6.94342e+02
-6.13804e-01 6.81463e-01 6.77937e+02
-6.56239e-01 7.29803e-01 6.66817e+02
-6.99756e-01 7.78879e-01 6.59293e+02
-7.44353e-01 8.28693e-01 6.54265e+02
-7.90025e-01 8.79249e-01 6.50994e+02
-8.36772e-01 9.30551e-01 6.48972e+02
-8.84591e-01 9.82605e-01 6.47840e+02
-9.33484e-01 1.03542e+00 6.47341e+02
-9.83450e-01 1.08899e+00 6.47288e+02
-1.03449e+00 1.14333e+00 6.47548e+02
-1.08661e+00 1.19845e+00 6.48019e+02
-1.13981e+00 1.25435e+00 6.48630e+02
-1.19409e+00 1.31104e+00 6.49329e+02
-1.24947e+00 1.36853e+00 6.50076e+02
-1.30594e+00 1.42683e+00 6.50847e+02
-1.36351e+00 1.48594e+00 6.51624e+02
-1.42219e+00 1.54589e+00 6.52397e+02
-1.48198e+00 1.60667e+00 6.53162e+02
-1.54290e+00 1.66829e+00 6.53918e+02
-1.60496e+00 1.73078e+00 6.54671e+02
-1.66815e+00 1.79413e+00 6.55428e+02
-1.73251e+00 1.85837e+00 6.56200e+02
-1.79802e+00 1.92350e+00 6.57001e+02
-1.86472e+00 1.98954e+00 6.57848e+02
-1.93434e+00 2.05821e+00 6.58073e+02
-2.00677e+00 2.12937e+00 6.58275e+02
-2.08022e+00 2.20127e+00 6.58412e+02
-2.15472e+00 2.27392e+00 6.58478e+02
-2.23027e+00 2.34733e+00 6.58470e+02
-2.30688e+00 2.42153e+00 6.58385e+02
-2.38456e+00 2.49651e+00 6.58223e+02
-2.46334e+00 2.57230e+00 6.57980e+02
-2.54321e+00 2.64891e+00 6.57656e+02
-2.62421e+00 2.72636e+00 6.57251e+02
-2.70633e+00 2.80465e+00 6.56763e+02
-2.78960e+00 2.88381e+00 6.56192e+02
-2.87403e+00 2.96386e+00 6.55536e+02
-2.95964e+00 3.04480e+00 6.54793e+02
-3.04645e+00 3.12666e+00 6.53963e+02
-3.13448e+00 3.20945e+00 6.53041e+02
-3.22374e+00 3.29320e+00 6.52022e+02
-3.31426e+00 3.37792e+00 6.50901e+02
-3.40606e+00 3.46363e+00 6.49667e+02
-3.49915e+00 3.55036e+00 6.48304e+02
-3.59357e+00 3.63812e+00 6.46787e+02
-3.68934e+00 3.72694e+00 6.45078e+02
-3.78647e+00 3.81683e+00 6.43105e+02
-3.88501e+00 3.90783e+00 6.40739e+02
-3.98496e+00 3.99995e+00 6.37705e+02
-5.51205e-01 6.53700e-01 7.12955e+02
-5.90450e-01 7.03211e-01 6.98149e+02
-6.30884e-01 7.53342e-01 6.87822e+02
-6.72499e-01 8.04097e-01 6.80562e+02
-7.15289e-01 8.55484e-01 6.75442e+02
-7.59249e-01 9.07507e-01 6.71833e+02
-8.04377e-01 9.60172e-01 6.69298e+02
-8.50668e-01 1.01349e+00 6.67530e+02
-8.98121e-01 1.06746e+00 6.66308e+02
-9.46735e-01 1.12209e+00 6.65470e+02
-9.96511e-01 1.17740e+00 6.64902e+02
-1.04745e+00 1.23339e+00 6.64518e+02
-1.09955e+00 1.29007e+00 6.64257e+02
-1.15282e+00 1.34744e+00 6.64075e+02
-1.20726e+00 1.40552e+00 6.63941e+02
-1.26288e+00 1.46432e+00 6.63836e+02
-1.31967e+00 1.52384e+00 6.63746e+02
-1.37766e+00 1.58410e+00 6.63666e+02
-1.43683e+00 1.64510e+00 6.63595e+02
-1.49721e+00 1.70687e+00 6.63536e+02
-1.55880e+00 1.76941e+00 6.63496e+02
-1.62161e+00 1.83272e+00 6.63486e+02
-1.68564e+00 1.89684e+00 6.63520e+02
-1.75092e+00 1.96176e+00 6.63612e+02
-1.81745e+00 2.02750e+00 6.63783e+02
-1.88697e+00 2.09576e+00 6.63692e+02
-1.95935e+00 2.16640e+00 6.63486e+02
-2.03285e+00 2.23768e+00 6.63221e+02
-2.10747e+00 2.30963e+00 6.62893e+02
-2.18322e+00 2.38225e+00 6.62498e+02
-2.26011e+00 2.45556e+00 6.62034e+02
-2.33816e+00 2.52957e+00 6.61499e+02
-2.41738e+00 2.60429e+00 6.60893e+02
-2.49777e+00 2.67975e+00 6.60214e+02
-2.57936e+00 2.75595e+00 6.59463e+02
-2.66216e+00 2.83291e+00 6.58640e+02
-2.74618e+00 2.91065e+00 6.57746e+02
-2.83144e+00 2.98918e+00 6.56780e+02
-2.91796e+00 3.06852e+00 6.55744e+02
-3.00575e+00 3.14868e+00 6.54639e+02
-3.09483e+00 3.22969e+00 6.53466e+02
-3.18523e+00 3.31156e+00 6.52226e+02
-3.27696e+00 3.39432e+00 6.50920e+02
-3.37005e+00 3.47797e+00 6.49548e+02
-3.46451e+00 3.56254e+00 6.48112e+02
-3.56037e+00 3.64806e+00 6.46612e+02
-3.65766e+00 3.73453e+00 6.45048e+02
-3.75639e+00 3.82199e+00 6.43419e+02
-3.85660e+00 3.91046e+00 6.41725e+02
-3.95831e+00 3.99996e+00 6.39960e+02
-5.29564e-01 6.73232e-01 7.31304e+02
-5.66728e-01 7.24524e-01 7.18335e+02
-6.05168e-01 7.76332e-01 7.08976e+02
-6.44875e-01 8.28662e-01 7.02105e+02
-6.85841e-01 8.81521e-01 6.96975e+02
-7.28060e-01 9.34919e-01 6.93079e+02
-7.71527e-01 9.88861e-01 6.90059e+02
-8.16236e-01 1.04336e+00 6.87665e+02
-8.62185e-01 1.09842e+00 6.85717e+02
-9.09371e-01 1.15405e+00 6.84083e+02
-9.57793e-01 1.21026e+00 6.82671e+02
-1.00745e+00 1.26706e+00 6.81411e+02
-1.05835e+00 1.32446e+00 6.80257e+02
-1.11048e+00 1.38247e+00 6.79174e+02
-1.16385e+00 1.44110e+00 6.78140e+02
-1.21847e+00 1.50036e+00 6.77142e+02
-1.27434e+00 1.56026e+00 6.76171e+02
-1.33146e+00 1.62081e+00 6.75229e+02
-1.38985e+00 1.68203e+00 6.74316e+02
-1.44950e+00 1.74391e+00 6.73440e+02
-1.51042e+00 1.80649e+00 6.72611e+02
-1.57263e+00 1.86977e+00 6.71842e+02
-1.63613e+00 1.93375e+00 6.71149e+02
-1.70094e+00 1.99847e+00 6.70550e+02
-1.76706e+00 2.06392e+00 6.70066e+02
-1.83621e+00 2.13178e+00 6.69602e+02
-1.90827e+00 2.20190e+00 6.68981e+02
-1.98151e+00 2.27258e+00 6.68318e+02
-2.05595e+00 2.34384e+00 6.67608e+02
-2.13159e+00 2.41569e+00 6.66847e+02
-2.20844e+00 2.48814e+00 6.66032e+02
-2.28651e+00 2.56121e+00 6.65161e+02
-2.36581e+00 2.63491e+00 6.64235e+02
-2.44637e+00 2.70925e+00 6.63252e+02
-2.52818e+00 2.78426e+00 6.62212e+02
-2.61127e+00 2.85994e+00 6.61118e+02
-2.69564e+00 2.93631e+00 6.59969e+02
-2.78133e+00 3.01339e+00 6.58768e+02
-2.86833e+00 3.09119e+00 6.57519e+02
-2.95668e+00 3.16974e+00 6.56222e+02
-3.04638e+00 3.24904e+00 6.54883e+02
-3.13746e+00 3.32911e+00 6.53506e+02
-3.22994e+00 3.40999e+00 6.52096e+02
-3.32384e+00 3.49167e+00 6.50660e+02
-3.41918e+00 3.57418e+00 6.49206e+02
-3.51598e+00 3.65755e+00 6.47744e+02
-3.61427e+00 3.74179e+00 6.46287e+02
-3.71408e+00 3.82692e+00 6.44852e+02
-3.81542e+00 3.91297e+00 6.43462e+02
-3.91833e+00 3.99996e+00 6.42150e+02
-5.07560e-01 6.92425e-01 7.49643e+02
-5.42664e-01 7.45379e-01 7.38663e+02
-5.79118e-01 7.98750e-01 7.30389e+02
-6.16913e-01 8.52548e-01 7.23989e+02
-6.56039e-01 9.06781e-01 7.18903e+02
-6.96487e-01 9.61460e-01 7.14748e+02
-7.38251e-01 1.01659e+00 7.11254e+02
-7.81325e-01 1.07219e+00 7.08232e+02
-8.25704e-01 1.12827e+00 7.05546e+02
-8.71386e-01 1.18483e+00 7.03099e+02
-9.18366e-01 1.24188e+00 7.00821e+02
-9.66645e-01 1.29944e+00 6.98664e+02
-1.01622e+00 1.35751e+00 6.96593e+02
-1.06710e+00 1.41612e+00 6.94588e+02
-1.11927e+00 1.47525e+00 6.92634e+02
-1.17275e+00 1.53494e+00 6.90726e+02
-1.22754e+00 1.59519e+00 6.88862e+02
-1.28363e+00 1.65601e+00 6.87046e+02
-1.34104e+00 1.71741e+00 6.85286e+02
-1.39978e+00 1.77941e+00 6.83591e+02
-1.45984e+00 1.84202e+00 6.81975e+02
-1.52124e+00 1.90525e+00 6.80453e+02
-1.58399e+00 1.96911e+00 6.79044e+02
-1.64810e+00 2.03361e+00 6.77766e+02
-1.71357e+00 2.09878e+00 6.76642e+02
-1.78209e+00 2.16625e+00 6.75794e+02
-1.85354e+00 2.23586e+00 6.74749e+02
-1.92623e+00 2.30596e+00 6.73687e+02
-2.00017e+00 2.37655e+00 6.72602e+02
-2.07538e+00 2.44765e+00 6.71488e+02
-2.15185e+00 2.51927e+00 6.70342e+02
-2.22960e+00 2.59143e+00 6.69161e+02
-2.30865e+00 2.66415e+00 6.67944e+02
-2.38900e+00 2.73742e+00 6.66690e+02
-2.47066e+00 2.81128e+00 6.65399e+02
-2.55366e+00 2.88573e+00 6.64073e+02
-2.63800e+00 2.96080e+00 6.62711e+02
-2.72370e+00 3.03649e+00 6.61318e+02
-2.81077e+00 3.11282e+00 6.59895e+02
-2.89924e+00 3.18982e+00 6.58447e+02
-2.98912e+00 3.26749e+00 6.56978e+02
-3.08043e+00 3.34585e+00 6.55493e+02
-3.17320e+00 3.42493e+00 6.54000e+02
-3.26743e+00 3.50473e+00 6.52506e+02
-3.36316e+00 3.58529e+00 6.51021e+02
-3.46040e+00 3.66661e+00 6.49557e+02
-3.55918e+00 3.74871e+00 6.48129e+02
-3.65953e+00 3.83163e+00 6.46755e+02
-3.76147e+00 3.91537e+00 6.45458e+02
-3.86503e+00 3.99996e+00 6.44268e+02
-4.85218e-01 7.11259e-01 7.68208e+02
-5.18285e-01 7.65752e-01 7.59291e+02
-5.52764e-01 8.20573e-01 7.52164e+02
-5.88644e-01 8.75732e-01 7.46276e+02
-6.25913e-01 9.31241e-01 7.41257e+02
-6.64561e-01 9.87110e-01 7.36850e+02
-7.04581e-01 1.04335e+00 7.32877e+02
-7.45966e-01 1.09997e+00 7.29213e+02
-7.88711e-01 1.15699e+00 7.25770e+02
-8.32809e-01 1.21441e+00 7.22485e+02
-8.78259e-01 1.27224e+00 7.19316e+02
-9.25058e-01 1.33051e+00 7.16235e+02
-9.73205e-01 1.38921e+00 7.13224e+02
-1.02270e+00 1.44835e+00 7.10273e+02
-1.07354e+00 1.50796e+00 7.07380e+02
-1.12574e+00 1.56805e+00 7.04545e+02
-1.17928e+00 1.62862e+00 7.01775e+02
-1.23418e+00 1.68968e+00 6.99077e+02
-1.29045e+00 1.75125e+00 6.96464e+02
-1.34808e+00 1.81335e+00 6.93949e+02
-1.40708e+00 1.87598e+00 6.91548e+02
-1.46747e+00 1.93915e+00 6.89278e+02
-1.52924e+00 2.00289e+00 6.87159e+02
-1.59241e+00 2.06719e+00 6.85214e+02
-1.65700e+00 2.13209e+00 6.83464e+02
-1.72461e+00 2.19917e+00 6.82264e+02
-1.79516e+00 2.26828e+00 6.80784e+02
-1.86700e+00 2.33780e+00 6.79319e+02
-1.94015e+00 2.40774e+00 6.77862e+02
-2.01460e+00 2.47812e+00 6.76404e+02
-2.09037e+00 2.54895e+00 6.74940e+02
-2.16746e+00 2.62023e+00 6.73466e+02
-2.24589e+00 2.69200e+00 6.71979e+02
-2.32568e+00 2.76425e+00 6.70477e+02
-2.40682e+00 2.83701e+00 6.68959e+02
-2.48934e+00 2.91029e+00 6.67425e+02
-2.57324e+00 2.98411e+00 6.65875e+02
-2.65855e+00 3.05848e+00 6.64312e+02
-2.74528e+00 3.13341e+00 6.62737e+02
-2.83344e+00 3.20893e+00 6.61153e+02
-2.92306e+00 3.28504e+00 6.59565e+02
-3.01415e+00 3.36178e+00 6.57977e+02
-3.10673e+00 3.43914e+00 6.56395e+02
-3.20082e+00 3.51716e+00 6.54827e+02
-3.29645e+00 3.59585e+00 6.53280e+02
-3.39363e+00 3.67522e+00 6.51765e+02
-3.49239e+00 3.75530e+00 6.50294e+02
-3.59275e+00 3.83610e+00 6.48882e+02
-3.69474e+00 3.91765e+00 6.47546e+02
-3.79839e+00 3.99996e+00 6.46308e+02
-4.62564e-01 7.29715e-01 7.87215e+02
-4.93620e-01 7.85625e-01 7.80365e+02
-5.26135e-01 8.41782e-01 7.74394e+02
-5.60096e-01 8.98196e-01 7.69022e+02
-5.95492e-01 9.54881e-01 7.64064e+02
-6.32312e-01 1.01185e+00 7.59391e+02
-6.70548e-01 1.06911e+00 7.54918e+02
-7.10191e-01 1.12668e+00 7.50585e+02
-7.51234e-01 1.18456e+00 7.46355e+02
-7.93674e-01 1.24278e+00 7.42202e+02
-8.37504e-01 1.30133e+00 7.38112e+02
-8.82723e-01 1.36024e+00 7.34079e+02
-9.29328e-01 1.41952e+00 7.30101e+02
-9.77318e-01 1.47917e+00 7.26183e+02
-1.02669e+00 1.53922e+00 7.22330e+02
-1.07746e+00 1.59966e+00 7.18554e+02
-1.12961e+00 1.66052e+00 7.14865e+02
-1.18315e+00 1.72181e+00 7.11278e+02
-1.23808e+00 1.78354e+00 7.07808e+02
-1.29442e+00 1.84572e+00 7.04472e+02
-1.35216e+00 1.90836e+00 7.01288e+02
-1.41132e+00 1.97148e+00 6.98276e+02
-1.47190e+00 2.03509e+00 6.95456e+02
-1.53390e+00 2.09920e+00 6.92852e+02
-1.59735e+00 2.16383e+00 6.90487e+02
-1.66380e+00 2.23053e+00 6.89005e+02
-1.73316e+00 2.29915e+00 6.87079e+02
-1.80385e+00 2.36811e+00 6.85208e+02
-1.87589e+00 2.43743e+00 6.83380e+02
-1.94927e+00 2.50710e+00 6.81584e+02
-2.02400e+00 2.57716e+00 6.79812e+02
-2.10009e+00 2.64761e+00 6.78057e+02
-2.17756e+00 2.71846e+00 6.76314e+02
-2.25641e+00 2.78974e+00 6.74579e+02
-2.33666e+00 2.86145e+00 6.72849e+02
-2.41831e+00 2.93361e+00 6.71122e+02
-2.50139e+00 3.00624e+00 6.69398e+02
-2.58590e+00 3.07935e+00 6.67675e+02
-2.67186e+00 3.15295e+00 6.65955e+02
-2.75929e+00 3.22706e+00 6.64240e+02
-2.84820e+00 3.30170e+00 6.62531e+02
-2.93861e+00 3.37689e+00 6.60831e+02
-3.03054e+00 3.45263e+00 6.59145e+02
-3.12402e+00 3.52895e+00 6.57476e+02
-3.21905e+00 3.60587e+00 6.55832e+02
-3.31567e+00 3.68339e+00 6.54219e+02
-3.41389e+00 3.76154e+00 6.52645e+02
-3.51374e+00 3.84034e+00 6.51120e+02
-3.61525e+00 3.91981e+00 6.49655e+02
-3.71843e+00 3.99996e+00 6.48265e+02
-4.39627e-01 7.47773e-01 8.06862e+02
-4.68697e-01 8.04979e-01 8.02019e+02
-4.99259e-01 8.62358e-01 7.97165e+02
-5.31300e-01 9.19921e-01 7.92277e+02
-5.64809e-01 9.77683e-01 7.87346e+02
-5.99773e-01 1.03566e+00 7.82372e+02
-6.36183e-01 1.09385e+00 7.77360e+02
-6.74030e-01 1.15229e+00 7.72320e+02
-7.13309e-01 1.21097e+00 7.67265e+02
-7.54011e-01 1.26991e+00 7.62206e+02
-7.96133e-01 1.32913e+00 7.57161e+02
-8.39671e-01 1.38864e+00 7.52144e+02
-8.84621e-01 1.44844e+00 7.47172e+02
-9.30983e-01 1.50856e+00 7.42263e+02
-9.78756e-01 1.56900e+00 7.37433e+02
-1.02794e+00 1.62978e+00 7.32700e+02
-1.07854e+00 1.69091e+00 7.28083e+02
-1.13055e+00 1.75239e+00 7.23601e+02
-1.18398e+00 1.81426e+00 7.19272e+02
-1.23883e+00 1.87650e+00 7.15116e+02
-1.29511e+00 1.93915e+00 7.11154e+02
-1.35283e+00 2.00221e+00 7.07406e+02
-1.41199e+00 2.06570e+00 7.03895e+02
-1.47259e+00 2.12962e+00 7.00642e+02
-1.53465e+00 2.19400e+00 6.97671e+02
-1.59967e+00 2.26033e+00 6.96012e+02
-1.66756e+00 2.32847e+00 6.93632e+02
-1.73680e+00 2.39689e+00 6.91351e+02
-1.80741e+00 2.46559e+00 6.89153e+02
-1.87940e+00 2.53459e+00 6.87023e+02
-1.95276e+00 2.60391e+00 6.84950e+02
-2.02751e+00 2.67355e+00 6.82923e+02
-2.10366e+00 2.74354e+00 6.80934e+02
-2.18122e+00 2.81388e+00 6.78976e+02
-2.26019e+00 2.88460e+00 6.77044e+02
-2.34060e+00 2.95569e+00 6.75132e+02
-2.42245e+00 3.02719e+00 6.73239e+02
-2.50575e+00 3.09910e+00 6.71360e+02
-2.59052e+00 3.17144e+00 6.69496e+02
-2.67678e+00 3.24423e+00 6.67644e+02
-2.76454e+00 3.31747e+00 6.65804e+02
-2.85382e+00 3.39119e+00 6.63978e+02
-2.94464e+00 3.46539e+00 6.62166e+02
-3.03702e+00 3.54011e+00 6.60369e+02
-3.13097e+00 3.61534e+00 6.58592e+02
-3.22652e+00 3.69112e+00 6.56837e+02
-3.32369e+00 3.76745e+00 6.55108e+02
-3.42250e+00 3.84436e+00 6.53410e+02
-3.52297e+00 3.92185e+00 6.51749e+02
-3.62514e+00 3.99996e+00 6.50133e+02
-4.16435e-01 7.65418e-01 8.27325e+02
-4.43545e-01 8.23798e-01 8.24375e+02
-4.72167e-01 8.82285e-01 8.20556e+02
-5.02287e-01 9.40892e-01 8.16083e+02
-5.33894e-01 9.99632e-01 8.11119e+02
-5.66974e-01 1.05852e+00 8.05786e+02
-6.01519e-01 1.11757e+00 8.00182e+02
-6.37518e-01 1.17679e+00 7.94383e+02
-6.74966e-01 1.23620e+00 7.88454e+02
-7.13854e-01 1.29581e+00 7.82447e+02
-7.54178e-01 1.35563e+00 7.76407e+02
-7.95934e-01 1.41568e+00 7.70372e+02
-8.39118e-01 1.47597e+00 7.64378e+02
-8.83728e-01 1.53650e+00 7.58454e+02
-9.29763e-01 1.59731e+00 7.52629e+02
-9.77223e-01 1.65838e+00 7.46928e+02
-1.02611e+00 1.71975e+00 7.41375e+02
-1.07642e+00 1.78142e+00 7.35994e+02
-1.12817e+00 1.84340e+00 7.30807e+02
-1.18134e+00 1.90571e+00 7.25836e+02
-1.23596e+00 1.96835e+00 7.21103e+02
-1.29202e+00 2.03135e+00 7.16628e+02
-1.34953e+00 2.09472e+00 7.12435e+02
-1.40850e+00 2.15846e+00 7.08544e+02
-1.46893e+00 2.22259e+00 7.04979e+02
-1.53225e+00 2.28856e+00 7.03278e+02
-1.59837e+00 2.35623e+00 7.00438e+02
-1.66586e+00 2.42412e+00 6.97746e+02
-1.73474e+00 2.49223e+00 6.95180e+02
-1.80501e+00 2.56058e+00 6.92721e+02
-1.87667e+00 2.62919e+00 6.90353e+02
-1.94974e+00 2.69807e+00 6.88061e+02
-2.02421e+00 2.76723e+00 6.85833e+02
-2.10011e+00 2.83668e+00 6.83659e+02
-2.17743e+00 2.90645e+00 6.81530e+02
-2.25620e+00 2.97654e+00 6.79437e+02
-2.33642e+00 3.04696e+00 6.77376e+02
-2.41811e+00 3.11774e+00 6.75340e+02
-2.50127e+00 3.18889e+00 6.73325e+02
-2.58593e+00 3.26041e+00 6.71326e+02
-2.67210e+00 3.33234e+00 6.69342e+02
-2.75979e+00 3.40467e+00 6.67370e+02
-2.84903e+00 3.47743e+00 6.65408e+02
-2.93983e+00 3.55063e+00 6.63454e+02
-3.03220e+00 3.62428e+00 6.61508e+02
-3.12618e+00 3.69841e+00 6.59570e+02
-3.22178e+00 3.77302e+00 6.57640e+02
-3.31902e+00 3.84814e+00 6.55718e+02
-3.41793e+00 3.92378e+00 6.53806e+02
-3.51853e+00 3.99996e+00 6.51905e+02
-3.93016e-01 7.82633e-01 8.48763e+02
-4.18193e-01 8.42068e-01 8.47540e+02
-4.44889e-01 9.01550e-01 8.44633e+02
-4.73088e-01 9.61095e-01 8.40477e+02
-5.02779e-01 1.02072e+00 8.35392e+02
-5.33949e-01 1.08043e+00 8.29622e+02
-5.66588e-01 1.14025e+00 8.23354e+02
-6.00688e-01 1.20018e+00 8.16733e+02
-6.36240e-01 1.26025e+00 8.09873e+02
-6.73237e-01 1.32046e+00 8.02866e+02
-7.11675e-01 1.38082e+00 7.95787e+02
-7.51547e-01 1.44136e+00 7.88699e+02
-7.92852e-01 1.50208e+00 7.81652e+02
-8.35585e-01 1.56300e+00 7.74691e+02
-8.79746e-01 1.62412e+00 7.67854e+02
-9.25335e-01 1.68547e+00 7.61175e+02
-9.72350e-01 1.74705e+00 7.54682e+02
-1.02079e+00 1.80888e+00 7.48403e+02
-1.07067e+00 1.87096e+00 7.42362e+02
-1.12198e+00 1.93332e+00 7.36584e+02
-1.17473e+00 1.99596e+00 7.31089e+02
-1.22892e+00 2.05889e+00 7.25900e+02
-1.28456e+00 2.12214e+00 7.21038e+02
-1.34165e+00 2.18570e+00 7.16522e+02
-1.40021e+00 2.24960e+00 7.12373e+02
-1.46155e+00 2.31523e+00 7.10797e+02
-1.52562e+00 2.38243e+00 7.07494e+02
-1.59107e+00 2.44980e+00 7.04392e+02
-1.65790e+00 2.51735e+00 7.01463e+02
-1.72613e+00 2.58508e+00 6.98681e+02
-1.79575e+00 2.65301e+00 6.96024e+02
-1.86679e+00 2.72115e+00 6.93474e+02
-1.93923e+00 2.78953e+00 6.91013e+02
-2.01310e+00 2.85814e+00 6.88627e+02
-2.08840e+00 2.92701e+00 6.86303e+02
-2.16514e+00 2.99614e+00 6.84030e+02
-2.24333e+00 3.06556e+00 6.81798e+02
-2.32298e+00 3.13527e+00 6.79599e+02
-2.40412e+00 3.20529e+00 6.77423e+02
-2.48674e+00 3.27563e+00 6.75266e+02
-2.57087e+00 3.34631e+00 6.73120e+02
-2.65652e+00 3.41734e+00 6.70980e+02
-2.74371e+00 3.48873e+00 6.68841e+02
-2.83245e+00 3.56051e+00 6.66698e+02
-2.92276e+00 3.63268e+00 6.64549e+02
-3.01466e+00 3.70525e+00 6.62389e+02
-3.10817e+00 3.77826e+00 6.60214e+02
-3.20332e+00 3.85170e+00 6.58023e+02
-3.30011e+00 3.92559e+00 6.55811e+02
-3.39859e+00 3.99996e+00 6.53578e+02
-3.69399e-01 7.99407e-01 8.71316e+02
-3.92672e-01 8.59775e-01 8.71613e+02
-4.17455e-01 9.20141e-01 8.69458e+02
-4.43734e-01 9.80520e-01 8.65485e+02
-4.71496e-01 1.04093e+00 8.60167e+02
-5.00730e-01 1.10137e+00 8.53861e+02
-5.31425e-01 1.16187e+00 8.46841e+02
-5.63572e-01 1.22244e+00 8.39320e+02
-5.97165e-01 1.28310e+00 8.31461e+02
-6.32194e-01 1.34384e+00 8.23397e+02
-6.68656e-01 1.40470e+00 8.15232e+02
-7.06545e-01 1.46567e+00 8.07050e+02
-7.45857e-01 1.52678e+00 7.98921e+02
-7.86590e-01 1.58804e+00 7.90902e+02
-8.28742e-01 1.64945e+00 7.83039e+02
-8.72311e-01 1.71104e+00 7.75373e+02
-9.17298e-01 1.77281e+00 7.67939e+02
-9.63703e-01 1.83477e+00 7.60766e+02
-1.01153e+00 1.89695e+00 7.53881e+02
-1.06078e+00 1.95934e+00 7.47307e+02
-1.11145e+00 2.02196e+00 7.41066e+02
-1.16356e+00 2.08483e+00 7.35179e+02
-1.21710e+00 2.14796e+00 7.29663e+02
-1.27208e+00 2.21136e+00 7.24538e+02
-1.32852e+00 2.27503e+00 7.19821e+02
-1.38762e+00 2.34032e+00 7.18559e+02
-1.44933e+00 2.40708e+00 7.14797e+02
-1.51243e+00 2.47395e+00 7.11291e+02
-1.57691e+00 2.54094e+00 7.08005e+02
-1.64277e+00 2.60807e+00 7.04907e+02
-1.71002e+00 2.67536e+00 7.01969e+02
-1.77868e+00 2.74281e+00 6.99167e+02
-1.84873e+00 2.81043e+00 6.96478e+02
-1.92020e+00 2.87825e+00 6.93884e+02
-1.99310e+00 2.94627e+00 6.91367e+02
-2.06742e+00 3.01451e+00 6.88911e+02
-2.14318e+00 3.08297e+00 6.86503e+02
-2.22039e+00 3.15168e+00 6.84132e+02
-2.29907e+00 3.22064e+00 6.81784e+02
-2.37923e+00 3.28987e+00 6.79451e+02
-2.46087e+00 3.35939e+00 6.77123e+02
-2.54402e+00 3.42920e+00 6.74791e+02
-2.62868e+00 3.49931e+00 6.72447e+02
-2.71488e+00 3.56975e+00 6.70085e+02
-2.80263e+00 3.64053e+00 6.67696e+02
-2.89195e+00 3.71166e+00 6.65276e+02
-2.98286e+00 3.78315e+00 6.62816e+02
-3.07538e+00 3.85502e+00 6.60312e+02
-3.16952e+00 3.92729e+00 6.57757e+02
-3.26532e+00 3.99996e+00 6.55145e+02
-3.45612e-01 8.15727e-01 8.95107e+02
-3.67010e-01 8.76910e-01 8.96678e+02
-3.89896e-01 9.38050e-01 8.95079e+02
-4.14255e-01 9.99160e-01 8.91127e+02
-4.40076e-01 1.06025e+00 8.85438e+02
-4.67348e-01 1.12135e+00 8.78476e+02
-4.96061e-01 1.18245e+00 8.70600e+02
-5.26205e-01 1.24358e+00 8.62087e+02
-5.57774e-01 1.30475e+00 8.53153e+02
-5.90761e-01 1.36597e+00 8.43966e+02
-6.25159e-01 1.42725e+00 8.34662e+02
-6.60963e-01 1.48862e+00 8.25346e+02
-6.98171e-01 1.55007e+00 8.16104e+02
-7.36779e-01 1.61162e+00 8.07005e+02
-7.76785e-01 1.67329e+00 7.98105e+02
-8.18187e-01 1.73508e+00 7.89450e+02
-8.60986e-01 1.79702e+00 7.81078e+02
-9.05182e-01 1.85910e+00 7.73020e+02
-9.50776e-01 1.92134e+00 7.65304e+02
-9.97770e-01 1.98376e+00 7.57952e+02
-1.04617e+00 2.04637e+00 7.50984e+02
-1.09597e+00 2.10917e+00 7.44419e+02
-1.14719e+00 2.17218e+00 7.38272e+02
-1.19982e+00 2.23542e+00 7.32558e+02
-1.25388e+00 2.29888e+00 7.27290e+02
-1.31047e+00 2.36384e+00 7.26553e+02
-1.36954e+00 2.43016e+00 7.22341e+02
-1.42998e+00 2.49654e+00 7.18442e+02
-1.49179e+00 2.56301e+00 7.14810e+02
-1.55496e+00 2.62957e+00 7.11407e+02
-1.61951e+00 2.69624e+00 7.08198e+02
-1.68543e+00 2.76303e+00 7.05151e+02
-1.75274e+00 2.82995e+00 7.02240e+02
-1.82145e+00 2.89702e+00 6.99440e+02
-1.89155e+00 2.96424e+00 6.96728e+02
-1.96306e+00 3.03163e+00 6.94087e+02
-2.03599e+00 3.09921e+00 6.91496e+02
-2.11035e+00 3.16697e+00 6.88941e+02
-2.18615e+00 3.23495e+00 6.86407e+02
-2.26339e+00 3.30314e+00 6.83880e+02
-2.34210e+00 3.37157e+00 6.81347e+02
-2.42228e+00 3.44024e+00 6.78797e+02
-2.50396e+00 3.50917e+00 6.76220e+02
-2.58714e+00 3.57836e+00 6.73604e+02
-2.67183e+00 3.64784e+00 6.70941e+02
-2.75807e+00 3.71762e+00 6.68222e+02
-2.84586e+00 3.78771e+00 6.65436e+02
-2.93521e+00 3.85812e+00 6.62577e+02
-3.02616e+00 3.92887e+00 6.59635e+02
-3.11872e+00 3.99997e+00 6.56603e+02
-3.21339e-01 8.31808e-01 9.39477e+02
-3.40892e-01 8.93686e-01 9.31234e+02
-3.61896e-01 9.55486e-01 9.22662e+02
-3.84339e-01 1.01722e+00 9.13868e+02
-4.08210e-01 1.07890e+00 9.04931e+02
-4.33497e-01 1.14055e+00 8.95911e+02
-4.60191e-01 1.20217e+00 8.86851e+02
-4.88285e-01 1.26378e+00 8.77784e+02
-5.17770e-01 1.32539e+00 8.68735e+02
-5.48640e-01 1.38701e+00 8.59724e+02
-5.80889e-01 1.44866e+00 8.50763e+02
-6.14513e-01 1.51035e+00 8.41864e+02
-6.49508e-01 1.57210e+00 8.33035e+02
-6.85871e-01 1.63390e+00 8.24282e+02
-7.23599e-01 1.69578e+00 8.15612e+02
-7.62691e-01 1.75775e+00 8.07027e+02
-8.03147e-01 1.81981e+00 7.98532e+02
-8.44967e-01 1.88198e+00 7.90129e+02
-8.88151e-01 1.94428e+00 7.81821e+02
-9.32702e-01 2.00671e+00 7.73611e+02
-9.78622e-01 2.06928e+00 7.65502e+02
-1.02591e+00 2.13200e+00 7.57495e+02
-1.07458e+00 2.19490e+00 7.49593e+02
-1.12463e+00 2.25797e+00 7.41799e+02
-1.17607e+00 2.32122e+00 7.34115e+02
-1.22989e+00 2.38586e+00 7.32404e+02
-1.28605e+00 2.45174e+00 7.27671e+02
-1.34354e+00 2.51765e+00 7.23441e+02
-1.40237e+00 2.58360e+00 7.19636e+02
-1.46255e+00 2.64962e+00 7.16186e+02
-1.52406e+00 2.71570e+00 7.13029e+02
-1.58693e+00 2.78186e+00 7.10109e+02
-1.65115e+00 2.84811e+00 7.07375e+02
-1.71672e+00 2.91447e+00 7.04782e+02
-1.78367e+00 2.98094e+00 7.02288e+02
-1.85199e+00 3.04754e+00 6.99857e+02
-1.92170e+00 3.11428e+00 6.97453e+02
-1.99279e+00 3.18117e+00 6.95044e+02
-2.06529e+00 3.24822e+00 6.92601e+02
-2.13920e+00 3.31545e+00 6.90098e+02
-2.21453e+00 3.38286e+00 6.87508e+02
-2.29130e+00 3.45048e+00 6.84807e+02
-2.36952e+00 3.51830e+00 6.81973e+02
-2.44920e+00 3.58634e+00 6.78984e+02
-2.53035e+00 3.65462e+00 6.75820e+02
-2.61299e+00 3.72315e+00 6.72459e+02
-2.69714e+00 3.79193e+00 6.68884e+02
-2.78282e+00 3.86099e+00 6.65075e+02
-2.87003e+00 3.93033e+00 6.61014e+02
-2.95880e+00 3.99997e+00 6.56682e+02
-2.95770e-01 8.48148e-01 9.63227e+02
-3.13509e-01 9.10593e-01 9.60491e+02
-3.32651e-01 9.72929e-01 9.54869e+02
-3.53184e-01 1.03517e+00 9.47130e+02
-3.75098e-01 1.09733e+00 9.37865e+02
-3.98382e-01 1.15942e+00 9.27531e+02
-4.23027e-01 1.22146e+00 9.16483e+02
-4.49027e-01 1.28345e+00 9.04994e+02
-4.76373e-01 1.34542e+00 8.93277e+02
-5.05060e-01 1.40736e+00 8.81496e+02
-5.35083e-01 1.46930e+00 8.69778e+02
-5.66436e-01 1.53125e+00 8.58221e+02
-5.99117e-01 1.59321e+00 8.46902e+02
-6.33122e-01 1.65521e+00 8.35876e+02
-6.68448e-01 1.71724e+00 8.25187e+02
-7.05095e-01 1.77932e+00 8.14868e+02
-7.43062e-01 1.84147e+00 8.04944e+02
-7.82348e-01 1.90369e+00 7.95430e+02
-8.22954e-01 1.96599e+00 7.86340e+02
-8.64882e-01 2.02840e+00 7.77681e+02
-9.08133e-01 2.09090e+00 7.69459e+02
-9.52710e-01 2.15353e+00 7.61676e+02
-9.98617e-01 2.21628e+00 7.54332e+02
-1.04586e+00 2.27917e+00 7.47428e+02
-1.09444e+00 2.34221e+00 7.40963e+02
-1.14525e+00 2.40650e+00 7.39930e+02
-1.19827e+00 2.47194e+00 7.35079e+02
-1.25258e+00 2.53738e+00 7.30733e+02
-1.30819e+00 2.60283e+00 7.26816e+02
-1.36509e+00 2.66830e+00 7.23264e+02
-1.42329e+00 2.73381e+00 7.20015e+02
-1.48280e+00 2.79937e+00 7.17017e+02
-1.54362e+00 2.86498e+00 7.14222e+02
-1.60575e+00 2.93066e+00 7.11588e+02
-1.66920e+00 2.99642e+00 7.09075e+02
-1.73398e+00 3.06228e+00 7.06649e+02
-1.80010e+00 3.12823e+00 7.04277e+02
-1.86756e+00 3.19430e+00 7.01932e+02
-1.93636e+00 3.26049e+00 6.99584e+02
-2.00653e+00 3.32682e+00 6.97211e+02
-2.07807e+00 3.39329e+00 6.94789e+02
-2.15099e+00 3.45992e+00 6.92298e+02
-2.22530e+00 3.52672e+00 6.89716e+02
-2.30102e+00 3.59369e+00 6.87027e+02
-2.37815e+00 3.66086e+00 6.84213e+02
-2.45671e+00 3.72823e+00 6.81256e+02
-2.53672e+00 3.79582e+00 6.78142e+02
-2.61818e+00 3.86363e+00 6.74856e+02
-2.70112e+00 3.93167e+00 6.71383e+02
-2.78555e+00 3.99997e+00 6.67708e+02
-2.69879e-01 8.64096e-01 9.96873e+02
-2.85838e-01 9.26986e-01 9.95046e+02
-3.03138e-01 9.89745e-01 9.89131e+02
-3.21766e-01 1.05239e+00 9.80223e+02
-3.41714e-01 1.11493e+00 9.69177e+02
-3.62973e-01 1.17738e+00 9.56658e+02
-3.85534e-01 1.23974e+00 9.43185e+02
-4.09392e-01 1.30204e+00 9.29160e+02
-4.34538e-01 1.36429e+00 9.14893e+02
-4.60969e-01 1.42649e+00 9.00623e+02
-4.88678e-01 1.48866e+00 8.86535e+02
-5.17661e-01 1.55081e+00 8.72767e+02
-5.47915e-01 1.61294e+00 8.59425e+02
-5.79438e-01 1.67508e+00 8.46586e+02
-6.12226e-01 1.73723e+00 8.34306e+02
-6.46279e-01 1.79940e+00 8.22626e+02
-6.81595e-01 1.86160e+00 8.11571e+02
-7.18175e-01 1.92384e+00 8.01159e+02
-7.56018e-01 1.98614e+00 7.91398e+02
-7.95126e-01 2.04850e+00 7.82291e+02
-8.35500e-01 2.11094e+00 7.73836e+02
-8.77143e-01 2.17346e+00 7.66028e+02
-9.20058e-01 2.23607e+00 7.58858e+02
-9.64247e-01 2.29878e+00 7.52317e+02
-1.00971e+00 2.36161e+00 7.46395e+02
-1.05726e+00 2.42558e+00 7.46708e+02
-1.10686e+00 2.49059e+00 7.41780e+02
-1.15769e+00 2.55556e+00 7.37354e+02
-1.20977e+00 2.62053e+00 7.33357e+02
-1.26309e+00 2.68549e+00 7.29726e+02
-1.31765e+00 2.75046e+00 7.26407e+02
-1.37347e+00 2.81544e+00 7.23348e+02
-1.43053e+00 2.88046e+00 7.20505e+02
-1.48886e+00 2.94551e+00 7.17837e+02
-1.54844e+00 3.01061e+00 7.15309e+02
-1.60930e+00 3.07577e+00 7.12888e+02
-1.67143e+00 3.14100e+00 7.10544e+02
-1.73484e+00 3.20631e+00 7.08250e+02
-1.79954e+00 3.27171e+00 7.05982e+02
-1.86553e+00 3.33721e+00 7.03717e+02
-1.93283e+00 3.40282e+00 7.01435e+02
-2.00144e+00 3.46855e+00 6.99117e+02
-2.07138e+00 3.53441e+00 6.96746e+02
-2.14265e+00 3.60041e+00 6.94305e+02
-2.21527e+00 3.66656e+00 6.91780e+02
-2.28925e+00 3.73288e+00 6.89156e+02
-2.36459e+00 3.79937e+00 6.86421e+02
-2.44132e+00 3.86604e+00 6.83562e+02
-2.51944e+00 3.93290e+00 6.80568e+02
-2.59897e+00 3.99997e+00 6.77427e+02
-2.43698e-01 8.79639e-01 1.04170e+03
-2.57911e-01 9.42854e-01 1.03590e+03
-2.73387e-01 1.00593e+00 1.02613e+03
-2.90117e-01 1.06887e+00 1.01353e+03
-3.08092e-01 1.13169e+00 9.99000e+02
-3.27304e-01 1.19440e+00 9.83218e+02
-3.47748e-01 1.25702e+00 9.66725e+02
-3.69415e-01 1.31954e+00 9.49933e+02
-3.92302e-01 1.38200e+00 9.33156e+02
-4.16402e-01 1.44439e+00 9.16633e+02
-4.41711e-01 1.50673e+00 9.00541e+02
-4.68225e-01 1.56902e+00 8.85009e+02
-4.95942e-01 1.63128e+00 8.70131e+02
-5.24858e-01 1.69352e+00 8.55969e+02
-5.54972e-01 1.75575e+00 8.42565e+02
-5.86281e-01 1.81797e+00 8.29942e+02
-6.18787e-01 1.88020e+00 8.18111e+02
-6.52487e-01 1.94245e+00 8.07070e+02
-6.87382e-01 2.00472e+00 7.96812e+02
-7.23473e-01 2.06703e+00 7.87324e+02
-7.60761e-01 2.12938e+00 7.78587e+02
-7.99248e-01 2.19179e+00 7.70582e+02
-8.38937e-01 2.25426e+00 7.63284e+02
-8.79829e-01 2.31681e+00 7.56672e+02
-9.21930e-01 2.37944e+00 7.50719e+02
-9.65941e-01 2.44310e+00 7.52752e+02
-1.01184e+00 2.50768e+00 7.47789e+02
-1.05891e+00 2.57221e+00 7.43317e+02
-1.10715e+00 2.63671e+00 7.39271e+02
-1.15657e+00 2.70118e+00 7.35590e+02
-1.20717e+00 2.76564e+00 7.32223e+02
-1.25895e+00 2.83009e+00 7.29123e+02
-1.31192e+00 2.89455e+00 7.26248e+02
-1.36607e+00 2.95902e+00 7.23560e+02
-1.42141e+00 3.02351e+00 7.21026e+02
-1.47796e+00 3.08803e+00 7.18615e+02
-1.53570e+00 3.15260e+00 7.16299e+02
-1.59465e+00 3.21721e+00 7.14054e+02
-1.65482e+00 3.28189e+00 7.11858e+02
-1.71620e+00 3.34663e+00 7.09690e+02
-1.77882e+00 3.41146e+00 7.07532e+02
-1.84267e+00 3.47637e+00 7.05366e+02
-1.90776e+00 3.54138e+00 7.03177e+02
-1.97411e+00 3.60649e+00 7.00950e+02
-2.04172e+00 3.67173e+00 6.98673e+02
-2.11060e+00 3.73708e+00 6.96333e+02
-2.18076e+00 3.80258e+00 6.93920e+02
-2.25222e+00 3.86822e+00 6.91422e+02
-2.32498e+00 3.93401e+00 6.88830e+02
-2.39906e+00 3.99997e+00 6.86135e+02
-2.17258e-01 8.94765e-01 1.09879e+03
-2.29758e-01 9.58190e-01 1.08388e+03
-2.43431e-01 1.02146e+00 1.06643e+03
-2.58268e-01 1.08460e+00 1.04737e+03
-2.74264e-01 1.14761e+00 1.02742e+03
-2.91410e-01 1.21049e+00 1.00711e+03
-3.09702e-01 1.27327e+00 9.86858e+02
-3.29133e-01 1.33595e+00 9.66968e+02
-3.49699e-01 1.39855e+00 9.47656e+02
-3.71396e-01 1.46106e+00 9.29078e+02
-3.94220e-01 1.52351e+00 9.11336e+02
-4.18167e-01 1.58590e+00 8.94494e+02
-4.43235e-01 1.64823e+00 8.78586e+02
-4.69421e-01 1.71053e+00 8.63623e+02
-4.96724e-01 1.77280e+00 8.49599e+02
-5.25143e-01 1.83504e+00 8.36497e+02
-5.54676e-01 1.89727e+00 8.24287e+02
-5.85323e-01 1.95950e+00 8.12938e+02
-6.17084e-01 2.02173e+00 8.02411e+02
-6.49960e-01 2.08397e+00 7.92665e+02
-6.83952e-01 2.14624e+00 7.83658e+02
-7.19062e-01 2.20853e+00 7.75349e+02
-7.55290e-01 2.27087e+00 7.67694e+02
-7.92640e-01 2.33325e+00 7.60653e+02
-8.31115e-01 2.39569e+00 7.54184e+02
-8.71322e-01 2.45904e+00 7.58071e+02
-9.13238e-01 2.52321e+00 7.53110e+02
-9.56250e-01 2.58731e+00 7.48627e+02
-1.00036e+00 2.65137e+00 7.44562e+02
-1.04557e+00 2.71538e+00 7.40859e+02
-1.09187e+00 2.77936e+00 7.37469e+02
-1.13928e+00 2.84332e+00 7.34349e+02
-1.18779e+00 2.90725e+00 7.31461e+02
-1.23741e+00 2.97118e+00 7.28768e+02
-1.28813e+00 3.03512e+00 7.26240e+02
-1.33997e+00 3.09906e+00 7.23848e+02
-1.39293e+00 3.16301e+00 7.21568e+02
-1.44702e+00 3.22700e+00 7.19376e+02
-1.50222e+00 3.29102e+00 7.17253e+02
-1.55857e+00 3.35508e+00 7.15178e+02
-1.61605e+00 3.41920e+00 7.13135e+02
-1.67467e+00 3.48337e+00 7.11109e+02
-1.73445e+00 3.54762e+00 7.09086e+02
-1.79539e+00 3.61194e+00 7.07053e+02
-1.85750e+00 3.67635e+00 7.04997e+02
-1.92078e+00 3.74085e+00 7.02909e+02
-1.98524e+00 3.80545e+00 7.00778e+02
-2.05090e+00 3.87017e+00 6.98596e+02
-2.11776e+00 3.93500e+00 6.96353e+02
-2.18583e+00 3.99997e+00 6.94042e+02
-1.90590e-01 9.09465e-01 1.16904e+03
-2.01411e-01 9.72986e-01 1.13968e+03
-2.13301e-01 1.03636e+00 1.11049e+03
-2.26253e-01 1.09958e+00 1.08196e+03
-2.40263e-01 1.16268e+00 1.05446e+03
-2.55323e-01 1.22565e+00 1.02820e+03
-2.71431e-01 1.28852e+00 1.00333e+03
-2.88580e-01 1.35127e+00 9.79928e+02
-3.06768e-01 1.41393e+00 9.58003e+02
-3.25990e-01 1.47651e+00 9.37542e+02
-3.46244e-01 1.53901e+00 9.18499e+02
-3.67526e-01 1.60143e+00 9.00810e+02
-3.89835e-01 1.66380e+00 8.84400e+02
-4.13169e-01 1.72611e+00 8.69187e+02
-4.37525e-01 1.78838e+00 8.55084e+02
-4.62904e-01 1.85061e+00 8.42003e+02
-4.89303e-01 1.91282e+00 8.29857e+02
-5.16724e-01 1.97500e+00 8.18563e+02
-5.45166e-01 2.03717e+00 8.08038e+02
-5.74629e-01 2.09934e+00 7.98205e+02
-6.05114e-01 2.16151e+00 7.88990e+02
-6.36622e-01 2.22369e+00 7.80324e+02
-6.69155e-01 2.28588e+00 7.72140e+02
-7.02715e-01 2.34811e+00 7.64378e+02
-7.37304e-01 2.41037e+00 7.56980e+02
-7.73437e-01 2.47342e+00 7.62668e+02
-8.11095e-01 2.53719e+00 7.57743e+02
-8.49758e-01 2.60088e+00 7.53281e+02
-8.89427e-01 2.66451e+00 7.49226e+02
-9.30102e-01 2.72809e+00 7.45526e+02
-9.71785e-01 2.79162e+00 7.42138e+02
-1.01448e+00 2.85511e+00 7.39020e+02
-1.05818e+00 2.91857e+00 7.36137e+02
-1.10290e+00 2.98201e+00 7.33457e+02
-1.14863e+00 3.04543e+00 7.30951e+02
-1.19538e+00 3.10884e+00 7.28592e+02
-1.24315e+00 3.17225e+00 7.26358e+02
-1.29195e+00 3.23567e+00 7.24228e+02
-1.34177e+00 3.29911e+00 7.22182e+02
-1.39263e+00 3.36256e+00 7.20203e+02
-1.44453e+00 3.42604e+00 7.18276e+02
-1.49747e+00 3.48957e+00 7.16387e+02
-1.55146e+00 3.55313e+00 7.14522e+02
-1.60650e+00 3.61675e+00 7.12670e+02
-1.66261e+00 3.68043e+00 7.10821e+02
-1.71978e+00 3.74417e+00 7.08964e+02
-1.77802e+00 3.80799e+00 7.07091e+02
-1.83734e+00 3.87189e+00 7.05194e+02
-1.89776e+00 3.93588e+00 7.03264e+02
-1.95927e+00 3.99997e+00 7.01296e+02
-1.63725e-01 9.23732e-01 1.25317e+03
-1.72900e-01 9.87236e-01 1.20386e+03
-1.83028e-01 1.05060e+00 1.15865e+03
-1.94103e-01 1.11382e+00 1.11746e+03
-2.06121e-01 1.17691e+00 1.08009e+03
-2.19077e-01 1.23989e+00 1.04633e+03
-2.32969e-01 1.30275e+00 1.01589e+03
-2.47792e-01 1.36550e+00 9.88484e+02
-2.63543e-01 1.42816e+00 9.63832e+02
-2.80220e-01 1.49073e+00 9.41645e+02
-2.97821e-01 1.55322e+00 9.21652e+02
-3.16342e-01 1.61564e+00 9.03595e+02
-3.35782e-01 1.67798e+00 8.87236e+02
-3.56141e-01 1.74027e+00 8.72352e+02
-3.77416e-01 1.80250e+00 8.58741e+02
-3.99606e-01 1.86469e+00 8.46217e+02
-4.22712e-01 1.92684e+00 8.34610e+02
-4.46733e-01 1.98896e+00 8.23768e+02
-4.71669e-01 2.05105e+00 8.13553e+02
-4.97520e-01 2.11313e+00 8.03840e+02
-5.24286e-01 2.17519e+00 7.94517e+02
-5.51970e-01 2.23725e+00 7.85482e+02
-5.80572e-01 2.29931e+00 7.76644e+02
-6.10093e-01 2.36138e+00 7.67922e+02
-6.40535e-01 2.42347e+00 7.59242e+02
-6.72323e-01 2.48624e+00 7.66540e+02
-7.05442e-01 2.54961e+00 7.61681e+02
-7.39464e-01 2.61291e+00 7.57268e+02
-7.74388e-01 2.67614e+00 7.53249e+02
-8.10215e-01 2.73931e+00 7.49578e+02
-8.46945e-01 2.80242e+00 7.46214e+02
-8.84580e-01 2.86548e+00 7.43120e+02
-9.23120e-01 2.92851e+00 7.40264e+02
-9.62567e-01 2.99149e+00 7.37615e+02
-1.00292e+00 3.05445e+00 7.35147e+02
-1.04419e+00 3.11739e+00 7.32837e+02
-1.08637e+00 3.18032e+00 7.30663e+02
-1.12946e+00 3.24323e+00 7.28605e+02
-1.17348e+00 3.30615e+00 7.26646e+02
-1.21841e+00 3.36907e+00 7.24771e+02
-1.26428e+00 3.43200e+00 7.22964e+02
-1.31107e+00 3.49495e+00 7.21214e+02
-1.35879e+00 3.55792e+00 7.19507e+02
-1.40745e+00 3.62092e+00 7.17834e+02
-1.45705e+00 3.68397e+00 7.16184e+02
-1.50760e+00 3.74705e+00 7.14548e+02
-1.55910e+00 3.81019e+00 7.12919e+02
-1.61156e+00 3.87338e+00 7.11288e+02
-1.66499e+00 3.93664e+00 7.09650e+02
-1.71938e+00 3.99997e+00 7.07997e+02
-1.36692e-01 9.37559e-01 1.35177e+03
-1.44255e-01 1.00094e+00 1.27685e+03
-1.52641e-01 1.06418e+00 1.21117e+03
-1.61847e-01 1.12730e+00 1.15392e+03
-1.71869e-01 1.19030e+00 1.10425e+03
-1.82704e-01 1.25319e+00 1.06130e+03
-1.94349e-01 1.31597e+00 1.02425e+03
-2.06803e-01 1.37866e+00 9.92322e+02
-2.20062e-01 1.44125e+00 9.64804e+02
-2.34124e-01 1.50375e+00 9.41047e+02
-2.48989e-01 1.56617e+00 9.20466e+02
-2.64653e-01 1.62852e+00 9.02542e+02
-2.81117e-01 1.69080e+00 8.86810e+02
-2.98379e-01 1.75301e+00 8.72864e+02
-3.16438e-01 1.81517e+00 8.60345e+02
-3.35294e-01 1.87729e+00 8.48938e+02
-3.54945e-01 1.93935e+00 8.38372e+02
-3.75393e-01 2.00138e+00 8.28405e+02
-3.96636e-01 2.06338e+00 8.18832e+02
-4.18676e-01 2.12535e+00 8.09471e+02
-4.41513e-01 2.18730e+00 8.00166e+02
-4.65147e-01 2.24923e+00 7.90782e+02
-4.89580e-01 2.31116e+00 7.81201e+02
-5.14812e-01 2.37308e+00 7.71321e+02
-5.40844e-01 2.43500e+00 7.61055e+02
-5.68017e-01 2.49749e+00 7.69683e+02
-5.96319e-01 2.56049e+00 7.64915e+02
-6.25406e-01 2.62340e+00 7.60575e+02
-6.55279e-01 2.68625e+00 7.56615e+02
-6.85939e-01 2.74903e+00 7.52995e+02
-7.17385e-01 2.81176e+00 7.49677e+02
-7.49617e-01 2.87443e+00 7.46627e+02
-7.82637e-01 2.93706e+00 7.43817e+02
-8.16446e-01 2.99964e+00 7.41218e+02
-8.51043e-01 3.06219e+00 7.38807e+02
-8.86432e-01 3.12471e+00 7.36562e+02
-9.22613e-01 3.18721e+00 7.34462e+02
-9.59589e-01 3.24968e+00 7.32492e+02
-9.97360e-01 3.31215e+00 7.30633e+02
-1.03593e+00 3.37460e+00 7.28872e+02
-1.07530e+00 3.43706e+00 7.27195e+02
-1.11547e+00 3.49951e+00 7.25590e+02
-1.15645e+00 3.56198e+00 7.24046e+02
-1.19824e+00 3.62446e+00 7.22553e+02
-1.24084e+00 3.68696e+00 7.21103e+02
-1.28426e+00 3.74949e+00 7.19685e+02
-1.32850e+00 3.81205e+00 7.18294e+02
-1.37356e+00 3.87465e+00 7.16921e+02
-1.41944e+00 3.93728e+00 7.15561e+02
-1.46616e+00 3.99997e+00 7.14207e+02
-1.09520e-01 9.50942e-01 1.46529e+03
-1.15505e-01 1.01409e+00 1.35895e+03
-1.22172e-01 1.07712e+00 1.26819e+03
-1.29517e-01 1.14004e+00 1.19136e+03
-1.37539e-01 1.20286e+00 1.12681e+03
-1.46236e-01 1.26558e+00 1.07291e+03
-1.55606e-01 1.32820e+00 1.02815e+03
-1.65647e-01 1.39074e+00 9.91140e+02
-1.76359e-01 1.45318e+00 9.60614e+02
-1.87739e-01 1.51556e+00 9.35453e+02
-1.99786e-01 1.57785e+00 9.14670e+02
-2.12500e-01 1.64008e+00 8.97403e+02
-2.25880e-01 1.70225e+00 8.82903e+02
-2.39925e-01 1.76435e+00 8.70528e+02
-2.54635e-01 1.82640e+00 8.59723e+02
-2.70009e-01 1.88840e+00 8.50017e+02
-2.86046e-01 1.95036e+00 8.41007e+02
-3.02748e-01 2.01228e+00 8.32354e+02
-3.20113e-01 2.07416e+00 8.23768e+02
-3.38143e-01 2.13601e+00 8.15005e+02
-3.56838e-01 2.19784e+00 8.05862e+02
-3.76197e-01 2.25964e+00 7.96167e+02
-3.96222e-01 2.32143e+00 7.85776e+02
-4.16914e-01 2.38320e+00 7.74570e+02
-4.38274e-01 2.44497e+00 7.62451e+02
-4.60559e-01 2.50720e+00 7.72091e+02
-4.83762e-01 2.56982e+00 7.67433e+02
-5.07622e-01 2.63237e+00 7.63185e+02
-5.32138e-01 2.69485e+00 7.59303e+02
-5.57310e-01 2.75728e+00 7.55753e+02
-5.83138e-01 2.81964e+00 7.52499e+02
-6.09623e-01 2.88196e+00 7.49513e+02
-6.36764e-01 2.94423e+00 7.46767e+02
-6.64563e-01 3.00645e+00 7.44237e+02
-6.93019e-01 3.06864e+00 7.41900e+02
-7.22133e-01 3.13079e+00 7.39738e+02
-7.51907e-01 3.19292e+00 7.37730e+02
-7.82341e-01 3.25502e+00 7.35862e+02
-8.13436e-01 3.31710e+00 7.34118e+02
-8.45195e-01 3.37917e+00 7.32485e+02
-8.77617e-01 3.44122e+00 7.30949e+02
-9.10705e-01 3.50327e+00 7.29501e+02
-9.44461e-01 3.56532e+00 7.28129e+02
-9.78886e-01 3.62737e+00 7.26824e+02
-1.01398e+00 3.68942e+00 7.25578e+02
-1.04975e+00 3.75149e+00 7.24382e+02
-1.08620e+00 3.81357e+00 7.23229e+02
-1.12332e+00 3.87568e+00 7.22112e+02
-1.16113e+00 3.93781e+00 7.21026e+02
-1.19962e+00 3.99997e+00 7.19964e+02
-8.22396e-02 9.63878e-01 1.59409e+03
-8.66795e-02 1.02669e+00 1.45037e+03
-9.16470e-02 1.08941e+00 1.32976e+03
-9.71410e-02 1.15204e+00 1.22968e+03
-1.03160e-01 1.21459e+00 1.14757e+03
-1.09703e-01 1.27705e+00 1.08090e+03
-1.16770e-01 1.33944e+00 1.02731e+03
-1.24359e-01 1.40175e+00 9.84655e+02
-1.32469e-01 1.46400e+00 9.50994e+02
-1.41100e-01 1.52617e+00 9.24621e+02
-1.50251e-01 1.58829e+00 9.04050e+02
-1.59922e-01 1.65034e+00 8.87997e+02
-1.70112e-01 1.71234e+00 8.75362e+02
-1.80821e-01 1.77429e+00 8.65213e+02
-1.92049e-01 1.83620e+00 8.56763e+02
-2.03795e-01 1.89805e+00 8.49351e+02
-2.16060e-01 1.95987e+00 8.42424e+02
-2.28843e-01 2.02165e+00 8.35525e+02
-2.42145e-01 2.08340e+00 8.28274e+02
-2.55966e-01 2.14512e+00 8.20358e+02
-2.70306e-01 2.20681e+00 8.11524e+02
-2.85165e-01 2.26848e+00 8.01564e+02
-3.00544e-01 2.33013e+00 7.90311e+02
-3.16444e-01 2.39177e+00 7.77631e+02
-3.32865e-01 2.45339e+00 7.63419e+02
-3.49990e-01 2.51535e+00 7.73759e+02
-3.67815e-01 2.57761e+00 7.69224e+02
-3.86153e-01 2.63981e+00 7.65080e+02
-4.05004e-01 2.70195e+00 7.61292e+02
-4.24368e-01 2.76404e+00 7.57827e+02
-4.44244e-01 2.82608e+00 7.54654e+02
-4.64634e-01 2.88807e+00 7.51748e+02
-4.85536e-01 2.95002e+00 7.49084e+02
-5.06951e-01 3.01193e+00 7.46639e+02
-5.28879e-01 3.07380e+00 7.44395e+02
-5.51320e-01 3.13565e+00 7.42332e+02
-5.74275e-01 3.19746e+00 7.40433e+02
-5.97744e-01 3.25925e+00 7.38684e+02
-6.21727e-01 3.32101e+00 7.37071e+02
-6.46226e-01 3.38276e+00 7.35580e+02
-6.71241e-01 3.44449e+00 7.34201e+02
-6.96772e-01 3.50621e+00 7.32922e+02
-7.22820e-01 3.56793e+00 7.31734e+02
-7.49388e-01 3.62963e+00 7.30628e+02
-7.76474e-01 3.69134e+00 7.29595e+02
-8.04082e-01 3.75305e+00 7.28628e+02
-8.32211e-01 3.81476e+00 7.27719e+02
-8.60863e-01 3.87648e+00 7.26862e+02
-8.90040e-01 3.93822e+00 7.26051e+02
-9.19743e-01 3.99997e+00 7.25281e+02
-5.48772e-02 9.76365e-01 1.73842e+03
-5.78048e-02 1.03874e+00 1.55124e+03
-6.10950e-02 1.10106e+00 1.39584e+03
-6.47475e-02 1.16331e+00 1.26874e+03
-6.87616e-02 1.22550e+00 1.16631e+03
-7.31370e-02 1.28763e+00 1.08499e+03
-7.78733e-02 1.34970e+00 1.02145e+03
-8.29701e-02 1.41172e+00 9.72606e+02
-8.84272e-02 1.47369e+00 9.35716e+02
-9.42444e-02 1.53561e+00 9.08365e+02
-1.00421e-01 1.59748e+00 8.88462e+02
-1.06958e-01 1.65932e+00 8.74214e+02
-1.13854e-01 1.72111e+00 8.64104e+02
-1.21109e-01 1.78286e+00 8.56859e+02
-1.28724e-01 1.84457e+00 8.51415e+02
-1.36699e-01 1.90625e+00 8.46893e+02
-1.45032e-01 1.96790e+00 8.42572e+02
-1.53726e-01 2.02952e+00 8.37861e+02
-1.62779e-01 2.09112e+00 8.32284e+02
-1.72192e-01 2.15269e+00 8.25456e+02
-1.81964e-01 2.21423e+00 8.17071e+02
-1.92097e-01 2.27576e+00 8.06890e+02
-2.02591e-01 2.33727e+00 7.94724e+02
-2.13446e-01 2.39877e+00 7.80432e+02
-2.24662e-01 2.46025e+00 7.63907e+02
-2.36354e-01 2.52196e+00 7.74684e+02
-2.48519e-01 2.58387e+00 7.70277e+02
-2.61040e-01 2.64573e+00 7.66246e+02
-2.73918e-01 2.70755e+00 7.62561e+02
-2.87152e-01 2.76932e+00 7.59191e+02
-3.00742e-01 2.83106e+00 7.56113e+02
-3.14687e-01 2.89277e+00 7.53300e+02
-3.28988e-01 2.95444e+00 7.50733e+02
-3.43644e-01 3.01608e+00 7.48390e+02
-3.58655e-01 3.07769e+00 7.46254e+02
-3.74022e-01 3.13927e+00 7.44307e+02
-3.89744e-01 3.20083e+00 7.42535e+02
-4.05822e-01 3.26237e+00 7.40922e+02
-4.22254e-01 3.32388e+00 7.39456e+02
-4.39043e-01 3.38539e+00 7.38125e+02
-4.56187e-01 3.44687e+00 7.36917e+02
-4.73687e-01 3.50835e+00 7.35823e+02
-4.91544e-01 3.56981e+00 7.34833e+02
-5.09757e-01 3.63127e+00 7.33938e+02
-5.28326e-01 3.69272e+00 7.33131e+02
-5.47253e-01 3.75416e+00 7.32403e+02
-5.66538e-01 3.81561e+00 7.31748e+02
-5.86181e-01 3.87706e+00 7.31159e+02
-6.06183e-01 3.93851e+00 7.30630e+02
-6.26543e-01 3.99997e+00 7.30156e+02
-2.74598e-02 9.88403e-01 1.89848e+03
-2.89078e-02 1.05025e+00 1.66156e+03
-3.05425e-02 1.11207e+00 1.46632e+03
-3.23637e-02 1.17385e+00 1.30830e+03
-3.43715e-02 1.23559e+00 1.18274e+03
-3.65658e-02 1.29731e+00 1.08490e+03
-3.89465e-02 1.35899e+00 1.01029e+03
-4.15136e-02 1.42065e+00 9.54758e+02
-4.42672e-02 1.48228e+00 9.14600e+02
-4.72072e-02 1.54388e+00 8.86559e+02
-5.03336e-02 1.60546e+00 8.67828e+02
-5.36464e-02 1.66702e+00 8.56018e+02
-5.71458e-02 1.72855e+00 8.49123e+02
-6.08316e-02 1.79006e+00 8.45472e+02
-6.47041e-02 1.85154e+00 8.43689e+02
-6.87631e-02 1.91301e+00 8.42649e+02
-7.30089e-02 1.97447e+00 8.41442e+02
-7.74415e-02 2.03590e+00 8.39337e+02
-8.20610e-02 2.09732e+00 8.35752e+02
-8.68676e-02 2.15873e+00 8.30231e+02
-9.18612e-02 2.22012e+00 8.22420e+02
-9.70421e-02 2.28150e+00 8.12049e+02
-1.02410e-01 2.34287e+00 7.98915e+02
-1.07966e-01 2.40423e+00 7.82875e+02
-1.13710e-01 2.46558e+00 7.63827e+02
-1.19695e-01 2.52704e+00 7.74866e+02
-1.25919e-01 2.58860e+00 7.70585e+02
-1.32329e-01 2.65014e+00 7.66669e+02
-1.38925e-01 2.71165e+00 7.63090e+02
-1.45706e-01 2.77314e+00 7.59824e+02
-1.52671e-01 2.83461e+00 7.56848e+02
-1.59822e-01 2.89606e+00 7.54141e+02
-1.67157e-01 2.95748e+00 7.51683e+02
-1.74677e-01 3.01889e+00 7.49456e+02
-1.82381e-01 3.08029e+00 7.47443e+02
-1.90270e-01 3.14166e+00 7.45628e+02
-1.98342e-01 3.20303e+00 7.43997e+02
-2.06599e-01 3.26438e+00 7.42537e+02
-2.15040e-01 3.32572e+00 7.41235e+02
-2.23665e-01 3.38704e+00 7.40080e+02
-2.32473e-01 3.44836e+00 7.39061e+02
-2.41465e-01 3.50967e+00 7.38168e+02
-2.50641e-01 3.57097e+00 7.37391e+02
-2.60001e-01 3.63226e+00 7.36723e+02
-2.69544e-01 3.69355e+00 7.36155e+02
-2.79271e-01 3.75484e+00 7.35680e+02
-2.89182e-01 3.81612e+00 7.35290e+02
-2.99276e-01 3.87741e+00 7.34980e+02
-3.09554e-01 3.93869e+00 7.34743e+02
-3.20016e-01 3.99997e+00 7.34574e+02
-1.34519e-05 9.99994e-01 2.07439e+03
-1.41532e-05 1.06122e+00 1.78128e+03
-1.49485e-05 1.12244e+00 1.54099e+03
-1.58377e-05 1.18367e+00 1.34806e+03
-1.68210e-05 1.24489e+00 1.19652e+03
-1.78984e-05 1.30612e+00 1.08029e+03
-1.90701e-05 1.36734e+00 9.93550e+02
-2.03360e-05 1.42856e+00 9.30903e+02
-2.16962e-05 1.48979e+00 8.87512e+02
-2.31508e-05 1.55101e+00 8.59140e+02
-2.46999e-05 1.61224e+00 8.42146e+02
-2.63435e-05 1.67346e+00 8.33451e+02
-2.80818e-05 1.73468e+00 8.30486e+02
-2.99147e-05 1.79591e+00 8.31132e+02
-3.18424e-05 1.85713e+00 8.33661e+02
-3.38649e-05 1.91836e+00 8.36679e+02
-3.59822e-05 1.97958e+00 8.39071e+02
-3.81945e-05 2.04080e+00 8.39959e+02
-4.05019e-05 2.10203e+00 8.38655e+02
-4.29043e-05 2.16325e+00 8.34632e+02
-4.54019e-05 2.22448e+00 8.27491e+02
-4.79947e-05 2.28570e+00 8.16940e+02
-5.06828e-05 2.34692e+00 8.02769e+02
-5.34663e-05 2.40815e+00 7.84838e+02
-5.63452e-05 2.46937e+00 7.63061e+02
-5.93436e-05 2.53060e+00 7.74309e+02
-6.24611e-05 2.59182e+00 7.70145e+02
-6.56730e-05 2.65304e+00 7.66339e+02
-6.89792e-05 2.71427e+00 7.62866e+02
-7.23798e-05 2.77549e+00 7.59705e+02
-7.58744e-05 2.83672e+00 7.56837e+02
-7.94631e-05 2.89794e+00 7.54243e+02
-8.31457e-05 2.95916e+00 7.51904e+02
-8.69220e-05 3.02039e+00 7.49804e+02
-9.07920e-05 3.08161e+00 7.47927e+02
-9.47555e-05 3.14284e+00 7.46259e+02
-9.88124e-05 3.20406e+00 7.44785e+02
-1.02963e-04 3.26528e+00 7.43494e+02
-1.07206e-04 3.32651e+00 7.42372e+02
-1.11542e-04 3.38773e+00 7.41409e+02
-1.15972e-04 3.44896e+00 7.40595e+02
-1.20494e-04 3.51018e+00 7.39919e+02
-1.25109e-04 3.57140e+00 7.39372e+02
-1.29816e-04 3.63263e+00 7.38946e+02
-1.34616e-04 3.69385e+00 7.38633e+02
-1.39508e-04 3.75507e+00 7.38425e+02
-1.44493e-04 3.81630e+00 7.38315e+02
-1.49569e-04 3.87752e+00 7.38297e+02
-1.54738e-04 3.93875e+00 7.38365e+02
-1.59998e-04 3.99997e+00 7.38513e+02
