-1.00000e+00 0.00000e+00 -1.17780e+01
-1.06122e+00 0.00000e+00 -1.02485e+01
-1.12245e+00 0.00000e+00 -8.90331e+00
-1.18367e+00 0.00000e+00 -7.74738e+00
-1.24490e+00 0.00000e+00 -6.77654e+00
-1.30612e+00 0.00000e+00 -5.98007e+00
-1.36734e+00 0.00000e+00 -5.34308e+00
-1.42857e+00 0.00000e+00 -4.84850e+00
-1.48979e+00 0.00000e+00 -4.47843e+00
-1.55101e+00 0.00000e+00 -4.21520e+00
-1.61224e+00 0.00000e+00 -4.04202e+00
-1.67346e+00 0.00000e+00 -3.94336e+00
-1.73469e+00 0.00000e+00 -3.90516e+00
-1.79591e+00 0.00000e+00 -3.91489e+00
-1.85713e+00 0.00000e+00 -3.96150e+00
-1.91836e+00 0.00000e+00 -4.03538e+00
-1.97958e+00 0.00000e+00 -4.12818e+00
-2.04081e+00 0.00000e+00 -4.23277e+00
-2.10203e+00 0.00000e+00 -4.34303e+00
-2.16325e+00 0.00000e+00 -4.45379e+00
-2.22448e+00 0.00000e+00 -4.56067e+00
-2.28570e+00 0.00000e+00 -4.66000e+00
-2.34693e+00 0.00000e+00 -4.74873e+00
-2.40815e+00 0.00000e+00 -4.82433e+00
-2.46937e+00 0.00000e+00 -4.88471e+00
-2.53060e+00 0.00000e+00 -4.92821e+00
-2.59182e+00 0.00000e+00 -4.95346e+00
-2.65304e+00 0.00000e+00 -4.95942e+00
-2.71427e+00 0.00000e+00 -4.94529e+00
-2.77549e+00 0.00000e+00 -4.91047e+00
-2.83672e+00 0.00000e+00 -4.85455e+00
-2.89794e+00 0.00000e+00 -4.77729e+00
-2.95916e+00 0.00000e+00 -4.67858e+00
-3.02039e+00 0.00000e+00 -4.55842e+00
-3.08161e+00 0.00000e+00 -4.41694e+00
-3.14284e+00 0.00000e+00 -4.25431e+00
-3.20406e+00 0.00000e+00 -4.07082e+00
-3.26528e+00 0.00000e+00 -3.86681e+00
-3.32651e+00 0.00000e+00 -3.64267e+00
-3.38773e+00 0.00000e+00 -3.39885e+00
-3.44896e+00 0.00000e+00 -3.13583e+00
-3.51018e+00 0.00000e+00 -2.85414e+00
-3.57140e+00 0.00000e+00 -2.55433e+00
-3.63263e+00 0.00000e+00 -2.23699e+00
-3.69385e+00 0.00000e+00 -1.90273e+00
-3.75507e+00 0.00000e+00 -1.55218e+00
-3.81630e+00 0.00000e+00 -1.18598e+00
-3.87752e+00 0.00000e+00 -8.04794e-01
-3.93875e+00 0.00000e+00 -4.09306e-01
-3.99997e+00 0.00000e+00 -2.03686e-04
-9.88986e-01 2.60897e-02 1.86342e+01
-1.05105e+00 2.75986e-02 1.73863e+01
-1.11307e+00 2.92975e-02 1.60824e+01
-1.17505e+00 3.11862e-02 1.47464e+01
-1.23698e+00 3.32643e-02 1.33997e+01
-1.29888e+00 3.55314e-02 1.20607e+01
-1.36073e+00 3.79874e-02 1.07446e+01
-1.42255e+00 4.06319e-02 9.46387e+00
-1.48433e+00 4.34646e-02 8.22814e+00
-1.54607e+00 4.64854e-02 7.04478e+00
-1.60778e+00 4.96939e-02 5.91916e+00
-1.66945e+00 5.30899e-02 4.85505e+00
-1.73109e+00 5.66731e-02 3.85487e+00
-1.79270e+00 6.04434e-02 2.92000e+00
-1.85428e+00 6.44006e-02 2.05099e+00
-1.91584e+00 6.85445e-02 1.24775e+00
-1.97736e+00 7.28748e-02 5.09703e-01
-2.03886e+00 7.73915e-02 -1.64095e-01
-2.10033e+00 8.20943e-02 -7.74852e-01
-2.16178e+00 8.69832e-02 -1.32397e+00
-2.22321e+00 9.20579e-02 -1.81298e+00
-2.28461e+00 9.73183e-02 -2.24351e+00
-2.34600e+00 1.02764e-01 -2.61722e+00
-2.40736e+00 1.08396e-01 -2.93581e+00
-2.46871e+00 1.14213e-01 -3.20097e+00
-2.53004e+00 1.20216e-01 -3.41441e+00
-2.59135e+00 1.26403e-01 -3.57778e+00
-2.65265e+00 1.32776e-01 -3.69274e+00
-2.71394e+00 1.39334e-01 -3.76089e+00
-2.77522e+00 1.46078e-01 -3.78380e+00
-2.83648e+00 1.53006e-01 -3.76302e+00
-2.89773e+00 1.60120e-01 -3.70006e+00
-2.95898e+00 1.67418e-01 -3.59636e+00
-3.02022e+00 1.74902e-01 -3.45336e+00
-3.08145e+00 1.82571e-01 -3.27245e+00
-3.14268e+00 1.90425e-01 -3.05499e+00
-3.20390e+00 1.98464e-01 -2.80230e+00
-3.26512e+00 2.06688e-01 -2.51566e+00
-3.32634e+00 2.15098e-01 -2.19636e+00
-3.38756e+00 2.23693e-01 -1.84560e+00
-3.44878e+00 2.32474e-01 -1.46462e+00
-3.51000e+00 2.41440e-01 -1.05457e+00
-3.57122e+00 2.50591e-01 -6.16631e-01
-3.63245e+00 2.59929e-01 -1.51928e-01
-3.69368e+00 2.69452e-01 3.38422e-01
-3.75492e+00 2.79161e-01 8.53324e-01
-3.81617e+00 2.89057e-01 1.39170e+00
-3.87743e+00 2.99139e-01 1.95249e+00
-3.93869e+00 3.09407e-01 2.53466e+00
-3.99997e+00 3.19862e-01 3.13717e+00
-9.77508e-01 5.22564e-02 4.67934e+01
-1.04032e+00 5.53108e-02 4.29766e+01
-1.10304e+00 5.87349e-02 3.92610e+01
-1.16568e+00 6.25277e-02 3.56827e+01
-1.22824e+00 6.66881e-02 3.22674e+01
-1.29072e+00 7.12152e-02 2.90320e+01
-1.35313e+00 7.61080e-02 2.59862e+01
-1.41547e+00 8.13657e-02 2.31342e+01
-1.47773e+00 8.69873e-02 2.04758e+01
-1.53992e+00 9.29722e-02 1.80077e+01
-1.60205e+00 9.93196e-02 1.57244e+01
-1.66412e+00 1.06029e-01 1.36191e+01
-1.72613e+00 1.13099e-01 1.16840e+01
-1.78808e+00 1.20530e-01 9.91097e+00
-1.84997e+00 1.28320e-01 8.29159e+00
-1.91182e+00 1.36470e-01 6.81765e+00
-1.97361e+00 1.44979e-01 5.48113e+00
-2.03535e+00 1.53846e-01 4.27435e+00
-2.09705e+00 1.63072e-01 3.18999e+00
-2.15870e+00 1.72655e-01 2.22117e+00
-2.22032e+00 1.82595e-01 1.36139e+00
-2.28190e+00 1.92893e-01 6.04608e-01
-2.34344e+00 2.03548e-01 -5.48386e-02
-2.40494e+00 2.14559e-01 -6.22223e-01
-2.46642e+00 2.25926e-01 -1.10246e+00
-2.52787e+00 2.37651e-01 -1.50012e+00
-2.58929e+00 2.49731e-01 -1.81946e+00
-2.65068e+00 2.62168e-01 -2.06448e+00
-2.71206e+00 2.74961e-01 -2.23886e+00
-2.77341e+00 2.88111e-01 -2.34610e+00
-2.83475e+00 3.01617e-01 -2.38942e+00
-2.89607e+00 3.15480e-01 -2.37188e+00
-2.95738e+00 3.29699e-01 -2.29635e+00
-3.01868e+00 3.44276e-01 -2.16551e+00
-3.07998e+00 3.59210e-01 -1.98190e+00
-3.14126e+00 3.74501e-01 -1.74793e+00
-3.20255e+00 3.90151e-01 -1.46587e+00
-3.26383e+00 4.06158e-01 -1.13788e+00
-3.32511e+00 4.22525e-01 -7.66025e-01
-3.38640e+00 4.39251e-01 -3.52249e-01
-3.44769e+00 4.56336e-01 1.01572e-01
-3.50900e+00 4.73782e-01 5.93648e-01
-3.57031e+00 4.91589e-01 1.12226e+00
-3.63163e+00 5.09757e-01 1.68576e+00
-3.69297e+00 5.28287e-01 2.28256e+00
-3.75433e+00 5.47180e-01 2.91112e+00
-3.81570e+00 5.66437e-01 3.56997e+00
-3.87710e+00 5.86058e-01 4.25767e+00
-3.93852e+00 6.06044e-01 4.97283e+00
-3.99997e+00 6.26396e-01 5.71410e+00
-9.65561e-01 7.84776e-02 7.28779e+01
-1.02901e+00 8.31143e-02 6.66756e+01
-1.09234e+00 8.82895e-02 6.07563e+01
-1.15556e+00 9.40010e-02 5.51541e+01
-1.21865e+00 1.00247e-01 4.98885e+01
-1.28164e+00 1.07025e-01 4.49673e+01
-1.34452e+00 1.14333e-01 4.03898e+01
-1.40729e+00 1.22171e-01 3.61487e+01
-1.46997e+00 1.30535e-01 3.22326e+01
-1.53255e+00 1.39425e-01 2.86271e+01
-1.59505e+00 1.48839e-01 2.53161e+01
-1.65745e+00 1.58776e-01 2.22829e+01
-1.71977e+00 1.69234e-01 1.95107e+01
-1.78201e+00 1.80213e-01 1.69827e+01
-1.84418e+00 1.91711e-01 1.46831e+01
-1.90628e+00 2.03727e-01 1.25966e+01
-1.96830e+00 2.16260e-01 1.07091e+01
-2.03026e+00 2.29310e-01 9.00701e+00
-2.09216e+00 2.42877e-01 7.47811e+00
-2.15401e+00 2.56958e-01 6.11088e+00
-2.21580e+00 2.71554e-01 4.89470e+00
-2.27754e+00 2.86665e-01 3.81983e+00
-2.33923e+00 3.02289e-01 2.87726e+00
-2.40088e+00 3.18428e-01 2.05873e+00
-2.46249e+00 3.35080e-01 1.35661e+00
-2.52407e+00 3.52246e-01 7.63908e-01
-2.58561e+00 3.69925e-01 2.74150e-01
-2.64712e+00 3.88117e-01 -1.18625e-01
-2.70861e+00 4.06824e-01 -4.19924e-01
-2.77007e+00 4.26045e-01 -6.34844e-01
-2.83152e+00 4.45780e-01 -7.68109e-01
-2.89295e+00 4.66030e-01 -8.24103e-01
-2.95437e+00 4.86796e-01 -8.06909e-01
-3.01578e+00 5.08077e-01 -7.20328e-01
-3.07719e+00 5.29876e-01 -5.67914e-01
-3.13859e+00 5.52192e-01 -3.52992e-01
-3.20000e+00 5.75026e-01 -7.86815e-02
-3.26141e+00 5.98380e-01 2.52084e-01
-3.32283e+00 6.22254e-01 6.36541e-01
-3.38426e+00 6.46650e-01 1.07208e+00
-3.44571e+00 6.71568e-01 1.55623e+00
-3.50717e+00 6.97011e-01 2.08666e+00
-3.56866e+00 7.22979e-01 2.66113e+00
-3.63017e+00 7.49474e-01 3.27753e+00
-3.69171e+00 7.76497e-01 3.93384e+00
-3.75329e+00 8.04051e-01 4.62812e+00
-3.81490e+00 8.32136e-01 5.35852e+00
-3.87654e+00 8.60756e-01 6.12326e+00
-3.93823e+00 8.89910e-01 6.92063e+00
-3.99997e+00 9.19603e-01 7.74898e+00
-9.53143e-01 1.04730e-01 9.70471e+01
-1.01713e+00 1.10986e-01 8.86216e+01
-1.08097e+00 1.17937e-01 8.06816e+01
-1.14466e+00 1.25581e-01 7.32472e+01
-1.20820e+00 1.33914e-01 6.63228e+01
-1.27160e+00 1.42933e-01 5.99011e+01
-1.33487e+00 1.52634e-01 5.39665e+01
-1.39801e+00 1.63015e-01 4.84983e+01
-1.46103e+00 1.74074e-01 4.34721e+01
-1.52394e+00 1.85808e-01 3.88621e+01
-1.58673e+00 1.98214e-01 3.46418e+01
-1.64941e+00 2.11290e-01 3.07851e+01
-1.71200e+00 2.25035e-01 2.72666e+01
-1.77448e+00 2.39447e-01 2.40623e+01
-1.83688e+00 2.54523e-01 2.11495e+01
-1.89919e+00 2.70264e-01 1.85071e+01
-1.96142e+00 2.86666e-01 1.61155e+01
-2.02357e+00 3.03730e-01 1.39564e+01
-2.08566e+00 3.21453e-01 1.20134e+01
-2.14767e+00 3.39835e-01 1.02709e+01
-2.20962e+00 3.58876e-01 8.71509e+00
-2.27152e+00 3.78575e-01 7.33304e+00
-2.33336e+00 3.98931e-01 6.11300e+00
-2.39516e+00 4.19945e-01 5.04420e+00
-2.45691e+00 4.41615e-01 4.11677e+00
-2.51863e+00 4.63942e-01 3.32166e+00
-2.58031e+00 4.86927e-01 2.65058e+00
-2.64196e+00 5.10569e-01 2.09588e+00
-2.70358e+00 5.34869e-01 1.65054e+00
-2.76519e+00 5.59828e-01 1.30810e+00
-2.82678e+00 5.85445e-01 1.06257e+00
-2.88836e+00 6.11723e-01 9.08425e-01
-2.94993e+00 6.38663e-01 8.40543e-01
-3.01151e+00 6.66264e-01 8.54165e-01
-3.07308e+00 6.94530e-01 9.44866e-01
-3.13466e+00 7.23460e-01 1.10852e+00
-3.19625e+00 7.53057e-01 1.34128e+00
-3.25786e+00 7.83323e-01 1.63952e+00
-3.31948e+00 8.14259e-01 1.99987e+00
-3.38114e+00 8.45867e-01 2.41915e+00
-3.44282e+00 8.78150e-01 2.89436e+00
-3.50453e+00 9.11110e-01 3.42266e+00
-3.56628e+00 9.44749e-01 4.00139e+00
-3.62807e+00 9.79070e-01 4.62801e+00
-3.68991e+00 1.01408e+00 5.30011e+00
-3.75181e+00 1.04977e+00 6.01540e+00
-3.81375e+00 1.08615e+00 6.77169e+00
-3.87576e+00 1.12323e+00 7.56689e+00
-3.93783e+00 1.16101e+00 8.39902e+00
-3.99997e+00 1.19948e+00 9.26614e+00
-9.40251e-01 1.30988e-01 1.19444e+02
-1.00467e+00 1.38900e-01 1.08940e+02
-1.06891e+00 1.47653e-01 9.91409e+01
-1.13297e+00 1.57242e-01 9.00429e+01
-1.19686e+00 1.67663e-01 8.16278e+01
-1.26059e+00 1.78910e-01 7.38682e+01
-1.32417e+00 1.90979e-01 6.67306e+01
-1.38760e+00 2.03867e-01 6.01783e+01
-1.45089e+00 2.17569e-01 5.41733e+01
-1.51405e+00 2.32082e-01 4.86777e+01
-1.57708e+00 2.47404e-01 4.36548e+01
-1.63999e+00 2.63530e-01 3.90694e+01
-1.70278e+00 2.80458e-01 3.48883e+01
-1.76547e+00 2.98185e-01 3.10807e+01
-1.82805e+00 3.16710e-01 2.76180e+01
-1.89054e+00 3.36031e-01 2.44736e+01
-1.95295e+00 3.56144e-01 2.16235e+01
-2.01526e+00 3.77050e-01 1.90453e+01
-2.07750e+00 3.98746e-01 1.67189e+01
-2.13967e+00 4.21231e-01 1.46256e+01
-2.20178e+00 4.44505e-01 1.27487e+01
-2.26383e+00 4.68567e-01 1.10726e+01
-2.32582e+00 4.93416e-01 9.58336e+00
-2.38776e+00 5.19052e-01 8.26810e+00
-2.44967e+00 5.45475e-01 7.11508e+00
-2.51153e+00 5.72685e-01 6.11358e+00
-2.57337e+00 6.00682e-01 5.25375e+00
-2.63518e+00 6.29468e-01 4.52658e+00
-2.69698e+00 6.59043e-01 3.92378e+00
-2.75876e+00 6.89408e-01 3.43773e+00
-2.82053e+00 7.20564e-01 3.06140e+00
-2.88230e+00 7.52513e-01 2.78830e+00
-2.94407e+00 7.85256e-01 2.61242e+00
-3.00585e+00 8.18795e-01 2.52821e+00
-3.06765e+00 8.53133e-01 2.53049e+00
-3.12946e+00 8.88271e-01 2.61446e+00
-3.19130e+00 9.24212e-01 2.77564e+00
-3.25317e+00 9.60959e-01 3.00983e+00
-3.31508e+00 9.98514e-01 3.31314e+00
-3.37702e+00 1.03688e+00 3.68186e+00
-3.43902e+00 1.07606e+00 4.11257e+00
-3.50106e+00 1.11606e+00 4.60199e+00
-3.56317e+00 1.15689e+00 5.14707e+00
-3.62533e+00 1.19854e+00 5.74491e+00
-3.68757e+00 1.24102e+00 6.39276e+00
-3.74988e+00 1.28433e+00 7.08801e+00
-3.81227e+00 1.32848e+00 7.82819e+00
-3.87474e+00 1.37348e+00 8.61094e+00
-3.93731e+00 1.41933e+00 9.43401e+00
-3.99997e+00 1.46603e+00 1.02952e+01
-9.26884e-01 1.57227e-01 1.40198e+02
-9.91620e-01 1.66832e-01 1.27744e+02
-1.05615e+00 1.77411e-01 1.16230e+02
-1.12049e+00 1.88957e-01 1.05617e+02
-1.18464e+00 2.01464e-01 9.58589e+01
-1.24861e+00 2.14926e-01 8.69043e+01
-1.31241e+00 2.29336e-01 7.86987e+01
-1.37605e+00 2.44691e-01 7.11882e+01
-1.43953e+00 2.60984e-01 6.43202e+01
-1.50287e+00 2.78211e-01 5.80447e+01
-1.56608e+00 2.96368e-01 5.23145e+01
-1.62915e+00 3.15452e-01 4.70857e+01
-1.69211e+00 3.35457e-01 4.23180e+01
-1.75495e+00 3.56382e-01 3.79740e+01
-1.81768e+00 3.78223e-01 3.40197e+01
-1.88031e+00 4.00977e-01 3.04241e+01
-1.94286e+00 4.24643e-01 2.71589e+01
-2.00531e+00 4.49218e-01 2.41984e+01
-2.06769e+00 4.74701e-01 2.15191e+01
-2.13000e+00 5.01090e-01 1.91000e+01
-2.19225e+00 5.28384e-01 1.69216e+01
-2.25444e+00 5.56583e-01 1.49663e+01
-2.31658e+00 5.85686e-01 1.32183e+01
-2.37868e+00 6.15692e-01 1.16630e+01
-2.44075e+00 6.46603e-01 1.02870e+01
-2.50278e+00 6.78417e-01 9.07827e+00
-2.56479e+00 7.11137e-01 8.02569e+00
-2.62679e+00 7.44763e-01 7.11908e+00
-2.68878e+00 7.79296e-01 6.34912e+00
-2.75077e+00 8.14737e-01 5.70722e+00
-2.81276e+00 8.51089e-01 5.18549e+00
-2.87476e+00 8.88354e-01 4.77664e+00
-2.93677e+00 9.26534e-01 4.47392e+00
-2.99882e+00 9.65631e-01 4.27111e+00
-3.06089e+00 1.00565e+00 4.16241e+00
-3.12300e+00 1.04659e+00 4.14243e+00
-3.18515e+00 1.08846e+00 4.20618e+00
-3.24735e+00 1.13126e+00 4.34897e+00
-3.30960e+00 1.17500e+00 4.56643e+00
-3.37192e+00 1.21967e+00 4.85447e+00
-3.43431e+00 1.26529e+00 5.20924e+00
-3.49678e+00 1.31186e+00 5.62714e+00
-3.55932e+00 1.35938e+00 6.10474e+00
-3.62195e+00 1.40786e+00 6.63886e+00
-3.68468e+00 1.45731e+00 7.22644e+00
-3.74751e+00 1.50773e+00 7.86461e+00
-3.81045e+00 1.55913e+00 8.55064e+00
-3.87350e+00 1.61151e+00 9.28194e+00
-3.93667e+00 1.66488e+00 1.00560e+01
-3.99997e+00 1.71926e+00 1.08706e+01
-9.13043e-01 1.83419e-01 1.59425e+02
-9.77978e-01 1.94754e-01 1.45139e+02
-1.04269e+00 2.07183e-01 1.32036e+02
-1.10720e+00 2.20697e-01 1.20040e+02
-1.17150e+00 2.35288e-01 1.09069e+02
-1.23562e+00 2.50950e-01 9.90448e+01
-1.29956e+00 2.67673e-01 8.98896e+01
-1.36333e+00 2.85453e-01 8.15312e+01
-1.42694e+00 3.04282e-01 7.39020e+01
-1.49039e+00 3.24155e-01 6.69395e+01
-1.55371e+00 3.45067e-01 6.05863e+01
-1.61689e+00 3.67013e-01 5.47903e+01
-1.67996e+00 3.89988e-01 4.95039e+01
-1.74290e+00 4.13989e-01 4.46840e+01
-1.80574e+00 4.39012e-01 4.02917e+01
-1.86848e+00 4.65053e-01 3.62917e+01
-1.93114e+00 4.92110e-01 3.26521e+01
-1.99371e+00 5.20181e-01 2.93441e+01
-2.05621e+00 5.49264e-01 2.63418e+01
-2.11865e+00 5.79357e-01 2.36215e+01
-2.18103e+00 6.10459e-01 2.11618e+01
-2.24336e+00 6.42568e-01 1.89435e+01
-2.30565e+00 6.75686e-01 1.69488e+01
-2.36791e+00 7.09811e-01 1.51619e+01
-2.43014e+00 7.44945e-01 1.35682e+01
-2.49236e+00 7.81087e-01 1.21543e+01
-2.55457e+00 8.18238e-01 1.09081e+01
-2.61677e+00 8.56401e-01 9.81855e+00
-2.67899e+00 8.95577e-01 8.87538e+00
-2.74121e+00 9.35767e-01 8.06924e+00
-2.80346e+00 9.76975e-01 7.39150e+00
-2.86573e+00 1.01920e+00 6.83421e+00
-2.92804e+00 1.06246e+00 6.39002e+00
-2.99039e+00 1.10673e+00 6.05213e+00
-3.05280e+00 1.15204e+00 5.81422e+00
-3.11526e+00 1.19839e+00 5.67044e+00
-3.17779e+00 1.24577e+00 5.61533e+00
-3.24039e+00 1.29420e+00 5.64379e+00
-3.30307e+00 1.34368e+00 5.75108e+00
-3.36584e+00 1.39422e+00 5.93273e+00
-3.42870e+00 1.44581e+00 6.18457e+00
-3.49166e+00 1.49848e+00 6.50269e+00
-3.55474e+00 1.55222e+00 6.88337e+00
-3.61793e+00 1.60704e+00 7.32316e+00
-3.68125e+00 1.66295e+00 7.81874e+00
-3.74470e+00 1.71996e+00 8.36701e+00
-3.80829e+00 1.77808e+00 8.96503e+00
-3.87202e+00 1.83731e+00 9.60998e+00
-3.93591e+00 1.89766e+00 1.02992e+01
-3.99997e+00 1.95915e+00 1.10301e+01
-8.98730e-01 2.09537e-01 1.77231e+02
-9.63743e-01 2.22638e-01 1.61218e+02
-1.02853e+00 2.36940e-01 1.46642e+02
-1.09310e+00 2.52432e-01 1.33379e+02
-1.15746e+00 2.69105e-01 1.21310e+02
-1.22163e+00 2.86949e-01 1.10325e+02
-1.28562e+00 3.05956e-01 1.00324e+02
-1.34943e+00 3.26117e-01 9.12140e+01
-1.41309e+00 3.47426e-01 8.29123e+01
-1.47659e+00 3.69875e-01 7.53441e+01
-1.53996e+00 3.93459e-01 6.84421e+01
-1.60319e+00 4.18171e-01 6.21457e+01
-1.66631e+00 4.44007e-01 5.64010e+01
-1.72932e+00 4.70961e-01 5.11593e+01
-1.79222e+00 4.99029e-01 4.63770e+01
-1.85504e+00 5.28209e-01 4.20152e+01
-1.91777e+00 5.58496e-01 3.80388e+01
-1.98044e+00 5.89888e-01 3.44162e+01
-2.04304e+00 6.22383e-01 3.11190e+01
-2.10559e+00 6.55979e-01 2.81217e+01
-2.16809e+00 6.90675e-01 2.54012e+01
-2.23056e+00 7.26470e-01 2.29364e+01
-2.29300e+00 7.63364e-01 2.07086e+01
-2.35543e+00 8.01356e-01 1.87004e+01
-2.41784e+00 8.40449e-01 1.68962e+01
-2.48026e+00 8.80641e-01 1.52818e+01
-2.54268e+00 9.21936e-01 1.38441e+01
-2.60512e+00 9.64335e-01 1.25713e+01
-2.66759e+00 1.00784e+00 1.14523e+01
-2.73009e+00 1.05245e+00 1.04773e+01
-2.79263e+00 1.09818e+00 9.63681e+00
-2.85522e+00 1.14502e+00 8.92247e+00
-2.91787e+00 1.19298e+00 8.32639e+00
-2.98059e+00 1.24207e+00 7.84127e+00
-3.04338e+00 1.29228e+00 7.46038e+00
-3.10625e+00 1.34363e+00 7.17744e+00
-3.16922e+00 1.39612e+00 6.98660e+00
-3.23229e+00 1.44976e+00 6.88243e+00
-3.29546e+00 1.50455e+00 6.85983e+00
-3.35876e+00 1.56050e+00 6.91403e+00
-3.42218e+00 1.61762e+00 7.04058e+00
-3.48573e+00 1.67591e+00 7.23526e+00
-3.54942e+00 1.73539e+00 7.49415e+00
-3.61327e+00 1.79607e+00 7.81350e+00
-3.67727e+00 1.85794e+00 8.18980e+00
-3.74144e+00 1.92103e+00 8.61973e+00
-3.80579e+00 1.98534e+00 9.10013e+00
-3.87032e+00 2.05088e+00 9.62801e+00
-3.93504e+00 2.11767e+00 1.02005e+01
-3.99997e+00 2.18572e+00 1.08149e+01
-8.83948e-01 2.35553e-01 1.93715e+02
-9.48917e-01 2.50457e-01 1.76069e+02
-1.01366e+00 2.66654e-01 1.60123e+02
-1.07818e+00 2.84133e-01 1.45697e+02
-1.14250e+00 3.02882e-01 1.32630e+02
-1.20662e+00 3.22891e-01 1.20782e+02
-1.27057e+00 3.44149e-01 1.10024e+02
-1.33435e+00 3.66648e-01 1.00246e+02
-1.39798e+00 3.90378e-01 9.13491e+01
-1.46146e+00 4.15331e-01 8.32458e+01
-1.52481e+00 4.41502e-01 7.58592e+01
-1.58804e+00 4.68882e-01 6.91211e+01
-1.65116e+00 4.97467e-01 6.29710e+01
-1.71418e+00 5.27250e-01 5.73551e+01
-1.77711e+00 5.58227e-01 5.22259e+01
-1.83997e+00 5.90395e-01 4.75407e+01
-1.90276e+00 6.23749e-01 4.32615e+01
-1.96549e+00 6.58286e-01 3.93545e+01
-2.02817e+00 6.94005e-01 3.57891e+01
-2.09082e+00 7.30903e-01 3.25379e+01
-2.15344e+00 7.68980e-01 2.95764e+01
-2.21604e+00 8.08234e-01 2.68823e+01
-2.27864e+00 8.48666e-01 2.44354e+01
-2.34123e+00 8.90275e-01 2.22175e+01
-2.40384e+00 9.33063e-01 2.02121e+01
-2.46647e+00 9.77031e-01 1.84041e+01
-2.52913e+00 1.02218e+00 1.67796e+01
-2.59183e+00 1.06852e+00 1.53261e+01
-2.65458e+00 1.11604e+00 1.40320e+01
-2.71739e+00 1.16475e+00 1.28868e+01
-2.78026e+00 1.21466e+00 1.18806e+01
-2.84322e+00 1.26577e+00 1.10046e+01
-2.90625e+00 1.31808e+00 1.02503e+01
-2.96939e+00 1.37160e+00 9.61011e+00
-3.03262e+00 1.42634e+00 9.07686e+00
-3.09597e+00 1.48230e+00 8.64390e+00
-3.15945e+00 1.53948e+00 8.30508e+00
-3.22305e+00 1.59791e+00 8.05460e+00
-3.28679e+00 1.65758e+00 7.88709e+00
-3.35069e+00 1.71851e+00 7.79750e+00
-3.41474e+00 1.78069e+00 7.78109e+00
-3.47897e+00 1.84415e+00 7.83340e+00
-3.54337e+00 1.90889e+00 7.95024e+00
-3.60796e+00 1.97493e+00 8.12765e+00
-3.67274e+00 2.04227e+00 8.36190e+00
-3.73774e+00 2.11092e+00 8.64944e+00
-3.80295e+00 2.18091e+00 8.98693e+00
-3.86838e+00 2.25223e+00 9.37116e+00
-3.93405e+00 2.32491e+00 9.79912e+00
-3.99997e+00 2.39896e+00 1.02679e+01
-8.68703e-01 2.61437e-01 2.08963e+02
-9.33501e-01 2.78179e-01 1.89773e+02
-9.98075e-01 2.96294e-01 1.72548e+02
-1.06244e+00 3.15768e-01 1.57052e+02
-1.12661e+00 3.36588e-01 1.43077e+02
-1.19059e+00 3.58742e-01 1.30448e+02
-1.25441e+00 3.82218e-01 1.19013e+02
-1.31807e+00 4.07007e-01 1.08640e+02
-1.38159e+00 4.33098e-01 9.92139e+01
-1.44498e+00 4.60483e-01 9.06365e+01
-1.50825e+00 4.89153e-01 8.28211e+01
-1.57142e+00 5.19102e-01 7.56918e+01
-1.63449e+00 5.50323e-01 6.91823e+01
-1.69748e+00 5.82810e-01 6.32341e+01
-1.76040e+00 6.16558e-01 5.77956e+01
-1.82326e+00 6.51562e-01 5.28211e+01
-1.88607e+00 6.87820e-01 4.82699e+01
-1.94885e+00 7.25326e-01 4.41059e+01
-2.01160e+00 7.64080e-01 4.02968e+01
-2.07433e+00 8.04080e-01 3.68137e+01
-2.13706e+00 8.45324e-01 3.36306e+01
-2.19979e+00 8.87811e-01 3.07239e+01
-2.26254e+00 9.31542e-01 2.80727e+01
-2.32532e+00 9.76518e-01 2.56578e+01
-2.38813e+00 1.02274e+00 2.34617e+01
-2.45100e+00 1.07021e+00 2.14687e+01
-2.51392e+00 1.11893e+00 1.96643e+01
-2.57690e+00 1.16890e+00 1.80353e+01
-2.63996e+00 1.22013e+00 1.65697e+01
-2.70312e+00 1.27262e+00 1.52563e+01
-2.76636e+00 1.32637e+00 1.40850e+01
-2.82972e+00 1.38140e+00 1.30463e+01
-2.89319e+00 1.43770e+00 1.21314e+01
-2.95679e+00 1.49529e+00 1.13324e+01
-3.02053e+00 1.55417e+00 1.06417e+01
-3.08442e+00 1.61435e+00 1.00523e+01
-3.14846e+00 1.67583e+00 9.55770e+00
-3.21267e+00 1.73863e+00 9.15187e+00
-3.27706e+00 1.80275e+00 8.82909e+00
-3.34163e+00 1.86821e+00 8.58405e+00
-3.40640e+00 1.93502e+00 8.41172e+00
-3.47138e+00 2.00318e+00 8.30738e+00
-3.53658e+00 2.07271e+00 8.26659e+00
-3.60201e+00 2.14362e+00 8.28514e+00
-3.66768e+00 2.21592e+00 8.35905e+00
-3.73359e+00 2.28964e+00 8.48455e+00
-3.79977e+00 2.36477e+00 8.65803e+00
-3.86622e+00 2.44135e+00 8.87608e+00
-3.93294e+00 2.51938e+00 9.13545e+00
-3.99997e+00 2.59887e+00 9.43300e+00
-8.53003e-01 2.87159e-01 2.23060e+02
-9.17500e-01 3.05775e-01 2.02403e+02
-9.81788e-01 3.25829e-01 1.83984e+02
-1.04588e+00 3.47304e-01 1.67499e+02
-1.10979e+00 3.70188e-01 1.52695e+02
-1.17354e+00 3.94466e-01 1.39360e+02
-1.23714e+00 4.20126e-01 1.27315e+02
-1.30059e+00 4.47157e-01 1.16409e+02
-1.36393e+00 4.75548e-01 1.06512e+02
-1.42715e+00 5.05289e-01 9.75125e+01
-1.49028e+00 5.36372e-01 8.93159e+01
-1.55333e+00 5.68788e-01 8.18391e+01
-1.61630e+00 6.02532e-01 7.50099e+01
-1.67921e+00 6.37596e-01 6.87656e+01
-1.74208e+00 6.73975e-01 6.30507e+01
-1.80491e+00 7.11664e-01 5.78169e+01
-1.86771e+00 7.50660e-01 5.30210e+01
-1.93051e+00 7.90959e-01 4.86249e+01
-1.99330e+00 8.32559e-01 4.45947e+01
-2.05611e+00 8.75458e-01 4.08999e+01
-2.11894e+00 9.19656e-01 3.75136e+01
-2.18181e+00 9.65151e-01 3.44110e+01
-2.24472e+00 1.01194e+00 3.15703e+01
-2.30768e+00 1.06004e+00 2.89714e+01
-2.37071e+00 1.10943e+00 2.65963e+01
-2.43382e+00 1.16013e+00 2.44285e+01
-2.49702e+00 1.21213e+00 2.24530e+01
-2.56032e+00 1.26544e+00 2.06560e+01
-2.62373e+00 1.32007e+00 1.90250e+01
-2.68726e+00 1.37602e+00 1.75484e+01
-2.75092e+00 1.43329e+00 1.62155e+01
-2.81473e+00 1.49189e+00 1.50166e+01
-2.87869e+00 1.55183e+00 1.39425e+01
-2.94281e+00 1.61312e+00 1.29847e+01
-3.00710e+00 1.67576e+00 1.21355e+01
-3.07158e+00 1.73976e+00 1.13874e+01
-3.13626e+00 1.80514e+00 1.07336e+01
-3.20115e+00 1.87190e+00 1.01678e+01
-3.26625e+00 1.94005e+00 9.68396e+00
-3.33158e+00 2.00960e+00 9.27640e+00
-3.39715e+00 2.08058e+00 8.93980e+00
-3.46297e+00 2.15298e+00 8.66917e+00
-3.52906e+00 2.22683e+00 8.45973e+00
-3.59542e+00 2.30213e+00 8.30699e+00
-3.66206e+00 2.37891e+00 8.20666e+00
-3.72900e+00 2.45717e+00 8.15467e+00
-3.79625e+00 2.53694e+00 8.14711e+00
-3.86382e+00 2.61824e+00 8.18027e+00
-3.93172e+00 2.70107e+00 8.25056e+00
-3.99997e+00 2.78546e+00 8.35456e+00
-8.36855e-01 3.12690e-01 2.36082e+02
-9.00920e-01 3.33215e-01 2.14030e+02
-9.64797e-01 3.55227e-01 1.94491e+02
-1.02850e+00 3.78711e-01 1.77091e+02
-1.09205e+00 4.03650e-01 1.61527e+02
-1.15546e+00 4.30030e-01 1.47550e+02
-1.21874e+00 4.57838e-01 1.34954e+02
-1.28191e+00 4.87061e-01 1.23569e+02
-1.34498e+00 5.17688e-01 1.13250e+02
-1.40797e+00 5.49709e-01 1.03874e+02
-1.47089e+00 5.83115e-01 9.53368e+01
-1.53375e+00 6.17897e-01 8.75496e+01
-1.59657e+00 6.54048e-01 8.04348e+01
-1.65936e+00 6.91561e-01 7.39254e+01
-1.72213e+00 7.30431e-01 6.79629e+01
-1.78490e+00 7.70653e-01 6.24959e+01
-1.84768e+00 8.12222e-01 5.74794e+01
-1.91047e+00 8.55137e-01 5.28734e+01
-1.97329e+00 8.99393e-01 4.86425e+01
-2.03616e+00 9.44991e-01 4.47550e+01
-2.09909e+00 9.91928e-01 4.11827e+01
-2.16208e+00 1.04021e+00 3.79003e+01
-2.22515e+00 1.08982e+00 3.48848e+01
-2.28831e+00 1.14078e+00 3.21155e+01
-2.35158e+00 1.19309e+00 2.95738e+01
-2.41495e+00 1.24674e+00 2.72425e+01
-2.47846e+00 1.30175e+00 2.51061e+01
-2.54209e+00 1.35810e+00 2.31504e+01
-2.60588e+00 1.41582e+00 2.13624e+01
-2.66983e+00 1.47491e+00 1.97299e+01
-2.73394e+00 1.53537e+00 1.82421e+01
-2.79824e+00 1.59720e+00 1.68885e+01
-2.86273e+00 1.66043e+00 1.56597e+01
-2.92743e+00 1.72505e+00 1.45468e+01
-2.99234e+00 1.79108e+00 1.35417e+01
-3.05748e+00 1.85852e+00 1.26367e+01
-3.12285e+00 1.92739e+00 1.18245e+01
-3.18848e+00 1.99769e+00 1.10983e+01
-3.25437e+00 2.06945e+00 1.04519e+01
-3.32054e+00 2.14267e+00 9.87914e+00
-3.38699e+00 2.21737e+00 9.37440e+00
-3.45374e+00 2.29355e+00 8.93226e+00
-3.52080e+00 2.37125e+00 8.54758e+00
-3.58818e+00 2.45046e+00 8.21546e+00
-3.65590e+00 2.53122e+00 7.93122e+00
-3.72397e+00 2.61353e+00 7.69035e+00
-3.79239e+00 2.69741e+00 7.48853e+00
-3.86119e+00 2.78289e+00 7.32159e+00
-3.93038e+00 2.86999e+00 7.18549e+00
-3.99997e+00 2.95872e+00 7.07630e+00
-8.20271e-01 3.37998e-01 2.48099e+02
-8.83768e-01 3.60466e-01 2.24717e+02
-9.47109e-01 3.84457e-01 2.04125e+02
-1.01031e+00 4.09953e-01 1.85876e+02
-1.07338e+00 4.36938e-01 1.69612e+02
-1.13635e+00 4.65397e-01 1.55050e+02
-1.19923e+00 4.95315e-01 1.41955e+02
-1.26202e+00 5.26680e-01 1.30137e+02
-1.32475e+00 5.59480e-01 1.19438e+02
-1.38743e+00 5.93704e-01 1.09723e+02
-1.45008e+00 6.29342e-01 1.00881e+02
-1.51270e+00 6.66386e-01 9.28149e+01
-1.57532e+00 7.04828e-01 8.54435e+01
-1.63793e+00 7.44662e-01 7.86958e+01
-1.70057e+00 7.85882e-01 7.25102e+01
-1.76324e+00 8.28482e-01 6.68330e+01
-1.82595e+00 8.72460e-01 6.16171e+01
-1.88872e+00 9.17812e-01 5.68209e+01
-1.95156e+00 9.64536e-01 5.24078e+01
-2.01448e+00 1.01263e+00 4.83449e+01
-2.07749e+00 1.06210e+00 4.46030e+01
-2.14061e+00 1.11293e+00 4.11559e+01
-2.20385e+00 1.16514e+00 3.79801e+01
-2.26721e+00 1.21872e+00 3.50540e+01
-2.33072e+00 1.27368e+00 3.23586e+01
-2.39438e+00 1.33001e+00 2.98760e+01
-2.45821e+00 1.38773e+00 2.75903e+01
-2.52221e+00 1.44684e+00 2.54867e+01
-2.58641e+00 1.50735e+00 2.35518e+01
-2.65081e+00 1.56925e+00 2.17730e+01
-2.71542e+00 1.63257e+00 2.01390e+01
-2.78025e+00 1.69730e+00 1.86390e+01
-2.84532e+00 1.76346e+00 1.72631e+01
-2.91065e+00 1.83105e+00 1.60020e+01
-2.97623e+00 1.90009e+00 1.48472e+01
-3.04209e+00 1.97059e+00 1.37906e+01
-3.10823e+00 2.04256e+00 1.28244e+01
-3.17467e+00 2.11600e+00 1.19415e+01
-3.24143e+00 2.19094e+00 1.11352e+01
-3.30851e+00 2.26739e+00 1.03988e+01
-3.37592e+00 2.34537e+00 9.72626e+00
-3.44368e+00 2.42489e+00 9.11168e+00
-3.51181e+00 2.50596e+00 8.54940e+00
-3.58031e+00 2.58861e+00 8.03397e+00
-3.64920e+00 2.67285e+00 7.56015e+00
-3.71849e+00 2.75870e+00 7.12281e+00
-3.78820e+00 2.84618e+00 6.71701e+00
-3.85834e+00 2.93532e+00 6.33790e+00
-3.92892e+00 3.02613e+00 5.98071e+00
-3.99997e+00 3.11865e+00 5.64076e+00
-8.03263e-01 3.63054e-01 2.59181e+02
-8.66056e-01 3.87498e-01 2.34525e+02
-9.28732e-01 4.13486e-01 2.12940e+02
-9.91308e-01 4.40999e-01 1.93898e+02
-1.05380e+00 4.70019e-01 1.76990e+02
-1.11622e+00 5.00532e-01 1.61890e+02
-1.17859e+00 5.32522e-01 1.48341e+02
-1.24093e+00 5.65976e-01 1.36131e+02
-1.30324e+00 6.00883e-01 1.25087e+02
-1.36554e+00 6.37231e-01 1.15066e+02
-1.42784e+00 6.75010e-01 1.05948e+02
-1.49017e+00 7.14212e-01 9.76307e+01
-1.55252e+00 7.54829e-01 9.00276e+01
-1.61493e+00 7.96854e-01 8.30645e+01
-1.67739e+00 8.40282e-01 7.66771e+01
-1.73993e+00 8.85108e-01 7.08094e+01
-1.80255e+00 9.31328e-01 6.54128e+01
-1.86527e+00 9.78941e-01 6.04441e+01
-1.92810e+00 1.02794e+00 5.58654e+01
-1.99106e+00 1.07833e+00 5.16429e+01
-2.05415e+00 1.13011e+00 4.77467e+01
-2.11740e+00 1.18328e+00 4.41496e+01
-2.18080e+00 1.23784e+00 4.08274e+01
-2.24438e+00 1.29380e+00 3.77582e+01
-2.30814e+00 1.35115e+00 3.49220e+01
-2.37211e+00 1.40990e+00 3.23009e+01
-2.43628e+00 1.47006e+00 2.98782e+01
-2.50068e+00 1.53163e+00 2.76387e+01
-2.56532e+00 1.59461e+00 2.55686e+01
-2.63020e+00 1.65903e+00 2.36549e+01
-2.69535e+00 1.72487e+00 2.18856e+01
-2.76076e+00 1.79216e+00 2.02498e+01
-2.82647e+00 1.86090e+00 1.87370e+01
-2.89247e+00 1.93111e+00 1.73375e+01
-2.95878e+00 2.00279e+00 1.60422e+01
-3.02542e+00 2.07596e+00 1.48426e+01
-3.09240e+00 2.15062e+00 1.37305e+01
-3.15972e+00 2.22680e+00 1.26982e+01
-3.22741e+00 2.30451e+00 1.17383e+01
-3.29548e+00 2.38376e+00 1.08438e+01
-3.36394e+00 2.46458e+00 1.00079e+01
-3.43280e+00 2.54697e+00 9.22406e+00
-3.50208e+00 2.63095e+00 8.48587e+00
-3.57179e+00 2.71655e+00 7.78716e+00
-3.64195e+00 2.80379e+00 7.12185e+00
-3.71257e+00 2.89268e+00 6.48396e+00
-3.78366e+00 2.98325e+00 5.86759e+00
-3.85525e+00 3.07552e+00 5.26685e+00
-3.92735e+00 3.16951e+00 4.67585e+00
-3.99996e+00 3.26525e+00 4.08868e+00
-7.85845e-01 3.87827e-01 2.69390e+02
-8.47795e-01 4.14280e-01 2.43510e+02
-9.09678e-01 4.42282e-01 2.20984e+02
-9.71509e-01 4.71814e-01 2.01201e+02
-1.03331e+00 5.02858e-01 1.83694e+02
-1.09508e+00 5.35399e-01 1.68101e+02
-1.15685e+00 5.69421e-01 1.54135e+02
-1.21863e+00 6.04912e-01 1.41567e+02
-1.28044e+00 6.41859e-01 1.30210e+02
-1.34229e+00 6.80251e-01 1.19911e+02
-1.40419e+00 7.20079e-01 1.10542e+02
-1.46615e+00 7.61333e-01 1.01996e+02
-1.52820e+00 8.04007e-01 9.41829e+01
-1.59034e+00 8.48094e-01 8.70241e+01
-1.65259e+00 8.93589e-01 8.04533e+01
-1.71496e+00 9.40486e-01 7.44127e+01
-1.77746e+00 9.88784e-01 6.88517e+01
-1.84011e+00 1.03848e+00 6.37261e+01
-1.90292e+00 1.08957e+00 5.89970e+01
-1.96590e+00 1.14206e+00 5.46296e+01
-2.02907e+00 1.19594e+00 5.05931e+01
-2.09244e+00 1.25122e+00 4.68598e+01
-2.15601e+00 1.30790e+00 4.34049e+01
-2.21981e+00 1.36598e+00 4.02059e+01
-2.28385e+00 1.42546e+00 3.72424e+01
-2.34813e+00 1.48636e+00 3.44957e+01
-2.41268e+00 1.54868e+00 3.19490e+01
-2.47750e+00 1.61241e+00 2.95866e+01
-2.54261e+00 1.67758e+00 2.73941e+01
-2.60801e+00 1.74419e+00 2.53581e+01
-2.67373e+00 1.81224e+00 2.34664e+01
-2.73978e+00 1.88175e+00 2.17072e+01
-2.80616e+00 1.95273e+00 2.00699e+01
-2.87290e+00 2.02519e+00 1.85442e+01
-2.94000e+00 2.09914e+00 1.71204e+01
-3.00748e+00 2.17460e+00 1.57895e+01
-3.07535e+00 2.25157e+00 1.45428e+01
-3.14363e+00 2.33008e+00 1.33717e+01
-3.21233e+00 2.41014e+00 1.22684e+01
-3.28146e+00 2.49177e+00 1.12251e+01
-3.35104e+00 2.57498e+00 1.02340e+01
-3.42109e+00 2.65979e+00 9.28788e+00
-3.49161e+00 2.74622e+00 8.37933e+00
-3.56263e+00 2.83430e+00 7.50110e+00
-3.63415e+00 2.92404e+00 6.64597e+00
-3.70620e+00 3.01547e+00 5.80666e+00
-3.77879e+00 3.10861e+00 4.97584e+00
-3.85194e+00 3.20348e+00 4.14602e+00
-3.92566e+00 3.30011e+00 3.30955e+00
-3.99996e+00 3.39853e+00 2.45853e+00
-7.68032e-01 4.12287e-01 2.78789e+02
-8.28999e-01 4.40780e-01 2.51725e+02
-8.89958e-01 4.70812e-01 2.28304e+02
-9.50923e-01 5.02364e-01 2.07824e+02
-1.01191e+00 5.35420e-01 1.89759e+02
-1.07293e+00 5.69961e-01 1.73709e+02
-1.13401e+00 6.05975e-01 1.59359e+02
-1.19515e+00 6.43448e-01 1.46463e+02
-1.25637e+00 6.82368e-01 1.34820e+02
-1.31769e+00 7.22725e-01 1.24266e+02
-1.37912e+00 7.64508e-01 1.14669e+02
-1.44066e+00 8.07709e-01 1.05914e+02
-1.50235e+00 8.52322e-01 9.79090e+01
-1.56418e+00 8.98341e-01 9.05717e+01
-1.62617e+00 9.45760e-01 8.38337e+01
-1.68834e+00 9.94575e-01 7.76353e+01
-1.75069e+00 1.04478e+00 7.19247e+01
-1.81325e+00 1.09638e+00 6.66565e+01
-1.87602e+00 1.14938e+00 6.17907e+01
-1.93901e+00 1.20376e+00 5.72918e+01
-2.00225e+00 1.25953e+00 5.31284e+01
-2.06574e+00 1.31670e+00 4.92721e+01
-2.12949e+00 1.37526e+00 4.56976e+01
-2.19352e+00 1.43522e+00 4.23819e+01
-2.25784e+00 1.49659e+00 3.93042e+01
-2.32246e+00 1.55937e+00 3.64454e+01
-2.38740e+00 1.62356e+00 3.37881e+01
-2.45267e+00 1.68918e+00 3.13162e+01
-2.51828e+00 1.75623e+00 2.90151e+01
-2.58424e+00 1.82471e+00 2.68708e+01
-2.65058e+00 1.89465e+00 2.48705e+01
-2.71730e+00 1.96605e+00 2.30023e+01
-2.78441e+00 2.03892e+00 2.12548e+01
-2.85193e+00 2.11328e+00 1.96172e+01
-2.91988e+00 2.18913e+00 1.80794e+01
-2.98826e+00 2.26650e+00 1.66316e+01
-3.05709e+00 2.34539e+00 1.52643e+01
-3.12639e+00 2.42583e+00 1.39684e+01
-3.19618e+00 2.50782e+00 1.27352e+01
-3.26645e+00 2.59139e+00 1.15557e+01
-3.33724e+00 2.67656e+00 1.04215e+01
-3.40855e+00 2.76335e+00 9.32392e+00
-3.48041e+00 2.85177e+00 8.25434e+00
-3.55282e+00 2.94185e+00 7.20404e+00
-3.62581e+00 3.03361e+00 6.16413e+00
-3.69939e+00 3.12707e+00 5.12546e+00
-3.77358e+00 3.22226e+00 4.07854e+00
-3.84839e+00 3.31921e+00 3.01344e+00
-3.92385e+00 3.41794e+00 1.91970e+00
-3.99996e+00 3.51847e+00 7.86190e-01
-7.49842e-01 4.36403e-01 2.87437e+02
-8.09685e-01 4.66966e-01 2.59220e+02
-8.69588e-01 4.99044e-01 2.34941e+02
-9.29564e-01 5.32618e-01 2.13802e+02
-9.89628e-01 5.67670e-01 1.95215e+02
-1.04979e+00 6.04185e-01 1.78739e+02
-1.11008e+00 6.42148e-01 1.64035e+02
-1.17049e+00 6.81548e-01 1.50836e+02
-1.23105e+00 7.22373e-01 1.38929e+02
-1.29176e+00 7.64612e-01 1.28142e+02
-1.35264e+00 8.08257e-01 1.18335e+02
-1.41371e+00 8.53300e-01 1.09390e+02
-1.47498e+00 8.99734e-01 1.01208e+02
-1.53645e+00 9.47554e-01 9.37078e+01
-1.59814e+00 9.96755e-01 8.68170e+01
-1.66007e+00 1.04733e+00 8.04747e+01
-1.72225e+00 1.09929e+00 7.46278e+01
-1.78469e+00 1.15262e+00 6.92299e+01
-1.84740e+00 1.20732e+00 6.42401e+01
-1.91040e+00 1.26340e+00 5.96224e+01
-1.97369e+00 1.32085e+00 5.53446e+01
-2.03730e+00 1.37968e+00 5.13780e+01
-2.10123e+00 1.43990e+00 4.76966e+01
-2.16549e+00 1.50150e+00 4.42772e+01
-2.23011e+00 1.56449e+00 4.10983e+01
-2.29509e+00 1.62888e+00 3.81407e+01
-2.36044e+00 1.69468e+00 3.53865e+01
-2.42619e+00 1.76188e+00 3.28193e+01
-2.49233e+00 1.83051e+00 3.04238e+01
-2.55889e+00 1.90057e+00 2.81860e+01
-2.62588e+00 1.97208e+00 2.60924e+01
-2.69332e+00 2.04503e+00 2.41307e+01
-2.76121e+00 2.11945e+00 2.22889e+01
-2.82957e+00 2.19535e+00 2.05558e+01
-2.89841e+00 2.27274e+00 1.89205e+01
-2.96776e+00 2.35164e+00 1.73725e+01
-3.03762e+00 2.43206e+00 1.59016e+01
-3.10801e+00 2.51402e+00 1.44979e+01
-3.17895e+00 2.59754e+00 1.31514e+01
-3.25045e+00 2.68263e+00 1.18523e+01
-3.32253e+00 2.76932e+00 1.05905e+01
-3.39519e+00 2.85763e+00 9.35616e+00
-3.46847e+00 2.94758e+00 8.13873e+00
-3.54238e+00 3.03918e+00 6.92751e+00
-3.61693e+00 3.13247e+00 5.71124e+00
-3.69214e+00 3.22747e+00 4.47803e+00
-3.76803e+00 3.32421e+00 3.21514e+00
-3.84461e+00 3.42270e+00 1.90886e+00
-3.92192e+00 3.52299e+00 5.44184e-01
-3.99996e+00 3.62510e+00 -8.95381e-01
-7.31294e-01 4.60147e-01 2.95391e+02
-7.89871e-01 4.92810e-01 2.66044e+02
-8.48585e-01 5.26947e-01 2.40937e+02
-9.07448e-01 5.62540e-01 2.19168e+02
-9.66475e-01 5.99574e-01 2.00088e+02
-1.02568e+00 6.38033e-01 1.83215e+02
-1.08507e+00 6.77904e-01 1.68181e+02
-1.14466e+00 7.19175e-01 1.54701e+02
-1.20447e+00 7.61836e-01 1.42551e+02
-1.26451e+00 8.05876e-01 1.31549e+02
-1.32478e+00 8.51289e-01 1.21549e+02
-1.38531e+00 8.98066e-01 1.12428e+02
-1.44610e+00 9.46203e-01 1.04086e+02
-1.50716e+00 9.95693e-01 9.64358e+01
-1.56852e+00 1.04653e+00 8.94054e+01
-1.63018e+00 1.09872e+00 8.29320e+01
-1.69214e+00 1.15226e+00 7.69612e+01
-1.75444e+00 1.20714e+00 7.14457e+01
-1.81707e+00 1.26337e+00 6.63441e+01
-1.88006e+00 1.32094e+00 6.16196e+01
-1.94340e+00 1.37987e+00 5.72395e+01
-2.00713e+00 1.44014e+00 5.31747e+01
-2.07124e+00 1.50178e+00 4.93988e+01
-2.13575e+00 1.56477e+00 4.58883e+01
-2.20067e+00 1.62914e+00 4.26213e+01
-2.26602e+00 1.69488e+00 3.95783e+01
-2.33182e+00 1.76200e+00 3.67410e+01
-2.39806e+00 1.83051e+00 3.40928e+01
-2.46477e+00 1.90042e+00 3.16180e+01
-2.53196e+00 1.97175e+00 2.93020e+01
-2.59965e+00 2.04449e+00 2.71313e+01
-2.66784e+00 2.11867e+00 2.50927e+01
-2.73656e+00 2.19430e+00 2.31740e+01
-2.80581e+00 2.27138e+00 2.13633e+01
-2.87561e+00 2.34995e+00 1.96490e+01
-2.94599e+00 2.43000e+00 1.80200e+01
-3.01694e+00 2.51156e+00 1.64652e+01
-3.08849e+00 2.59465e+00 1.49735e+01
-3.16066e+00 2.67928e+00 1.35339e+01
-3.23346e+00 2.76548e+00 1.21352e+01
-3.30690e+00 2.85325e+00 1.07656e+01
-3.38101e+00 2.94264e+00 9.41326e+00
-3.45580e+00 3.03365e+00 8.06539e+00
-3.53129e+00 3.12631e+00 6.70850e+00
-3.60750e+00 3.22065e+00 5.32798e+00
-3.68444e+00 3.31668e+00 3.90788e+00
-3.76214e+00 3.41445e+00 2.43057e+00
-3.84061e+00 3.51397e+00 8.76276e-01
-3.91988e+00 3.61527e+00 -7.77417e-01
-3.99996e+00 3.71839e+00 -2.55623e+00
-7.12409e-01 4.83490e-01 3.02709e+02
-7.69577e-01 5.18279e-01 2.72241e+02
-8.26969e-01 5.54488e-01 2.46326e+02
-8.84596e-01 5.92100e-01 2.23953e+02
-9.42469e-01 6.31099e-01 2.04405e+02
-1.00060e+00 6.71472e-01 1.87156e+02
-1.05900e+00 7.13207e-01 1.71813e+02
-1.11769e+00 7.56292e-01 1.58073e+02
-1.17666e+00 8.00719e-01 1.45697e+02
-1.23594e+00 8.46479e-01 1.34497e+02
-1.29554e+00 8.93565e-01 1.24319e+02
-1.35546e+00 9.41970e-01 1.15038e+02
-1.41572e+00 9.91691e-01 1.06548e+02
-1.47633e+00 1.04272e+00 9.87616e+01
-1.53731e+00 1.09506e+00 9.16041e+01
-1.59865e+00 1.14871e+00 8.50116e+01
-1.66039e+00 1.20366e+00 7.89288e+01
-1.72251e+00 1.25992e+00 7.33075e+01
-1.78505e+00 1.31748e+00 6.81056e+01
-1.84801e+00 1.37635e+00 6.32859e+01
-1.91140e+00 1.43654e+00 5.88153e+01
-1.97523e+00 1.49804e+00 5.46643e+01
-2.03952e+00 1.56086e+00 5.08062e+01
-2.10429e+00 1.62501e+00 4.72170e+01
-2.16953e+00 1.69050e+00 4.38750e+01
-2.23527e+00 1.75732e+00 4.07600e+01
-2.30152e+00 1.82549e+00 3.78536e+01
-2.36829e+00 1.89503e+00 3.51390e+01
-2.43560e+00 1.96593e+00 3.26001e+01
-2.50346e+00 2.03820e+00 3.02221e+01
-2.57188e+00 2.11188e+00 2.79910e+01
-2.64087e+00 2.18695e+00 2.58934e+01
-2.71046e+00 2.26344e+00 2.39164e+01
-2.78066e+00 2.34137e+00 2.20477e+01
-2.85148e+00 2.42074e+00 2.02751e+01
-2.92294e+00 2.50158e+00 1.85865e+01
-2.99505e+00 2.58389e+00 1.69701e+01
-3.06783e+00 2.66771e+00 1.54137e+01
-3.14130e+00 2.75304e+00 1.39049e+01
-3.21547e+00 2.83992e+00 1.24307e+01
-3.29037e+00 2.92835e+00 1.09776e+01
-3.36600e+00 3.01836e+00 9.53106e+00
-3.44239e+00 3.10998e+00 8.07538e+00
-3.51956e+00 3.20322e+00 6.59323e+00
-3.59752e+00 3.29812e+00 5.06525e+00
-3.67629e+00 3.39469e+00 3.46948e+00
-3.75591e+00 3.49298e+00 1.78063e+00
-3.83637e+00 3.59300e+00 -3.08728e-02
-3.91772e+00 3.69478e+00 -2.00014e+00
-3.99996e+00 3.79836e+00 -4.16953e+00
-6.93208e-01 5.06405e-01 3.09445e+02
-7.48825e-01 5.43346e-01 2.77854e+02
-8.04762e-01 5.81638e-01 2.51144e+02
-8.61028e-01 6.21264e-01 2.28184e+02
-9.17633e-01 6.62211e-01 2.08186e+02
-9.74587e-01 7.04467e-01 1.90582e+02
-1.03190e+00 7.48021e-01 1.74948e+02
-1.08958e+00 7.92864e-01 1.60964e+02
-1.14764e+00 8.38988e-01 1.48379e+02
-1.20609e+00 8.86385e-01 1.36996e+02
-1.26494e+00 9.35049e-01 1.26656e+02
-1.32419e+00 9.84976e-01 1.17227e+02
-1.38387e+00 1.03616e+00 1.08603e+02
-1.44398e+00 1.08860e+00 1.00693e+02
-1.50452e+00 1.14230e+00 9.34203e+01
-1.56552e+00 1.19725e+00 8.67207e+01
-1.62698e+00 1.25345e+00 8.05375e+01
-1.68892e+00 1.31091e+00 7.48220e+01
-1.75134e+00 1.36963e+00 6.95315e+01
-1.81426e+00 1.42960e+00 6.46282e+01
-1.87768e+00 1.49084e+00 6.00788e+01
-1.94162e+00 1.55335e+00 5.58535e+01
-2.00610e+00 1.61713e+00 5.19253e+01
-2.07112e+00 1.68219e+00 4.82701e+01
-2.13669e+00 1.74854e+00 4.48659e+01
-2.20284e+00 1.81619e+00 4.16925e+01
-2.26957e+00 1.88514e+00 3.87312e+01
-2.33689e+00 1.95541e+00 3.59650e+01
-2.40482e+00 2.02700e+00 3.33777e+01
-2.47338e+00 2.09993e+00 3.09543e+01
-2.54257e+00 2.17421e+00 2.86805e+01
-2.61242e+00 2.24985e+00 2.65426e+01
-2.68293e+00 2.32687e+00 2.45273e+01
-2.75412e+00 2.40529e+00 2.26219e+01
-2.82601e+00 2.48511e+00 2.08136e+01
-2.89862e+00 2.56635e+00 1.90896e+01
-2.97195e+00 2.64904e+00 1.74372e+01
-3.04603e+00 2.73319e+00 1.58431e+01
-3.12088e+00 2.81882e+00 1.42934e+01
-3.19650e+00 2.90595e+00 1.27733e+01
-3.27293e+00 2.99460e+00 1.12671e+01
-3.35017e+00 3.08479e+00 9.75704e+00
-3.42825e+00 3.17656e+00 8.22356e+00
-3.50718e+00 3.26991e+00 6.64417e+00
-3.58700e+00 3.36489e+00 4.99272e+00
-3.66771e+00 3.46151e+00 3.23819e+00
-3.74934e+00 3.55980e+00 1.34311e+00
-3.83191e+00 3.65979e+00 -7.38719e-01
-3.91544e+00 3.76151e+00 -3.06538e+00
-3.99996e+00 3.86500e+00 -5.71152e+00
-6.73715e-01 5.28865e-01 3.15657e+02
-7.27639e-01 5.67983e-01 2.82925e+02
-7.81988e-01 6.08366e-01 2.55421e+02
-8.36769e-01 6.50001e-01 2.31884e+02
-8.91990e-01 6.92878e-01 2.11451e+02
-9.47658e-01 7.36985e-01 1.93506e+02
-1.00378e+00 7.82314e-01 1.77597e+02
-1.06037e+00 8.28856e-01 1.63385e+02
-1.11743e+00 8.76606e-01 1.50607e+02
-1.17497e+00 9.25557e-01 1.39055e+02
-1.23300e+00 9.75706e-01 1.28566e+02
-1.29153e+00 1.02705e+00 1.19004e+02
-1.35056e+00 1.07958e+00 1.10258e+02
-1.41011e+00 1.13330e+00 1.02237e+02
-1.47019e+00 1.18822e+00 9.48626e+01
-1.53080e+00 1.24432e+00 8.80681e+01
-1.59196e+00 1.30161e+00 8.17967e+01
-1.65367e+00 1.36009e+00 7.59989e+01
-1.71596e+00 1.41977e+00 7.06315e+01
-1.77881e+00 1.48066e+00 6.56565e+01
-1.84226e+00 1.54274e+00 6.10403e+01
-1.90631e+00 1.60604e+00 5.67527e+01
-1.97097e+00 1.67055e+00 5.27669e+01
-2.03625e+00 1.73628e+00 4.90584e+01
-2.10217e+00 1.80325e+00 4.56052e+01
-2.16873e+00 1.87146e+00 4.23871e+01
-2.23596e+00 1.94092e+00 3.93854e+01
-2.30386e+00 2.01164e+00 3.65829e+01
-2.37245e+00 2.08363e+00 3.39634e+01
-2.44173e+00 2.15691e+00 3.15119e+01
-2.51174e+00 2.23148e+00 2.92138e+01
-2.58247e+00 2.30737e+00 2.70555e+01
-2.65395e+00 2.38458e+00 2.50234e+01
-2.72620e+00 2.46313e+00 2.31046e+01
-2.79921e+00 2.54304e+00 2.12857e+01
-2.87302e+00 2.62432e+00 1.95538e+01
-2.94764e+00 2.70699e+00 1.78951e+01
-3.02309e+00 2.79108e+00 1.62953e+01
-3.09938e+00 2.87659e+00 1.47394e+01
-3.17654e+00 2.96356e+00 1.32107e+01
-3.25457e+00 3.05200e+00 1.16907e+01
-3.33351e+00 3.14194e+00 1.01583e+01
-3.41337e+00 3.23339e+00 8.58903e+00
-3.49417e+00 3.32639e+00 6.95353e+00
-3.57593e+00 3.42096e+00 5.21599e+00
-3.65868e+00 3.51712e+00 3.33154e+00
-3.74243e+00 3.61491e+00 1.24258e+00
-3.82721e+00 3.71435e+00 -1.12685e+00
-3.91304e+00 3.81547e+00 -3.87996e+00
-3.99996e+00 3.91831e+00 -7.16145e+00
-6.53955e-01 5.50845e-01 3.21400e+02
-7.06044e-01 5.92161e-01 2.87493e+02
-7.58673e-01 6.34644e-01 2.59185e+02
-8.11845e-01 6.78283e-01 2.35075e+02
-8.65566e-01 7.23069e-01 2.14215e+02
-9.19841e-01 7.68994e-01 1.95941e+02
-9.74676e-01 8.16052e-01 1.79772e+02
-1.03008e+00 8.64236e-01 1.65346e+02
-1.08605e+00 9.13541e-01 1.52388e+02
-1.14260e+00 9.63964e-01 1.40682e+02
-1.19974e+00 1.01550e+00 1.30058e+02
-1.25748e+00 1.06815e+00 1.20376e+02
-1.31581e+00 1.12191e+00 1.11523e+02
-1.37476e+00 1.17679e+00 1.03405e+02
-1.43432e+00 1.23278e+00 9.59408e+01
-1.49450e+00 1.28988e+00 8.90643e+01
-1.55533e+00 1.34810e+00 8.27173e+01
-1.61679e+00 1.40743e+00 7.68498e+01
-1.67892e+00 1.46790e+00 7.14180e+01
-1.74170e+00 1.52949e+00 6.63838e+01
-1.80516e+00 1.59221e+00 6.17132e+01
-1.86930e+00 1.65608e+00 5.73760e+01
-1.93415e+00 1.72109e+00 5.33454e+01
-1.99969e+00 1.78727e+00 4.95968e+01
-2.06596e+00 1.85460e+00 4.61083e+01
-2.13296e+00 1.92311e+00 4.28597e+01
-2.20070e+00 1.99281e+00 3.98324e+01
-2.26920e+00 2.06370e+00 3.70094e+01
-2.33848e+00 2.13580e+00 3.43746e+01
-2.40853e+00 2.20912e+00 3.19130e+01
-2.47938e+00 2.28367e+00 2.96104e+01
-2.55105e+00 2.35947e+00 2.74531e+01
-2.62355e+00 2.43654e+00 2.54278e+01
-2.69689e+00 2.51488e+00 2.35214e+01
-2.77109e+00 2.59452e+00 2.17208e+01
-2.84616e+00 2.67546e+00 2.00127e+01
-2.92213e+00 2.75774e+00 1.83832e+01
-2.99901e+00 2.84137e+00 1.68176e+01
-3.07682e+00 2.92637e+00 1.52996e+01
-3.15559e+00 3.01275e+00 1.38113e+01
-3.23531e+00 3.10055e+00 1.23320e+01
-3.31603e+00 3.18978e+00 1.08369e+01
-3.39776e+00 3.28047e+00 9.29611e+00
-3.48051e+00 3.37264e+00 7.67180e+00
-3.56432e+00 3.46632e+00 5.91489e+00
-3.64920e+00 3.56154e+00 3.95939e+00
-3.73518e+00 3.65831e+00 1.71342e+00
-3.82228e+00 3.75667e+00 -9.56353e-01
-3.91053e+00 3.85666e+00 -4.25264e+00
-3.99996e+00 3.95829e+00 -8.50142e+00
-6.33953e-01 5.72322e-01 3.26730e+02
-6.84067e-01 6.15855e-01 2.91595e+02
-7.34844e-01 6.60443e-01 2.62463e+02
-7.86283e-01 7.06078e-01 2.37773e+02
-8.38389e-01 7.52754e-01 2.16491e+02
-8.91164e-01 8.00464e-01 1.97897e+02
-9.44611e-01 8.49204e-01 1.81478e+02
-9.98733e-01 8.98970e-01 1.66851e+02
-1.05354e+00 9.49760e-01 1.53728e+02
-1.10902e+00 1.00157e+00 1.41883e+02
-1.16520e+00 1.05441e+00 1.31138e+02
-1.22208e+00 1.10826e+00 1.21352e+02
-1.27965e+00 1.16313e+00 1.12406e+02
-1.33794e+00 1.21903e+00 1.04204e+02
-1.39693e+00 1.27595e+00 9.66652e+01
-1.45666e+00 1.33390e+00 8.97207e+01
-1.51711e+00 1.39289e+00 8.33119e+01
-1.57830e+00 1.45290e+00 7.73881e+01
-1.64024e+00 1.51396e+00 7.19055e+01
-1.70293e+00 1.57607e+00 6.68253e+01
-1.76639e+00 1.63923e+00 6.21137e+01
-1.83062e+00 1.70346e+00 5.77405e+01
-1.89565e+00 1.76875e+00 5.36787e+01
-1.96146e+00 1.83512e+00 4.99040e+01
-2.02809e+00 1.90257e+00 4.63945e+01
-2.09554e+00 1.97113e+00 4.31303e+01
-2.16381e+00 2.04079e+00 4.00933e+01
-2.23294e+00 2.11158e+00 3.72664e+01
-2.30292e+00 2.18349e+00 3.46343e+01
-2.37377e+00 2.25655e+00 3.21822e+01
-2.44551e+00 2.33077e+00 2.98964e+01
-2.51815e+00 2.40617e+00 2.77638e+01
-2.59171e+00 2.48275e+00 2.57716e+01
-2.66620e+00 2.56053e+00 2.39075e+01
-2.74163e+00 2.63954e+00 2.21591e+01
-2.81803e+00 2.71978e+00 2.05136e+01
-2.89542e+00 2.80129e+00 1.89580e+01
-2.97380e+00 2.88406e+00 1.74781e+01
-3.05320e+00 2.96813e+00 1.60583e+01
-3.13365e+00 3.05352e+00 1.46806e+01
-3.21515e+00 3.14025e+00 1.33238e+01
-3.29773e+00 3.22833e+00 1.19617e+01
-3.38141e+00 3.31780e+00 1.05605e+01
-3.46621e+00 3.40867e+00 9.07471e+00
-3.55216e+00 3.50098e+00 7.44044e+00
-3.63928e+00 3.59475e+00 5.56294e+00
-3.72759e+00 3.69000e+00 3.29341e+00
-3.81713e+00 3.78676e+00 3.81217e-01
-3.90790e+00 3.88507e+00 -3.63531e+00
-3.99995e+00 3.98495e+00 -9.71591e+00
-6.13736e-01 5.93273e-01 3.31703e+02
-6.61737e-01 6.39041e-01 2.95268e+02
-7.10530e-01 6.85739e-01 2.65277e+02
-7.60116e-01 7.33361e-01 2.39995e+02
-8.10491e-01 7.81903e-01 2.18288e+02
-8.61658e-01 8.31363e-01 1.99380e+02
-9.13617e-01 8.81739e-01 1.82721e+02
-9.66368e-01 9.33029e-01 1.67906e+02
-1.01991e+00 9.85233e-01 1.54631e+02
-1.07426e+00 1.03835e+00 1.42661e+02
-1.12940e+00 1.09239e+00 1.31812e+02
-1.18535e+00 1.14734e+00 1.21937e+02
-1.24211e+00 1.20321e+00 1.12914e+02
-1.29968e+00 1.26000e+00 1.04644e+02
-1.35807e+00 1.31772e+00 9.70461e+01
-1.41728e+00 1.37637e+00 9.00490e+01
-1.47733e+00 1.43595e+00 8.35936e+01
-1.53821e+00 1.49648e+00 7.76287e+01
-1.59994e+00 1.55796e+00 7.21100e+01
-1.66252e+00 1.62039e+00 6.69987e+01
-1.72597e+00 1.68378e+00 6.22608e+01
-1.79028e+00 1.74814e+00 5.78661e+01
-1.85548e+00 1.81349e+00 5.37879e+01
-1.92157e+00 1.87982e+00 5.00022e+01
-1.98856e+00 1.94715e+00 4.64873e+01
-2.05647e+00 2.01549e+00 4.32238e+01
-2.12530e+00 2.08486e+00 4.01939e+01
-2.19507e+00 2.15525e+00 3.73815e+01
-2.26579e+00 2.22670e+00 3.47716e+01
-2.33747e+00 2.29920e+00 3.23506e+01
-2.41013e+00 2.37277e+00 3.01057e+01
-2.48378e+00 2.44743e+00 2.80249e+01
-2.55844e+00 2.52320e+00 2.60970e+01
-2.63413e+00 2.60008e+00 2.43112e+01
-2.71086e+00 2.67810e+00 2.26570e+01
-2.78864e+00 2.75727e+00 2.11242e+01
-2.86750e+00 2.83762e+00 1.97025e+01
-2.94745e+00 2.91915e+00 1.83811e+01
-3.02852e+00 3.00189e+00 1.71485e+01
-3.11072e+00 3.08586e+00 1.59920e+01
-3.19407e+00 3.17109e+00 1.48962e+01
-3.27860e+00 3.25758e+00 1.38421e+01
-3.36433e+00 3.34537e+00 1.28045e+01
-3.45127e+00 3.43448e+00 1.17466e+01
-3.53946e+00 3.52494e+00 1.06116e+01
-3.62892e+00 3.61676e+00 9.30213e+00
-3.71967e+00 3.70998e+00 7.63142e+00
-3.81174e+00 3.80462e+00 5.18237e+00
-3.90516e+00 3.90071e+00 7.75763e-01
-3.99995e+00 3.99828e+00 -1.07879e+01
-5.93283e-01 6.13726e-01 3.31706e+02
-6.39053e-01 6.61726e-01 2.95271e+02
-6.85751e-01 7.10518e-01 2.65280e+02
-7.33374e-01 7.60103e-01 2.39997e+02
-7.81917e-01 8.10478e-01 2.18290e+02
-8.31378e-01 8.61643e-01 1.99382e+02
-8.81755e-01 9.13601e-01 1.82723e+02
-9.33046e-01 9.66351e-01 1.67908e+02
-9.85250e-01 1.01990e+00 1.54633e+02
-1.03837e+00 1.07424e+00 1.42663e+02
-1.09240e+00 1.12938e+00 1.31814e+02
-1.14736e+00 1.18533e+00 1.21938e+02
-1.20323e+00 1.24209e+00 1.12915e+02
-1.26002e+00 1.29966e+00 1.04646e+02
-1.31774e+00 1.35805e+00 9.70473e+01
-1.37639e+00 1.41726e+00 9.00501e+01
-1.43598e+00 1.47731e+00 8.35946e+01
-1.49650e+00 1.53819e+00 7.76296e+01
-1.55798e+00 1.59992e+00 7.21108e+01
-1.62041e+00 1.66250e+00 6.69995e+01
-1.68380e+00 1.72595e+00 6.22615e+01
-1.74817e+00 1.79026e+00 5.78668e+01
-1.81351e+00 1.85546e+00 5.37886e+01
-1.87984e+00 1.92155e+00 5.00028e+01
-1.94717e+00 1.98854e+00 4.64879e+01
-2.01551e+00 2.05645e+00 4.32243e+01
-2.08488e+00 2.12528e+00 4.01944e+01
-2.15527e+00 2.19505e+00 3.73819e+01
-2.22672e+00 2.26577e+00 3.47720e+01
-2.29922e+00 2.33745e+00 3.23510e+01
-2.37279e+00 2.41011e+00 3.01061e+01
-2.44745e+00 2.48376e+00 2.80253e+01
-2.52322e+00 2.55843e+00 2.60974e+01
-2.60010e+00 2.63411e+00 2.43116e+01
-2.67812e+00 2.71084e+00 2.26574e+01
-2.75729e+00 2.78863e+00 2.11247e+01
-2.83763e+00 2.86749e+00 1.97030e+01
-2.91917e+00 2.94744e+00 1.83817e+01
-3.00191e+00 3.02851e+00 1.71492e+01
-3.08588e+00 3.11071e+00 1.59927e+01
-3.17110e+00 3.19406e+00 1.48971e+01
-3.25759e+00 3.27859e+00 1.38432e+01
-3.34538e+00 3.36432e+00 1.28058e+01
-3.43449e+00 3.45126e+00 1.17483e+01
-3.52495e+00 3.53945e+00 1.06137e+01
-3.61677e+00 3.62891e+00 9.30468e+00
-3.70998e+00 3.71967e+00 7.63465e+00
-3.80462e+00 3.81174e+00 5.18645e+00
-3.90072e+00 3.90516e+00 7.80436e-01
-3.99829e+00 3.99995e+00 -1.07888e+01
-5.72332e-01 6.33943e-01 3.26734e+02
-6.15867e-01 6.84056e-01 2.91600e+02
-6.60456e-01 7.34831e-01 2.62468e+02
-7.06092e-01 7.86270e-01 2.37778e+02
-7.52768e-01 8.38375e-01 2.16496e+02
-8.00479e-01 8.91148e-01 1.97902e+02
-8.49220e-01 9.44594e-01 1.81483e+02
-8.98987e-01 9.98716e-01 1.66856e+02
-9.49778e-01 1.05352e+00 1.53732e+02
-1.00159e+00 1.10901e+00 1.41887e+02
-1.05442e+00 1.16518e+00 1.31142e+02
-1.10828e+00 1.22206e+00 1.21356e+02
-1.16315e+00 1.27963e+00 1.12409e+02
-1.21905e+00 1.33791e+00 1.04207e+02
-1.27597e+00 1.39691e+00 9.66684e+01
-1.33393e+00 1.45663e+00 8.97237e+01
-1.39291e+00 1.51709e+00 8.33147e+01
-1.45293e+00 1.57828e+00 7.73908e+01
-1.51399e+00 1.64021e+00 7.19079e+01
-1.57609e+00 1.70291e+00 6.68276e+01
-1.63926e+00 1.76637e+00 6.21159e+01
-1.70348e+00 1.83060e+00 5.77425e+01
-1.76877e+00 1.89562e+00 5.36805e+01
-1.83514e+00 1.96144e+00 4.99057e+01
-1.90260e+00 2.02807e+00 4.63961e+01
-1.97115e+00 2.09552e+00 4.31318e+01
-2.04082e+00 2.16379e+00 4.00946e+01
-2.11160e+00 2.23292e+00 3.72676e+01
-2.18351e+00 2.30290e+00 3.46354e+01
-2.25658e+00 2.37375e+00 3.21832e+01
-2.33079e+00 2.44549e+00 2.98973e+01
-2.40619e+00 2.51813e+00 2.77646e+01
-2.48277e+00 2.59169e+00 2.57724e+01
-2.56055e+00 2.66618e+00 2.39082e+01
-2.63956e+00 2.74162e+00 2.21597e+01
-2.71980e+00 2.81802e+00 2.05142e+01
-2.80131e+00 2.89540e+00 1.89585e+01
-2.88408e+00 2.97379e+00 1.74786e+01
-2.96815e+00 3.05319e+00 1.60587e+01
-3.05354e+00 3.13363e+00 1.46810e+01
-3.14026e+00 3.21514e+00 1.33242e+01
-3.22835e+00 3.29772e+00 1.19622e+01
-3.31782e+00 3.38140e+00 1.05610e+01
-3.40869e+00 3.46620e+00 9.07523e+00
-3.50100e+00 3.55216e+00 7.44101e+00
-3.59476e+00 3.63928e+00 5.56355e+00
-3.69001e+00 3.72759e+00 3.29405e+00
-3.78678e+00 3.81712e+00 3.81757e-01
-3.88508e+00 3.90790e+00 -3.63517e+00
-3.98496e+00 3.99995e+00 -9.71707e+00
-5.50856e-01 6.53945e-01 3.21406e+02
-5.92173e-01 7.06033e-01 2.87500e+02
-6.34656e-01 7.58659e-01 2.59192e+02
-6.78296e-01 8.11830e-01 2.35082e+02
-7.23084e-01 8.65549e-01 2.14222e+02
-7.69010e-01 9.19823e-01 1.95948e+02
-8.16068e-01 9.74657e-01 1.79779e+02
-8.64253e-01 1.03006e+00 1.65352e+02
-9.13559e-01 1.08603e+00 1.52394e+02
-9.63983e-01 1.14258e+00 1.40688e+02
-1.01552e+00 1.19972e+00 1.30064e+02
-1.06817e+00 1.25745e+00 1.20382e+02
-1.12194e+00 1.31579e+00 1.11529e+02
-1.17681e+00 1.37473e+00 1.03410e+02
-1.23280e+00 1.43429e+00 9.59456e+01
-1.28990e+00 1.49448e+00 8.90689e+01
-1.34812e+00 1.55530e+00 8.27216e+01
-1.40746e+00 1.61677e+00 7.68538e+01
-1.46792e+00 1.67889e+00 7.14218e+01
-1.52951e+00 1.74168e+00 6.63873e+01
-1.59224e+00 1.80514e+00 6.17165e+01
-1.65610e+00 1.86928e+00 5.73791e+01
-1.72112e+00 1.93412e+00 5.33482e+01
-1.78729e+00 1.99967e+00 4.95995e+01
-1.85463e+00 2.06594e+00 4.61108e+01
-1.92314e+00 2.13294e+00 4.28620e+01
-1.99283e+00 2.20068e+00 3.98345e+01
-2.06373e+00 2.26918e+00 3.70113e+01
-2.13583e+00 2.33845e+00 3.43763e+01
-2.20915e+00 2.40851e+00 3.19146e+01
-2.28370e+00 2.47936e+00 2.96118e+01
-2.35950e+00 2.55103e+00 2.74543e+01
-2.43656e+00 2.62353e+00 2.54289e+01
-2.51490e+00 2.69687e+00 2.35223e+01
-2.59454e+00 2.77107e+00 2.17216e+01
-2.67549e+00 2.84615e+00 2.00134e+01
-2.75777e+00 2.92212e+00 1.83838e+01
-2.84139e+00 2.99900e+00 1.68180e+01
-2.92639e+00 3.07681e+00 1.52999e+01
-3.01277e+00 3.15557e+00 1.38115e+01
-3.10057e+00 3.23530e+00 1.23321e+01
-3.18980e+00 3.31602e+00 1.08369e+01
-3.28049e+00 3.39775e+00 9.29608e+00
-3.37266e+00 3.48050e+00 7.67171e+00
-3.46634e+00 3.56431e+00 5.91471e+00
-3.56155e+00 3.64920e+00 3.95914e+00
-3.65833e+00 3.73518e+00 1.71305e+00
-3.75669e+00 3.82228e+00 -9.56899e-01
-3.85668e+00 3.91053e+00 -4.25349e+00
-3.95831e+00 3.99996e+00 -8.50286e+00
-5.28876e-01 6.73706e-01 3.15665e+02
-5.67995e-01 7.27627e-01 2.82934e+02
-6.08379e-01 7.81974e-01 2.55430e+02
-6.50015e-01 8.36752e-01 2.31893e+02
-6.92893e-01 8.91971e-01 2.11460e+02
-7.37001e-01 9.47638e-01 1.93515e+02
-7.82331e-01 1.00376e+00 1.77606e+02
-8.28874e-01 1.06035e+00 1.63394e+02
-8.76624e-01 1.11740e+00 1.50615e+02
-9.25576e-01 1.17494e+00 1.39063e+02
-9.75725e-01 1.23297e+00 1.28573e+02
-1.02707e+00 1.29150e+00 1.19011e+02
-1.07960e+00 1.35053e+00 1.10265e+02
-1.13332e+00 1.41008e+00 1.02244e+02
-1.18824e+00 1.47016e+00 9.48687e+01
-1.24434e+00 1.53077e+00 8.80739e+01
-1.30163e+00 1.59193e+00 8.18021e+01
-1.36012e+00 1.65364e+00 7.60040e+01
-1.41980e+00 1.71593e+00 7.06364e+01
-1.48068e+00 1.77879e+00 6.56611e+01
-1.54277e+00 1.84223e+00 6.10445e+01
-1.60606e+00 1.90628e+00 5.67567e+01
-1.67057e+00 1.97094e+00 5.27706e+01
-1.73631e+00 2.03622e+00 4.90619e+01
-1.80328e+00 2.10214e+00 4.56084e+01
-1.87149e+00 2.16871e+00 4.23901e+01
-1.94095e+00 2.23593e+00 3.93881e+01
-2.01167e+00 2.30383e+00 3.65853e+01
-2.08366e+00 2.37242e+00 3.39657e+01
-2.15694e+00 2.44171e+00 3.15139e+01
-2.23151e+00 2.51172e+00 2.92156e+01
-2.30739e+00 2.58245e+00 2.70570e+01
-2.38460e+00 2.65393e+00 2.50248e+01
-2.46315e+00 2.72618e+00 2.31057e+01
-2.54306e+00 2.79919e+00 2.12867e+01
-2.62434e+00 2.87301e+00 1.95546e+01
-2.70702e+00 2.94763e+00 1.78957e+01
-2.79110e+00 3.02308e+00 1.62958e+01
-2.87662e+00 3.09937e+00 1.47397e+01
-2.96359e+00 3.17652e+00 1.32108e+01
-3.05203e+00 3.25456e+00 1.16906e+01
-3.14196e+00 3.33350e+00 1.01581e+01
-3.23342e+00 3.41336e+00 8.58870e+00
-3.32641e+00 3.49416e+00 6.95307e+00
-3.42098e+00 3.57592e+00 5.21539e+00
-3.51715e+00 3.65867e+00 3.33080e+00
-3.61493e+00 3.74242e+00 1.24169e+00
-3.71437e+00 3.82721e+00 -1.12793e+00
-3.81550e+00 3.91304e+00 -3.88128e+00
-3.91833e+00 3.99996e+00 -7.16313e+00
-5.06416e-01 6.93199e-01 3.09455e+02
-5.43359e-01 7.48812e-01 2.77865e+02
-5.81651e-01 8.04746e-01 2.51155e+02
-6.21278e-01 8.61009e-01 2.28195e+02
-6.62226e-01 9.17611e-01 2.08197e+02
-7.04483e-01 9.74563e-01 1.90592e+02
-7.48038e-01 1.03187e+00 1.74958e+02
-7.92882e-01 1.08955e+00 1.60974e+02
-8.39006e-01 1.14761e+00 1.48389e+02
-8.86404e-01 1.20606e+00 1.37005e+02
-9.35069e-01 1.26490e+00 1.26664e+02
-9.84997e-01 1.32416e+00 1.17235e+02
-1.03618e+00 1.38384e+00 1.08610e+02
-1.08863e+00 1.44394e+00 1.00700e+02
-1.14232e+00 1.50449e+00 9.34274e+01
-1.19727e+00 1.56549e+00 8.67274e+01
-1.25348e+00 1.62695e+00 8.05439e+01
-1.31094e+00 1.68888e+00 7.48281e+01
-1.36965e+00 1.75130e+00 6.95372e+01
-1.42963e+00 1.81422e+00 6.46336e+01
-1.49087e+00 1.87764e+00 6.00839e+01
-1.55337e+00 1.94159e+00 5.58582e+01
-1.61716e+00 2.00606e+00 5.19297e+01
-1.68222e+00 2.07108e+00 4.82742e+01
-1.74857e+00 2.13666e+00 4.48697e+01
-1.81622e+00 2.20281e+00 4.16960e+01
-1.88517e+00 2.26954e+00 3.87344e+01
-1.95544e+00 2.33686e+00 3.59679e+01
-2.02703e+00 2.40479e+00 3.33804e+01
-2.09996e+00 2.47335e+00 3.09567e+01
-2.17424e+00 2.54255e+00 2.86826e+01
-2.24988e+00 2.61239e+00 2.65444e+01
-2.32690e+00 2.68290e+00 2.45289e+01
-2.40532e+00 2.75410e+00 2.26233e+01
-2.48514e+00 2.82599e+00 2.08147e+01
-2.56638e+00 2.89860e+00 1.90905e+01
-2.64907e+00 2.97193e+00 1.74379e+01
-2.73322e+00 3.04601e+00 1.58436e+01
-2.81885e+00 3.12086e+00 1.42936e+01
-2.90598e+00 3.19649e+00 1.27734e+01
-2.99463e+00 3.27291e+00 1.12669e+01
-3.08482e+00 3.35016e+00 9.75671e+00
-3.17659e+00 3.42824e+00 8.22305e+00
-3.26994e+00 3.50718e+00 6.64349e+00
-3.36492e+00 3.58699e+00 4.99186e+00
-3.46154e+00 3.66770e+00 3.23716e+00
-3.55983e+00 3.74933e+00 1.34190e+00
-3.65982e+00 3.83190e+00 -7.40119e-01
-3.76154e+00 3.91544e+00 -3.06701e+00
-3.86503e+00 3.99996e+00 -5.71341e+00
-4.83501e-01 7.12399e-01 3.02721e+02
-5.18292e-01 7.69563e-01 2.72254e+02
-5.54502e-01 8.26951e-01 2.46339e+02
-5.92114e-01 8.84574e-01 2.23966e+02
-6.31114e-01 9.42444e-01 2.04417e+02
-6.71488e-01 1.00057e+00 1.87168e+02
-7.13224e-01 1.05897e+00 1.71824e+02
-7.56310e-01 1.11765e+00 1.58083e+02
-8.00738e-01 1.17663e+00 1.45707e+02
-8.46499e-01 1.23590e+00 1.34507e+02
-8.93585e-01 1.29550e+00 1.24329e+02
-9.41992e-01 1.35542e+00 1.15047e+02
-9.91713e-01 1.41568e+00 1.06556e+02
-1.04274e+00 1.47629e+00 9.87697e+01
-1.09508e+00 1.53726e+00 9.16119e+01
-1.14873e+00 1.59861e+00 8.50190e+01
-1.20368e+00 1.66034e+00 7.89358e+01
-1.25994e+00 1.72247e+00 7.33141e+01
-1.31751e+00 1.78501e+00 6.81119e+01
-1.37638e+00 1.84797e+00 6.32919e+01
-1.43657e+00 1.91136e+00 5.88209e+01
-1.49807e+00 1.97519e+00 5.46695e+01
-1.56089e+00 2.03948e+00 5.08111e+01
-1.62504e+00 2.10425e+00 4.72216e+01
-1.69053e+00 2.16949e+00 4.38792e+01
-1.75735e+00 2.23523e+00 4.07639e+01
-1.82552e+00 2.30149e+00 3.78573e+01
-1.89506e+00 2.36826e+00 3.51423e+01
-1.96596e+00 2.43557e+00 3.26031e+01
-2.03824e+00 2.50342e+00 3.02248e+01
-2.11191e+00 2.57185e+00 2.79934e+01
-2.18698e+00 2.64084e+00 2.58955e+01
-2.26348e+00 2.71044e+00 2.39183e+01
-2.34140e+00 2.78064e+00 2.20493e+01
-2.42077e+00 2.85146e+00 2.02764e+01
-2.50161e+00 2.92292e+00 1.85876e+01
-2.58393e+00 2.99503e+00 1.69709e+01
-2.66774e+00 3.06781e+00 1.54142e+01
-2.75308e+00 3.14129e+00 1.39051e+01
-2.83995e+00 3.21546e+00 1.24307e+01
-2.92838e+00 3.29036e+00 1.09774e+01
-3.01839e+00 3.36599e+00 9.53067e+00
-3.11001e+00 3.44238e+00 8.07478e+00
-3.20326e+00 3.51955e+00 6.59243e+00
-3.29815e+00 3.59751e+00 5.06424e+00
-3.39473e+00 3.67629e+00 3.46827e+00
-3.49301e+00 3.75590e+00 1.77922e+00
-3.59303e+00 3.83637e+00 -3.24828e-02
-3.69481e+00 3.91772e+00 -2.00197e+00
-3.79839e+00 3.99996e+00 -4.17161e+00
-4.60158e-01 7.31285e-01 2.95406e+02
-4.92822e-01 7.89856e-01 2.66059e+02
-5.26960e-01 8.48565e-01 2.40951e+02
-5.62555e-01 9.07423e-01 2.19182e+02
-5.99589e-01 9.66446e-01 2.00101e+02
-6.38049e-01 1.02564e+00 1.83227e+02
-6.77921e-01 1.08503e+00 1.68192e+02
-7.19194e-01 1.14462e+00 1.54712e+02
-7.61855e-01 1.20443e+00 1.42561e+02
-8.05896e-01 1.26446e+00 1.31559e+02
-8.51310e-01 1.32473e+00 1.21559e+02
-8.98088e-01 1.38526e+00 1.12438e+02
-9.46225e-01 1.44605e+00 1.04095e+02
-9.95717e-01 1.50711e+00 9.64443e+01
-1.04656e+00 1.56847e+00 8.94135e+01
-1.09875e+00 1.63012e+00 8.29397e+01
-1.15228e+00 1.69209e+00 7.69685e+01
-1.20717e+00 1.75439e+00 7.14527e+01
-1.26339e+00 1.81702e+00 6.63507e+01
-1.32097e+00 1.88001e+00 6.16258e+01
-1.37989e+00 1.94336e+00 5.72454e+01
-1.44017e+00 2.00708e+00 5.31803e+01
-1.50181e+00 2.07119e+00 4.94041e+01
-1.56480e+00 2.13570e+00 4.58932e+01
-1.62917e+00 2.20063e+00 4.26259e+01
-1.69491e+00 2.26598e+00 3.95825e+01
-1.76203e+00 2.33177e+00 3.67449e+01
-1.83054e+00 2.39802e+00 3.40964e+01
-1.90046e+00 2.46473e+00 3.16212e+01
-1.97178e+00 2.53193e+00 2.93050e+01
-2.04452e+00 2.59961e+00 2.71339e+01
-2.11870e+00 2.66781e+00 2.50951e+01
-2.19433e+00 2.73653e+00 2.31761e+01
-2.27142e+00 2.80578e+00 2.13650e+01
-2.34998e+00 2.87559e+00 1.96505e+01
-2.43004e+00 2.94596e+00 1.80212e+01
-2.51160e+00 3.01692e+00 1.64661e+01
-2.59469e+00 3.08847e+00 1.49742e+01
-2.67932e+00 3.16064e+00 1.35343e+01
-2.76551e+00 3.23344e+00 1.21353e+01
-2.85329e+00 3.30689e+00 1.07655e+01
-2.94268e+00 3.38100e+00 9.41286e+00
-3.03369e+00 3.45579e+00 8.06476e+00
-3.12635e+00 3.53128e+00 6.70764e+00
-3.22069e+00 3.60749e+00 5.32689e+00
-3.31672e+00 3.68443e+00 3.90658e+00
-3.41449e+00 3.76213e+00 2.42905e+00
-3.51401e+00 3.84061e+00 8.74529e-01
-3.61531e+00 3.91988e+00 -7.79393e-01
-3.71843e+00 3.99996e+00 -2.55845e+00
-4.36415e-01 7.49833e-01 2.87455e+02
-4.66979e-01 8.09669e-01 2.59237e+02
-4.99058e-01 8.69565e-01 2.34957e+02
-5.32632e-01 9.29536e-01 2.13817e+02
-5.67685e-01 9.89595e-01 1.95229e+02
-6.04201e-01 1.04976e+00 1.78752e+02
-6.42166e-01 1.11004e+00 1.64047e+02
-6.81567e-01 1.17044e+00 1.50847e+02
-7.22393e-01 1.23100e+00 1.38940e+02
-7.64633e-01 1.29171e+00 1.28153e+02
-8.08279e-01 1.35259e+00 1.18345e+02
-8.53322e-01 1.41366e+00 1.09399e+02
-8.99757e-01 1.47492e+00 1.01217e+02
-9.47578e-01 1.53639e+00 9.37164e+01
-9.96779e-01 1.59808e+00 8.68252e+01
-1.04736e+00 1.66001e+00 8.04825e+01
-1.09931e+00 1.72219e+00 7.46353e+01
-1.15264e+00 1.78463e+00 6.92370e+01
-1.20735e+00 1.84734e+00 6.42469e+01
-1.26343e+00 1.91034e+00 5.96289e+01
-1.32088e+00 1.97363e+00 5.53507e+01
-1.37971e+00 2.03724e+00 5.13838e+01
-1.43993e+00 2.10117e+00 4.77021e+01
-1.50153e+00 2.16544e+00 4.42823e+01
-1.56452e+00 2.23006e+00 4.11031e+01
-1.62892e+00 2.29504e+00 3.81451e+01
-1.69471e+00 2.36040e+00 3.53906e+01
-1.76192e+00 2.42614e+00 3.28231e+01
-1.83055e+00 2.49229e+00 3.04273e+01
-1.90061e+00 2.55885e+00 2.81891e+01
-1.97211e+00 2.62584e+00 2.60953e+01
-2.04507e+00 2.69328e+00 2.41332e+01
-2.11949e+00 2.76117e+00 2.22911e+01
-2.19539e+00 2.82954e+00 2.05577e+01
-2.27278e+00 2.89838e+00 1.89221e+01
-2.35168e+00 2.96773e+00 1.73738e+01
-2.43210e+00 3.03760e+00 1.59026e+01
-2.51406e+00 3.10799e+00 1.44986e+01
-2.59758e+00 3.17893e+00 1.31518e+01
-2.68267e+00 3.25043e+00 1.18524e+01
-2.76937e+00 3.32251e+00 1.05905e+01
-2.85767e+00 3.39518e+00 9.35582e+00
-2.94762e+00 3.46846e+00 8.13813e+00
-3.03923e+00 3.54237e+00 6.92665e+00
-3.13252e+00 3.61692e+00 5.71014e+00
-3.22752e+00 3.69213e+00 4.47668e+00
-3.32426e+00 3.76802e+00 3.21355e+00
-3.42275e+00 3.84461e+00 1.90703e+00
-3.52304e+00 3.92192e+00 5.42112e-01
-3.62514e+00 3.99996e+00 -8.97705e-01
-4.12298e-01 7.68023e-01 2.78811e+02
-4.40793e-01 8.28982e-01 2.51744e+02
-4.70826e-01 8.89933e-01 2.28321e+02
-5.02379e-01 9.50892e-01 2.07840e+02
-5.35435e-01 1.01187e+00 1.89774e+02
-5.69978e-01 1.07289e+00 1.73722e+02
-6.05993e-01 1.13396e+00 1.59372e+02
-6.43467e-01 1.19510e+00 1.46475e+02
-6.82388e-01 1.25632e+00 1.34831e+02
-7.22745e-01 1.31763e+00 1.24277e+02
-7.64529e-01 1.37906e+00 1.14679e+02
-8.07732e-01 1.44060e+00 1.05924e+02
-8.52346e-01 1.50228e+00 9.79179e+01
-8.98365e-01 1.56411e+00 9.05802e+01
-9.45785e-01 1.62610e+00 8.38418e+01
-9.94601e-01 1.68827e+00 7.76431e+01
-1.04481e+00 1.75062e+00 7.19321e+01
-1.09641e+00 1.81318e+00 6.66636e+01
-1.14940e+00 1.87595e+00 6.17974e+01
-1.20379e+00 1.93895e+00 5.72982e+01
-1.25956e+00 2.00218e+00 5.31345e+01
-1.31673e+00 2.06567e+00 4.92779e+01
-1.37529e+00 2.12943e+00 4.57031e+01
-1.43526e+00 2.19346e+00 4.23871e+01
-1.49662e+00 2.25778e+00 3.93090e+01
-1.55940e+00 2.32240e+00 3.64499e+01
-1.62360e+00 2.38735e+00 3.37923e+01
-1.68921e+00 2.45262e+00 3.13202e+01
-1.75626e+00 2.51823e+00 2.90187e+01
-1.82475e+00 2.58420e+00 2.68741e+01
-1.89469e+00 2.65053e+00 2.48735e+01
-1.96609e+00 2.71725e+00 2.30050e+01
-2.03896e+00 2.78437e+00 2.12572e+01
-2.11332e+00 2.85190e+00 1.96193e+01
-2.18917e+00 2.91984e+00 1.80812e+01
-2.26654e+00 2.98823e+00 1.66330e+01
-2.34543e+00 3.05707e+00 1.52654e+01
-2.42587e+00 3.12637e+00 1.39693e+01
-2.50787e+00 3.19615e+00 1.27357e+01
-2.59144e+00 3.26643e+00 1.15560e+01
-2.67661e+00 3.33722e+00 1.04215e+01
-2.76339e+00 3.40854e+00 9.32366e+00
-2.85182e+00 3.48040e+00 8.25380e+00
-2.94190e+00 3.55281e+00 7.20323e+00
-3.03366e+00 3.62580e+00 6.16305e+00
-3.12712e+00 3.69939e+00 5.12412e+00
-3.22231e+00 3.77357e+00 4.07693e+00
-3.31926e+00 3.84839e+00 3.01158e+00
-3.41799e+00 3.92385e+00 1.91758e+00
-3.51853e+00 3.99996e+00 7.83801e-01
-3.87839e-01 7.85836e-01 2.69415e+02
-4.14293e-01 8.47777e-01 2.43531e+02
-4.42296e-01 9.09651e-01 2.21003e+02
-4.71829e-01 9.71475e-01 2.01218e+02
-5.02874e-01 1.03326e+00 1.83710e+02
-5.35416e-01 1.09503e+00 1.68115e+02
-5.69439e-01 1.15680e+00 1.54148e+02
-6.04931e-01 1.21858e+00 1.41579e+02
-6.41879e-01 1.28038e+00 1.30221e+02
-6.80272e-01 1.34222e+00 1.19921e+02
-7.20101e-01 1.40412e+00 1.10552e+02
-7.61356e-01 1.46608e+00 1.02006e+02
-8.04031e-01 1.52813e+00 9.41916e+01
-8.48119e-01 1.59026e+00 8.70324e+01
-8.93614e-01 1.65251e+00 8.04612e+01
-9.40513e-01 1.71488e+00 7.44202e+01
-9.88812e-01 1.77738e+00 6.88589e+01
-1.03851e+00 1.84003e+00 6.37330e+01
-1.08960e+00 1.90285e+00 5.90036e+01
-1.14209e+00 1.96583e+00 5.46359e+01
-1.19597e+00 2.02900e+00 5.05991e+01
-1.25125e+00 2.09237e+00 4.68655e+01
-1.30793e+00 2.15594e+00 4.34103e+01
-1.36601e+00 2.21975e+00 4.02110e+01
-1.42550e+00 2.28378e+00 3.72472e+01
-1.48640e+00 2.34807e+00 3.45003e+01
-1.54871e+00 2.41262e+00 3.19533e+01
-1.61245e+00 2.47744e+00 2.95906e+01
-1.67762e+00 2.54255e+00 2.73978e+01
-1.74423e+00 2.60796e+00 2.53615e+01
-1.81228e+00 2.67369e+00 2.34695e+01
-1.88180e+00 2.73973e+00 2.17101e+01
-1.95278e+00 2.80612e+00 2.00724e+01
-2.02524e+00 2.87286e+00 1.85464e+01
-2.09919e+00 2.93996e+00 1.71224e+01
-2.17465e+00 3.00745e+00 1.57912e+01
-2.25162e+00 3.07532e+00 1.45441e+01
-2.33013e+00 3.14360e+00 1.33728e+01
-2.41019e+00 3.21231e+00 1.22692e+01
-2.49182e+00 3.28144e+00 1.12255e+01
-2.57503e+00 3.35103e+00 1.02342e+01
-2.65984e+00 3.42107e+00 9.28773e+00
-2.74628e+00 3.49160e+00 8.37888e+00
-2.83436e+00 3.56262e+00 7.50037e+00
-2.92410e+00 3.63415e+00 6.64495e+00
-3.01553e+00 3.70620e+00 5.80537e+00
-3.10867e+00 3.77879e+00 4.97426e+00
-3.20354e+00 3.85193e+00 4.14417e+00
-3.30017e+00 3.92565e+00 3.30742e+00
-3.39859e+00 3.99996e+00 2.45612e+00
-3.63067e-01 8.03255e-01 2.59208e+02
-3.87512e-01 8.66037e-01 2.34548e+02
-4.13500e-01 9.28704e-01 2.12960e+02
-4.41014e-01 9.91271e-01 1.93916e+02
-4.70035e-01 1.05376e+00 1.77005e+02
-5.00549e-01 1.11617e+00 1.61904e+02
-5.32540e-01 1.17854e+00 1.48353e+02
-5.65996e-01 1.24086e+00 1.36142e+02
-6.00903e-01 1.30317e+00 1.25098e+02
-6.37252e-01 1.36546e+00 1.15076e+02
-6.75032e-01 1.42777e+00 1.05957e+02
-7.14235e-01 1.49009e+00 9.76394e+01
-7.54853e-01 1.55244e+00 9.00359e+01
-7.96879e-01 1.61484e+00 8.30723e+01
-8.40308e-01 1.67731e+00 7.66845e+01
-8.85135e-01 1.73984e+00 7.08166e+01
-9.31357e-01 1.80246e+00 6.54196e+01
-9.78970e-01 1.86519e+00 6.04506e+01
-1.02797e+00 1.92802e+00 5.58716e+01
-1.07837e+00 1.99098e+00 5.16489e+01
-1.13015e+00 2.05407e+00 4.77524e+01
-1.18332e+00 2.11732e+00 4.41551e+01
-1.23788e+00 2.18072e+00 4.08326e+01
-1.29383e+00 2.24430e+00 3.77632e+01
-1.35118e+00 2.30807e+00 3.49268e+01
-1.40994e+00 2.37204e+00 3.23054e+01
-1.47010e+00 2.43622e+00 2.98824e+01
-1.53167e+00 2.50062e+00 2.76427e+01
-1.59465e+00 2.56526e+00 2.55723e+01
-1.65907e+00 2.63015e+00 2.36583e+01
-1.72492e+00 2.69529e+00 2.18888e+01
-1.79221e+00 2.76072e+00 2.02527e+01
-1.86095e+00 2.82642e+00 1.87396e+01
-1.93116e+00 2.89243e+00 1.73398e+01
-2.00284e+00 2.95875e+00 1.60443e+01
-2.07601e+00 3.02539e+00 1.48444e+01
-2.15067e+00 3.09237e+00 1.37320e+01
-2.22686e+00 3.15970e+00 1.26994e+01
-2.30457e+00 3.22739e+00 1.17392e+01
-2.38382e+00 3.29546e+00 1.08444e+01
-2.46463e+00 3.36392e+00 1.00082e+01
-2.54702e+00 3.43278e+00 9.22404e+00
-2.63101e+00 3.50206e+00 8.48555e+00
-2.71661e+00 3.57178e+00 7.78653e+00
-2.80385e+00 3.64194e+00 7.12093e+00
-2.89274e+00 3.71256e+00 6.48275e+00
-2.98331e+00 3.78366e+00 5.86608e+00
-3.07558e+00 3.85525e+00 5.26504e+00
-3.16958e+00 3.92735e+00 4.67375e+00
-3.26532e+00 3.99996e+00 4.08628e+00
-3.38011e-01 8.20263e-01 2.48129e+02
-3.60479e-01 8.83749e-01 2.24742e+02
-3.84471e-01 9.47079e-01 2.04147e+02
-4.09968e-01 1.01027e+00 1.85894e+02
-4.36955e-01 1.07334e+00 1.69628e+02
-4.65414e-01 1.13630e+00 1.55064e+02
-4.95334e-01 1.19916e+00 1.41968e+02
-5.26699e-01 1.26195e+00 1.30149e+02
-5.59500e-01 1.32468e+00 1.19448e+02
-5.93725e-01 1.38735e+00 1.09733e+02
-6.29364e-01 1.45000e+00 1.00889e+02
-6.66409e-01 1.51262e+00 9.28231e+01
-7.04853e-01 1.57523e+00 8.54513e+01
-7.44688e-01 1.63785e+00 7.87032e+01
-7.85908e-01 1.70048e+00 7.25172e+01
-8.28510e-01 1.76315e+00 6.68396e+01
-8.72489e-01 1.82586e+00 6.16234e+01
-9.17842e-01 1.88863e+00 5.68270e+01
-9.64568e-01 1.95147e+00 5.24136e+01
-1.01266e+00 2.01439e+00 4.83505e+01
-1.06213e+00 2.07741e+00 4.46085e+01
-1.11297e+00 2.14053e+00 4.11612e+01
-1.16517e+00 2.20376e+00 3.79851e+01
-1.21876e+00 2.26713e+00 3.50589e+01
-1.27371e+00 2.33064e+00 3.23632e+01
-1.33005e+00 2.39431e+00 2.98804e+01
-1.38777e+00 2.45814e+00 2.75944e+01
-1.44689e+00 2.52215e+00 2.54907e+01
-1.50739e+00 2.58635e+00 2.35555e+01
-1.56930e+00 2.65075e+00 2.17765e+01
-1.63262e+00 2.71536e+00 2.01422e+01
-1.69735e+00 2.78020e+00 1.86420e+01
-1.76351e+00 2.84527e+00 1.72658e+01
-1.83110e+00 2.91060e+00 1.60045e+01
-1.90015e+00 2.97619e+00 1.48495e+01
-1.97064e+00 3.04205e+00 1.37925e+01
-2.04261e+00 3.10820e+00 1.28261e+01
-2.11606e+00 3.17464e+00 1.19429e+01
-2.19100e+00 3.24140e+00 1.11362e+01
-2.26745e+00 3.30848e+00 1.03995e+01
-2.34543e+00 3.37590e+00 9.72670e+00
-2.42495e+00 3.44367e+00 9.11181e+00
-2.50602e+00 3.51179e+00 8.54923e+00
-2.58867e+00 3.58030e+00 8.03349e+00
-2.67291e+00 3.64919e+00 7.55935e+00
-2.75877e+00 3.71848e+00 7.12171e+00
-2.84625e+00 3.78820e+00 6.71560e+00
-2.93539e+00 3.85834e+00 6.33618e+00
-3.02621e+00 3.92892e+00 5.97868e+00
-3.11872e+00 3.99997e+00 5.63842e+00
-3.12702e-01 8.36847e-01 2.36113e+02
-3.33228e-01 9.00900e-01 2.14056e+02
-3.55241e-01 9.64765e-01 1.94513e+02
-3.78726e-01 1.02846e+00 1.77110e+02
-4.03666e-01 1.09200e+00 1.61543e+02
-4.30047e-01 1.15540e+00 1.47564e+02
-4.57856e-01 1.21867e+00 1.34967e+02
-4.87080e-01 1.28184e+00 1.23580e+02
-5.17709e-01 1.34490e+00 1.13260e+02
-5.49731e-01 1.40789e+00 1.03883e+02
-5.83138e-01 1.47080e+00 9.53452e+01
-6.17921e-01 1.53366e+00 8.75574e+01
-6.54073e-01 1.59648e+00 8.04421e+01
-6.91587e-01 1.65927e+00 7.39322e+01
-7.30458e-01 1.72204e+00 6.79693e+01
-7.70681e-01 1.78480e+00 6.25021e+01
-8.12252e-01 1.84758e+00 5.74853e+01
-8.55168e-01 1.91037e+00 5.28791e+01
-8.99426e-01 1.97320e+00 4.86479e+01
-9.45024e-01 2.03607e+00 4.47603e+01
-9.91963e-01 2.09900e+00 4.11879e+01
-1.04024e+00 2.16199e+00 3.79052e+01
-1.08986e+00 2.22506e+00 3.48896e+01
-1.14082e+00 2.28823e+00 3.21201e+01
-1.19313e+00 2.35149e+00 2.95782e+01
-1.24678e+00 2.41487e+00 2.72468e+01
-1.30179e+00 2.47838e+00 2.51102e+01
-1.35815e+00 2.54202e+00 2.31544e+01
-1.41587e+00 2.60581e+00 2.13661e+01
-1.47495e+00 2.66976e+00 1.97335e+01
-1.53541e+00 2.73388e+00 1.82454e+01
-1.59725e+00 2.79818e+00 1.68915e+01
-1.66048e+00 2.86268e+00 1.56625e+01
-1.72510e+00 2.92738e+00 1.45494e+01
-1.79113e+00 2.99229e+00 1.35441e+01
-1.85857e+00 3.05744e+00 1.26387e+01
-1.92745e+00 3.12282e+00 1.18263e+01
-1.99775e+00 3.18845e+00 1.10998e+01
-2.06951e+00 3.25435e+00 1.04531e+01
-2.14273e+00 3.32051e+00 9.88007e+00
-2.21743e+00 3.38697e+00 9.37502e+00
-2.29362e+00 3.45372e+00 8.93257e+00
-2.37132e+00 3.52079e+00 8.54757e+00
-2.45053e+00 3.58817e+00 8.21514e+00
-2.53129e+00 3.65589e+00 7.93057e+00
-2.61360e+00 3.72396e+00 7.68939e+00
-2.69749e+00 3.79239e+00 7.48725e+00
-2.78297e+00 3.86119e+00 7.31999e+00
-2.87007e+00 3.93038e+00 7.18357e+00
-2.95880e+00 3.99997e+00 7.07407e+00
-2.87172e-01 8.52995e-01 2.23093e+02
-3.05789e-01 9.17479e-01 2.02430e+02
-3.25843e-01 9.81755e-01 1.84007e+02
-3.47320e-01 1.04584e+00 1.67519e+02
-3.70205e-01 1.10974e+00 1.52712e+02
-3.94484e-01 1.17348e+00 1.39374e+02
-4.20145e-01 1.23707e+00 1.27328e+02
-4.47177e-01 1.30052e+00 1.16420e+02
-4.75569e-01 1.36385e+00 1.06521e+02
-5.05311e-01 1.42707e+00 9.75213e+01
-5.36395e-01 1.49019e+00 8.93240e+01
-5.68813e-01 1.55323e+00 8.18464e+01
-6.02557e-01 1.61620e+00 7.50168e+01
-6.37622e-01 1.67911e+00 6.87719e+01
-6.74003e-01 1.74197e+00 6.30567e+01
-7.11693e-01 1.80480e+00 5.78226e+01
-7.50690e-01 1.86761e+00 5.30264e+01
-7.90991e-01 1.93041e+00 4.86301e+01
-8.32592e-01 1.99320e+00 4.45997e+01
-8.75493e-01 2.05601e+00 4.09049e+01
-9.19692e-01 2.11885e+00 3.75183e+01
-9.65188e-01 2.18171e+00 3.44157e+01
-1.01198e+00 2.24462e+00 3.15748e+01
-1.06008e+00 2.30759e+00 2.89758e+01
-1.10947e+00 2.37063e+00 2.66006e+01
-1.16017e+00 2.43374e+00 2.44326e+01
-1.21217e+00 2.49694e+00 2.24570e+01
-1.26549e+00 2.56025e+00 2.06599e+01
-1.32012e+00 2.62366e+00 1.90287e+01
-1.37607e+00 2.68719e+00 1.75519e+01
-1.43334e+00 2.75086e+00 1.62189e+01
-1.49194e+00 2.81467e+00 1.50198e+01
-1.55189e+00 2.87863e+00 1.39454e+01
-1.61318e+00 2.94276e+00 1.29874e+01
-1.67582e+00 3.00706e+00 1.21379e+01
-1.73982e+00 3.07154e+00 1.13896e+01
-1.80520e+00 3.13623e+00 1.07356e+01
-1.87196e+00 3.20111e+00 1.01695e+01
-1.94011e+00 3.26622e+00 9.68537e+00
-2.00967e+00 3.33156e+00 9.27751e+00
-2.08065e+00 3.39713e+00 8.94061e+00
-2.15305e+00 3.46296e+00 8.66966e+00
-2.22690e+00 3.52905e+00 8.45991e+00
-2.30221e+00 3.59541e+00 8.30685e+00
-2.37899e+00 3.66205e+00 8.20620e+00
-2.45725e+00 3.72900e+00 8.15388e+00
-2.53703e+00 3.79625e+00 8.14599e+00
-2.61832e+00 3.86382e+00 8.17883e+00
-2.70115e+00 3.93172e+00 8.24880e+00
-2.78555e+00 3.99997e+00 8.35248e+00
-2.61450e-01 8.68696e-01 2.08996e+02
-2.78192e-01 9.33480e-01 1.89800e+02
-2.96308e-01 9.98042e-01 1.72571e+02
-3.15783e-01 1.06239e+00 1.57071e+02
-3.36604e-01 1.12655e+00 1.43094e+02
-3.58759e-01 1.19053e+00 1.30463e+02
-3.82237e-01 1.25434e+00 1.19026e+02
-4.07026e-01 1.31800e+00 1.08651e+02
-4.33119e-01 1.38151e+00 9.92236e+01
-4.60505e-01 1.44489e+00 9.06452e+01
-4.89177e-01 1.50816e+00 8.28288e+01
-5.19127e-01 1.57132e+00 7.56989e+01
-5.50349e-01 1.63439e+00 6.91888e+01
-5.82837e-01 1.69738e+00 6.32401e+01
-6.16586e-01 1.76030e+00 5.78012e+01
-6.51592e-01 1.82316e+00 5.28264e+01
-6.87851e-01 1.88597e+00 4.82749e+01
-7.25359e-01 1.94874e+00 4.41108e+01
-7.64114e-01 2.01149e+00 4.03015e+01
-8.04115e-01 2.07423e+00 3.68183e+01
-8.45360e-01 2.13696e+00 3.36350e+01
-8.87849e-01 2.19969e+00 3.07283e+01
-9.31582e-01 2.26245e+00 2.80770e+01
-9.76560e-01 2.32523e+00 2.56620e+01
-1.02278e+00 2.38805e+00 2.34658e+01
-1.07025e+00 2.45091e+00 2.14727e+01
-1.11897e+00 2.51383e+00 1.96682e+01
-1.16895e+00 2.57682e+00 1.80391e+01
-1.22018e+00 2.63989e+00 1.65734e+01
-1.27267e+00 2.70305e+00 1.52599e+01
-1.32643e+00 2.76630e+00 1.40884e+01
-1.38146e+00 2.82966e+00 1.30495e+01
-1.43776e+00 2.89314e+00 1.21345e+01
-1.49535e+00 2.95674e+00 1.13352e+01
-1.55423e+00 3.02048e+00 1.06443e+01
-1.61441e+00 3.08437e+00 1.00546e+01
-1.67590e+00 3.14842e+00 9.55982e+00
-1.73870e+00 3.21264e+00 9.15372e+00
-1.80282e+00 3.27703e+00 8.83068e+00
-1.86828e+00 3.34161e+00 8.58534e+00
-1.93509e+00 3.40638e+00 8.41271e+00
-2.00325e+00 3.47137e+00 8.30807e+00
-2.07279e+00 3.53657e+00 8.26697e+00
-2.14370e+00 3.60200e+00 8.28520e+00
-2.21601e+00 3.66767e+00 8.35878e+00
-2.28972e+00 3.73359e+00 8.48395e+00
-2.36486e+00 3.79976e+00 8.65710e+00
-2.44144e+00 3.86621e+00 8.87483e+00
-2.51947e+00 3.93294e+00 9.13387e+00
-2.59897e+00 3.99997e+00 9.43112e+00
-2.35566e-01 8.83941e-01 1.93745e+02
-2.50470e-01 9.48896e-01 1.76095e+02
-2.66668e-01 1.01362e+00 1.60146e+02
-2.84149e-01 1.07813e+00 1.45716e+02
-3.02899e-01 1.14244e+00 1.32647e+02
-3.22909e-01 1.20656e+00 1.20796e+02
-3.44168e-01 1.27050e+00 1.10037e+02
-3.66667e-01 1.33427e+00 1.00257e+02
-3.90399e-01 1.39789e+00 9.13588e+01
-4.15354e-01 1.46137e+00 8.32544e+01
-4.41525e-01 1.52471e+00 7.58669e+01
-4.68907e-01 1.58794e+00 6.91280e+01
-4.97493e-01 1.65106e+00 6.29773e+01
-5.27277e-01 1.71408e+00 5.73609e+01
-5.58256e-01 1.77701e+00 5.22312e+01
-5.90425e-01 1.83986e+00 4.75457e+01
-6.23780e-01 1.90265e+00 4.32663e+01
-6.58319e-01 1.96538e+00 3.93590e+01
-6.94040e-01 2.02807e+00 3.57934e+01
-7.30940e-01 2.09071e+00 3.25422e+01
-7.69018e-01 2.15334e+00 2.95806e+01
-8.08274e-01 2.21594e+00 2.68864e+01
-8.48707e-01 2.27854e+00 2.44394e+01
-8.90318e-01 2.34114e+00 2.22215e+01
-9.33108e-01 2.40375e+00 2.02160e+01
-9.77078e-01 2.46639e+00 1.84079e+01
-1.02223e+00 2.52905e+00 1.67833e+01
-1.06857e+00 2.59175e+00 1.53297e+01
-1.11609e+00 2.65451e+00 1.40356e+01
-1.16480e+00 2.71732e+00 1.28903e+01
-1.21471e+00 2.78020e+00 1.18840e+01
-1.26582e+00 2.84315e+00 1.10078e+01
-1.31814e+00 2.90620e+00 1.02534e+01
-1.37166e+00 2.96933e+00 9.61300e+00
-1.42640e+00 3.03258e+00 9.07955e+00
-1.48236e+00 3.09593e+00 8.64639e+00
-1.53955e+00 3.15941e+00 8.30733e+00
-1.59798e+00 3.22302e+00 8.05661e+00
-1.65765e+00 3.28676e+00 7.88885e+00
-1.71858e+00 3.35066e+00 7.79898e+00
-1.78077e+00 3.41472e+00 7.78228e+00
-1.84423e+00 3.47895e+00 7.83429e+00
-1.90898e+00 3.54336e+00 7.95082e+00
-1.97501e+00 3.60795e+00 8.12791e+00
-2.04235e+00 3.67274e+00 8.36184e+00
-2.11101e+00 3.73773e+00 8.64906e+00
-2.18100e+00 3.80294e+00 8.98622e+00
-2.25233e+00 3.86838e+00 9.37014e+00
-2.32501e+00 3.93405e+00 9.79777e+00
-2.39906e+00 3.99997e+00 1.02662e+01
-2.09550e-01 8.98722e-01 1.77260e+02
-2.22652e-01 9.63722e-01 1.61243e+02
-2.36955e-01 1.02850e+00 1.46664e+02
-2.52448e-01 1.09305e+00 1.33398e+02
-2.69122e-01 1.15741e+00 1.21327e+02
-2.86967e-01 1.22157e+00 1.10340e+02
-3.05975e-01 1.28555e+00 1.00337e+02
-3.26137e-01 1.34935e+00 9.12253e+01
-3.47447e-01 1.41300e+00 8.29223e+01
-3.69898e-01 1.47650e+00 7.53529e+01
-3.93483e-01 1.53986e+00 6.84499e+01
-4.18196e-01 1.60310e+00 6.21527e+01
-4.44033e-01 1.66621e+00 5.64073e+01
-4.70988e-01 1.72921e+00 5.11650e+01
-4.99058e-01 1.79212e+00 4.63823e+01
-5.28239e-01 1.85493e+00 4.20201e+01
-5.58528e-01 1.91767e+00 3.80434e+01
-5.89922e-01 1.98033e+00 3.44205e+01
-6.22418e-01 2.04293e+00 3.11232e+01
-6.56016e-01 2.10548e+00 2.81257e+01
-6.90714e-01 2.16799e+00 2.54051e+01
-7.26510e-01 2.23046e+00 2.29402e+01
-7.63406e-01 2.29291e+00 2.07123e+01
-8.01401e-01 2.35533e+00 1.87041e+01
-8.40495e-01 2.41775e+00 1.68999e+01
-8.80689e-01 2.48017e+00 1.52854e+01
-9.21986e-01 2.54260e+00 1.38477e+01
-9.64387e-01 2.60504e+00 1.25748e+01
-1.00789e+00 2.66751e+00 1.14558e+01
-1.05251e+00 2.73002e+00 1.04807e+01
-1.09824e+00 2.79256e+00 9.64011e+00
-1.14508e+00 2.85516e+00 8.92566e+00
-1.19304e+00 2.91781e+00 8.32945e+00
-1.24213e+00 2.98053e+00 7.84419e+00
-1.29235e+00 3.04333e+00 7.46314e+00
-1.34370e+00 3.10621e+00 7.18001e+00
-1.39620e+00 3.16918e+00 6.98897e+00
-1.44983e+00 3.23226e+00 6.88457e+00
-1.50463e+00 3.29544e+00 6.86173e+00
-1.56058e+00 3.35873e+00 6.91568e+00
-1.61770e+00 3.42215e+00 7.04195e+00
-1.67600e+00 3.48571e+00 7.23635e+00
-1.73548e+00 3.54941e+00 7.49494e+00
-1.79616e+00 3.61325e+00 7.81398e+00
-1.85803e+00 3.67726e+00 8.18998e+00
-1.92113e+00 3.74143e+00 8.61959e+00
-1.98544e+00 3.80578e+00 9.09967e+00
-2.05099e+00 3.87031e+00 9.62724e+00
-2.11778e+00 3.93504e+00 1.01994e+01
-2.18583e+00 3.99997e+00 1.08136e+01
-1.83432e-01 9.13036e-01 1.59450e+02
-1.94768e-01 9.77957e-01 1.45162e+02
-2.07197e-01 1.04266e+00 1.32057e+02
-2.20712e-01 1.10715e+00 1.20059e+02
-2.35305e-01 1.17145e+00 1.09086e+02
-2.50967e-01 1.23556e+00 9.90599e+01
-2.67692e-01 1.29949e+00 8.99030e+01
-2.85473e-01 1.36325e+00 8.15431e+01
-3.04303e-01 1.42685e+00 7.39125e+01
-3.24178e-01 1.49031e+00 6.69488e+01
-3.45091e-01 1.55362e+00 6.05946e+01
-3.67038e-01 1.61680e+00 5.47976e+01
-3.90015e-01 1.67986e+00 4.95104e+01
-4.14017e-01 1.74280e+00 4.46899e+01
-4.39041e-01 1.80564e+00 4.02970e+01
-4.65084e-01 1.86838e+00 3.62965e+01
-4.92143e-01 1.93103e+00 3.26566e+01
-5.20216e-01 1.99361e+00 2.93483e+01
-5.49300e-01 2.05611e+00 2.63457e+01
-5.79395e-01 2.11855e+00 2.36252e+01
-6.10498e-01 2.18093e+00 2.11655e+01
-6.42610e-01 2.24326e+00 1.89470e+01
-6.75730e-01 2.30556e+00 1.69523e+01
-7.09857e-01 2.36782e+00 1.51654e+01
-7.44992e-01 2.43005e+00 1.35716e+01
-7.81136e-01 2.49228e+00 1.21577e+01
-8.18290e-01 2.55449e+00 1.09115e+01
-8.56455e-01 2.61670e+00 9.82188e+00
-8.95633e-01 2.67891e+00 8.87867e+00
-9.35826e-01 2.74114e+00 8.07248e+00
-9.77036e-01 2.80339e+00 7.39468e+00
-1.01927e+00 2.86567e+00 6.83731e+00
-1.06252e+00 2.92799e+00 6.39303e+00
-1.10680e+00 2.99034e+00 6.05502e+00
-1.15211e+00 3.05275e+00 5.81698e+00
-1.19846e+00 3.11522e+00 5.67305e+00
-1.24585e+00 3.17775e+00 5.61776e+00
-1.29428e+00 3.24036e+00 5.64603e+00
-1.34376e+00 3.30304e+00 5.75310e+00
-1.39430e+00 3.36581e+00 5.93452e+00
-1.44590e+00 3.42868e+00 6.18612e+00
-1.49857e+00 3.49165e+00 6.50397e+00
-1.55231e+00 3.55472e+00 6.88438e+00
-1.60714e+00 3.61792e+00 7.32387e+00
-1.66305e+00 3.68124e+00 7.81916e+00
-1.72007e+00 3.74469e+00 8.36713e+00
-1.77818e+00 3.80828e+00 8.96484e+00
-1.83742e+00 3.87202e+00 9.60949e+00
-1.89778e+00 3.93591e+00 1.02984e+01
-1.95927e+00 3.99997e+00 1.10291e+01
-1.57240e-01 9.26878e-01 1.40218e+02
-1.66845e-01 9.91601e-01 1.27764e+02
-1.77425e-01 1.05612e+00 1.16249e+02
-1.88973e-01 1.12045e+00 1.05635e+02
-2.01481e-01 1.18458e+00 9.58759e+01
-2.14943e-01 1.24855e+00 8.69198e+01
-2.29355e-01 1.31234e+00 7.87128e+01
-2.44711e-01 1.37597e+00 7.12008e+01
-2.61005e-01 1.43945e+00 6.43315e+01
-2.78234e-01 1.50279e+00 5.80547e+01
-2.96392e-01 1.56599e+00 5.23234e+01
-3.15477e-01 1.62906e+00 4.70936e+01
-3.35484e-01 1.69201e+00 4.23250e+01
-3.56410e-01 1.75485e+00 3.79802e+01
-3.78253e-01 1.81758e+00 3.40252e+01
-4.01009e-01 1.88022e+00 3.04291e+01
-4.24676e-01 1.94276e+00 2.71634e+01
-4.49253e-01 2.00522e+00 2.42025e+01
-4.74738e-01 2.06760e+00 2.15230e+01
-5.01129e-01 2.12991e+00 1.91035e+01
-5.28425e-01 2.19216e+00 1.69250e+01
-5.56625e-01 2.25435e+00 1.49696e+01
-5.85730e-01 2.31649e+00 1.32215e+01
-6.15739e-01 2.37860e+00 1.16661e+01
-6.46651e-01 2.44066e+00 1.02901e+01
-6.78468e-01 2.50270e+00 9.08133e+00
-7.11190e-01 2.56472e+00 8.02873e+00
-7.44818e-01 2.62672e+00 7.12212e+00
-7.79354e-01 2.68871e+00 6.35214e+00
-8.14798e-01 2.75070e+00 5.71023e+00
-8.51152e-01 2.81269e+00 5.18847e+00
-8.88419e-01 2.87470e+00 4.77957e+00
-9.26602e-01 2.93672e+00 4.47680e+00
-9.65702e-01 2.99877e+00 4.27390e+00
-1.00572e+00 3.06084e+00 4.16510e+00
-1.04667e+00 3.12296e+00 4.14501e+00
-1.08854e+00 3.18511e+00 4.20862e+00
-1.13134e+00 3.24732e+00 4.35125e+00
-1.17508e+00 3.30958e+00 4.56854e+00
-1.21976e+00 3.37190e+00 4.85638e+00
-1.26538e+00 3.43429e+00 5.21093e+00
-1.31195e+00 3.49676e+00 5.62859e+00
-1.35948e+00 3.55931e+00 6.10595e+00
-1.40796e+00 3.62194e+00 6.63980e+00
-1.45741e+00 3.68467e+00 7.22711e+00
-1.50784e+00 3.74751e+00 7.86500e+00
-1.55924e+00 3.81044e+00 8.55075e+00
-1.61162e+00 3.87350e+00 9.28177e+00
-1.66500e+00 3.93667e+00 1.00556e+01
-1.71938e+00 3.99997e+00 1.08698e+01
-1.31001e-01 9.40245e-01 1.19458e+02
-1.38914e-01 1.00465e+00 1.08956e+02
-1.47668e-01 1.06888e+00 9.91582e+01
-1.57258e-01 1.13293e+00 9.00603e+01
-1.67679e-01 1.19682e+00 8.16448e+01
-1.78927e-01 1.26054e+00 7.38843e+01
-1.90998e-01 1.32411e+00 6.67456e+01
-2.03887e-01 1.38754e+00 6.01920e+01
-2.17590e-01 1.45082e+00 5.41857e+01
-2.32105e-01 1.51397e+00 4.86888e+01
-2.47428e-01 1.57700e+00 4.36646e+01
-2.63555e-01 1.63990e+00 3.90780e+01
-2.80485e-01 1.70270e+00 3.48959e+01
-2.98214e-01 1.76538e+00 3.10874e+01
-3.16741e-01 1.82796e+00 2.76238e+01
-3.36063e-01 1.89045e+00 2.44788e+01
-3.56178e-01 1.95286e+00 2.16280e+01
-3.77085e-01 2.01517e+00 1.90494e+01
-3.98783e-01 2.07742e+00 1.67225e+01
-4.21271e-01 2.13959e+00 1.46289e+01
-4.44547e-01 2.20169e+00 1.27517e+01
-4.68610e-01 2.26374e+00 1.10755e+01
-4.93461e-01 2.32574e+00 9.58613e+00
-5.19100e-01 2.38768e+00 8.27078e+00
-5.45525e-01 2.44959e+00 7.11772e+00
-5.72737e-01 2.51146e+00 6.11619e+00
-6.00737e-01 2.57330e+00 5.25636e+00
-6.29526e-01 2.63512e+00 4.52920e+00
-6.59103e-01 2.69691e+00 3.92641e+00
-6.89471e-01 2.75870e+00 3.44037e+00
-7.20629e-01 2.82047e+00 3.06404e+00
-7.52581e-01 2.88225e+00 2.79093e+00
-7.85327e-01 2.94402e+00 2.61504e+00
-8.18869e-01 3.00581e+00 2.53079e+00
-8.53209e-01 3.06761e+00 2.53303e+00
-8.88350e-01 3.12943e+00 2.61693e+00
-9.24294e-01 3.19127e+00 2.77801e+00
-9.61044e-01 3.25314e+00 3.01210e+00
-9.98602e-01 3.31505e+00 3.31526e+00
-1.03697e+00 3.37700e+00 3.68384e+00
-1.07616e+00 3.43900e+00 4.11436e+00
-1.11616e+00 3.50105e+00 4.60360e+00
-1.15699e+00 3.56316e+00 5.14846e+00
-1.19864e+00 3.62533e+00 5.74608e+00
-1.24112e+00 3.68756e+00 6.39368e+00
-1.28444e+00 3.74988e+00 7.08869e+00
-1.32860e+00 3.81227e+00 7.82861e+00
-1.37360e+00 3.87474e+00 8.61110e+00
-1.41945e+00 3.93731e+00 9.43390e+00
-1.46616e+00 3.99997e+00 1.02949e+01
-1.04743e-01 9.53137e-01 9.70545e+01
-1.10999e-01 1.01712e+00 8.86338e+01
-1.17952e-01 1.08094e+00 8.06967e+01
-1.25597e-01 1.14462e+00 7.32639e+01
-1.33931e-01 1.20816e+00 6.63400e+01
-1.42950e-01 1.27155e+00 5.99180e+01
-1.52653e-01 1.33482e+00 5.39827e+01
-1.63035e-01 1.39795e+00 4.85133e+01
-1.74095e-01 1.46097e+00 4.34859e+01
-1.85830e-01 1.52387e+00 3.88745e+01
-1.98238e-01 1.58666e+00 3.46528e+01
-2.11316e-01 1.64934e+00 3.07947e+01
-2.25062e-01 1.71192e+00 2.72750e+01
-2.39476e-01 1.77441e+00 2.40696e+01
-2.54554e-01 1.83680e+00 2.11558e+01
-2.70296e-01 1.89911e+00 1.85125e+01
-2.86700e-01 1.96134e+00 1.61201e+01
-3.03766e-01 2.02350e+00 1.39604e+01
-3.21491e-01 2.08558e+00 1.20168e+01
-3.39876e-01 2.14759e+00 1.02739e+01
-3.58919e-01 2.20955e+00 8.71774e+00
-3.78620e-01 2.27144e+00 7.33543e+00
-3.98978e-01 2.33329e+00 6.11521e+00
-4.19994e-01 2.39509e+00 5.04629e+00
-4.41667e-01 2.45684e+00 4.11879e+00
-4.63996e-01 2.51856e+00 3.32366e+00
-4.86984e-01 2.58024e+00 2.65257e+00
-5.10628e-01 2.64190e+00 2.09790e+00
-5.34931e-01 2.70353e+00 1.65260e+00
-5.59892e-01 2.76514e+00 1.31020e+00
-5.85513e-01 2.82673e+00 1.06472e+00
-6.11794e-01 2.88832e+00 9.10621e-01
-6.38736e-01 2.94989e+00 8.42773e-01
-6.66340e-01 3.01147e+00 8.56418e-01
-6.94609e-01 3.07304e+00 9.47125e-01
-7.23542e-01 3.13463e+00 1.11077e+00
-7.53143e-01 3.19622e+00 1.34349e+00
-7.83411e-01 3.25783e+00 1.64168e+00
-8.14351e-01 3.31946e+00 2.00195e+00
-8.45963e-01 3.38112e+00 2.42113e+00
-8.78249e-01 3.44280e+00 2.89621e+00
-9.11212e-01 3.50452e+00 3.42437e+00
-9.44855e-01 3.56627e+00 4.00294e+00
-9.79180e-01 3.62807e+00 4.62937e+00
-1.01419e+00 3.68991e+00 5.30127e+00
-1.04989e+00 3.75180e+00 6.01635e+00
-1.08627e+00 3.81375e+00 6.77241e+00
-1.12336e+00 3.87576e+00 7.56739e+00
-1.16114e+00 3.93783e+00 8.39927e+00
-1.19962e+00 3.99997e+00 9.26616e+00
-7.84905e-02 9.65555e-01 7.28779e+01
-8.31280e-02 1.02900e+00 6.66833e+01
-8.83040e-02 1.09232e+00 6.07691e+01
-9.40165e-02 1.15553e+00 5.51701e+01
-1.00263e-01 1.21862e+00 4.99060e+01
-1.07042e-01 1.28160e+00 4.49853e+01
-1.14352e-01 1.34447e+00 4.04074e+01
-1.22191e-01 1.40725e+00 3.61654e+01
-1.30556e-01 1.46992e+00 3.22480e+01
-1.39448e-01 1.53250e+00 2.86410e+01
-1.48863e-01 1.59499e+00 2.53285e+01
-1.58802e-01 1.65739e+00 2.22937e+01
-1.69262e-01 1.71971e+00 1.95200e+01
-1.80242e-01 1.78195e+00 1.69906e+01
-1.91742e-01 1.84412e+00 1.46897e+01
-2.03760e-01 1.90621e+00 1.26022e+01
-2.16295e-01 1.96824e+00 1.07136e+01
-2.29347e-01 2.03020e+00 9.01074e+00
-2.42915e-01 2.09210e+00 7.48115e+00
-2.56999e-01 2.15394e+00 6.11335e+00
-2.71597e-01 2.21574e+00 4.89673e+00
-2.86710e-01 2.27748e+00 3.82151e+00
-3.02337e-01 2.33917e+00 2.87870e+00
-3.18478e-01 2.40082e+00 2.06001e+00
-3.35133e-01 2.46244e+00 1.35780e+00
-3.52301e-01 2.52401e+00 7.65063e-01
-3.69983e-01 2.58556e+00 2.75316e-01
-3.88178e-01 2.64707e+00 -1.17411e-01
-4.06888e-01 2.70856e+00 -4.18637e-01
-4.26111e-01 2.77003e+00 -6.33467e-01
-4.45850e-01 2.83148e+00 -7.66632e-01
-4.66103e-01 2.89291e+00 -8.22525e-01
-4.86871e-01 2.95434e+00 -8.05232e-01
-5.08156e-01 3.01575e+00 -7.18563e-01
-5.29958e-01 3.07716e+00 -5.66075e-01
-5.52277e-01 3.13857e+00 -3.51095e-01
-5.75115e-01 3.19998e+00 -7.67485e-02
-5.98472e-01 3.26139e+00 2.54031e-01
-6.22350e-01 3.32281e+00 6.38479e-01
-6.46749e-01 3.38425e+00 1.07398e+00
-6.71671e-01 3.44570e+00 1.55808e+00
-6.97118e-01 3.50716e+00 2.08842e+00
-7.23090e-01 3.56865e+00 2.66279e+00
-7.49589e-01 3.63017e+00 3.27906e+00
-7.76616e-01 3.69171e+00 3.93522e+00
-8.04174e-01 3.75329e+00 4.62933e+00
-8.32264e-01 3.81490e+00 5.35955e+00
-8.60887e-01 3.87654e+00 6.12409e+00
-8.90046e-01 3.93823e+00 6.92126e+00
-9.19743e-01 3.99997e+00 7.74941e+00
-5.22692e-02 9.77502e-01 4.67860e+01
-5.53244e-02 1.04031e+00 4.29800e+01
-5.87494e-02 1.10303e+00 3.92718e+01
-6.25431e-02 1.16566e+00 3.56982e+01
-6.67045e-02 1.22822e+00 3.22856e+01
-7.12327e-02 1.29070e+00 2.90513e+01
-7.61267e-02 1.35310e+00 2.60055e+01
-8.13856e-02 1.41543e+00 2.31528e+01
-8.70087e-02 1.47769e+00 2.04930e+01
-9.29950e-02 1.53988e+00 1.80233e+01
-9.93438e-02 1.60201e+00 1.57382e+01
-1.06055e-01 1.66408e+00 1.36311e+01
-1.13126e-01 1.72608e+00 1.16942e+01
-1.20559e-01 1.78803e+00 9.91948e+00
-1.28351e-01 1.84993e+00 8.29855e+00
-1.36503e-01 1.91177e+00 6.82322e+00
-1.45014e-01 1.97356e+00 5.48549e+00
-1.53884e-01 2.03530e+00 4.27766e+00
-1.63111e-01 2.09700e+00 3.19243e+00
-1.72697e-01 2.15866e+00 2.22289e+00
-1.82639e-01 2.22027e+00 1.36255e+00
-1.92939e-01 2.28185e+00 6.05335e-01
-2.03596e-01 2.34339e+00 -5.44218e-02
-2.14610e-01 2.40490e+00 -6.22010e-01
-2.25981e-01 2.46638e+00 -1.10236e+00
-2.37707e-01 2.52783e+00 -1.50005e+00
-2.49791e-01 2.58925e+00 -1.81937e+00
-2.62230e-01 2.65065e+00 -2.06431e+00
-2.75027e-01 2.71202e+00 -2.23858e+00
-2.88179e-01 2.77338e+00 -2.34566e+00
-3.01689e-01 2.83472e+00 -2.38883e+00
-3.15554e-01 2.89605e+00 -2.37112e+00
-3.29777e-01 2.95736e+00 -2.29541e+00
-3.44357e-01 3.01866e+00 -2.16440e+00
-3.59295e-01 3.07996e+00 -1.98064e+00
-3.74590e-01 3.14125e+00 -1.74653e+00
-3.90243e-01 3.20253e+00 -1.46435e+00
-4.06254e-01 3.26382e+00 -1.13627e+00
-4.22625e-01 3.32510e+00 -7.64337e-01
-4.39354e-01 3.38639e+00 -3.50516e-01
-4.56444e-01 3.44769e+00 1.03322e-01
-4.73894e-01 3.50899e+00 5.95388e-01
-4.91704e-01 3.57030e+00 1.12396e+00
-5.09877e-01 3.63163e+00 1.68740e+00
-5.28411e-01 3.69297e+00 2.28411e+00
-5.47309e-01 3.75432e+00 2.91257e+00
-5.66570e-01 3.81570e+00 3.57129e+00
-5.86195e-01 3.87710e+00 4.25884e+00
-6.06186e-01 3.93852e+00 4.97384e+00
-6.26543e-01 3.99997e+00 5.71494e+00
-2.61025e-02 9.88980e-01 1.86200e+01
-2.76122e-02 1.05104e+00 1.73859e+01
-2.93119e-02 1.11306e+00 1.60917e+01
-3.12015e-02 1.17504e+00 1.47621e+01
-3.32806e-02 1.23697e+00 1.34191e+01
-3.55489e-02 1.29886e+00 1.20818e+01
-3.80060e-02 1.36071e+00 1.07660e+01
-4.06518e-02 1.42253e+00 9.48455e+00
-4.34860e-02 1.48431e+00 8.24738e+00
-4.65082e-02 1.54605e+00 7.06214e+00
-4.97182e-02 1.60775e+00 5.93443e+00
-5.31158e-02 1.66943e+00 4.86815e+00
-5.67008e-02 1.73107e+00 3.86583e+00
-6.04730e-02 1.79268e+00 2.92892e+00
-6.44321e-02 1.85426e+00 2.05804e+00
-6.85779e-02 1.91581e+00 1.25311e+00
-7.29104e-02 1.97733e+00 5.13586e-01
-7.74292e-02 2.03883e+00 -1.61483e-01
-8.21343e-02 2.10031e+00 -7.73308e-01
-8.70255e-02 2.16175e+00 -1.32330e+00
-9.21026e-02 2.22318e+00 -1.81300e+00
-9.73656e-02 2.28459e+00 -2.24405e+00
-1.02814e-01 2.34597e+00 -2.61813e+00
-1.08449e-01 2.40734e+00 -2.93696e+00
-1.14268e-01 2.46869e+00 -3.20225e+00
-1.20274e-01 2.53002e+00 -3.41571e+00
-1.26464e-01 2.59133e+00 -3.57903e+00
-1.32840e-01 2.65263e+00 -3.69387e+00
-1.39402e-01 2.71392e+00 -3.76185e+00
-1.46148e-01 2.77520e+00 -3.78455e+00
-1.53080e-01 2.83646e+00 -3.76354e+00
-1.60197e-01 2.89772e+00 -3.70032e+00
-1.67499e-01 2.95897e+00 -3.59636e+00
-1.74986e-01 3.02021e+00 -3.45311e+00
-1.82659e-01 3.08144e+00 -3.27195e+00
-1.90516e-01 3.14267e+00 -3.05425e+00
-1.98559e-01 3.20389e+00 -2.80135e+00
-2.06788e-01 3.26511e+00 -2.51452e+00
-2.15202e-01 3.32633e+00 -2.19505e+00
-2.23801e-01 3.38755e+00 -1.84416e+00
-2.32585e-01 3.44877e+00 -1.46307e+00
-2.41556e-01 3.50999e+00 -1.05295e+00
-2.50712e-01 3.57122e+00 -6.14964e-01
-2.60054e-01 3.63245e+00 -1.50247e-01
-2.69582e-01 3.69368e+00 3.40089e-01
-2.79296e-01 3.75492e+00 8.54950e-01
-2.89196e-01 3.81617e+00 1.39326e+00
-2.99282e-01 3.87743e+00 1.95397e+00
-3.09556e-01 3.93869e+00 2.53603e+00
-3.20016e-01 3.99997e+00 3.13843e+00
-1.27618e-05 9.99995e-01 -1.17976e+01
-1.34922e-05 1.06122e+00 -1.02514e+01
-1.43181e-05 1.12244e+00 -8.89448e+00
-1.52397e-05 1.18367e+00 -7.73081e+00
-1.62567e-05 1.24489e+00 -6.75536e+00
-1.73691e-05 1.30612e+00 -5.95669e+00
-1.85769e-05 1.36734e+00 -5.31929e+00
-1.98800e-05 1.42856e+00 -4.82554e+00
-2.12784e-05 1.48979e+00 -4.45716e+00
-2.27721e-05 1.55101e+00 -4.19614e+00
-2.43609e-05 1.61224e+00 -4.02545e+00
-2.60448e-05 1.67346e+00 -3.92937e+00
-2.78237e-05 1.73469e+00 -3.89372e+00
-2.96977e-05 1.79591e+00 -3.90586e+00
-3.16666e-05 1.85713e+00 -3.95470e+00
-3.37305e-05 1.91836e+00 -4.03057e+00
-3.58892e-05 1.97958e+00 -4.12513e+00
-3.81427e-05 2.04081e+00 -4.23122e+00
-4.04909e-05 2.10203e+00 -4.34274e+00
-4.29339e-05 2.16325e+00 -4.45452e+00
-4.54715e-05 2.22448e+00 -4.56220e+00
-4.81037e-05 2.28570e+00 -4.66214e+00
-5.08304e-05 2.34693e+00 -4.75129e+00
-5.36516e-05 2.40815e+00 -4.82715e+00
-5.65672e-05 2.46937e+00 -4.88766e+00
-5.95773e-05 2.53060e+00 -4.93116e+00
-6.26816e-05 2.59182e+00 -4.95633e+00
-6.58803e-05 2.65304e+00 -4.96212e+00
-6.91732e-05 2.71427e+00 -4.94775e+00
-7.25602e-05 2.77549e+00 -4.91264e+00
-7.60414e-05 2.83672e+00 -4.85640e+00
-7.96166e-05 2.89794e+00 -4.77879e+00
-8.32859e-05 2.95916e+00 -4.67973e+00
-8.70491e-05 3.02039e+00 -4.55922e+00
-9.09063e-05 3.08161e+00 -4.41738e+00
-9.48573e-05 3.14284e+00 -4.25441e+00
-9.89021e-05 3.20406e+00 -4.07061e+00
-1.03041e-04 3.26528e+00 -3.86630e+00
-1.07273e-04 3.32651e+00 -3.64190e+00
-1.11599e-04 3.38773e+00 -3.39784e+00
-1.16018e-04 3.44896e+00 -3.13461e+00
-1.20532e-04 3.51018e+00 -2.85275e+00
-1.25138e-04 3.57140e+00 -2.55281e+00
-1.29838e-04 3.63263e+00 -2.23537e+00
-1.34632e-04 3.69385e+00 -1.90103e+00
-1.39518e-04 3.75507e+00 -1.55044e+00
-1.44498e-04 3.81630e+00 -1.18422e+00
-1.49572e-04 3.87752e+00 -8.03046e-01
-1.54738e-04 3.93875e+00 -4.07586e-01
-1.59998e-04 3.99997e+00 1.47312e-03
