-1.00000e+00 0.00000e+00 2.48831e+03
-1.06122e+00 0.00000e+00 1.85923e+03
-1.12245e+00 0.00000e+00 1.43223e+03
-1.18367e+00 0.00000e+00 1.16441e+03
-1.24490e+00 0.00000e+00 1.01584e+03
-1.30612e+00 0.00000e+00 9.50914e+02
-1.36734e+00 0.00000e+00 9.38967e+02
-1.42857e+00 0.00000e+00 9.54403e+02
-1.48979e+00 0.00000e+00 9.76439e+02
-1.55101e+00 0.00000e+00 9.88654e+02
-1.61224e+00 0.00000e+00 9.78420e+02
-1.67346e+00 0.00000e+00 9.36326e+02
-1.73469e+00 0.00000e+00 8.55608e+02
-1.79591e+00 0.00000e+00 8.60308e+02
-1.85713e+00 0.00000e+00 8.49719e+02
-1.91836e+00 0.00000e+00 8.39911e+02
-1.97958e+00 0.00000e+00 8.30840e+02
-2.04081e+00 0.00000e+00 8.22462e+02
-2.10203e+00 0.00000e+00 8.14729e+02
-2.16325e+00 0.00000e+00 8.07599e+02
-2.22448e+00 0.00000e+00 8.01027e+02
-2.28570e+00 0.00000e+00 7.94973e+02
-2.34693e+00 0.00000e+00 7.89398e+02
-2.40815e+00 0.00000e+00 7.84266e+02
-2.46937e+00 0.00000e+00 7.79543e+02
-2.53060e+00 0.00000e+00 7.74329e+02
-2.59182e+00 0.00000e+00 7.70339e+02
-2.65304e+00 0.00000e+00 7.66643e+02
-2.71427e+00 0.00000e+00 7.63223e+02
-2.77549e+00 0.00000e+00 7.60061e+02
-2.83672e+00 0.00000e+00 7.57142e+02
-2.89794e+00 0.00000e+00 7.54448e+02
-2.95916e+00 0.00000e+00 7.51966e+02
-3.02039e+00 0.00000e+00 7.49680e+02
-3.08161e+00 0.00000e+00 7.47578e+02
-3.14284e+00 0.00000e+00 7.45646e+02
-3.20406e+00 0.00000e+00 7.43871e+02
-3.26528e+00 0.00000e+00 7.42326e+02
-3.32651e+00 0.00000e+00 7.40895e+02
-3.38773e+00 0.00000e+00 7.39604e+02
-3.44896e+00 0.00000e+00 7.38451e+02
-3.51018e+00 0.00000e+00 7.37432e+02
-3.57140e+00 0.00000e+00 7.36545e+02
-3.63263e+00 0.00000e+00 7.35786e+02
-3.69385e+00 0.00000e+00 7.35151e+02
-3.75507e+00 0.00000e+00 7.34637e+02
-3.81630e+00 0.00000e+00 7.34240e+02
-3.87752e+00 0.00000e+00 7.33955e+02
-3.93875e+00 0.00000e+00 7.33780e+02
-3.99997e+00 0.00000e+00 7.33710e+02
-9.88119e-01 2.81231e-02 2.08716e+03
-1.04987e+00 2.95565e-02 1.67875e+03
-1.11159e+00 3.11762e-02 1.39213e+03
-1.17328e+00 3.29823e-02 1.20203e+03
-1.23494e+00 3.49746e-02 1.08506e+03
-1.29657e+00 3.71530e-02 1.02040e+03
-1.35818e+00 3.95177e-02 9.90111e+02
-1.41976e+00 4.20684e-02 9.79094e+02
-1.48132e+00 4.48053e-02 9.74983e+02
-1.54286e+00 4.77283e-02 9.67870e+02
-1.60437e+00 5.08374e-02 9.49995e+02
-1.66587e+00 5.41327e-02 9.15432e+02
-1.72735e+00 5.76141e-02 8.59780e+02
-1.78894e+00 6.13034e-02 8.68608e+02
-1.85056e+00 6.51872e-02 8.55320e+02
-1.91215e+00 6.92585e-02 8.43629e+02
-1.97372e+00 7.35172e-02 8.33294e+02
-2.03526e+00 7.79633e-02 8.24103e+02
-2.09678e+00 8.25968e-02 8.15875e+02
-2.15829e+00 8.74175e-02 8.08450e+02
-2.21977e+00 9.24256e-02 8.01693e+02
-2.28124e+00 9.76211e-02 7.95486e+02
-2.34269e+00 1.03004e-01 7.89728e+02
-2.40412e+00 1.08574e-01 7.84332e+02
-2.46554e+00 1.14332e-01 7.79223e+02
-2.52701e+00 1.20292e-01 7.74767e+02
-2.58852e+00 1.26455e-01 7.70613e+02
-2.65000e+00 1.32804e-01 7.66796e+02
-2.71147e+00 1.39341e-01 7.63287e+02
-2.77292e+00 1.46064e-01 7.60062e+02
-2.83435e+00 1.52974e-01 7.57098e+02
-2.89577e+00 1.60071e-01 7.54373e+02
-2.95717e+00 1.67355e-01 7.51868e+02
-3.01856e+00 1.74825e-01 7.49565e+02
-3.07994e+00 1.82482e-01 7.47446e+02
-3.14131e+00 1.90327e-01 7.45496e+02
-3.20266e+00 1.98358e-01 7.43701e+02
-3.26403e+00 2.06582e-01 7.42113e+02
-3.32542e+00 2.15006e-01 7.40655e+02
-3.38680e+00 2.23616e-01 7.39337e+02
-3.44816e+00 2.32410e-01 7.38158e+02
-3.50951e+00 2.41388e-01 7.37114e+02
-3.57085e+00 2.50551e-01 7.36201e+02
-3.63218e+00 2.59899e-01 7.35415e+02
-3.69349e+00 2.69431e-01 7.34752e+02
-3.75480e+00 2.79148e-01 7.34209e+02
-3.81610e+00 2.89049e-01 7.33780e+02
-3.87740e+00 2.99135e-01 7.33463e+02
-3.93869e+00 3.09406e-01 7.33253e+02
-3.99997e+00 3.19862e-01 7.33146e+02
-9.75796e-01 5.61609e-02 1.76087e+03
-1.03798e+00 5.90573e-02 1.52537e+03
-1.10010e+00 6.23153e-02 1.34926e+03
-1.16216e+00 6.59342e-02 1.22127e+03
-1.22418e+00 6.99138e-02 1.13087e+03
-1.28614e+00 7.42535e-02 1.06860e+03
-1.34806e+00 7.89531e-02 1.02616e+03
-1.40994e+00 8.40123e-02 9.96482e+02
-1.47177e+00 8.94308e-02 9.73611e+02
-1.53356e+00 9.52083e-02 9.52663e+02
-1.59531e+00 1.01345e-01 9.29685e+02
-1.65703e+00 1.07840e-01 9.01535e+02
-1.71872e+00 1.14694e-01 8.65761e+02
-1.78064e+00 1.21958e-01 8.73441e+02
-1.84260e+00 1.29601e-01 8.58554e+02
-1.90452e+00 1.37605e-01 8.45711e+02
-1.96640e+00 1.45970e-01 8.34569e+02
-2.02824e+00 1.54696e-01 8.24831e+02
-2.09004e+00 1.63782e-01 8.16241e+02
-2.15180e+00 1.73229e-01 8.08582e+02
-2.21353e+00 1.83037e-01 8.01664e+02
-2.27523e+00 1.93205e-01 7.95329e+02
-2.33690e+00 2.03734e-01 7.89440e+02
-2.39854e+00 2.14624e-01 7.83880e+02
-2.46017e+00 2.25875e-01 7.78550e+02
-2.52188e+00 2.37522e-01 7.74437e+02
-2.58368e+00 2.49566e-01 7.70159e+02
-2.64545e+00 2.61970e-01 7.66244e+02
-2.70718e+00 2.74733e-01 7.62660e+02
-2.76888e+00 2.87856e-01 7.59375e+02
-2.83055e+00 3.01338e-01 7.56362e+02
-2.89220e+00 3.15181e-01 7.53595e+02
-2.95382e+00 3.29384e-01 7.51052e+02
-3.01542e+00 3.43947e-01 7.48712e+02
-3.07700e+00 3.58870e-01 7.46555e+02
-3.13856e+00 3.74155e-01 7.44563e+02
-3.20011e+00 3.89801e-01 7.42722e+02
-3.26167e+00 4.05821e-01 7.41079e+02
-3.32330e+00 4.22236e-01 7.39563e+02
-3.38491e+00 4.39008e-01 7.38189e+02
-3.44648e+00 4.56136e-01 7.36952e+02
-3.50804e+00 4.73621e-01 7.35846e+02
-3.56958e+00 4.91463e-01 7.34865e+02
-3.63109e+00 5.09663e-01 7.34005e+02
-3.69260e+00 5.28221e-01 7.33261e+02
-3.75409e+00 5.47137e-01 7.32626e+02
-3.81557e+00 5.66412e-01 7.32096e+02
-3.87704e+00 5.86047e-01 7.31666e+02
-3.93851e+00 6.06041e-01 7.31332e+02
-3.99997e+00 6.26396e-01 7.31089e+02
-9.63030e-01 8.40859e-02 1.50466e+03
-1.02554e+00 8.84753e-02 1.39678e+03
-1.08798e+00 9.33898e-02 1.30319e+03
-1.15033e+00 9.88282e-02 1.22291e+03
-1.21262e+00 1.04789e-01 1.15465e+03
-1.27484e+00 1.11272e-01 1.09699e+03
-1.33699e+00 1.18276e-01 1.04845e+03
-1.39908e+00 1.25800e-01 1.00756e+03
-1.46112e+00 1.33844e-01 9.72924e+02
-1.52310e+00 1.42406e-01 9.43228e+02
-1.58504e+00 1.51486e-01 9.17279e+02
-1.64693e+00 1.61085e-01 8.93996e+02
-1.70878e+00 1.71201e-01 8.72418e+02
-1.77098e+00 1.81925e-01 8.74770e+02
-1.83325e+00 1.93200e-01 8.59438e+02
-1.89546e+00 2.04997e-01 8.46215e+02
-1.95762e+00 2.17315e-01 8.34750e+02
-2.01972e+00 2.30153e-01 8.24741e+02
-2.08177e+00 2.43511e-01 8.15926e+02
-2.14377e+00 2.57389e-01 8.08080e+02
-2.20574e+00 2.71788e-01 8.01007e+02
-2.26766e+00 2.86706e-01 7.94542e+02
-2.32955e+00 3.02145e-01 7.88542e+02
-2.39141e+00 3.18104e-01 7.82883e+02
-2.45323e+00 3.34583e-01 7.77460e+02
-2.51521e+00 3.51646e-01 7.73390e+02
-2.57732e+00 3.69290e-01 7.69020e+02
-2.63938e+00 3.87453e-01 7.65029e+02
-2.70139e+00 4.06134e-01 7.61378e+02
-2.76337e+00 4.25334e-01 7.58033e+02
-2.82531e+00 4.45054e-01 7.54965e+02
-2.88722e+00 4.65293e-01 7.52145e+02
-2.94909e+00 4.86052e-01 7.49548e+02
-3.01095e+00 5.07332e-01 7.47152e+02
-3.07278e+00 5.29134e-01 7.44936e+02
-3.13459e+00 5.51457e-01 7.42880e+02
-3.19639e+00 5.74304e-01 7.40969e+02
-3.25822e+00 5.97696e-01 7.39260e+02
-3.32015e+00 6.21670e-01 7.37653e+02
-3.38205e+00 6.46159e-01 7.36191e+02
-3.44392e+00 6.71164e-01 7.34865e+02
-3.50576e+00 6.96687e-01 7.33663e+02
-3.56758e+00 7.22727e-01 7.32578e+02
-3.62938e+00 7.49286e-01 7.31601e+02
-3.69116e+00 7.76365e-01 7.30725e+02
-3.75294e+00 8.03965e-01 7.29941e+02
-3.81470e+00 8.32087e-01 7.29243e+02
-3.87646e+00 8.60733e-01 7.28625e+02
-3.93821e+00 8.89905e-01 7.28081e+02
-3.99997e+00 9.19603e-01 7.27605e+02
-9.49824e-01 1.11869e-01 1.31279e+03
-1.01257e+00 1.17782e-01 1.28997e+03
-1.07522e+00 1.24372e-01 1.25312e+03
-1.13777e+00 1.31636e-01 1.20768e+03
-1.20024e+00 1.39572e-01 1.15799e+03
-1.26263e+00 1.48179e-01 1.10750e+03
-1.32495e+00 1.57455e-01 1.05879e+03
-1.38719e+00 1.67399e-01 1.01380e+03
-1.44937e+00 1.78010e-01 9.73862e+02
-1.51148e+00 1.89286e-01 9.39887e+02
-1.57354e+00 2.01227e-01 9.12408e+02
-1.63555e+00 2.13831e-01 8.91686e+02
-1.69752e+00 2.27098e-01 8.77769e+02
-1.75995e+00 2.41165e-01 8.72719e+02
-1.82249e+00 2.55945e-01 8.58102e+02
-1.88496e+00 2.71393e-01 8.45273e+02
-1.94736e+00 2.87508e-01 8.33969e+02
-2.00969e+00 3.04290e-01 8.23959e+02
-2.07198e+00 3.21738e-01 8.15040e+02
-2.13420e+00 3.39852e-01 8.07035e+02
-2.19639e+00 3.58632e-01 7.99786e+02
-2.25853e+00 3.78078e-01 7.93159e+02
-2.32063e+00 3.98190e-01 7.87035e+02
-2.38270e+00 4.18968e-01 7.81309e+02
-2.44474e+00 4.40413e-01 7.75891e+02
-2.50698e+00 4.62619e-01 7.71684e+02
-2.56941e+00 4.85583e-01 7.67247e+02
-2.63178e+00 5.09211e-01 7.63191e+02
-2.69410e+00 5.33503e-01 7.59478e+02
-2.75638e+00 5.58460e-01 7.56071e+02
-2.81862e+00 5.84082e-01 7.52939e+02
-2.88082e+00 6.10370e-01 7.50052e+02
-2.94300e+00 6.37326e-01 7.47386e+02
-3.00515e+00 6.64950e-01 7.44915e+02
-3.06728e+00 6.93243e-01 7.42619e+02
-3.12940e+00 7.22207e-01 7.40478e+02
-3.19151e+00 7.51843e-01 7.38475e+02
-3.25366e+00 7.82185e-01 7.36689e+02
-3.31596e+00 8.13288e-01 7.34956e+02
-3.37823e+00 8.45053e-01 7.33374e+02
-3.44046e+00 8.77480e-01 7.31927e+02
-3.50267e+00 9.10573e-01 7.30597e+02
-3.56486e+00 9.44332e-01 7.29372e+02
-3.62703e+00 9.78759e-01 7.28237e+02
-3.68919e+00 1.01386e+00 7.27181e+02
-3.75134e+00 1.04963e+00 7.26193e+02
-3.81349e+00 1.08607e+00 7.25263e+02
-3.87564e+00 1.12319e+00 7.24382e+02
-3.93780e+00 1.16100e+00 7.23541e+02
-3.99997e+00 1.19948e+00 7.22732e+02
-9.36181e-01 1.39482e-01 1.17851e+03
-9.99056e-01 1.46949e-01 1.20120e+03
-1.06182e+00 1.55232e-01 1.19785e+03
-1.12449e+00 1.64327e-01 1.17621e+03
-1.18705e+00 1.74231e-01 1.14267e+03
-1.24953e+00 1.84943e-01 1.10240e+03
-1.31193e+00 1.96459e-01 1.05947e+03
-1.37425e+00 2.08778e-01 1.01710e+03
-1.43650e+00 2.21896e-01 9.77703e+02
-1.49869e+00 2.35814e-01 9.43088e+02
-1.56082e+00 2.50529e-01 9.14553e+02
-1.62289e+00 2.66040e-01 8.92992e+02
-1.68493e+00 2.82347e-01 8.78978e+02
-1.74755e+00 2.99637e-01 8.67571e+02
-1.81031e+00 3.17793e-01 8.54787e+02
-1.87300e+00 3.36750e-01 8.43093e+02
-1.93561e+00 3.56507e-01 8.32404e+02
-1.99816e+00 3.77064e-01 8.22634e+02
-2.06065e+00 3.98419e-01 8.13703e+02
-2.12308e+00 4.20573e-01 8.05536e+02
-2.18547e+00 4.43526e-01 7.98060e+02
-2.24782e+00 4.67276e-01 7.91208e+02
-2.31013e+00 4.91826e-01 7.84916e+02
-2.37242e+00 5.17174e-01 7.79127e+02
-2.43468e+00 5.43323e-01 7.73785e+02
-2.49720e+00 5.70401e-01 7.69379e+02
-2.55995e+00 5.98405e-01 7.64890e+02
-2.62265e+00 6.27205e-01 7.60777e+02
-2.68530e+00 6.56802e-01 7.57000e+02
-2.74790e+00 6.87196e-01 7.53523e+02
-2.81047e+00 7.18388e-01 7.50315e+02
-2.87301e+00 7.50380e-01 7.47346e+02
-2.93553e+00 7.83173e-01 7.44591e+02
-2.99803e+00 8.16770e-01 7.42026e+02
-3.06051e+00 8.51171e-01 7.39631e+02
-3.12299e+00 8.86379e-01 7.37385e+02
-3.18546e+00 9.22397e-01 7.35271e+02
-3.24801e+00 9.59270e-01 7.33396e+02
-3.31074e+00 9.97074e-01 7.31495e+02
-3.37344e+00 1.03567e+00 7.29758e+02
-3.43612e+00 1.07507e+00 7.28157e+02
-3.49877e+00 1.11527e+00 7.26667e+02
-3.56141e+00 1.15627e+00 7.25265e+02
-3.62405e+00 1.19808e+00 7.23932e+02
-3.68668e+00 1.24069e+00 7.22649e+02
-3.74931e+00 1.28412e+00 7.21401e+02
-3.81195e+00 1.32836e+00 7.20171e+02
-3.87460e+00 1.37343e+00 7.18947e+02
-3.93727e+00 1.41932e+00 7.17716e+02
-3.99997e+00 1.46603e+00 7.16468e+02
-9.22105e-01 1.66893e-01 1.09386e+03
-9.85005e-01 1.75945e-01 1.12592e+03
-1.04779e+00 1.85940e-01 1.13577e+03
-1.11047e+00 1.96872e-01 1.12912e+03
-1.17304e+00 2.08737e-01 1.11070e+03
-1.23553e+00 2.21533e-01 1.08438e+03
-1.29793e+00 2.35255e-01 1.05327e+03
-1.36026e+00 2.49901e-01 1.01985e+03
-1.42252e+00 2.65468e-01 9.86062e+02
-1.48471e+00 2.81954e-01 9.53414e+02
-1.54685e+00 2.99358e-01 9.23051e+02
-1.60895e+00 3.17676e-01 8.95827e+02
-1.67100e+00 3.36909e-01 8.72363e+02
-1.73377e+00 3.57305e-01 8.59759e+02
-1.79671e+00 3.78706e-01 8.49843e+02
-1.85957e+00 4.01028e-01 8.39957e+02
-1.92237e+00 4.24271e-01 8.30276e+02
-1.98510e+00 4.48432e-01 8.20937e+02
-2.04777e+00 4.73512e-01 8.12043e+02
-2.11040e+00 4.99510e-01 8.03672e+02
-2.17298e+00 5.26425e-01 7.95880e+02
-2.23553e+00 5.54259e-01 7.88706e+02
-2.29805e+00 5.83010e-01 7.82175e+02
-2.36055e+00 6.12681e-01 7.76299e+02
-2.42304e+00 6.43272e-01 7.71085e+02
-2.48585e+00 6.74952e-01 7.66536e+02
-2.54894e+00 7.07717e-01 7.62003e+02
-2.61198e+00 7.41397e-01 7.57831e+02
-2.67498e+00 7.75993e-01 7.53982e+02
-2.73794e+00 8.11506e-01 7.50422e+02
-2.80088e+00 8.47937e-01 7.47121e+02
-2.86379e+00 8.85289e-01 7.44052e+02
-2.92669e+00 9.23564e-01 7.41189e+02
-2.98957e+00 9.62764e-01 7.38509e+02
-3.05246e+00 1.00289e+00 7.35993e+02
-3.11535e+00 1.04395e+00 7.33621e+02
-3.17825e+00 1.08594e+00 7.31377e+02
-3.24125e+00 1.12893e+00 7.29397e+02
-3.30448e+00 1.17301e+00 7.27284e+02
-3.36769e+00 1.21801e+00 7.25352e+02
-3.43088e+00 1.26392e+00 7.23561e+02
-3.49407e+00 1.31076e+00 7.21874e+02
-3.55725e+00 1.35853e+00 7.20258e+02
-3.62043e+00 1.40723e+00 7.18683e+02
-3.68362e+00 1.45687e+00 7.17121e+02
-3.74683e+00 1.50744e+00 7.15550e+02
-3.81007e+00 1.55896e+00 7.13947e+02
-3.87333e+00 1.61144e+00 7.12292e+02
-3.93663e+00 1.66486e+00 7.10568e+02
-3.99997e+00 1.71926e+00 7.08758e+02
-9.08076e-01 1.93204e-01 1.01434e+03
-9.70878e-01 2.03868e-01 1.07007e+03
-1.03356e+00 2.15587e-01 1.09534e+03
-1.09614e+00 2.28355e-01 1.09831e+03
-1.15863e+00 2.42167e-01 1.08562e+03
-1.22102e+00 2.57019e-01 1.06265e+03
-1.28333e+00 2.72905e-01 1.03367e+03
-1.34558e+00 2.89824e-01 1.00208e+03
-1.40776e+00 3.07771e-01 9.70517e+02
-1.46988e+00 3.26744e-01 9.41037e+02
-1.53196e+00 3.46739e-01 9.15206e+02
-1.59401e+00 3.67757e-01 8.94205e+02
-1.65602e+00 3.89794e-01 8.78900e+02
-1.71887e+00 4.13183e-01 8.62834e+02
-1.78193e+00 4.37713e-01 8.48753e+02
-1.84492e+00 4.63272e-01 8.36386e+02
-1.90785e+00 4.89858e-01 8.25456e+02
-1.97072e+00 5.17470e-01 8.15727e+02
-2.03354e+00 5.46108e-01 8.06999e+02
-2.09633e+00 5.75770e-01 7.99096e+02
-2.15908e+00 6.06456e-01 7.91869e+02
-2.22181e+00 6.38168e-01 7.85191e+02
-2.28453e+00 6.70905e-01 7.78950e+02
-2.34723e+00 7.04668e-01 7.73052e+02
-2.40994e+00 7.39459e-01 7.67415e+02
-2.47303e+00 7.75503e-01 7.62631e+02
-2.53647e+00 8.12791e-01 7.58023e+02
-2.59986e+00 8.51099e-01 7.53787e+02
-2.66322e+00 8.90429e-01 7.49880e+02
-2.72656e+00 9.30783e-01 7.46263e+02
-2.78988e+00 9.72163e-01 7.42903e+02
-2.85320e+00 1.01457e+00 7.39769e+02
-2.91651e+00 1.05801e+00 7.36833e+02
-2.97982e+00 1.10248e+00 7.34070e+02
-3.04315e+00 1.14799e+00 7.31458e+02
-3.10651e+00 1.19454e+00 7.28976e+02
-3.16989e+00 1.24214e+00 7.26607e+02
-3.23340e+00 1.29086e+00 7.24519e+02
-3.29720e+00 1.34084e+00 7.22267e+02
-3.36099e+00 1.39183e+00 7.20179e+02
-3.42477e+00 1.44386e+00 7.18209e+02
-3.48856e+00 1.49691e+00 7.16319e+02
-3.55236e+00 1.55101e+00 7.14471e+02
-3.61618e+00 1.60614e+00 7.12635e+02
-3.68003e+00 1.66232e+00 7.10780e+02
-3.74392e+00 1.71955e+00 7.08880e+02
-3.80785e+00 1.77785e+00 7.06911e+02
-3.87183e+00 1.83720e+00 7.04852e+02
-3.93587e+00 1.89764e+00 7.02683e+02
-3.99997e+00 1.95915e+00 7.00386e+02
-8.93672e-01 2.19243e-01 9.63125e+02
-9.56271e-01 2.31549e-01 1.02191e+03
-1.01876e+00 2.45009e-01 1.05156e+03
-1.08115e+00 2.59617e-01 1.05977e+03
-1.14345e+00 2.75367e-01 1.05276e+03
-1.20566e+00 2.92253e-01 1.03554e+03
-1.26781e+00 3.10270e-01 1.01206e+03
-1.32990e+00 3.29414e-01 9.85500e+02
-1.39193e+00 3.49681e-01 9.58326e+02
-1.45393e+00 3.71068e-01 9.32484e+02
-1.51589e+00 3.93572e-01 9.09474e+02
-1.57783e+00 4.17191e-01 8.90452e+02
-1.63975e+00 4.41922e-01 8.76290e+02
-1.70263e+00 4.68187e-01 8.58927e+02
-1.76577e+00 4.95717e-01 8.44663e+02
-1.82885e+00 5.24370e-01 8.32162e+02
-1.89187e+00 5.54145e-01 8.21137e+02
-1.95486e+00 5.85040e-01 8.11342e+02
-2.01781e+00 6.17054e-01 8.02565e+02
-2.08073e+00 6.50186e-01 7.94627e+02
-2.14364e+00 6.84438e-01 7.87374e+02
-2.20654e+00 7.19809e-01 7.80672e+02
-2.26944e+00 7.56299e-01 7.74409e+02
-2.33236e+00 7.93911e-01 7.68485e+02
-2.39529e+00 8.32646e-01 7.62817e+02
-2.45867e+00 8.72785e-01 7.58149e+02
-2.52246e+00 9.14318e-01 7.53465e+02
-2.58623e+00 9.56964e-01 7.49161e+02
-2.64997e+00 1.00073e+00 7.45191e+02
-2.71371e+00 1.04560e+00 7.41512e+02
-2.77745e+00 1.09160e+00 7.38087e+02
-2.84120e+00 1.13872e+00 7.34884e+02
-2.90496e+00 1.18697e+00 7.31872e+02
-2.96875e+00 1.23635e+00 7.29025e+02
-3.03258e+00 1.28686e+00 7.26319e+02
-3.09645e+00 1.33852e+00 7.23731e+02
-3.16037e+00 1.39132e+00 7.21243e+02
-3.22445e+00 1.44536e+00 7.19040e+02
-3.28888e+00 1.50080e+00 7.16650e+02
-3.35332e+00 1.55737e+00 7.14396e+02
-3.41777e+00 1.61505e+00 7.12237e+02
-3.48225e+00 1.67386e+00 7.10135e+02
-3.54675e+00 1.73380e+00 7.08055e+02
-3.61131e+00 1.79488e+00 7.05965e+02
-3.67591e+00 1.85711e+00 7.03838e+02
-3.74057e+00 1.92049e+00 7.01648e+02
-3.80529e+00 1.98503e+00 6.99371e+02
-3.87010e+00 2.05075e+00 6.96987e+02
-3.93499e+00 2.11764e+00 6.94476e+02
-3.99997e+00 2.18572e+00 6.91819e+02
-8.78830e-01 2.45113e-01 9.22233e+02
-9.41121e-01 2.59091e-01 9.80518e+02
-1.00331e+00 2.74309e-01 1.01172e+03
-1.06542e+00 2.90762e-01 1.02296e+03
-1.12744e+00 3.08441e-01 1.01992e+03
-1.18940e+00 3.27340e-01 1.00715e+03
-1.25131e+00 3.47454e-01 9.88251e+02
-1.31317e+00 3.68778e-01 9.66082e+02
-1.37499e+00 3.91306e-01 9.42901e+02
-1.43679e+00 4.15036e-01 9.20484e+02
-1.49858e+00 4.39964e-01 9.00222e+02
-1.56037e+00 4.66087e-01 8.83201e+02
-1.62216e+00 4.93404e-01 8.70258e+02
-1.68502e+00 5.22425e-01 8.52670e+02
-1.74819e+00 5.52822e-01 8.38561e+02
-1.81132e+00 5.84424e-01 8.26202e+02
-1.87441e+00 6.17229e-01 8.15305e+02
-1.93748e+00 6.51236e-01 8.05622e+02
-2.00053e+00 6.86443e-01 7.96942e+02
-2.06358e+00 7.22851e-01 7.89087e+02
-2.12663e+00 7.60458e-01 7.81902e+02
-2.18970e+00 7.99267e-01 7.75256e+02
-2.25278e+00 8.39278e-01 7.69034e+02
-2.31591e+00 8.80492e-01 7.63141e+02
-2.37907e+00 9.22913e-01 7.57491e+02
-2.44276e+00 9.66876e-01 7.52932e+02
-2.50691e+00 1.01237e+00 7.48239e+02
-2.57106e+00 1.05906e+00 7.43927e+02
-2.63521e+00 1.10694e+00 7.39948e+02
-2.69938e+00 1.15602e+00 7.36256e+02
-2.76356e+00 1.20631e+00 7.32813e+02
-2.82778e+00 1.25780e+00 7.29584e+02
-2.89204e+00 1.31050e+00 7.26539e+02
-2.95635e+00 1.36441e+00 7.23648e+02
-3.02072e+00 1.41955e+00 7.20887e+02
-3.08516e+00 1.47591e+00 7.18233e+02
-3.14968e+00 1.53351e+00 7.15664e+02
-3.21440e+00 1.59245e+00 7.13373e+02
-3.27953e+00 1.65294e+00 7.10895e+02
-3.34468e+00 1.71462e+00 7.08525e+02
-3.40988e+00 1.77751e+00 7.06224e+02
-3.47512e+00 1.84160e+00 7.03958e+02
-3.54042e+00 1.90692e+00 7.01695e+02
-3.60579e+00 1.97346e+00 6.99407e+02
-3.67124e+00 2.04123e+00 6.97066e+02
-3.73677e+00 2.11025e+00 6.94650e+02
-3.80240e+00 2.18053e+00 6.92136e+02
-3.86814e+00 2.25206e+00 6.89504e+02
-3.93399e+00 2.32487e+00 6.86735e+02
-3.99997e+00 2.39896e+00 6.83812e+02
-8.63558e-01 2.70785e-01 8.90910e+02
-9.25433e-01 2.86464e-01 9.45231e+02
-9.87226e-01 3.03458e-01 9.75310e+02
-1.04895e+00 3.21758e-01 9.87521e+02
-1.11061e+00 3.41358e-01 9.86908e+02
-1.17223e+00 3.62249e-01 9.77460e+02
-1.23382e+00 3.84425e-01 9.62338e+02
-1.29538e+00 4.07881e-01 9.44040e+02
-1.35693e+00 4.32611e-01 9.24544e+02
-1.41848e+00 4.58612e-01 9.05413e+02
-1.48004e+00 4.85879e-01 8.87882e+02
-1.54162e+00 5.14410e-01 8.72925e+02
-1.60323e+00 5.44203e-01 8.61307e+02
-1.66603e+00 5.75859e-01 8.44300e+02
-1.72919e+00 6.08990e-01 8.30643e+02
-1.79233e+00 6.43395e-01 8.18668e+02
-1.85546e+00 6.79073e-01 8.08092e+02
-1.91858e+00 7.16020e-01 7.98678e+02
-1.98172e+00 7.54237e-01 7.90222e+02
-2.04487e+00 7.93724e-01 7.82552e+02
-2.10805e+00 8.34479e-01 7.75518e+02
-2.17127e+00 8.76505e-01 7.68995e+02
-2.23454e+00 9.19803e-01 7.62873e+02
-2.29788e+00 9.64375e-01 7.57060e+02
-2.36128e+00 1.01022e+00 7.51475e+02
-2.42528e+00 1.05774e+00 7.47035e+02
-2.48981e+00 1.10691e+00 7.42395e+02
-2.55436e+00 1.15735e+00 7.38131e+02
-2.61894e+00 1.20905e+00 7.34192e+02
-2.68356e+00 1.26201e+00 7.30533e+02
-2.74823e+00 1.31625e+00 7.27115e+02
-2.81295e+00 1.37177e+00 7.23901e+02
-2.87775e+00 1.42856e+00 7.20860e+02
-2.94262e+00 1.48665e+00 7.17964e+02
-3.00759e+00 1.54603e+00 7.15185e+02
-3.07265e+00 1.60671e+00 7.12500e+02
-3.13783e+00 1.66869e+00 7.09888e+02
-3.20325e+00 1.73212e+00 7.07533e+02
-3.26914e+00 1.79722e+00 7.05010e+02
-3.33509e+00 1.86358e+00 7.02564e+02
-3.40110e+00 1.93122e+00 7.00162e+02
-3.46719e+00 2.00014e+00 6.97774e+02
-3.53337e+00 2.07036e+00 6.95373e+02
-3.59965e+00 2.14187e+00 6.92934e+02
-3.66604e+00 2.21470e+00 6.90433e+02
-3.73254e+00 2.28884e+00 6.87851e+02
-3.79918e+00 2.36432e+00 6.85166e+02
-3.86595e+00 2.44115e+00 6.82362e+02
-3.93288e+00 2.51932e+00 6.79422e+02
-3.99997e+00 2.59887e+00 6.76330e+02
-8.47864e-01 2.96228e-01 8.68218e+02
-9.09214e-01 3.13638e-01 9.15236e+02
-9.70506e-01 3.32424e-01 9.41692e+02
-1.03175e+00 3.52577e-01 9.53022e+02
-1.09297e+00 3.74088e-01 9.53479e+02
-1.15416e+00 3.96948e-01 9.46400e+02
-1.21535e+00 4.21152e-01 9.34412e+02
-1.27654e+00 4.46692e-01 9.19590e+02
-1.33775e+00 4.73563e-01 9.03577e+02
-1.39898e+00 5.01762e-01 8.87675e+02
-1.46025e+00 5.31283e-01 8.72920e+02
-1.52158e+00 5.62125e-01 8.60137e+02
-1.58297e+00 5.94284e-01 8.49985e+02
-1.64566e+00 6.28453e-01 8.34067e+02
-1.70877e+00 6.64185e-01 8.21116e+02
-1.77188e+00 7.01247e-01 8.09727e+02
-1.83501e+00 7.39638e-01 7.99637e+02
-1.89817e+00 7.79355e-01 7.90623e+02
-1.96136e+00 8.20398e-01 7.82496e+02
-2.02460e+00 8.62767e-01 7.75095e+02
-2.08790e+00 9.06463e-01 7.68282e+02
-2.15127e+00 9.51486e-01 7.61940e+02
-2.21472e+00 9.97838e-01 7.55967e+02
-2.27827e+00 1.04552e+00 7.50278e+02
-2.34192e+00 1.09454e+00 7.44797e+02
-2.40624e+00 1.14535e+00 7.40508e+02
-2.47116e+00 1.19791e+00 7.35978e+02
-2.53613e+00 1.25180e+00 7.31812e+02
-2.60116e+00 1.30701e+00 7.27959e+02
-2.66626e+00 1.36354e+00 7.24375e+02
-2.73143e+00 1.42140e+00 7.21019e+02
-2.79670e+00 1.48060e+00 7.17857e+02
-2.86208e+00 1.54114e+00 7.14856e+02
-2.92756e+00 1.60303e+00 7.11987e+02
-2.99317e+00 1.66627e+00 7.09224e+02
-3.05892e+00 1.73088e+00 7.06543e+02
-3.12481e+00 1.79686e+00 7.03922e+02
-3.19100e+00 1.86436e+00 7.01524e+02
-3.25772e+00 1.93364e+00 6.98993e+02
-3.32453e+00 2.00425e+00 6.96507e+02
-3.39143e+00 2.07619e+00 6.94038e+02
-3.45845e+00 2.14947e+00 6.91564e+02
-3.52559e+00 2.22411e+00 6.89064e+02
-3.59287e+00 2.30011e+00 6.86517e+02
-3.66029e+00 2.37749e+00 6.83907e+02
-3.72787e+00 2.45626e+00 6.81216e+02
-3.79561e+00 2.53642e+00 6.78429e+02
-3.86354e+00 2.61800e+00 6.75533e+02
-3.93165e+00 2.70101e+00 6.72513e+02
-3.99997e+00 2.78546e+00 6.69357e+02
-8.31760e-01 3.21413e-01 8.53025e+02
-8.92474e-01 3.40584e-01 8.89577e+02
-9.53161e-01 3.61178e-01 9.10132e+02
-1.01383e+00 3.83186e-01 9.18958e+02
-1.07451e+00 4.06598e-01 9.19351e+02
-1.13519e+00 4.31405e-01 9.13879e+02
-1.19590e+00 4.57600e-01 9.04551e+02
-1.25665e+00 4.85177e-01 8.92951e+02
-1.31745e+00 5.14129e-01 8.80332e+02
-1.37831e+00 5.44452e-01 8.67692e+02
-1.43924e+00 5.76142e-01 8.55829e+02
-1.50026e+00 6.09196e-01 8.45384e+02
-1.56137e+00 6.43613e-01 8.36876e+02
-1.62391e+00 6.80173e-01 8.22235e+02
-1.68692e+00 7.18371e-01 8.10195e+02
-1.74997e+00 7.57943e-01 7.99555e+02
-1.81307e+00 7.98888e-01 7.90080e+02
-1.87623e+00 8.41204e-01 7.81569e+02
-1.93945e+00 8.84890e-01 7.73853e+02
-2.00277e+00 9.29946e-01 7.66787e+02
-2.06617e+00 9.76373e-01 7.60248e+02
-2.12969e+00 1.02417e+00 7.54133e+02
-2.19332e+00 1.07335e+00 7.48349e+02
-2.25708e+00 1.12390e+00 7.42820e+02
-2.32098e+00 1.17584e+00 7.37479e+02
-2.38563e+00 1.22966e+00 7.33394e+02
-2.45096e+00 1.28534e+00 7.29026e+02
-2.51636e+00 1.34239e+00 7.25003e+02
-2.58186e+00 1.40080e+00 7.21276e+02
-2.64747e+00 1.46058e+00 7.17804e+02
-2.71319e+00 1.52174e+00 7.14546e+02
-2.77904e+00 1.58428e+00 7.11468e+02
-2.84503e+00 1.64821e+00 7.08537e+02
-2.91117e+00 1.71354e+00 7.05727e+02
-2.97748e+00 1.78027e+00 7.03010e+02
-3.04396e+00 1.84841e+00 7.00363e+02
-3.11063e+00 1.91798e+00 6.97764e+02
-3.17764e+00 1.98915e+00 6.95339e+02
-3.24526e+00 2.06219e+00 6.92833e+02
-3.31300e+00 2.13660e+00 6.90335e+02
-3.38088e+00 2.21239e+00 6.87829e+02
-3.44891e+00 2.28958e+00 6.85301e+02
-3.51710e+00 2.36817e+00 6.82736e+02
-3.58546e+00 2.44818e+00 6.80124e+02
-3.65401e+00 2.52961e+00 6.77453e+02
-3.72275e+00 2.61249e+00 6.74715e+02
-3.79171e+00 2.69682e+00 6.71898e+02
-3.86089e+00 2.78263e+00 6.68996e+02
-3.93030e+00 2.86992e+00 6.66001e+02
-3.99997e+00 2.95872e+00 6.62904e+02
-8.15576e-01 3.45837e-01 8.35377e+02
-8.75541e-01 3.66792e-01 8.65688e+02
-9.35516e-01 3.89206e-01 8.82650e+02
-9.95514e-01 4.13067e-01 8.89896e+02
-1.05555e+00 4.38366e-01 8.90189e+02
-1.11563e+00 4.65093e-01 8.85654e+02
-1.17578e+00 4.93241e-01 8.77939e+02
-1.23601e+00 5.22804e-01 8.68333e+02
-1.29632e+00 5.53774e-01 8.57853e+02
-1.35673e+00 5.86148e-01 8.47306e+02
-1.41726e+00 6.19922e-01 8.37340e+02
-1.47791e+00 6.55091e-01 8.28477e+02
-1.53870e+00 6.91656e-01 8.21142e+02
-1.60102e+00 7.30495e-01 8.07987e+02
-1.66388e+00 7.71036e-01 7.97186e+02
-1.72681e+00 8.12984e-01 7.87571e+02
-1.78983e+00 8.56336e-01 7.78944e+02
-1.85295e+00 9.01091e-01 7.71138e+02
-1.91618e+00 9.47249e-01 7.64012e+02
-1.97954e+00 9.94810e-01 7.57446e+02
-2.04303e+00 1.04378e+00 7.51339e+02
-2.10666e+00 1.09415e+00 7.45605e+02
-2.17046e+00 1.14593e+00 7.40168e+02
-2.23443e+00 1.19912e+00 7.34966e+02
-2.29858e+00 1.25374e+00 7.29944e+02
-2.36356e+00 1.31032e+00 7.26137e+02
-2.42929e+00 1.36886e+00 7.21988e+02
-2.49514e+00 1.42879e+00 7.18173e+02
-2.56113e+00 1.49012e+00 7.14642e+02
-2.62726e+00 1.55286e+00 7.11352e+02
-2.69355e+00 1.61700e+00 7.08263e+02
-2.76001e+00 1.68256e+00 7.05339e+02
-2.82665e+00 1.74955e+00 7.02548e+02
-2.89349e+00 1.81797e+00 6.99861e+02
-2.96053e+00 1.88783e+00 6.97251e+02
-3.02780e+00 1.95915e+00 6.94694e+02
-3.09530e+00 2.03193e+00 6.92168e+02
-3.16320e+00 2.10636e+00 6.89784e+02
-3.23178e+00 2.18275e+00 6.87407e+02
-3.30052e+00 2.26055e+00 6.84974e+02
-3.36944e+00 2.33976e+00 6.82489e+02
-3.43856e+00 2.42041e+00 6.79956e+02
-3.50788e+00 2.50249e+00 6.77381e+02
-3.57742e+00 2.58603e+00 6.74768e+02
-3.64719e+00 2.67104e+00 6.72124e+02
-3.71720e+00 2.75753e+00 6.69453e+02
-3.78747e+00 2.84552e+00 6.66761e+02
-3.85801e+00 2.93502e+00 6.64054e+02
-3.92884e+00 3.02606e+00 6.61339e+02
-3.99997e+00 3.11865e+00 6.58621e+02
-7.99070e-01 3.69891e-01 8.22369e+02
-8.58176e-01 3.92657e-01 8.44742e+02
-9.17334e-01 4.16904e-01 8.56950e+02
-9.76559e-01 4.42619e-01 8.61802e+02
-1.03587e+00 4.69793e-01 8.61409e+02
-1.09526e+00 4.98417e-01 8.57381e+02
-1.15477e+00 5.28482e-01 8.50958e+02
-1.21440e+00 5.59982e-01 8.43109e+02
-1.27416e+00 5.92911e-01 8.34596e+02
-1.33406e+00 6.27263e-01 8.26028e+02
-1.39412e+00 6.63036e-01 8.17892e+02
-1.45435e+00 7.00226e-01 8.10587e+02
-1.51477e+00 7.38832e-01 8.04440e+02
-1.57683e+00 7.79831e-01 7.92801e+02
-1.63948e+00 8.22583e-01 7.83252e+02
-1.70226e+00 8.66761e-01 7.74696e+02
-1.76517e+00 9.12364e-01 7.66968e+02
-1.82822e+00 9.59390e-01 7.59929e+02
-1.89142e+00 1.00784e+00 7.53461e+02
-1.95480e+00 1.05771e+00 7.47467e+02
-2.01836e+00 1.10901e+00 7.41861e+02
-2.08211e+00 1.16174e+00 7.36575e+02
-2.14606e+00 1.21590e+00 7.31545e+02
-2.21024e+00 1.27150e+00 7.26721e+02
-2.27465e+00 1.32854e+00 7.22059e+02
-2.33995e+00 1.38763e+00 7.18556e+02
-2.40610e+00 1.44874e+00 7.14708e+02
-2.47241e+00 1.51127e+00 7.11168e+02
-2.53890e+00 1.57522e+00 7.07889e+02
-2.60558e+00 1.64059e+00 7.04829e+02
-2.67247e+00 1.70740e+00 7.01950e+02
-2.73957e+00 1.77565e+00 6.99220e+02
-2.80691e+00 1.84534e+00 6.96607e+02
-2.87449e+00 1.91649e+00 6.94084e+02
-2.94232e+00 1.98912e+00 6.91626e+02
-3.01042e+00 2.06322e+00 6.89208e+02
-3.07881e+00 2.13881e+00 6.86809e+02
-3.14766e+00 2.21610e+00 6.84504e+02
-3.21726e+00 2.29542e+00 6.82222e+02
-3.28708e+00 2.37617e+00 6.79875e+02
-3.35712e+00 2.45836e+00 6.77473e+02
-3.42740e+00 2.54200e+00 6.75025e+02
-3.49794e+00 2.62711e+00 6.72540e+02
-3.56874e+00 2.71370e+00 6.70028e+02
-3.63983e+00 2.80179e+00 6.67499e+02
-3.71121e+00 2.89138e+00 6.64963e+02
-3.78290e+00 2.98251e+00 6.62430e+02
-3.85491e+00 3.07519e+00 6.59912e+02
-3.92726e+00 3.16942e+00 6.57419e+02
-3.99996e+00 3.26525e+00 6.54964e+02
-7.82142e-01 3.93718e-01 8.09522e+02
-8.40277e-01 4.18324e-01 8.24672e+02
-8.98515e-01 4.44418e-01 8.32526e+02
-9.56871e-01 4.71990e-01 8.35131e+02
-1.01536e+00 5.01029e-01 8.34010e+02
-1.07399e+00 5.31526e-01 8.30314e+02
-1.13277e+00 5.63473e-01 8.24924e+02
-1.19173e+00 5.96862e-01 8.18529e+02
-1.25087e+00 6.31689e-01 8.11671e+02
-1.31020e+00 6.67948e-01 8.04781e+02
-1.36975e+00 7.05636e-01 7.98212e+02
-1.42951e+00 7.44751e-01 7.92249e+02
-1.48950e+00 7.85291e-01 7.87134e+02
-1.55125e+00 8.28326e-01 7.76957e+02
-1.61366e+00 8.73153e-01 7.68671e+02
-1.67624e+00 9.19414e-01 7.61204e+02
-1.73900e+00 9.67107e-01 7.54419e+02
-1.80196e+00 1.01623e+00 7.48201e+02
-1.86512e+00 1.06679e+00 7.42454e+02
-1.92850e+00 1.11878e+00 7.37097e+02
-1.99211e+00 1.17221e+00 7.32064e+02
-2.05597e+00 1.22708e+00 7.27297e+02
-2.12008e+00 1.28338e+00 7.22747e+02
-2.18447e+00 1.34114e+00 7.18373e+02
-2.24913e+00 1.40035e+00 7.14141e+02
-2.31479e+00 1.46168e+00 7.10988e+02
-2.38136e+00 1.52508e+00 7.07493e+02
-2.44815e+00 1.58991e+00 7.04275e+02
-2.51516e+00 1.65617e+00 7.01289e+02
-2.58242e+00 1.72386e+00 6.98498e+02
-2.64994e+00 1.79300e+00 6.95865e+02
-2.71772e+00 1.86359e+00 6.93360e+02
-2.78579e+00 1.93564e+00 6.90953e+02
-2.85415e+00 2.00916e+00 6.88618e+02
-2.92283e+00 2.08416e+00 6.86332e+02
-2.99182e+00 2.16066e+00 6.84071e+02
-3.06115e+00 2.23867e+00 6.81815e+02
-3.13101e+00 2.31840e+00 6.79607e+02
-3.20171e+00 2.40022e+00 6.77439e+02
-3.27267e+00 2.48349e+00 6.75194e+02
-3.34391e+00 2.56820e+00 6.72887e+02
-3.41544e+00 2.65438e+00 6.70530e+02
-3.48728e+00 2.74204e+00 6.68140e+02
-3.55944e+00 2.83119e+00 6.65729e+02
-3.63193e+00 2.92186e+00 6.63313e+02
-3.70478e+00 3.01406e+00 6.60908e+02
-3.77799e+00 3.10781e+00 6.58530e+02
-3.85158e+00 3.20312e+00 6.56196e+02
-3.92557e+00 3.30002e+00 6.53923e+02
-3.99996e+00 3.39853e+00 6.51731e+02
-7.64804e-01 4.17289e-01 7.96781e+02
-8.21857e-01 4.43763e-01 8.05378e+02
-8.79071e-01 4.71720e-01 8.09253e+02
-9.36460e-01 5.01150e-01 8.09753e+02
-9.94036e-01 5.32043e-01 8.07870e+02
-1.05181e+00 5.64389e-01 8.04349e+02
-1.10980e+00 5.98180e-01 7.99761e+02
-1.16802e+00 6.33411e-01 7.94549e+02
-1.22647e+00 6.70076e-01 7.89064e+02
-1.28517e+00 7.08169e-01 7.83589e+02
-1.34414e+00 7.47690e-01 7.78353e+02
-1.40338e+00 7.88634e-01 7.73548e+02
-1.46291e+00 8.31001e-01 7.69335e+02
-1.52429e+00 8.75949e-01 7.60582e+02
-1.58642e+00 9.22714e-01 7.53567e+02
-1.64876e+00 9.70909e-01 7.47211e+02
-1.71135e+00 1.02053e+00 7.41404e+02
-1.77418e+00 1.07158e+00 7.36052e+02
-1.83727e+00 1.12407e+00 7.31078e+02
-1.90064e+00 1.17798e+00 7.26418e+02
-1.96429e+00 1.23333e+00 7.22018e+02
-2.02825e+00 1.29011e+00 7.17833e+02
-2.09252e+00 1.34834e+00 7.13827e+02
-2.15712e+00 1.40802e+00 7.09967e+02
-2.22205e+00 1.46915e+00 7.06228e+02
-2.28806e+00 1.53243e+00 7.03467e+02
-2.35507e+00 1.59785e+00 7.00371e+02
-2.42235e+00 1.66468e+00 6.97517e+02
-2.48992e+00 1.73294e+00 6.94865e+02
-2.55778e+00 1.80264e+00 6.92377e+02
-2.62596e+00 1.87378e+00 6.90023e+02
-2.69446e+00 1.94637e+00 6.87772e+02
-2.76330e+00 2.02042e+00 6.85598e+02
-2.83249e+00 2.09595e+00 6.83476e+02
-2.90205e+00 2.17296e+00 6.81383e+02
-2.97199e+00 2.25147e+00 6.79298e+02
-3.04233e+00 2.33149e+00 6.77200e+02
-3.11327e+00 2.41326e+00 6.75111e+02
-3.18512e+00 2.49716e+00 6.73080e+02
-3.25730e+00 2.58249e+00 6.70957e+02
-3.32981e+00 2.66928e+00 6.68762e+02
-3.40267e+00 2.75753e+00 6.66514e+02
-3.47589e+00 2.84727e+00 6.64232e+02
-3.54950e+00 2.93851e+00 6.61936e+02
-3.62349e+00 3.03127e+00 6.59647e+02
-3.69790e+00 3.12556e+00 6.57386e+02
-3.77274e+00 3.22140e+00 6.55177e+02
-3.84802e+00 3.31882e+00 6.53044e+02
-3.92375e+00 3.41784e+00 6.51013e+02
-3.99996e+00 3.51847e+00 6.49112e+02
-7.47073e-01 4.40577e-01 7.84083e+02
-8.02931e-01 4.68945e-01 7.86750e+02
-8.59016e-01 4.98779e-01 7.86992e+02
-9.15339e-01 5.30068e-01 7.85517e+02
-9.71912e-01 5.62803e-01 7.82844e+02
-1.02875e+00 5.96974e-01 7.79362e+02
-1.08586e+00 6.32574e-01 7.75370e+02
-1.14326e+00 6.69598e-01 7.71102e+02
-1.20096e+00 7.08040e-01 7.66746e+02
-1.25897e+00 7.47896e-01 7.62455e+02
-1.31731e+00 7.89164e-01 7.58356e+02
-1.37598e+00 8.31843e-01 7.54557e+02
-1.43500e+00 8.75931e-01 7.51152e+02
-1.49597e+00 9.22669e-01 7.43803e+02
-1.55776e+00 9.71235e-01 7.38057e+02
-1.61983e+00 1.02122e+00 7.32829e+02
-1.68220e+00 1.07261e+00 7.28027e+02
-1.74488e+00 1.12542e+00 7.23579e+02
-1.80789e+00 1.17964e+00 7.19422e+02
-1.87122e+00 1.23528e+00 7.15506e+02
-1.93491e+00 1.29234e+00 7.11792e+02
-1.99896e+00 1.35083e+00 7.08245e+02
-2.06338e+00 1.41074e+00 7.04837e+02
-2.12819e+00 1.47210e+00 7.01547e+02
-2.19340e+00 1.53490e+00 6.98355e+02
-2.25977e+00 1.59988e+00 6.96023e+02
-2.32723e+00 1.66702e+00 6.93368e+02
-2.39502e+00 1.73557e+00 6.90918e+02
-2.46316e+00 1.80553e+00 6.88635e+02
-2.53165e+00 1.87691e+00 6.86487e+02
-2.60052e+00 1.94972e+00 6.84443e+02
-2.66977e+00 2.02397e+00 6.82477e+02
-2.73943e+00 2.09968e+00 6.80563e+02
-2.80950e+00 2.17685e+00 6.78678e+02
-2.88000e+00 2.25550e+00 6.76802e+02
-2.95094e+00 2.33563e+00 6.74913e+02
-3.02234e+00 2.41727e+00 6.72993e+02
-3.09442e+00 2.50066e+00 6.71050e+02
-3.16750e+00 2.58621e+00 6.69184e+02
-3.24096e+00 2.67318e+00 6.67214e+02
-3.31482e+00 2.76159e+00 6.65161e+02
-3.38909e+00 2.85146e+00 6.63051e+02
-3.46378e+00 2.94281e+00 6.60908e+02
-3.53892e+00 3.03564e+00 6.58758e+02
-3.61452e+00 3.12999e+00 6.56629e+02
-3.69059e+00 3.22587e+00 6.54549e+02
-3.76715e+00 3.32330e+00 6.52550e+02
-3.84423e+00 3.42230e+00 6.50667e+02
-3.92182e+00 3.52289e+00 6.48937e+02
-3.99996e+00 3.62510e+00 6.47401e+02
-7.28964e-01 4.63552e-01 7.71353e+02
-7.83515e-01 4.93841e-01 7.68664e+02
-8.38364e-01 5.25566e-01 7.65590e+02
-8.93523e-01 5.58715e-01 7.62259e+02
-9.49003e-01 5.93279e-01 7.58772e+02
-1.00482e+00 6.29251e-01 7.55208e+02
-1.06097e+00 6.66623e-01 7.51633e+02
-1.11748e+00 7.05391e-01 7.48104e+02
-1.17436e+00 7.45550e-01 7.44668e+02
-1.23162e+00 7.87097e-01 7.41370e+02
-1.28927e+00 8.30029e-01 7.38249e+02
-1.34732e+00 8.74347e-01 7.35343e+02
-1.40578e+00 9.20050e-01 7.32687e+02
-1.46629e+00 9.68455e-01 7.26738e+02
-1.52770e+00 1.01869e+00 7.22256e+02
-1.58946e+00 1.07030e+00 7.18164e+02
-1.65158e+00 1.12331e+00 7.14388e+02
-1.71408e+00 1.17770e+00 7.10871e+02
-1.77697e+00 1.23348e+00 7.07566e+02
-1.84026e+00 1.29065e+00 7.04437e+02
-1.90397e+00 1.34922e+00 7.01452e+02
-1.96810e+00 1.40919e+00 6.98588e+02
-2.03267e+00 1.47057e+00 6.95827e+02
-2.09769e+00 1.53337e+00 6.93154e+02
-2.16319e+00 1.59758e+00 6.90558e+02
-2.22993e+00 1.66400e+00 6.88687e+02
-2.29785e+00 1.73258e+00 6.86512e+02
-2.36617e+00 1.80254e+00 6.84503e+02
-2.43489e+00 1.87390e+00 6.82625e+02
-2.50405e+00 1.94665e+00 6.80849e+02
-2.57364e+00 2.02081e+00 6.79148e+02
-2.64368e+00 2.09638e+00 6.77497e+02
-2.71419e+00 2.17339e+00 6.75873e+02
-2.78518e+00 2.25184e+00 6.74255e+02
-2.85667e+00 2.33175e+00 6.72622e+02
-2.92867e+00 2.41313e+00 6.70955e+02
-3.00119e+00 2.49600e+00 6.69235e+02
-3.07447e+00 2.58060e+00 6.67478e+02
-3.14884e+00 2.66737e+00 6.65820e+02
-3.22366e+00 2.75554e+00 6.64045e+02
-3.29894e+00 2.84513e+00 6.62181e+02
-3.37470e+00 2.93616e+00 6.60259e+02
-3.45095e+00 3.02864e+00 6.58308e+02
-3.52772e+00 3.12259e+00 6.56363e+02
-3.60501e+00 3.21804e+00 6.54459e+02
-3.68284e+00 3.31500e+00 6.52634e+02
-3.76123e+00 3.41349e+00 6.50932e+02
-3.84021e+00 3.51354e+00 6.49400e+02
-3.91978e+00 3.61516e+00 6.48092e+02
-3.99996e+00 3.71839e+00 6.47073e+02
-7.10643e-01 4.86009e-01 7.56818e+02
-7.63777e-01 5.18242e-01 7.50008e+02
-8.17288e-01 5.51867e-01 7.44465e+02
-8.71184e-01 5.86873e-01 7.39825e+02
-9.25478e-01 6.23253e-01 7.35840e+02
-9.80179e-01 6.60999e-01 7.32342e+02
-1.03530e+00 7.00107e-01 7.29212e+02
-1.09085e+00 7.40570e-01 7.26367e+02
-1.14683e+00 7.82386e-01 7.23748e+02
-1.20327e+00 8.25553e-01 7.21316e+02
-1.26017e+00 8.70069e-01 7.19043e+02
-1.31754e+00 9.15934e-01 7.16913e+02
-1.37539e+00 9.63148e-01 7.14916e+02
-1.43540e+00 1.01310e+00 7.10258e+02
-1.49637e+00 1.06487e+00 7.06929e+02
-1.55777e+00 1.11798e+00 7.03896e+02
-1.61961e+00 1.17244e+00 7.01100e+02
-1.68189e+00 1.22825e+00 6.98492e+02
-1.74464e+00 1.28541e+00 6.96032e+02
-1.80785e+00 1.34393e+00 6.93693e+02
-1.87156e+00 1.40381e+00 6.91450e+02
-1.93576e+00 1.46506e+00 6.89286e+02
-2.00047e+00 1.52768e+00 6.87188e+02
-2.06570e+00 1.59168e+00 6.85148e+02
-2.13147e+00 1.65707e+00 6.83160e+02
-2.19859e+00 1.72466e+00 6.81767e+02
-2.26698e+00 1.79441e+00 6.80092e+02
-2.33583e+00 1.86551e+00 6.78534e+02
-2.40517e+00 1.93796e+00 6.77065e+02
-2.47500e+00 2.01177e+00 6.75659e+02
-2.54534e+00 2.08696e+00 6.74295e+02
-2.61620e+00 2.16353e+00 6.72951e+02
-2.68760e+00 2.24150e+00 6.71609e+02
-2.75956e+00 2.32088e+00 6.70250e+02
-2.83208e+00 2.40168e+00 6.68857e+02
-2.90518e+00 2.48392e+00 6.67414e+02
-2.97889e+00 2.56762e+00 6.65902e+02
-3.05342e+00 2.65304e+00 6.64313e+02
-3.12915e+00 2.74061e+00 6.62774e+02
-3.20540e+00 2.82955e+00 6.61142e+02
-3.28218e+00 2.91987e+00 6.59438e+02
-3.35951e+00 3.01160e+00 6.57687e+02
-3.43740e+00 3.10476e+00 6.55915e+02
-3.51588e+00 3.19935e+00 6.54150e+02
-3.59495e+00 3.29541e+00 6.52424e+02
-3.67465e+00 3.39294e+00 6.50774e+02
-3.75497e+00 3.49198e+00 6.49242e+02
-3.83596e+00 3.59255e+00 6.47876e+02
-3.91761e+00 3.69467e+00 6.46735e+02
-3.99996e+00 3.79836e+00 6.45888e+02
-6.92010e-01 5.08084e-01 7.41841e+02
-7.43617e-01 5.42284e-01 7.31562e+02
-7.95684e-01 5.77819e-01 7.23949e+02
-8.48221e-01 6.14681e-01 7.18208e+02
-9.01236e-01 6.52863e-01 7.13798e+02
-9.54741e-01 6.92360e-01 7.10342e+02
-1.00874e+00 7.33165e-01 7.07571e+02
-1.06325e+00 7.75276e-01 7.05289e+02
-1.11828e+00 8.18690e-01 7.03355e+02
-1.17383e+00 8.63406e-01 7.01660e+02
-1.22993e+00 9.09423e-01 7.00125e+02
-1.28657e+00 9.56742e-01 6.98691e+02
-1.34377e+00 1.00537e+00 6.97311e+02
-1.40320e+00 1.05675e+00 6.93932e+02
-1.46370e+00 1.10991e+00 6.91725e+02
-1.52469e+00 1.16438e+00 6.89736e+02
-1.58620e+00 1.22014e+00 6.87914e+02
-1.64824e+00 1.27720e+00 6.86218e+02
-1.71082e+00 1.33556e+00 6.84616e+02
-1.77394e+00 1.39524e+00 6.83084e+02
-1.83762e+00 1.45622e+00 6.81606e+02
-1.90188e+00 1.51853e+00 6.80168e+02
-1.96673e+00 1.58217e+00 6.78761e+02
-2.03217e+00 1.64714e+00 6.77382e+02
-2.09823e+00 1.71346e+00 6.76029e+02
-2.16572e+00 1.78196e+00 6.75135e+02
-2.23458e+00 1.85260e+00 6.73972e+02
-2.30399e+00 1.92454e+00 6.72883e+02
-2.37395e+00 1.99778e+00 6.71843e+02
-2.44449e+00 2.07234e+00 6.70831e+02
-2.51560e+00 2.14823e+00 6.69827e+02
-2.58732e+00 2.22546e+00 6.68814e+02
-2.65965e+00 2.30404e+00 6.67775e+02
-2.73261e+00 2.38399e+00 6.66692e+02
-2.80622e+00 2.46532e+00 6.65551e+02
-2.88049e+00 2.54805e+00 6.64334e+02
-2.95543e+00 2.63219e+00 6.63026e+02
-3.03129e+00 2.71801e+00 6.61628e+02
-3.10844e+00 2.80595e+00 6.60302e+02
-3.18618e+00 2.89522e+00 6.58872e+02
-3.26453e+00 2.98584e+00 6.57364e+02
-3.34351e+00 3.07781e+00 6.55800e+02
-3.42313e+00 3.17117e+00 6.54210e+02
-3.50341e+00 3.26592e+00 6.52626e+02
-3.58436e+00 3.36209e+00 6.51084e+02
-3.66601e+00 3.45970e+00 6.49628e+02
-3.74838e+00 3.55877e+00 6.48309e+02
-3.83148e+00 3.65933e+00 6.47191e+02
-3.91533e+00 3.76140e+00 6.46354e+02
-3.99996e+00 3.86500e+00 6.45900e+02
-6.72982e-01 5.29876e-01 7.25509e+02
-7.22948e-01 5.66068e-01 7.12538e+02
-7.73466e-01 6.03526e-01 7.03376e+02
-8.24545e-01 6.42244e-01 6.96863e+02
-8.76192e-01 6.82216e-01 6.92217e+02
-9.28414e-01 7.23437e-01 6.88894e+02
-9.81220e-01 7.65904e-01 6.86506e+02
-1.03462e+00 8.09614e-01 6.84772e+02
-1.08862e+00 8.54567e-01 6.83482e+02
-1.14323e+00 9.00760e-01 6.82482e+02
-1.19846e+00 9.48196e-01 6.81652e+02
-1.25432e+00 9.96876e-01 6.80899e+02
-1.31081e+00 1.04680e+00 6.80152e+02
-1.36964e+00 1.09949e+00 6.78044e+02
-1.42960e+00 1.15392e+00 6.76916e+02
-1.49016e+00 1.20958e+00 6.75944e+02
-1.55131e+00 1.26648e+00 6.75080e+02
-1.61308e+00 1.32462e+00 6.74288e+02
-1.67546e+00 1.38400e+00 6.73540e+02
-1.73847e+00 1.44463e+00 6.72818e+02
-1.80212e+00 1.50652e+00 6.72107e+02
-1.86643e+00 1.56968e+00 6.71398e+02
-1.93141e+00 1.63410e+00 6.70685e+02
-1.99707e+00 1.69981e+00 6.69966e+02
-2.06341e+00 1.76680e+00 6.69241e+02
-2.13130e+00 1.83595e+00 6.68844e+02
-2.20064e+00 1.90719e+00 6.68192e+02
-2.27062e+00 1.97967e+00 6.67568e+02
-2.34123e+00 2.05340e+00 6.66951e+02
-2.41249e+00 2.12839e+00 6.66325e+02
-2.48442e+00 2.20466e+00 6.65674e+02
-2.55703e+00 2.28220e+00 6.64981e+02
-2.63033e+00 2.36105e+00 6.64234e+02
-2.70434e+00 2.44121e+00 6.63417e+02
-2.77908e+00 2.52269e+00 6.62517e+02
-2.85456e+00 2.60552e+00 6.61517e+02
-2.93080e+00 2.68970e+00 6.60402e+02
-3.00804e+00 2.77552e+00 6.59193e+02
-3.08668e+00 2.86341e+00 6.58041e+02
-3.16600e+00 2.95258e+00 6.56787e+02
-3.24600e+00 3.04303e+00 6.55451e+02
-3.32670e+00 3.13479e+00 6.54058e+02
-3.40813e+00 3.22788e+00 6.52636e+02
-3.49030e+00 3.32230e+00 6.51215e+02
-3.57323e+00 3.41810e+00 6.49836e+02
-3.65694e+00 3.51528e+00 6.48547e+02
-3.74145e+00 3.61386e+00 6.47408e+02
-3.82677e+00 3.71388e+00 6.46500e+02
-3.91293e+00 3.81535e+00 6.45932e+02
-3.99996e+00 3.91831e+00 6.45854e+02
-6.53576e-01 5.51358e-01 7.07852e+02
-7.01790e-01 5.89566e-01 6.92954e+02
-7.50655e-01 6.28960e-01 6.82750e+02
-8.00178e-01 6.69533e-01 6.75785e+02
-8.50363e-01 7.11282e-01 6.71088e+02
-9.01218e-01 7.54203e-01 6.67988e+02
-9.52749e-01 7.98295e-01 6.66011e+02
-1.00496e+00 8.43556e-01 6.64812e+02
-1.05787e+00 8.89986e-01 6.64140e+02
-1.11147e+00 9.37587e-01 6.63802e+02
-1.16578e+00 9.86359e-01 6.63653e+02
-1.22081e+00 1.03631e+00 6.63580e+02
-1.27656e+00 1.08743e+00 6.63494e+02
-1.33472e+00 1.14130e+00 6.62641e+02
-1.39411e+00 1.19685e+00 6.62553e+02
-1.45419e+00 1.25356e+00 6.62568e+02
-1.51495e+00 1.31144e+00 6.62642e+02
-1.57641e+00 1.37048e+00 6.62743e+02
-1.63857e+00 1.43070e+00 6.62844e+02
-1.70145e+00 1.49210e+00 6.62928e+02
-1.76506e+00 1.55469e+00 6.62983e+02
-1.82942e+00 1.61847e+00 6.63001e+02
-1.89452e+00 1.68346e+00 6.62978e+02
-1.96039e+00 1.74966e+00 6.62911e+02
-2.02704e+00 1.81709e+00 6.62804e+02
-2.09531e+00 1.88661e+00 6.62904e+02
-2.16516e+00 1.95817e+00 6.62760e+02
-2.23572e+00 2.03090e+00 6.62596e+02
-2.30700e+00 2.10482e+00 6.62396e+02
-2.37901e+00 2.17992e+00 6.62149e+02
-2.45178e+00 2.25623e+00 6.61841e+02
-2.52532e+00 2.33376e+00 6.61462e+02
-2.59963e+00 2.41252e+00 6.60999e+02
-2.67474e+00 2.49252e+00 6.60442e+02
-2.75066e+00 2.57379e+00 6.59776e+02
-2.82741e+00 2.65633e+00 6.58989e+02
-2.90501e+00 2.74016e+00 6.58064e+02
-2.98370e+00 2.82557e+00 6.57044e+02
-3.06390e+00 2.91299e+00 6.56033e+02
-3.14485e+00 3.00161e+00 6.54932e+02
-3.22657e+00 3.09145e+00 6.53756e+02
-3.30909e+00 3.18254e+00 6.52524e+02
-3.39241e+00 3.27488e+00 6.51261e+02
-3.47656e+00 3.36850e+00 6.49993e+02
-3.56156e+00 3.46343e+00 6.48759e+02
-3.64743e+00 3.55967e+00 6.47608e+02
-3.73418e+00 3.65725e+00 6.46606e+02
-3.82184e+00 3.75620e+00 6.45853e+02
-3.91042e+00 3.85654e+00 6.45494e+02
-3.99996e+00 3.95829e+00 6.45768e+02
-6.33815e-01 5.72505e-01 6.88924e+02
-6.80165e-01 6.12753e-01 6.72843e+02
-7.27273e-01 6.54093e-01 6.62084e+02
-7.75141e-01 6.96519e-01 6.54971e+02
-8.23774e-01 7.40032e-01 6.50397e+02
-8.73176e-01 7.84628e-01 6.47607e+02
-9.23352e-01 8.30307e-01 6.46070e+02
-9.74307e-01 8.77071e-01 6.45404e+02
-1.02605e+00 9.24920e-01 6.45328e+02
-1.07858e+00 9.73857e-01 6.45631e+02
-1.13192e+00 1.02388e+00 6.46155e+02
-1.18606e+00 1.07501e+00 6.46775e+02
-1.24101e+00 1.12723e+00 6.47392e+02
-1.29846e+00 1.18216e+00 6.47770e+02
-1.35724e+00 1.23869e+00 6.48681e+02
-1.41679e+00 1.29631e+00 6.49655e+02
-1.47712e+00 1.35500e+00 6.50647e+02
-1.53825e+00 1.41478e+00 6.51626e+02
-1.60017e+00 1.47565e+00 6.52566e+02
-1.66290e+00 1.53762e+00 6.53450e+02
-1.72646e+00 1.60070e+00 6.54265e+02
-1.79084e+00 1.66490e+00 6.55004e+02
-1.85607e+00 1.73022e+00 6.55662e+02
-1.92215e+00 1.79668e+00 6.56236e+02
-1.98910e+00 1.86429e+00 6.56727e+02
-2.05779e+00 1.93392e+00 6.57329e+02
-2.12814e+00 2.00552e+00 6.57687e+02
-2.19930e+00 2.07821e+00 6.57977e+02
-2.27127e+00 2.15200e+00 6.58188e+02
-2.34406e+00 2.22691e+00 6.58314e+02
-2.41770e+00 2.30294e+00 6.58346e+02
-2.49220e+00 2.38011e+00 6.58276e+02
-2.56756e+00 2.45843e+00 6.58096e+02
-2.64382e+00 2.53792e+00 6.57798e+02
-2.72097e+00 2.61860e+00 6.57369e+02
-2.79905e+00 2.70047e+00 6.56799e+02
-2.87805e+00 2.78357e+00 6.56073e+02
-2.95826e+00 2.86815e+00 6.55237e+02
-3.04007e+00 2.95467e+00 6.54347e+02
-3.12273e+00 3.04231e+00 6.53389e+02
-3.20626e+00 3.13110e+00 6.52373e+02
-3.29066e+00 3.22105e+00 6.51310e+02
-3.37597e+00 3.31219e+00 6.50214e+02
-3.46219e+00 3.40452e+00 6.49104e+02
-3.54935e+00 3.49807e+00 6.48009e+02
-3.63747e+00 3.59287e+00 6.46969e+02
-3.72657e+00 3.68894e+00 6.46048e+02
-3.81667e+00 3.78629e+00 6.45355e+02
-3.90779e+00 3.88495e+00 6.45087e+02
-3.99995e+00 3.98495e+00 6.45656e+02
-6.13720e-01 5.93293e-01 6.68801e+02
-6.58097e-01 6.35603e-01 6.52250e+02
-7.03343e-01 6.78898e-01 6.41396e+02
-7.49460e-01 7.23176e-01 6.34418e+02
-7.96448e-01 7.68438e-01 6.30131e+02
-8.44311e-01 8.14684e-01 6.27733e+02
-8.93053e-01 8.61915e-01 6.26666e+02
-9.42676e-01 9.10133e-01 6.26532e+02
-9.93185e-01 9.59342e-01 6.27041e+02
-1.04459e+00 1.00955e+00 6.27977e+02
-1.09688e+00 1.06075e+00 6.29178e+02
-1.15009e+00 1.11295e+00 6.30519e+02
-1.20420e+00 1.16617e+00 6.31902e+02
-1.26088e+00 1.22203e+00 6.33473e+02
-1.31900e+00 1.27942e+00 6.35348e+02
-1.37798e+00 1.33778e+00 6.37251e+02
-1.43785e+00 1.39714e+00 6.39140e+02
-1.49861e+00 1.45748e+00 6.40980e+02
-1.56027e+00 1.51883e+00 6.42747e+02
-1.62283e+00 1.58118e+00 6.44420e+02
-1.68632e+00 1.64455e+00 6.45987e+02
-1.75073e+00 1.70895e+00 6.47437e+02
-1.81607e+00 1.77438e+00 6.48763e+02
-1.88237e+00 1.84086e+00 6.49960e+02
-1.94963e+00 1.90840e+00 6.51027e+02
-2.01872e+00 1.97788e+00 6.52139e+02
-2.08959e+00 2.04924e+00 6.52992e+02
-2.16136e+00 2.12159e+00 6.53729e+02
-2.23404e+00 2.19496e+00 6.54347e+02
-2.30764e+00 2.26935e+00 6.54844e+02
-2.38218e+00 2.34478e+00 6.55215e+02
-2.45767e+00 2.42125e+00 6.55458e+02
-2.53413e+00 2.49879e+00 6.55567e+02
-2.61157e+00 2.57741e+00 6.55537e+02
-2.69001e+00 2.65713e+00 6.55360e+02
-2.76946e+00 2.73795e+00 6.55027e+02
-2.84994e+00 2.81991e+00 6.54526e+02
-2.93171e+00 2.90326e+00 6.53873e+02
-3.01521e+00 2.98845e+00 6.53100e+02
-3.09966e+00 3.07468e+00 6.52302e+02
-3.18506e+00 3.16197e+00 6.51478e+02
-3.27143e+00 3.25033e+00 6.50627e+02
-3.35880e+00 3.33978e+00 6.49753e+02
-3.44719e+00 3.43035e+00 6.48858e+02
-3.53661e+00 3.52204e+00 6.47951e+02
-3.62708e+00 3.61490e+00 6.47045e+02
-3.71863e+00 3.70892e+00 6.46170e+02
-3.81127e+00 3.80415e+00 6.45393e+02
-3.90504e+00 3.90059e+00 6.44901e+02
-3.99995e+00 3.99828e+00 6.45531e+02
-5.93303e-01 6.13710e-01 6.47115e+02
-6.35614e-01 6.58086e-01 6.30883e+02
-6.78910e-01 7.03332e-01 6.20396e+02
-7.23189e-01 7.49447e-01 6.13832e+02
-7.68452e-01 7.96435e-01 6.10005e+02
-8.14698e-01 8.44297e-01 6.08112e+02
-8.61930e-01 8.93037e-01 6.07598e+02
-9.10149e-01 9.42660e-01 6.08063e+02
-9.59359e-01 9.93168e-01 6.09221e+02
-1.00956e+00 1.04457e+00 6.10857e+02
-1.06076e+00 1.09687e+00 6.12810e+02
-1.11297e+00 1.15007e+00 6.14959e+02
-1.16618e+00 1.20418e+00 6.17210e+02
-1.22205e+00 1.26087e+00 6.19940e+02
-1.27944e+00 1.31898e+00 6.22751e+02
-1.33780e+00 1.37796e+00 6.25556e+02
-1.39716e+00 1.43783e+00 6.28312e+02
-1.45750e+00 1.49859e+00 6.30983e+02
-1.51885e+00 1.56025e+00 6.33543e+02
-1.58120e+00 1.62281e+00 6.35972e+02
-1.64457e+00 1.68630e+00 6.38254e+02
-1.70897e+00 1.75071e+00 6.40375e+02
-1.77440e+00 1.81605e+00 6.42326e+02
-1.84088e+00 1.88235e+00 6.44099e+02
-1.90842e+00 1.94961e+00 6.45686e+02
-1.97790e+00 2.01870e+00 6.47290e+02
-2.04926e+00 2.08957e+00 6.48589e+02
-2.12161e+00 2.16134e+00 6.49737e+02
-2.19498e+00 2.23402e+00 6.50732e+02
-2.26937e+00 2.30762e+00 6.51575e+02
-2.34480e+00 2.38216e+00 6.52265e+02
-2.42127e+00 2.45766e+00 6.52799e+02
-2.49881e+00 2.53411e+00 6.53176e+02
-2.57743e+00 2.61155e+00 6.53390e+02
-2.65714e+00 2.68999e+00 6.53437e+02
-2.73797e+00 2.76944e+00 6.53306e+02
-2.81992e+00 2.84992e+00 6.52986e+02
-2.90328e+00 2.93170e+00 6.52466e+02
-2.98847e+00 3.01520e+00 6.51897e+02
-3.07470e+00 3.09965e+00 6.51280e+02
-3.16198e+00 3.18505e+00 6.50617e+02
-3.25034e+00 3.27142e+00 6.49910e+02
-3.33979e+00 3.35880e+00 6.49163e+02
-3.43036e+00 3.44718e+00 6.48380e+02
-3.52205e+00 3.53660e+00 6.47572e+02
-3.61490e+00 3.62707e+00 6.46756e+02
-3.70893e+00 3.71862e+00 6.45966e+02
-3.80415e+00 3.81127e+00 6.45279e+02
-3.90060e+00 3.90504e+00 6.44909e+02
-3.99829e+00 3.99995e+00 6.45809e+02
-5.72516e-01 6.33805e-01 6.24069e+02
-6.12765e-01 6.80154e-01 6.09070e+02
-6.54105e-01 7.27261e-01 5.99476e+02
-6.96533e-01 7.75128e-01 5.93627e+02
-7.40046e-01 8.23760e-01 5.90426e+02
-7.84642e-01 8.73161e-01 5.89127e+02
-8.30323e-01 9.23336e-01 5.89209e+02
-8.77088e-01 9.74291e-01 5.90296e+02
-9.24937e-01 1.02603e+00 5.92116e+02
-9.73875e-01 1.07856e+00 5.94468e+02
-1.02390e+00 1.13190e+00 5.97200e+02
-1.07503e+00 1.18604e+00 6.00197e+02
-1.12725e+00 1.24099e+00 6.03373e+02
-1.18218e+00 1.29844e+00 6.07170e+02
-1.23871e+00 1.35722e+00 6.10854e+02
-1.29633e+00 1.41677e+00 6.14503e+02
-1.35502e+00 1.47710e+00 6.18071e+02
-1.41480e+00 1.53822e+00 6.21524e+02
-1.47567e+00 1.60015e+00 6.24832e+02
-1.53765e+00 1.66288e+00 6.27972e+02
-1.60073e+00 1.72644e+00 6.30925e+02
-1.66492e+00 1.79082e+00 6.33675e+02
-1.73025e+00 1.85605e+00 6.36207e+02
-1.79671e+00 1.92213e+00 6.38509e+02
-1.86431e+00 1.98908e+00 6.40566e+02
-1.93394e+00 2.05777e+00 6.42647e+02
-2.00554e+00 2.12812e+00 6.44355e+02
-2.07824e+00 2.19928e+00 6.45885e+02
-2.15203e+00 2.27125e+00 6.47239e+02
-2.22693e+00 2.34404e+00 6.48415e+02
-2.30296e+00 2.41768e+00 6.49413e+02
-2.38013e+00 2.49218e+00 6.50232e+02
-2.45845e+00 2.56755e+00 6.50867e+02
-2.53795e+00 2.64380e+00 6.51314e+02
-2.61862e+00 2.72096e+00 6.51566e+02
-2.70049e+00 2.79903e+00 6.51614e+02
-2.78359e+00 2.87804e+00 6.51445e+02
-2.86817e+00 2.95824e+00 6.51050e+02
-2.95469e+00 3.04006e+00 6.50743e+02
-3.04233e+00 3.12272e+00 6.50323e+02
-3.13112e+00 3.20625e+00 6.49801e+02
-3.22107e+00 3.29065e+00 6.49190e+02
-3.31220e+00 3.37596e+00 6.48508e+02
-3.40453e+00 3.46219e+00 6.47776e+02
-3.49809e+00 3.54935e+00 6.47024e+02
-3.59289e+00 3.63747e+00 6.46296e+02
-3.68895e+00 3.72657e+00 6.45656e+02
-3.78630e+00 3.81667e+00 6.45216e+02
-3.88496e+00 3.90779e+00 6.45175e+02
-3.98496e+00 3.99995e+00 6.45947e+02
-5.51368e-01 6.53567e-01 5.99951e+02
-5.89578e-01 7.01779e-01 5.86725e+02
-6.28972e-01 7.50642e-01 5.78402e+02
-6.69546e-01 8.00163e-01 5.73531e+02
-7.11296e-01 8.50348e-01 5.71142e+02
-7.54218e-01 9.01201e-01 5.70570e+02
-7.98310e-01 9.52731e-01 5.71346e+02
-8.43572e-01 1.00494e+00 5.73134e+02
-8.90003e-01 1.05785e+00 5.75688e+02
-9.37605e-01 1.11145e+00 5.78827e+02
-9.86378e-01 1.16576e+00 5.82417e+02
-1.03633e+00 1.22078e+00 5.86355e+02
-1.08745e+00 1.27653e+00 5.90567e+02
-1.14132e+00 1.33469e+00 5.95345e+02
-1.19687e+00 1.39409e+00 5.99850e+02
-1.25359e+00 1.45416e+00 6.04288e+02
-1.31146e+00 1.51492e+00 6.08611e+02
-1.37051e+00 1.57638e+00 6.12784e+02
-1.43073e+00 1.63855e+00 6.16775e+02
-1.49213e+00 1.70143e+00 6.20559e+02
-1.55471e+00 1.76504e+00 6.24113e+02
-1.61850e+00 1.82939e+00 6.27418e+02
-1.68348e+00 1.89450e+00 6.30456e+02
-1.74968e+00 1.96037e+00 6.33209e+02
-1.81711e+00 2.02701e+00 6.35660e+02
-1.88663e+00 2.09529e+00 6.38181e+02
-1.95819e+00 2.16514e+00 6.40244e+02
-2.03093e+00 2.23569e+00 6.42110e+02
-2.10484e+00 2.30698e+00 6.43782e+02
-2.17995e+00 2.37899e+00 6.45257e+02
-2.25626e+00 2.45176e+00 6.46535e+02
-2.33378e+00 2.52530e+00 6.47613e+02
-2.41254e+00 2.59961e+00 6.48488e+02
-2.49254e+00 2.67472e+00 6.49154e+02
-2.57381e+00 2.75065e+00 6.49605e+02
-2.65635e+00 2.82740e+00 6.49831e+02
-2.74019e+00 2.90499e+00 6.49818e+02
-2.82559e+00 2.98369e+00 6.49566e+02
-2.91301e+00 3.06388e+00 6.49507e+02
-3.00163e+00 3.14483e+00 6.49286e+02
-3.09148e+00 3.22656e+00 6.48923e+02
-3.18256e+00 3.30908e+00 6.48443e+02
-3.27490e+00 3.39240e+00 6.47873e+02
-3.36852e+00 3.47656e+00 6.47247e+02
-3.46344e+00 3.56156e+00 6.46604e+02
-3.55969e+00 3.64742e+00 6.46001e+02
-3.65727e+00 3.73417e+00 6.45509e+02
-3.75622e+00 3.82183e+00 6.45232e+02
-3.85656e+00 3.91042e+00 6.45328e+02
-3.95831e+00 3.99996e+00 6.46044e+02
-5.29886e-01 6.72972e-01 5.74938e+02
-5.66079e-01 7.22936e-01 5.63962e+02
-6.03539e-01 7.73452e-01 5.57253e+02
-6.42258e-01 8.24529e-01 5.53604e+02
-6.82230e-01 8.76174e-01 5.52201e+02
-7.23452e-01 9.28394e-01 5.52483e+02
-7.65920e-01 9.81199e-01 5.54052e+02
-8.09631e-01 1.03460e+00 5.56622e+02
-8.54584e-01 1.08859e+00 5.59984e+02
-9.00778e-01 1.14320e+00 5.63988e+02
-9.48215e-01 1.19843e+00 5.68520e+02
-9.96895e-01 1.25429e+00 5.73500e+02
-1.04682e+00 1.31079e+00 5.78869e+02
-1.09951e+00 1.36961e+00 5.84512e+02
-1.15394e+00 1.42958e+00 5.89785e+02
-1.20960e+00 1.49013e+00 5.94955e+02
-1.26650e+00 1.55128e+00 5.99975e+02
-1.32464e+00 1.61305e+00 6.04806e+02
-1.38402e+00 1.67543e+00 6.09416e+02
-1.44466e+00 1.73844e+00 6.13777e+02
-1.50655e+00 1.80209e+00 6.17863e+02
-1.56970e+00 1.86640e+00 6.21652e+02
-1.63413e+00 1.93138e+00 6.25122e+02
-1.69983e+00 1.99704e+00 6.28252e+02
-1.76683e+00 2.06339e+00 6.31020e+02
-1.83597e+00 2.13127e+00 6.33945e+02
-1.90722e+00 2.20062e+00 6.36311e+02
-1.97970e+00 2.27059e+00 6.38468e+02
-2.05343e+00 2.34120e+00 6.40416e+02
-2.12842e+00 2.41247e+00 6.42155e+02
-2.20468e+00 2.48440e+00 6.43681e+02
-2.28223e+00 2.55700e+00 6.44993e+02
-2.36108e+00 2.63031e+00 6.46085e+02
-2.44123e+00 2.70432e+00 6.46954e+02
-2.52272e+00 2.77906e+00 6.47591e+02
-2.60554e+00 2.85454e+00 6.47986e+02
-2.68973e+00 2.93078e+00 6.48128e+02
-2.77555e+00 3.00803e+00 6.48029e+02
-2.86344e+00 3.08667e+00 6.48188e+02
-2.95260e+00 3.16598e+00 6.48150e+02
-3.04306e+00 3.24599e+00 6.47946e+02
-3.13482e+00 3.32669e+00 6.47606e+02
-3.22790e+00 3.40812e+00 6.47164e+02
-3.32233e+00 3.49030e+00 6.46662e+02
-3.41812e+00 3.57323e+00 6.46146e+02
-3.51530e+00 3.65694e+00 6.45674e+02
-3.61389e+00 3.74144e+00 6.45319e+02
-3.71390e+00 3.82677e+00 6.45172e+02
-3.81538e+00 3.91293e+00 6.45360e+02
-3.91833e+00 3.99996e+00 6.46055e+02
-5.08095e-01 6.92001e-01 5.49212e+02
-5.42295e-01 7.43604e-01 5.40904e+02
-5.77832e-01 7.95668e-01 5.36114e+02
-6.14695e-01 8.48202e-01 5.33909e+02
-6.52878e-01 9.01216e-01 5.33656e+02
-6.92375e-01 9.54718e-01 5.34913e+02
-7.33181e-01 1.00872e+00 5.37369e+02
-7.75293e-01 1.06323e+00 5.40802e+02
-8.18708e-01 1.11825e+00 5.45052e+02
-8.63425e-01 1.17380e+00 5.50002e+02
-9.09442e-01 1.22990e+00 5.55571e+02
-9.56762e-01 1.28653e+00 5.61702e+02
-1.00539e+00 1.34373e+00 5.68358e+02
-1.05677e+00 1.40317e+00 5.74720e+02
-1.10994e+00 1.46366e+00 5.80707e+02
-1.16440e+00 1.52466e+00 5.86552e+02
-1.22016e+00 1.58617e+00 5.92209e+02
-1.27722e+00 1.64821e+00 5.97637e+02
-1.33559e+00 1.71078e+00 6.02803e+02
-1.39526e+00 1.77390e+00 6.07675e+02
-1.45625e+00 1.83759e+00 6.12225e+02
-1.51856e+00 1.90185e+00 6.16428e+02
-1.58220e+00 1.96669e+00 6.20259e+02
-1.64717e+00 2.03214e+00 6.23693e+02
-1.71349e+00 2.09820e+00 6.26705e+02
-1.78199e+00 2.16569e+00 6.29998e+02
-1.85263e+00 2.23455e+00 6.32618e+02
-1.92456e+00 2.30396e+00 6.35021e+02
-1.99781e+00 2.37392e+00 6.37206e+02
-2.07237e+00 2.44446e+00 6.39172e+02
-2.14826e+00 2.51558e+00 6.40915e+02
-2.22549e+00 2.58730e+00 6.42432e+02
-2.30407e+00 2.65963e+00 6.43718e+02
-2.38402e+00 2.73259e+00 6.44768e+02
-2.46535e+00 2.80620e+00 6.45574e+02
-2.54808e+00 2.88047e+00 6.46125e+02
-2.63222e+00 2.95541e+00 6.46412e+02
-2.71804e+00 3.03127e+00 6.46467e+02
-2.80598e+00 3.10842e+00 6.46804e+02
-2.89525e+00 3.18617e+00 6.46925e+02
-2.98587e+00 3.26452e+00 6.46863e+02
-3.07784e+00 3.34350e+00 6.46655e+02
-3.17120e+00 3.42312e+00 6.46342e+02
-3.26595e+00 3.50340e+00 6.45966e+02
-3.36212e+00 3.58436e+00 6.45578e+02
-3.45973e+00 3.66601e+00 6.45235e+02
-3.55880e+00 3.74838e+00 6.45005e+02
-3.65936e+00 3.83148e+00 6.44972e+02
-3.76143e+00 3.91533e+00 6.45237e+02
-3.86503e+00 3.99996e+00 6.45931e+02
-4.86020e-01 7.10634e-01 5.22959e+02
-5.18254e-01 7.63764e-01 5.17676e+02
-5.51879e-01 8.17270e-01 5.15074e+02
-5.86886e-01 8.71164e-01 5.14513e+02
-6.23267e-01 9.25454e-01 5.15557e+02
-6.61015e-01 9.80152e-01 5.17903e+02
-7.00123e-01 1.03527e+00 5.21341e+02
-7.40587e-01 1.09081e+00 5.25721e+02
-7.82404e-01 1.14680e+00 5.30939e+02
-8.25572e-01 1.20323e+00 5.36925e+02
-8.70088e-01 1.26013e+00 5.43633e+02
-9.15954e-01 1.31750e+00 5.51035e+02
-9.63169e-01 1.37536e+00 5.59119e+02
-1.01312e+00 1.43536e+00 5.66021e+02
-1.06489e+00 1.49633e+00 5.72663e+02
-1.11800e+00 1.55773e+00 5.79126e+02
-1.17247e+00 1.61957e+00 5.85360e+02
-1.22828e+00 1.68185e+00 5.91325e+02
-1.28544e+00 1.74459e+00 5.96983e+02
-1.34396e+00 1.80781e+00 6.02302e+02
-1.40384e+00 1.87151e+00 6.07251e+02
-1.46509e+00 1.93572e+00 6.11801e+02
-1.52771e+00 2.00043e+00 6.15925e+02
-1.59171e+00 2.06566e+00 6.19594e+02
-1.65710e+00 2.13144e+00 6.22780e+02
-1.72469e+00 2.19855e+00 6.26408e+02
-1.79444e+00 2.26694e+00 6.29234e+02
-1.86554e+00 2.33580e+00 6.31839e+02
-1.93799e+00 2.40513e+00 6.34222e+02
-2.01180e+00 2.47497e+00 6.36379e+02
-2.08699e+00 2.54531e+00 6.38307e+02
-2.16356e+00 2.61617e+00 6.40001e+02
-2.24153e+00 2.68758e+00 6.41455e+02
-2.32091e+00 2.75953e+00 6.42663e+02
-2.40171e+00 2.83205e+00 6.43618e+02
-2.48396e+00 2.90516e+00 6.44308e+02
-2.56766e+00 2.97887e+00 6.44724e+02
-2.65308e+00 3.05341e+00 6.44922e+02
-2.74064e+00 3.12914e+00 6.45389e+02
-2.82958e+00 3.20539e+00 6.45631e+02
-2.91991e+00 3.28217e+00 6.45685e+02
-3.01164e+00 3.35950e+00 6.45592e+02
-3.10479e+00 3.43739e+00 6.45393e+02
-3.19939e+00 3.51587e+00 6.45134e+02
-3.29544e+00 3.59495e+00 6.44864e+02
-3.39298e+00 3.67464e+00 6.44639e+02
-3.49202e+00 3.75497e+00 6.44522e+02
-3.59259e+00 3.83595e+00 6.44586e+02
-3.69470e+00 3.91761e+00 6.44916e+02
-3.79839e+00 3.99996e+00 6.45616e+02
-4.63563e-01 7.28955e-01 4.96186e+02
-4.93853e-01 7.83501e-01 4.94148e+02
-5.25579e-01 8.38345e-01 4.93935e+02
-5.58729e-01 8.93500e-01 4.95202e+02
-5.93294e-01 9.48975e-01 4.97713e+02
-6.29266e-01 1.00478e+00 5.01311e+02
-6.66640e-01 1.06094e+00 5.05887e+02
-7.05408e-01 1.11745e+00 5.11369e+02
-7.45568e-01 1.17432e+00 5.17712e+02
-7.87116e-01 1.23158e+00 5.24892e+02
-8.30049e-01 1.28922e+00 5.32898e+02
-8.74368e-01 1.34727e+00 5.41732e+02
-9.20071e-01 1.40573e+00 5.51407e+02
-9.68477e-01 1.46624e+00 5.58647e+02
-1.01871e+00 1.52765e+00 5.65898e+02
-1.07033e+00 1.58941e+00 5.72921e+02
-1.12333e+00 1.65153e+00 5.79669e+02
-1.17772e+00 1.71403e+00 5.86099e+02
-1.23350e+00 1.77692e+00 5.92173e+02
-1.29068e+00 1.84021e+00 5.97858e+02
-1.34925e+00 1.90392e+00 6.03121e+02
-1.40922e+00 1.96805e+00 6.07932e+02
-1.47060e+00 2.03262e+00 6.12262e+02
-1.53340e+00 2.09765e+00 6.16079e+02
-1.59761e+00 2.16314e+00 6.19354e+02
-1.66403e+00 2.22988e+00 6.23260e+02
-1.73261e+00 2.29781e+00 6.26218e+02
-1.80258e+00 2.36613e+00 6.28961e+02
-1.87393e+00 2.43486e+00 6.31485e+02
-1.94668e+00 2.50401e+00 6.33784e+02
-2.02084e+00 2.57360e+00 6.35852e+02
-2.09642e+00 2.64365e+00 6.37682e+02
-2.17343e+00 2.71416e+00 6.39268e+02
-2.25188e+00 2.78515e+00 6.40600e+02
-2.33179e+00 2.85664e+00 6.41671e+02
-2.41317e+00 2.92864e+00 6.42469e+02
-2.49603e+00 3.00117e+00 6.42982e+02
-2.58064e+00 3.07445e+00 6.43312e+02
-2.66740e+00 3.14882e+00 6.43913e+02
-2.75557e+00 3.22364e+00 6.44277e+02
-2.84517e+00 3.29893e+00 6.44447e+02
-2.93619e+00 3.37469e+00 6.44468e+02
-3.02868e+00 3.45094e+00 6.44384e+02
-3.12263e+00 3.52771e+00 6.44243e+02
-3.21808e+00 3.60500e+00 6.44096e+02
-3.31504e+00 3.68283e+00 6.43999e+02
-3.41353e+00 3.76123e+00 6.44014e+02
-3.51358e+00 3.84020e+00 6.44206e+02
-3.61521e+00 3.91977e+00 6.44654e+02
-3.71843e+00 3.99996e+00 6.45445e+02
-4.40588e-01 7.47064e-01 4.68774e+02
-4.68957e-01 8.02916e-01 4.70361e+02
-4.98792e-01 8.58994e-01 4.72822e+02
-5.30082e-01 9.15312e-01 4.76124e+02
-5.62818e-01 9.71881e-01 4.80253e+02
-5.96990e-01 1.02871e+00 4.85211e+02
-6.32591e-01 1.08582e+00 4.91012e+02
-6.69615e-01 1.14322e+00 4.97674e+02
-7.08058e-01 1.20091e+00 5.05224e+02
-7.47915e-01 1.25892e+00 5.13694e+02
-7.89184e-01 1.31726e+00 5.23119e+02
-8.31864e-01 1.37593e+00 5.33537e+02
-8.75953e-01 1.43494e+00 5.44993e+02
-9.22692e-01 1.49592e+00 5.52336e+02
-9.71259e-01 1.55770e+00 5.60144e+02
-1.02124e+00 1.61978e+00 5.67672e+02
-1.07263e+00 1.68215e+00 5.74872e+02
-1.12544e+00 1.74483e+00 5.81702e+02
-1.17967e+00 1.80783e+00 5.88125e+02
-1.23531e+00 1.87117e+00 5.94106e+02
-1.29237e+00 1.93485e+00 5.99612e+02
-1.35086e+00 1.99890e+00 6.04613e+02
-1.41077e+00 2.06333e+00 6.09079e+02
-1.47213e+00 2.12814e+00 6.12980e+02
-1.53493e+00 2.19335e+00 6.16284e+02
-1.59992e+00 2.25972e+00 6.20433e+02
-1.66705e+00 2.32718e+00 6.23484e+02
-1.73560e+00 2.39498e+00 6.26329e+02
-1.80556e+00 2.46311e+00 6.28962e+02
-1.87694e+00 2.53161e+00 6.31374e+02
-1.94976e+00 2.60048e+00 6.33558e+02
-2.02401e+00 2.66974e+00 6.35506e+02
-2.09972e+00 2.73939e+00 6.37210e+02
-2.17689e+00 2.80947e+00 6.38660e+02
-2.25553e+00 2.87997e+00 6.39848e+02
-2.33567e+00 2.95091e+00 6.40761e+02
-2.41731e+00 3.02232e+00 6.41388e+02
-2.50070e+00 3.09439e+00 6.41871e+02
-2.58625e+00 3.16748e+00 6.42551e+02
-2.67322e+00 3.24094e+00 6.43006e+02
-2.76163e+00 3.31480e+00 6.43275e+02
-2.85150e+00 3.38907e+00 6.43399e+02
-2.94285e+00 3.46377e+00 6.43420e+02
-3.03569e+00 3.53891e+00 6.43382e+02
-3.13004e+00 3.61451e+00 6.43331e+02
-3.22592e+00 3.69059e+00 6.43316e+02
-3.32334e+00 3.76715e+00 6.43387e+02
-3.42234e+00 3.84422e+00 6.43600e+02
-3.52294e+00 3.92182e+00 6.44018e+02
-3.62514e+00 3.99996e+00 6.44707e+02
-4.17301e-01 7.64796e-01 4.41216e+02
-4.43775e-01 8.21841e-01 4.46532e+02
-4.71733e-01 8.79048e-01 4.51817e+02
-5.01164e-01 9.36430e-01 4.57329e+02
-5.32058e-01 9.94000e-01 4.63267e+02
-5.64405e-01 1.05177e+00 4.69789e+02
-5.98197e-01 1.10976e+00 4.77023e+02
-6.33429e-01 1.16797e+00 4.85076e+02
-6.70094e-01 1.22642e+00 4.94043e+02
-7.08189e-01 1.28512e+00 5.04005e+02
-7.47710e-01 1.34408e+00 5.15039e+02
-7.88655e-01 1.40332e+00 5.27216e+02
-8.31023e-01 1.46285e+00 5.40604e+02
-8.75972e-01 1.52423e+00 5.47744e+02
-9.22738e-01 1.58635e+00 5.56020e+02
-9.70934e-01 1.64870e+00 5.63962e+02
-1.02056e+00 1.71128e+00 5.71521e+02
-1.07161e+00 1.77411e+00 5.78658e+02
-1.12409e+00 1.83720e+00 5.85333e+02
-1.17801e+00 1.90057e+00 5.91515e+02
-1.23336e+00 1.96423e+00 5.97170e+02
-1.29014e+00 2.02819e+00 6.02270e+02
-1.34837e+00 2.09246e+00 6.06783e+02
-1.40805e+00 2.15705e+00 6.10683e+02
-1.46918e+00 2.22199e+00 6.13940e+02
-1.53247e+00 2.28800e+00 6.18260e+02
-1.59788e+00 2.35501e+00 6.21336e+02
-1.66472e+00 2.42230e+00 6.24217e+02
-1.73298e+00 2.48987e+00 6.26895e+02
-1.80268e+00 2.55773e+00 6.29359e+02
-1.87382e+00 2.62591e+00 6.31601e+02
-1.94641e+00 2.69442e+00 6.33611e+02
-2.02046e+00 2.76326e+00 6.35380e+02
-2.09599e+00 2.83245e+00 6.36898e+02
-2.17300e+00 2.90202e+00 6.38154e+02
-2.25152e+00 2.97196e+00 6.39137e+02
-2.33154e+00 3.04230e+00 6.39836e+02
-2.41331e+00 3.11324e+00 6.40443e+02
-2.49720e+00 3.18510e+00 6.41150e+02
-2.58254e+00 3.25728e+00 6.41655e+02
-2.66933e+00 3.32979e+00 6.41994e+02
-2.75758e+00 3.40265e+00 6.42204e+02
-2.84732e+00 3.47588e+00 6.42323e+02
-2.93856e+00 3.54949e+00 6.42390e+02
-3.03132e+00 3.62349e+00 6.42442e+02
-3.12561e+00 3.69790e+00 6.42523e+02
-3.22145e+00 3.77274e+00 6.42673e+02
-3.31888e+00 3.84801e+00 6.42939e+02
-3.41789e+00 3.92375e+00 6.43370e+02
-3.51853e+00 3.99996e+00 6.44016e+02
-3.93729e-01 7.82134e-01 4.13554e+02
-4.18336e-01 8.40260e-01 4.22804e+02
-4.44432e-01 8.98490e-01 4.31125e+02
-4.72005e-01 9.56839e-01 4.39061e+02
-5.01045e-01 1.01532e+00 4.47019e+02
-5.31542e-01 1.07394e+00 4.55310e+02
-5.63490e-01 1.13272e+00 4.64176e+02
-5.96880e-01 1.19168e+00 4.73812e+02
-6.31708e-01 1.25081e+00 4.84375e+02
-6.67968e-01 1.31014e+00 4.95997e+02
-7.05657e-01 1.36968e+00 5.08789e+02
-7.44773e-01 1.42944e+00 5.22850e+02
-7.85314e-01 1.48943e+00 5.38268e+02
-8.28350e-01 1.55117e+00 5.44861e+02
-8.73177e-01 1.61359e+00 5.53503e+02
-9.19439e-01 1.67617e+00 5.61757e+02
-9.67134e-01 1.73893e+00 5.69575e+02
-1.01626e+00 1.80188e+00 5.76918e+02
-1.06682e+00 1.86504e+00 5.83750e+02
-1.11881e+00 1.92842e+00 5.90038e+02
-1.17224e+00 1.99204e+00 5.95752e+02
-1.22711e+00 2.05590e+00 6.00864e+02
-1.28342e+00 2.12001e+00 6.05347e+02
-1.34118e+00 2.18440e+00 6.09173e+02
-1.40039e+00 2.24907e+00 6.12317e+02
-1.46171e+00 2.31472e+00 6.16741e+02
-1.52512e+00 2.38130e+00 6.19782e+02
-1.58995e+00 2.44809e+00 6.22643e+02
-1.65621e+00 2.51511e+00 6.25312e+02
-1.72390e+00 2.58237e+00 6.27777e+02
-1.79304e+00 2.64989e+00 6.30028e+02
-1.86363e+00 2.71768e+00 6.32053e+02
-1.93568e+00 2.78575e+00 6.33843e+02
-2.00920e+00 2.85411e+00 6.35386e+02
-2.08421e+00 2.92279e+00 6.36672e+02
-2.16071e+00 2.99179e+00 6.37689e+02
-2.23872e+00 3.06112e+00 6.38426e+02
-2.31845e+00 3.13099e+00 6.39141e+02
-2.40027e+00 3.20168e+00 6.39828e+02
-2.48354e+00 3.27265e+00 6.40345e+02
-2.56825e+00 3.34389e+00 6.40724e+02
-2.65443e+00 3.41542e+00 6.40996e+02
-2.74209e+00 3.48726e+00 6.41193e+02
-2.83125e+00 3.55943e+00 6.41347e+02
-2.92192e+00 3.63192e+00 6.41490e+02
-3.01412e+00 3.70477e+00 6.41654e+02
-3.10786e+00 3.77798e+00 6.41874e+02
-3.20318e+00 3.85158e+00 6.42185e+02
-3.30008e+00 3.92556e+00 6.42623e+02
-3.39859e+00 3.99996e+00 6.43227e+02
-3.69903e-01 7.99062e-01 3.85809e+02
-3.92670e-01 8.58158e-01 3.99304e+02
-4.16917e-01 9.17307e-01 4.10947e+02
-4.42634e-01 9.76524e-01 4.21565e+02
-4.69809e-01 1.03582e+00 4.31775e+02
-4.98433e-01 1.09522e+00 4.42045e+02
-5.28500e-01 1.15472e+00 4.52734e+02
-5.60000e-01 1.21434e+00 4.64122e+02
-5.92930e-01 1.27409e+00 4.76432e+02
-6.27283e-01 1.33399e+00 4.89841e+02
-6.63057e-01 1.39405e+00 5.04495e+02
-7.00248e-01 1.45428e+00 5.20514e+02
-7.38855e-01 1.51469e+00 5.38000e+02
-7.79855e-01 1.57675e+00 5.43668e+02
-8.22608e-01 1.63940e+00 5.52556e+02
-8.66787e-01 1.70218e+00 5.61006e+02
-9.12391e-01 1.76508e+00 5.68974e+02
-9.59419e-01 1.82813e+00 5.76420e+02
-1.00787e+00 1.89134e+00 5.83310e+02
-1.05775e+00 1.95472e+00 5.89612e+02
-1.10905e+00 2.01828e+00 5.95299e+02
-1.16178e+00 2.08203e+00 6.00346e+02
-1.21594e+00 2.14599e+00 6.04728e+02
-1.27154e+00 2.21016e+00 6.08421e+02
-1.32858e+00 2.27457e+00 6.11404e+02
-1.38767e+00 2.33988e+00 6.15866e+02
-1.44878e+00 2.40603e+00 6.18827e+02
-1.51131e+00 2.47235e+00 6.21622e+02
-1.57526e+00 2.53884e+00 6.24238e+02
-1.64064e+00 2.60553e+00 6.26663e+02
-1.70744e+00 2.67242e+00 6.28883e+02
-1.77569e+00 2.73952e+00 6.30888e+02
-1.84539e+00 2.80686e+00 6.32664e+02
-1.91654e+00 2.87444e+00 6.34202e+02
-1.98916e+00 2.94228e+00 6.35488e+02
-2.06327e+00 3.01039e+00 6.36513e+02
-2.13886e+00 3.07877e+00 6.37264e+02
-2.21615e+00 3.14763e+00 6.38090e+02
-2.29547e+00 3.21723e+00 6.38716e+02
-2.37622e+00 3.28705e+00 6.39209e+02
-2.45841e+00 3.35710e+00 6.39596e+02
-2.54206e+00 3.42739e+00 6.39900e+02
-2.62717e+00 3.49793e+00 6.40145e+02
-2.71376e+00 3.56873e+00 6.40355e+02
-2.80185e+00 3.63982e+00 6.40554e+02
-2.89145e+00 3.71120e+00 6.40767e+02
-2.98258e+00 3.78289e+00 6.41018e+02
-3.07525e+00 3.85491e+00 6.41333e+02
-3.16949e+00 3.92726e+00 6.41736e+02
-3.26532e+00 3.99996e+00 6.42256e+02
-3.45849e-01 8.15568e-01 3.57984e+02
-3.66805e-01 8.75522e-01 3.76147e+02
-3.89219e-01 9.35487e-01 3.91474e+02
-4.13081e-01 9.95476e-01 4.05081e+02
-4.38381e-01 1.05550e+00 4.17802e+02
-4.65109e-01 1.11558e+00 4.30268e+02
-4.93259e-01 1.17572e+00 4.42962e+02
-5.22822e-01 1.23594e+00 4.56253e+02
-5.53793e-01 1.29625e+00 4.70428e+02
-5.86168e-01 1.35666e+00 4.85711e+02
-6.19943e-01 1.41718e+00 5.02279e+02
-6.55114e-01 1.47783e+00 5.20272e+02
-6.91679e-01 1.53861e+00 5.39805e+02
-7.30520e-01 1.60093e+00 5.44130e+02
-7.71062e-01 1.66379e+00 5.53124e+02
-8.13010e-01 1.72673e+00 5.61643e+02
-8.56363e-01 1.78974e+00 5.69642e+02
-9.01120e-01 1.85286e+00 5.77081e+02
-9.47279e-01 1.91609e+00 5.83928e+02
-9.94841e-01 1.97945e+00 5.90154e+02
-1.04381e+00 2.04294e+00 5.95735e+02
-1.09418e+00 2.10658e+00 6.00647e+02
-1.14596e+00 2.17038e+00 6.04871e+02
-1.19916e+00 2.23435e+00 6.08388e+02
-1.25377e+00 2.29851e+00 6.11179e+02
-1.31036e+00 2.36348e+00 6.15619e+02
-1.36890e+00 2.42922e+00 6.18465e+02
-1.42883e+00 2.49507e+00 6.21162e+02
-1.49017e+00 2.56106e+00 6.23696e+02
-1.55290e+00 2.62720e+00 6.26052e+02
-1.61705e+00 2.69349e+00 6.28215e+02
-1.68261e+00 2.75995e+00 6.30173e+02
-1.74960e+00 2.82660e+00 6.31914e+02
-1.81802e+00 2.89344e+00 6.33425e+02
-1.88788e+00 2.96049e+00 6.34695e+02
-1.95920e+00 3.02776e+00 6.35712e+02
-2.03198e+00 3.09526e+00 6.36464e+02
-2.10641e+00 3.16317e+00 6.37421e+02
-2.18281e+00 3.23175e+00 6.37955e+02
-2.26061e+00 3.30049e+00 6.38395e+02
-2.33982e+00 3.36942e+00 6.38757e+02
-2.42047e+00 3.43854e+00 6.39056e+02
-2.50255e+00 3.50786e+00 6.39309e+02
-2.58610e+00 3.57741e+00 6.39530e+02
-2.67110e+00 3.64718e+00 6.39735e+02
-2.75760e+00 3.71720e+00 6.39939e+02
-2.84559e+00 3.78747e+00 6.40157e+02
-2.93509e+00 3.85801e+00 6.40405e+02
-3.02613e+00 3.92884e+00 6.40697e+02
-3.11872e+00 3.99997e+00 6.41051e+02
-3.21426e-01 8.31752e-01 3.31041e+02
-3.40597e-01 8.92454e-01 3.53824e+02
-3.61192e-01 9.53130e-01 3.72959e+02
-3.83201e-01 1.01379e+00 3.89779e+02
-4.06614e-01 1.07446e+00 4.05290e+02
-4.31422e-01 1.13513e+00 4.20249e+02
-4.57618e-01 1.19584e+00 4.35231e+02
-4.85195e-01 1.25658e+00 4.50672e+02
-5.14148e-01 1.31737e+00 4.66902e+02
-5.44473e-01 1.37822e+00 4.84173e+02
-5.76164e-01 1.43915e+00 5.02675e+02
-6.09219e-01 1.50017e+00 5.22551e+02
-6.43637e-01 1.56128e+00 5.43911e+02
-6.80199e-01 1.62382e+00 5.46491e+02
-7.18397e-01 1.68683e+00 5.55428e+02
-7.57971e-01 1.74988e+00 5.63865e+02
-7.98917e-01 1.81297e+00 5.71759e+02
-8.41234e-01 1.87613e+00 5.79071e+02
-8.84921e-01 1.93936e+00 5.85771e+02
-9.29978e-01 2.00267e+00 5.91834e+02
-9.76407e-01 2.06608e+00 5.97238e+02
-1.02421e+00 2.12959e+00 6.01966e+02
-1.07339e+00 2.19323e+00 6.06002e+02
-1.12394e+00 2.25699e+00 6.09333e+02
-1.17588e+00 2.32090e+00 6.11946e+02
-1.22970e+00 2.38555e+00 6.16284e+02
-1.28539e+00 2.45088e+00 6.18984e+02
-1.34243e+00 2.51629e+00 6.21551e+02
-1.40084e+00 2.58179e+00 6.23968e+02
-1.46063e+00 2.64740e+00 6.26219e+02
-1.52179e+00 2.71313e+00 6.28290e+02
-1.58433e+00 2.77898e+00 6.30167e+02
-1.64826e+00 2.84498e+00 6.31837e+02
-1.71359e+00 2.91112e+00 6.33289e+02
-1.78032e+00 2.97743e+00 6.34509e+02
-1.84847e+00 3.04392e+00 6.35486e+02
-1.91804e+00 3.11059e+00 6.36209e+02
-1.98921e+00 3.17761e+00 6.37286e+02
-2.06225e+00 3.24523e+00 6.37640e+02
-2.13666e+00 3.31297e+00 6.37968e+02
-2.21246e+00 3.38086e+00 6.38267e+02
-2.28965e+00 3.44889e+00 6.38538e+02
-2.36824e+00 3.51708e+00 6.38780e+02
-2.44825e+00 3.58545e+00 6.38993e+02
-2.52968e+00 3.65400e+00 6.39177e+02
-2.61256e+00 3.72275e+00 6.39333e+02
-2.69690e+00 3.79171e+00 6.39460e+02
-2.78271e+00 3.86089e+00 6.39560e+02
-2.87000e+00 3.93030e+00 6.39632e+02
-2.95880e+00 3.99997e+00 6.39678e+02
-2.96241e-01 8.47856e-01 3.02135e+02
-3.13651e-01 9.09194e-01 3.31049e+02
-3.32438e-01 9.70474e-01 3.55026e+02
-3.52592e-01 1.03171e+00 3.75756e+02
-3.74104e-01 1.09292e+00 3.94516e+02
-3.96965e-01 1.15410e+00 4.12265e+02
-4.21169e-01 1.21528e+00 4.29721e+02
-4.46711e-01 1.27646e+00 4.47421e+02
-4.73583e-01 1.33767e+00 4.65761e+02
-5.01783e-01 1.39890e+00 4.85029e+02
-5.31305e-01 1.46017e+00 5.05435e+02
-5.62148e-01 1.52149e+00 5.27122e+02
-5.94309e-01 1.58287e+00 5.50189e+02
-6.28479e-01 1.64556e+00 5.50633e+02
-6.64212e-01 1.70867e+00 5.59328e+02
-7.01275e-01 1.77178e+00 5.67516e+02
-7.39667e-01 1.83491e+00 5.75152e+02
-7.79386e-01 1.89806e+00 5.82200e+02
-8.20430e-01 1.96126e+00 5.88631e+02
-8.62801e-01 2.02450e+00 5.94422e+02
-9.06497e-01 2.08780e+00 5.99555e+02
-9.51522e-01 2.15117e+00 6.04015e+02
-9.97876e-01 2.21463e+00 6.07792e+02
-1.04556e+00 2.27818e+00 6.10876e+02
-1.09458e+00 2.34183e+00 6.13261e+02
-1.14539e+00 2.40615e+00 6.17370e+02
-1.19796e+00 2.47108e+00 6.19903e+02
-1.25185e+00 2.53605e+00 6.22310e+02
-1.30705e+00 2.60108e+00 6.24577e+02
-1.36359e+00 2.66619e+00 6.26688e+02
-1.42145e+00 2.73137e+00 6.28629e+02
-1.48065e+00 2.79664e+00 6.30388e+02
-1.54120e+00 2.86202e+00 6.31954e+02
-1.60308e+00 2.92751e+00 6.33315e+02
-1.66633e+00 2.99312e+00 6.34460e+02
-1.73094e+00 3.05888e+00 6.35380e+02
-1.79692e+00 3.12477e+00 6.36066e+02
-1.86442e+00 3.19097e+00 6.37231e+02
-1.93371e+00 3.25769e+00 6.37445e+02
-2.00431e+00 3.32450e+00 6.37684e+02
-2.07626e+00 3.39141e+00 6.37935e+02
-2.14954e+00 3.45843e+00 6.38186e+02
-2.22418e+00 3.52558e+00 6.38423e+02
-2.30019e+00 3.59286e+00 6.38635e+02
-2.37757e+00 3.66028e+00 6.38810e+02
-2.45634e+00 3.72786e+00 6.38939e+02
-2.53650e+00 3.79561e+00 6.39010e+02
-2.61809e+00 3.86353e+00 6.39013e+02
-2.70109e+00 3.93165e+00 6.38940e+02
-2.78555e+00 3.99997e+00 6.38779e+02
-2.70798e-01 8.63550e-01 2.74544e+02
-2.86477e-01 9.25412e-01 3.09760e+02
-3.03472e-01 9.87193e-01 3.38909e+02
-3.21774e-01 1.04891e+00 3.63965e+02
-3.41374e-01 1.11056e+00 3.86412e+02
-3.62266e-01 1.17217e+00 4.07362e+02
-3.84443e-01 1.23375e+00 4.27633e+02
-4.07900e-01 1.29530e+00 4.47824e+02
-4.32631e-01 1.35685e+00 4.68363e+02
-4.58633e-01 1.41839e+00 4.89545e+02
-4.85901e-01 1.47994e+00 5.11568e+02
-5.14434e-01 1.54152e+00 5.34550e+02
-5.44228e-01 1.60313e+00 5.58553e+02
-5.75885e-01 1.66593e+00 5.56275e+02
-6.09017e-01 1.72909e+00 5.64538e+02
-6.43424e-01 1.79223e+00 5.72321e+02
-6.79103e-01 1.85536e+00 5.79575e+02
-7.16052e-01 1.91848e+00 5.86263e+02
-7.54270e-01 1.98161e+00 5.92355e+02
-7.93758e-01 2.04477e+00 5.97831e+02
-8.34515e-01 2.10795e+00 6.02671e+02
-8.76542e-01 2.17117e+00 6.06863e+02
-9.19842e-01 2.23445e+00 6.10399e+02
-9.64415e-01 2.29778e+00 6.13270e+02
-1.01027e+00 2.36119e+00 6.15473e+02
-1.05778e+00 2.42519e+00 6.19379e+02
-1.10696e+00 2.48973e+00 6.21741e+02
-1.15739e+00 2.55428e+00 6.23986e+02
-1.20909e+00 2.61887e+00 6.26098e+02
-1.26206e+00 2.68349e+00 6.28063e+02
-1.31630e+00 2.74816e+00 6.29868e+02
-1.37182e+00 2.81289e+00 6.31502e+02
-1.42862e+00 2.87769e+00 6.32955e+02
-1.48671e+00 2.94257e+00 6.34216e+02
-1.54609e+00 3.00754e+00 6.35276e+02
-1.60677e+00 3.07261e+00 6.36126e+02
-1.66876e+00 3.13779e+00 6.36759e+02
-1.73219e+00 3.20322e+00 6.37951e+02
-1.79729e+00 3.26911e+00 6.38034e+02
-1.86365e+00 3.33506e+00 6.38172e+02
-1.93130e+00 3.40108e+00 6.38344e+02
-2.00022e+00 3.46717e+00 6.38528e+02
-2.07044e+00 3.53336e+00 6.38703e+02
-2.14195e+00 3.59964e+00 6.38850e+02
-2.21478e+00 3.66603e+00 6.38950e+02
-2.28893e+00 3.73253e+00 6.38987e+02
-2.36441e+00 3.79917e+00 6.38942e+02
-2.44123e+00 3.86595e+00 6.38799e+02
-2.51942e+00 3.93288e+00 6.38543e+02
-2.59897e+00 3.99997e+00 6.38157e+02
-2.45126e-01 8.78823e-01 2.48743e+02
-2.59104e-01 9.41100e-01 2.90562e+02
-2.74324e-01 1.00328e+00 3.25264e+02
-2.90777e-01 1.06537e+00 3.55043e+02
-3.08457e-01 1.12739e+00 3.81547e+02
-3.27357e-01 1.18934e+00 4.05994e+02
-3.47472e-01 1.25124e+00 4.29270e+02
-3.68797e-01 1.31309e+00 4.52002e+02
-3.91326e-01 1.37491e+00 4.74620e+02
-4.15057e-01 1.43670e+00 4.97401e+02
-4.39986e-01 1.49849e+00 5.20504e+02
-4.66111e-01 1.56027e+00 5.44003e+02
-4.93429e-01 1.62205e+00 5.67901e+02
-5.22451e-01 1.68492e+00 5.62931e+02
-5.52850e-01 1.74809e+00 5.70640e+02
-5.84453e-01 1.81121e+00 5.77917e+02
-6.17260e-01 1.87431e+00 5.84711e+02
-6.51268e-01 1.93737e+00 5.90983e+02
-6.86477e-01 2.00043e+00 5.96702e+02
-7.22886e-01 2.06347e+00 6.01845e+02
-7.60495e-01 2.12653e+00 6.06393e+02
-7.99306e-01 2.18959e+00 6.10334e+02
-8.39318e-01 2.25269e+00 6.13658e+02
-8.80534e-01 2.31581e+00 6.16359e+02
-9.22957e-01 2.37898e+00 6.18432e+02
-9.66921e-01 2.44267e+00 6.22113e+02
-1.01242e+00 2.50683e+00 6.24309e+02
-1.05911e+00 2.57098e+00 6.26394e+02
-1.10699e+00 2.63514e+00 6.28353e+02
-1.15608e+00 2.69930e+00 6.30173e+02
-1.20636e+00 2.76350e+00 6.31843e+02
-1.25786e+00 2.82772e+00 6.33352e+02
-1.31056e+00 2.89198e+00 6.34691e+02
-1.36448e+00 2.95630e+00 6.35851e+02
-1.41961e+00 3.02067e+00 6.36823e+02
-1.47598e+00 3.08512e+00 6.37601e+02
-1.53358e+00 3.14964e+00 6.38177e+02
-1.59252e+00 3.21437e+00 6.39346e+02
-1.65301e+00 3.27950e+00 6.39328e+02
-1.71469e+00 3.34466e+00 6.39377e+02
-1.77758e+00 3.40986e+00 6.39465e+02
-1.84168e+00 3.47510e+00 6.39566e+02
-1.90700e+00 3.54041e+00 6.39653e+02
-1.97354e+00 3.60578e+00 6.39704e+02
-2.04132e+00 3.67123e+00 6.39697e+02
-2.11034e+00 3.73677e+00 6.39608e+02
-2.18062e+00 3.80240e+00 6.39419e+02
-2.25216e+00 3.86814e+00 6.39110e+02
-2.32497e+00 3.93399e+00 6.38661e+02
-2.39906e+00 3.99997e+00 6.38055e+02
-2.19256e-01 8.93665e-01 2.25138e+02
-2.31563e-01 9.56251e-01 2.74018e+02
-2.45024e-01 1.01873e+00 3.14723e+02
-2.59633e-01 1.08110e+00 3.49623e+02
-2.75383e-01 1.14339e+00 3.80490e+02
-2.92270e-01 1.20560e+00 4.08619e+02
-3.10288e-01 1.26774e+00 4.34934e+02
-3.29434e-01 1.32982e+00 4.60067e+02
-3.49702e-01 1.39185e+00 4.84424e+02
-3.71090e-01 1.45384e+00 5.08242e+02
-3.93595e-01 1.51579e+00 5.31626e+02
-4.17215e-01 1.57773e+00 5.54584e+02
-4.41948e-01 1.63965e+00 5.77050e+02
-4.68214e-01 1.70253e+00 5.70068e+02
-4.95745e-01 1.76567e+00 5.77170e+02
-5.24400e-01 1.82874e+00 5.83902e+02
-5.54176e-01 1.89177e+00 5.90210e+02
-5.85072e-01 1.95475e+00 5.96053e+02
-6.17088e-01 2.01770e+00 6.01398e+02
-6.50223e-01 2.08063e+00 6.06221e+02
-6.84476e-01 2.14354e+00 6.10501e+02
-7.19848e-01 2.20644e+00 6.14224e+02
-7.56340e-01 2.26935e+00 6.17380e+02
-7.93954e-01 2.33226e+00 6.19962e+02
-8.32691e-01 2.39520e+00 6.21965e+02
-8.72832e-01 2.45859e+00 6.25349e+02
-9.14367e-01 2.52238e+00 6.27390e+02
-9.57015e-01 2.58615e+00 6.29324e+02
-1.00078e+00 2.64990e+00 6.31139e+02
-1.04566e+00 2.71364e+00 6.32824e+02
-1.09166e+00 2.77738e+00 6.34367e+02
-1.13878e+00 2.84113e+00 6.35760e+02
-1.18703e+00 2.90490e+00 6.36993e+02
-1.23642e+00 2.96870e+00 6.38059e+02
-1.28693e+00 3.03253e+00 6.38951e+02
-1.33859e+00 3.09640e+00 6.39662e+02
-1.39139e+00 3.16033e+00 6.40187e+02
-1.44543e+00 3.22442e+00 6.41298e+02
-1.50088e+00 3.28885e+00 6.41231e+02
-1.55744e+00 3.35329e+00 6.41227e+02
-1.61513e+00 3.41775e+00 6.41255e+02
-1.67394e+00 3.48223e+00 6.41287e+02
-1.73389e+00 3.54674e+00 6.41295e+02
-1.79497e+00 3.61129e+00 6.41255e+02
-1.85720e+00 3.67590e+00 6.41142e+02
-1.92058e+00 3.74056e+00 6.40934e+02
-1.98513e+00 3.80529e+00 6.40610e+02
-2.05085e+00 3.87010e+00 6.40149e+02
-2.11774e+00 3.93499e+00 6.39531e+02
-2.18583e+00 3.99997e+00 6.38739e+02
-1.93217e-01 9.08069e-01 2.04066e+02
-2.03882e-01 9.70858e-01 2.60647e+02
-2.15602e-01 1.03353e+00 3.07896e+02
-2.28371e-01 1.09610e+00 3.48327e+02
-2.42184e-01 1.15857e+00 3.83810e+02
-2.57036e-01 1.22096e+00 4.15697e+02
-2.72924e-01 1.28327e+00 4.44928e+02
-2.89843e-01 1.34550e+00 4.72120e+02
-3.07791e-01 1.40768e+00 4.97644e+02
-3.26765e-01 1.46980e+00 5.21680e+02
-3.46763e-01 1.53187e+00 5.44267e+02
-3.67781e-01 1.59391e+00 5.65336e+02
-3.89820e-01 1.65592e+00 5.84743e+02
-4.13210e-01 1.71876e+00 5.77107e+02
-4.37742e-01 1.78183e+00 5.83624e+02
-4.63302e-01 1.84482e+00 5.89834e+02
-4.89890e-01 1.90774e+00 5.95684e+02
-5.17504e-01 1.97061e+00 6.01131e+02
-5.46143e-01 2.03344e+00 6.06140e+02
-5.75807e-01 2.09622e+00 6.10686e+02
-6.06495e-01 2.15898e+00 6.14746e+02
-6.38208e-01 2.22171e+00 6.18305e+02
-6.70947e-01 2.28443e+00 6.21352e+02
-7.04712e-01 2.34714e+00 6.23876e+02
-7.39506e-01 2.40985e+00 6.25871e+02
-7.75551e-01 2.47295e+00 6.28834e+02
-8.12841e-01 2.53638e+00 6.30739e+02
-8.51152e-01 2.59978e+00 6.32542e+02
-8.90485e-01 2.66315e+00 6.34233e+02
-9.30841e-01 2.72649e+00 6.35800e+02
-9.72222e-01 2.78982e+00 6.37234e+02
-1.01463e+00 2.85313e+00 6.38528e+02
-1.05807e+00 2.91645e+00 6.39673e+02
-1.10255e+00 2.97977e+00 6.40663e+02
-1.14806e+00 3.04311e+00 6.41491e+02
-1.19461e+00 3.10646e+00 6.42154e+02
-1.24221e+00 3.16985e+00 6.42644e+02
-1.29094e+00 3.23337e+00 6.43673e+02
-1.34092e+00 3.29717e+00 6.43630e+02
-1.39192e+00 3.36096e+00 6.43635e+02
-1.44394e+00 3.42475e+00 6.43657e+02
-1.49700e+00 3.48854e+00 6.43668e+02
-1.55110e+00 3.55235e+00 6.43641e+02
-1.60623e+00 3.61617e+00 6.43551e+02
-1.66242e+00 3.68003e+00 6.43375e+02
-1.71965e+00 3.74391e+00 6.43092e+02
-1.77795e+00 3.80785e+00 6.42681e+02
-1.83731e+00 3.87183e+00 6.42122e+02
-1.89775e+00 3.93586e+00 6.41397e+02
-1.95927e+00 3.99997e+00 6.40490e+02
-1.66906e-01 9.22098e-01 1.93057e+02
-1.75960e-01 9.84985e-01 2.53165e+02
-1.85955e-01 1.04776e+00 3.04922e+02
-1.96888e-01 1.11043e+00 3.50205e+02
-2.08754e-01 1.17299e+00 3.90386e+02
-2.21550e-01 1.23547e+00 4.26426e+02
-2.35274e-01 1.29787e+00 4.58961e+02
-2.49921e-01 1.36019e+00 4.88368e+02
-2.65490e-01 1.42244e+00 5.14827e+02
-2.81977e-01 1.48463e+00 5.38369e+02
-2.99382e-01 1.54676e+00 5.58915e+02
-3.17701e-01 1.60885e+00 5.76305e+02
-3.36936e-01 1.67090e+00 5.90324e+02
-3.57333e-01 1.73367e+00 5.82759e+02
-3.78735e-01 1.79661e+00 5.89093e+02
-4.01059e-01 1.85947e+00 5.95043e+02
-4.24304e-01 1.92227e+00 6.00618e+02
-4.48467e-01 1.98500e+00 6.05815e+02
-4.73549e-01 2.04767e+00 6.10623e+02
-4.99548e-01 2.11030e+00 6.15022e+02
-5.26466e-01 2.17289e+00 6.18991e+02
-5.54301e-01 2.23544e+00 6.22503e+02
-5.83054e-01 2.29796e+00 6.25530e+02
-6.12727e-01 2.36047e+00 6.28042e+02
-6.43320e-01 2.42295e+00 6.30008e+02
-6.75002e-01 2.48576e+00 6.32437e+02
-7.07770e-01 2.54886e+00 6.34234e+02
-7.41452e-01 2.61191e+00 6.35939e+02
-7.76050e-01 2.67491e+00 6.37541e+02
-8.11566e-01 2.73788e+00 6.39031e+02
-8.48000e-01 2.80081e+00 6.40398e+02
-8.85354e-01 2.86373e+00 6.41634e+02
-9.23632e-01 2.92663e+00 6.42731e+02
-9.62834e-01 2.98952e+00 6.43684e+02
-1.00296e+00 3.05241e+00 6.44484e+02
-1.04403e+00 3.11531e+00 6.45127e+02
-1.08602e+00 3.17821e+00 6.45608e+02
-1.12901e+00 3.24121e+00 6.46523e+02
-1.17309e+00 3.30445e+00 6.46567e+02
-1.21809e+00 3.36767e+00 6.46635e+02
-1.26401e+00 3.43086e+00 6.46699e+02
-1.31086e+00 3.49405e+00 6.46733e+02
-1.35863e+00 3.55723e+00 6.46712e+02
-1.40733e+00 3.62042e+00 6.46615e+02
-1.45697e+00 3.68362e+00 6.46419e+02
-1.50755e+00 3.74683e+00 6.46106e+02
-1.55907e+00 3.81006e+00 6.45657e+02
-1.61155e+00 3.87333e+00 6.45055e+02
-1.66498e+00 3.93663e+00 6.44283e+02
-1.71938e+00 3.99997e+00 6.43327e+02
-1.39495e-01 9.36174e-01 1.78537e+02
-1.46963e-01 9.99038e-01 2.48871e+02
-1.55247e-01 1.06179e+00 3.08429e+02
-1.64343e-01 1.12445e+00 3.59604e+02
-1.74248e-01 1.18701e+00 4.04131e+02
-1.84961e-01 1.24948e+00 4.43201e+02
-1.96478e-01 1.31187e+00 4.77571e+02
-2.08798e-01 1.37418e+00 5.07652e+02
-2.21918e-01 1.43643e+00 5.33592e+02
-2.35837e-01 1.49861e+00 5.55345e+02
-2.50553e-01 1.56074e+00 5.72718e+02
-2.66066e-01 1.62281e+00 5.85419e+02
-2.82374e-01 1.68484e+00 5.93088e+02
-2.99666e-01 1.74746e+00 5.86485e+02
-3.17823e-01 1.81022e+00 5.93008e+02
-3.36782e-01 1.87290e+00 5.99222e+02
-3.56541e-01 1.93552e+00 6.05075e+02
-3.77099e-01 1.99806e+00 6.10516e+02
-3.98456e-01 2.06055e+00 6.15498e+02
-4.20612e-01 2.12299e+00 6.19975e+02
-4.43567e-01 2.18538e+00 6.23902e+02
-4.67319e-01 2.24773e+00 6.27239e+02
-4.91871e-01 2.31005e+00 6.29947e+02
-5.17222e-01 2.37233e+00 6.31990e+02
-5.43372e-01 2.43460e+00 6.33335e+02
-5.70453e-01 2.49712e+00 6.36091e+02
-5.98460e-01 2.55988e+00 6.37839e+02
-6.27262e-01 2.62258e+00 6.39493e+02
-6.56861e-01 2.68523e+00 6.41044e+02
-6.87258e-01 2.74784e+00 6.42482e+02
-7.18453e-01 2.81042e+00 6.43800e+02
-7.50447e-01 2.87296e+00 6.44991e+02
-7.83243e-01 2.93548e+00 6.46049e+02
-8.16843e-01 2.99798e+00 6.46967e+02
-8.51247e-01 3.06047e+00 6.47741e+02
-8.86458e-01 3.12295e+00 6.48367e+02
-9.22479e-01 3.18543e+00 6.48841e+02
-9.59355e-01 3.24798e+00 6.49604e+02
-9.97162e-01 3.31071e+00 6.49813e+02
-1.03576e+00 3.37342e+00 6.49992e+02
-1.07517e+00 3.43610e+00 6.50123e+02
-1.11537e+00 3.49876e+00 6.50194e+02
-1.15637e+00 3.56140e+00 6.50191e+02
-1.19818e+00 3.62404e+00 6.50102e+02
-1.24080e+00 3.68667e+00 6.49916e+02
-1.28423e+00 3.74930e+00 6.49622e+02
-1.32848e+00 3.81194e+00 6.49210e+02
-1.37355e+00 3.87460e+00 6.48672e+02
-1.41944e+00 3.93727e+00 6.47999e+02
-1.46616e+00 3.99997e+00 6.47183e+02
-1.11883e-01 9.49818e-01 1.84492e+02
-1.17797e-01 1.01255e+00 2.56917e+02
-1.24387e-01 1.07519e+00 3.19710e+02
-1.31652e-01 1.13774e+00 3.74548e+02
-1.39589e-01 1.20020e+00 4.22545e+02
-1.48197e-01 1.26259e+00 4.64364e+02
-1.57474e-01 1.32489e+00 5.00306e+02
-1.67420e-01 1.38713e+00 5.30399e+02
-1.78032e-01 1.44930e+00 5.54474e+02
-1.89309e-01 1.51141e+00 5.72217e+02
-2.01251e-01 1.57347e+00 5.83219e+02
-2.13857e-01 1.63548e+00 5.87014e+02
-2.27125e-01 1.69744e+00 5.83104e+02
-2.41193e-01 1.75987e+00 5.91287e+02
-2.55975e-01 1.82241e+00 5.97786e+02
-2.71425e-01 1.88487e+00 6.04003e+02
-2.87542e-01 1.94727e+00 6.09855e+02
-3.04326e-01 2.00961e+00 6.15267e+02
-3.21776e-01 2.07189e+00 6.20175e+02
-3.39892e-01 2.13412e+00 6.24521e+02
-3.58674e-01 2.19631e+00 6.28256e+02
-3.78122e-01 2.25845e+00 6.31337e+02
-3.98236e-01 2.32055e+00 6.33724e+02
-4.19017e-01 2.38263e+00 6.35385e+02
-4.40464e-01 2.44467e+00 6.36290e+02
-4.62673e-01 2.50692e+00 6.39600e+02
-4.85639e-01 2.56934e+00 6.41282e+02
-5.09270e-01 2.63171e+00 6.42878e+02
-5.33564e-01 2.69404e+00 6.44380e+02
-5.58524e-01 2.75632e+00 6.45778e+02
-5.84149e-01 2.81857e+00 6.47065e+02
-6.10440e-01 2.88077e+00 6.48235e+02
-6.37399e-01 2.94296e+00 6.49282e+02
-6.65025e-01 3.00511e+00 6.50201e+02
-6.93322e-01 3.06725e+00 6.50986e+02
-7.22289e-01 3.12937e+00 6.51633e+02
-7.51929e-01 3.19148e+00 6.52140e+02
-7.82274e-01 3.25364e+00 6.52824e+02
-8.13380e-01 3.31594e+00 6.53173e+02
-8.45148e-01 3.37821e+00 6.53462e+02
-8.77579e-01 3.44045e+00 6.53684e+02
-9.10675e-01 3.50266e+00 6.53832e+02
-9.44438e-01 3.56485e+00 6.53900e+02
-9.78869e-01 3.62702e+00 6.53883e+02
-1.01397e+00 3.68918e+00 6.53774e+02
-1.04974e+00 3.75134e+00 6.53570e+02
-1.08619e+00 3.81349e+00 6.53265e+02
-1.12332e+00 3.87564e+00 6.52856e+02
-1.16113e+00 3.93780e+00 6.52339e+02
-1.19962e+00 3.99997e+00 6.51709e+02
-8.40995e-02 9.63024e-01 2.15645e+02
-8.84897e-02 1.02553e+00 2.78675e+02
-9.34050e-02 1.08795e+00 3.37564e+02
-9.88443e-02 1.15030e+00 3.92060e+02
-1.04806e-01 1.21258e+00 4.41634e+02
-1.11290e-01 1.27480e+00 4.85571e+02
-1.18295e-01 1.33694e+00 5.23051e+02
-1.25820e-01 1.39903e+00 5.53205e+02
-1.33865e-01 1.46107e+00 5.75158e+02
-1.42429e-01 1.52305e+00 5.88064e+02
-1.51511e-01 1.58498e+00 5.91121e+02
-1.61111e-01 1.64687e+00 5.83585e+02
-1.71229e-01 1.70871e+00 5.64776e+02
-1.81954e-01 1.77091e+00 5.96944e+02
-1.93231e-01 1.83318e+00 6.03098e+02
-2.05030e-01 1.89539e+00 6.08988e+02
-2.17349e-01 1.95755e+00 6.14525e+02
-2.30189e-01 2.01965e+00 6.19630e+02
-2.43550e-01 2.08170e+00 6.24239e+02
-2.57430e-01 2.14371e+00 6.28297e+02
-2.71831e-01 2.20567e+00 6.31760e+02
-2.86752e-01 2.26760e+00 6.34590e+02
-3.02192e-01 2.32949e+00 6.36756e+02
-3.18154e-01 2.39135e+00 6.38231e+02
-3.34636e-01 2.45318e+00 6.38995e+02
-3.51701e-01 2.51516e+00 6.42688e+02
-3.69348e-01 2.57726e+00 6.44308e+02
-3.87513e-01 2.63933e+00 6.45854e+02
-4.06197e-01 2.70134e+00 6.47318e+02
-4.25400e-01 2.76332e+00 6.48691e+02
-4.45123e-01 2.82527e+00 6.49965e+02
-4.65365e-01 2.88718e+00 6.51133e+02
-4.86127e-01 2.94906e+00 6.52190e+02
-5.07411e-01 3.01091e+00 6.53129e+02
-5.29216e-01 3.07275e+00 6.53947e+02
-5.51543e-01 3.13456e+00 6.54638e+02
-5.74393e-01 3.19637e+00 6.55198e+02
-5.97788e-01 3.25820e+00 6.55862e+02
-6.21766e-01 3.32013e+00 6.56320e+02
-6.46259e-01 3.38203e+00 6.56710e+02
-6.71268e-01 3.44390e+00 6.57029e+02
-6.96794e-01 3.50575e+00 6.57275e+02
-7.22838e-01 3.56757e+00 6.57444e+02
-7.49401e-01 3.62937e+00 6.57535e+02
-7.76484e-01 3.69116e+00 6.57546e+02
-8.04088e-01 3.75293e+00 6.57473e+02
-8.32214e-01 3.81470e+00 6.57317e+02
-8.60865e-01 3.87646e+00 6.57074e+02
-8.90041e-01 3.93821e+00 6.56743e+02
-9.19743e-01 3.99997e+00 6.56323e+02
-5.61747e-02 9.75790e-01 2.76550e+02
-5.90718e-02 1.03796e+00 3.15418e+02
-6.23305e-02 1.10008e+00 3.60729e+02
-6.59504e-02 1.16214e+00 4.09130e+02
-6.99309e-02 1.22415e+00 4.57383e+02
-7.42717e-02 1.28611e+00 5.02480e+02
-7.89724e-02 1.34803e+00 5.41708e+02
-8.40328e-02 1.40990e+00 5.72685e+02
-8.94526e-02 1.47173e+00 5.93360e+02
-9.52315e-02 1.53351e+00 6.01998e+02
-1.01369e-01 1.59527e+00 5.97153e+02
-1.07866e-01 1.65698e+00 5.77637e+02
-1.14722e-01 1.71867e+00 5.42490e+02
-1.21988e-01 1.78059e+00 6.03259e+02
-1.29632e-01 1.84255e+00 6.08621e+02
-1.37638e-01 1.90447e+00 6.13774e+02
-1.46005e-01 1.96635e+00 6.18641e+02
-1.54733e-01 2.02819e+00 6.23156e+02
-1.63822e-01 2.08999e+00 6.27268e+02
-1.73271e-01 2.15175e+00 6.30933e+02
-1.83081e-01 2.21348e+00 6.34117e+02
-1.93252e-01 2.27518e+00 6.36794e+02
-2.03783e-01 2.33685e+00 6.38942e+02
-2.14675e-01 2.39850e+00 6.40543e+02
-2.25929e-01 2.46012e+00 6.41587e+02
-2.37579e-01 2.52184e+00 6.45076e+02
-2.49626e-01 2.58365e+00 6.46661e+02
-2.62032e-01 2.64541e+00 6.48182e+02
-2.74798e-01 2.70715e+00 6.49629e+02
-2.87924e-01 2.76885e+00 6.50996e+02
-3.01410e-01 2.83052e+00 6.52273e+02
-3.15256e-01 2.89217e+00 6.53453e+02
-3.29462e-01 2.95379e+00 6.54531e+02
-3.44028e-01 3.01539e+00 6.55501e+02
-3.58955e-01 3.07697e+00 6.56357e+02
-3.74244e-01 3.13854e+00 6.57095e+02
-3.89893e-01 3.20009e+00 6.57710e+02
-4.05917e-01 3.26166e+00 6.58396e+02
-4.22336e-01 3.32329e+00 6.58931e+02
-4.39111e-01 3.38489e+00 6.59403e+02
-4.56244e-01 3.44647e+00 6.59810e+02
-4.73733e-01 3.50803e+00 6.60152e+02
-4.91579e-01 3.56957e+00 6.60426e+02
-5.09783e-01 3.63109e+00 6.60634e+02
-5.28345e-01 3.69259e+00 6.60772e+02
-5.47266e-01 3.75409e+00 6.60841e+02
-5.66545e-01 3.81557e+00 6.60839e+02
-5.86184e-01 3.87704e+00 6.60766e+02
-6.06183e-01 3.93851e+00 6.60621e+02
-6.26543e-01 3.99997e+00 6.60402e+02
-2.81369e-02 9.88114e-01 3.71635e+02
-2.95709e-02 1.04986e+00 3.68335e+02
-3.11915e-02 1.11157e+00 3.87885e+02
-3.29984e-02 1.17326e+00 4.22710e+02
-3.49917e-02 1.23492e+00 4.65768e+02
-3.71712e-02 1.29655e+00 5.10756e+02
-3.95370e-02 1.35816e+00 5.52207e+02
-4.20890e-02 1.41974e+00 5.85506e+02
-4.48272e-02 1.48130e+00 6.06849e+02
-4.77516e-02 1.54283e+00 6.13172e+02
-5.08623e-02 1.60435e+00 6.02060e+02
-5.41591e-02 1.66584e+00 5.71652e+02
-5.76422e-02 1.72732e+00 5.20556e+02
-6.13332e-02 1.78892e+00 6.10054e+02
-6.52190e-02 1.85053e+00 6.14042e+02
-6.92922e-02 1.91212e+00 6.17960e+02
-7.35530e-02 1.97369e+00 6.21758e+02
-7.80012e-02 2.03523e+00 6.25394e+02
-8.26369e-02 2.09676e+00 6.28836e+02
-8.74600e-02 2.15826e+00 6.32055e+02
-9.24705e-02 2.21975e+00 6.35031e+02
-9.76684e-02 2.28121e+00 6.37747e+02
-1.03054e-01 2.34266e+00 6.40188e+02
-1.08627e-01 2.40410e+00 6.42346e+02
-1.14387e-01 2.46552e+00 6.44210e+02
-1.20350e-01 2.52699e+00 6.46486e+02
-1.26516e-01 2.58850e+00 6.48088e+02
-1.32869e-01 2.64998e+00 6.49625e+02
-1.39408e-01 2.71145e+00 6.51090e+02
-1.46135e-01 2.77290e+00 6.52474e+02
-1.53048e-01 2.83434e+00 6.53770e+02
-1.60148e-01 2.89575e+00 6.54972e+02
-1.67435e-01 2.95716e+00 6.56075e+02
-1.74909e-01 3.01855e+00 6.57072e+02
-1.82570e-01 3.07993e+00 6.57958e+02
-1.90418e-01 3.14130e+00 6.58728e+02
-1.98454e-01 3.20265e+00 6.59379e+02
-2.06681e-01 3.26402e+00 6.60112e+02
-2.15110e-01 3.32541e+00 6.60691e+02
-2.23723e-01 3.38679e+00 6.61215e+02
-2.32521e-01 3.44816e+00 6.61684e+02
-2.41504e-01 3.50951e+00 6.62098e+02
-2.50671e-01 3.57085e+00 6.62455e+02
-2.60023e-01 3.63217e+00 6.62755e+02
-2.69560e-01 3.69349e+00 6.62997e+02
-2.79282e-01 3.75480e+00 6.63179e+02
-2.89188e-01 3.81610e+00 6.63301e+02
-2.99279e-01 3.87740e+00 6.63362e+02
-3.09555e-01 3.93868e+00 6.63361e+02
-3.20016e-01 3.99997e+00 6.63297e+02
-1.37969e-05 9.99994e-01 5.05255e+02
-1.44921e-05 1.06122e+00 4.38540e+02
-1.52813e-05 1.12244e+00 4.17646e+02
-1.61645e-05 1.18367e+00 4.29708e+02
-1.71419e-05 1.24489e+00 4.62750e+02
-1.82134e-05 1.30611e+00 5.06092e+02
-1.93791e-05 1.36734e+00 5.50536e+02
-2.06392e-05 1.42856e+00 5.88405e+02
-2.19936e-05 1.48979e+00 6.13466e+02
-2.34424e-05 1.55101e+00 6.20793e+02
-2.49857e-05 1.61224e+00 6.06599e+02
-2.66235e-05 1.67346e+00 5.68061e+02
-2.83558e-05 1.73468e+00 5.03151e+02
-3.01913e-05 1.79591e+00 6.17173e+02
-3.21247e-05 1.85713e+00 6.19061e+02
-3.41534e-05 1.91836e+00 6.21154e+02
-3.62773e-05 1.97958e+00 6.23438e+02
-3.84964e-05 2.04080e+00 6.25900e+02
-4.08108e-05 2.10203e+00 6.28526e+02
-4.32205e-05 2.16325e+00 6.31303e+02
-4.57255e-05 2.22448e+00 6.34217e+02
-4.83257e-05 2.28570e+00 6.37257e+02
-5.10213e-05 2.34692e+00 6.40411e+02
-5.38122e-05 2.40815e+00 6.43667e+02
-5.66984e-05 2.46937e+00 6.47017e+02
-5.96860e-05 2.53060e+00 6.46650e+02
-6.27748e-05 2.59182e+00 6.48347e+02
-6.59586e-05 2.65304e+00 6.49961e+02
-6.92375e-05 2.71427e+00 6.51486e+02
-7.26114e-05 2.77549e+00 6.52917e+02
-7.60802e-05 2.83672e+00 6.54250e+02
-7.96440e-05 2.89794e+00 6.55479e+02
-8.33027e-05 2.95916e+00 6.56600e+02
-8.70562e-05 3.02039e+00 6.57609e+02
-9.09046e-05 3.08161e+00 6.58502e+02
-9.48477e-05 3.14284e+00 6.59274e+02
-9.88856e-05 3.20406e+00 6.59922e+02
-1.03020e-04 3.26528e+00 6.60707e+02
-1.07255e-04 3.32651e+00 6.61294e+02
-1.11584e-04 3.38773e+00 6.61833e+02
-1.16006e-04 3.44895e+00 6.62322e+02
-1.20521e-04 3.51018e+00 6.62762e+02
-1.25130e-04 3.57140e+00 6.63151e+02
-1.29832e-04 3.63263e+00 6.63487e+02
-1.34627e-04 3.69385e+00 6.63771e+02
-1.39515e-04 3.75507e+00 6.64000e+02
-1.44497e-04 3.81630e+00 6.64173e+02
-1.49571e-04 3.87752e+00 6.64291e+02
-1.54738e-04 3.93875e+00 6.64350e+02
-1.59998e-04 3.99997e+00 6.64351e+02
