-1.00000e+00 0.00000e+00 1.74204e+03
-1.06122e+00 0.00000e+00 1.60448e+03
-1.12245e+00 0.00000e+00 1.48067e+03
-1.18367e+00 0.00000e+00 1.37068e+03
-1.24490e+00 0.00000e+00 1.27405e+03
-1.30612e+00 0.00000e+00 1.18999e+03
-1.36734e+00 0.00000e+00 1.11749e+03
-1.42857e+00 0.00000e+00 1.05544e+03
-1.48979e+00 0.00000e+00 1.00269e+03
-1.55101e+00 0.00000e+00 9.58140e+02
-1.61224e+00 0.00000e+00 9.20745e+02
-1.67346e+00 0.00000e+00 8.89546e+02
-1.73469e+00 0.00000e+00 8.63680e+02
-1.79591e+00 0.00000e+00 8.42377e+02
-1.85713e+00 0.00000e+00 8.24958e+02
-1.91836e+00 0.00000e+00 8.10830e+02
-1.97958e+00 0.00000e+00 7.99478e+02
-2.04081e+00 0.00000e+00 7.90456e+02
-2.10203e+00 0.00000e+00 7.83377e+02
-2.16325e+00 0.00000e+00 7.77912e+02
-2.22448e+00 0.00000e+00 7.73776e+02
-2.28570e+00 0.00000e+00 7.70726e+02
-2.34693e+00 0.00000e+00 7.68553e+02
-2.40815e+00 0.00000e+00 7.67077e+02
-2.46937e+00 0.00000e+00 7.66148e+02
-2.53060e+00 0.00000e+00 7.65633e+02
-2.59182e+00 0.00000e+00 7.65422e+02
-2.65304e+00 0.00000e+00 7.65419e+02
-2.71427e+00 0.00000e+00 7.65542e+02
-2.77549e+00 0.00000e+00 7.65722e+02
-2.83672e+00 0.00000e+00 7.65900e+02
-2.89794e+00 0.00000e+00 7.66025e+02
-2.95916e+00 0.00000e+00 7.66053e+02
-3.02039e+00 0.00000e+00 7.65948e+02
-3.08161e+00 0.00000e+00 7.65679e+02
-3.14284e+00 0.00000e+00 7.65219e+02
-3.20406e+00 0.00000e+00 7.64545e+02
-3.26528e+00 0.00000e+00 7.63638e+02
-3.32651e+00 0.00000e+00 7.62483e+02
-3.38773e+00 0.00000e+00 7.61066e+02
-3.44896e+00 0.00000e+00 7.59375e+02
-3.51018e+00 0.00000e+00 7.57401e+02
-3.57140e+00 0.00000e+00 7.55136e+02
-3.63263e+00 0.00000e+00 7.52575e+02
-3.69385e+00 0.00000e+00 7.49711e+02
-3.75507e+00 0.00000e+00 7.46541e+02
-3.81630e+00 0.00000e+00 7.43061e+02
-3.87752e+00 0.00000e+00 7.39270e+02
-3.93875e+00 0.00000e+00 7.35165e+02
-3.99997e+00 0.00000e+00 7.30745e+02
-9.88986e-01 2.60897e-02 1.67425e+03
-1.05105e+00 2.75986e-02 1.54832e+03
-1.11307e+00 2.92975e-02 1.43529e+03
-1.17505e+00 3.11862e-02 1.33499e+03
-1.23698e+00 3.32643e-02 1.24683e+03
-1.29888e+00 3.55314e-02 1.16999e+03
-1.36073e+00 3.79874e-02 1.10353e+03
-1.42255e+00 4.06319e-02 1.04640e+03
-1.48433e+00 4.34646e-02 9.97601e+02
-1.54607e+00 4.64854e-02 9.56139e+02
-1.60778e+00 4.96939e-02 9.21095e+02
-1.66945e+00 5.30899e-02 8.91629e+02
-1.73109e+00 5.66731e-02 8.66980e+02
-1.79270e+00 6.04434e-02 8.46472e+02
-1.85428e+00 6.44006e-02 8.29507e+02
-1.91584e+00 6.85445e-02 8.15558e+02
-1.97736e+00 7.28748e-02 8.04169e+02
-2.03886e+00 7.73915e-02 7.94942e+02
-2.10033e+00 8.20943e-02 7.87530e+02
-2.16178e+00 8.69832e-02 7.81636e+02
-2.22321e+00 9.20579e-02 7.77002e+02
-2.28461e+00 9.73183e-02 7.73406e+02
-2.34600e+00 1.02764e-01 7.70657e+02
-2.40736e+00 1.08396e-01 7.68589e+02
-2.46871e+00 1.14213e-01 7.67061e+02
-2.53004e+00 1.20216e-01 7.65951e+02
-2.59135e+00 1.26403e-01 7.65154e+02
-2.65265e+00 1.32776e-01 7.64581e+02
-2.71394e+00 1.39334e-01 7.64152e+02
-2.77522e+00 1.46078e-01 7.63803e+02
-2.83648e+00 1.53006e-01 7.63474e+02
-2.89773e+00 1.60120e-01 7.63118e+02
-2.95898e+00 1.67418e-01 7.62692e+02
-3.02022e+00 1.74902e-01 7.62159e+02
-3.08145e+00 1.82571e-01 7.61488e+02
-3.14268e+00 1.90425e-01 7.60653e+02
-3.20390e+00 1.98464e-01 7.59630e+02
-3.26512e+00 2.06688e-01 7.58401e+02
-3.32634e+00 2.15098e-01 7.56949e+02
-3.38756e+00 2.23693e-01 7.55259e+02
-3.44878e+00 2.32474e-01 7.53319e+02
-3.51000e+00 2.41440e-01 7.51120e+02
-3.57122e+00 2.50591e-01 7.48653e+02
-3.63245e+00 2.59929e-01 7.45911e+02
-3.69368e+00 2.69452e-01 7.42888e+02
-3.75492e+00 2.79161e-01 7.39579e+02
-3.81617e+00 2.89057e-01 7.35980e+02
-3.87743e+00 2.99139e-01 7.32088e+02
-3.93869e+00 3.09407e-01 7.27901e+02
-3.99997e+00 3.19862e-01 7.23417e+02
-9.77508e-01 5.22564e-02 1.60876e+03
-1.04032e+00 5.53108e-02 1.49355e+03
-1.10304e+00 5.87349e-02 1.39046e+03
-1.16568e+00 6.25277e-02 1.29910e+03
-1.22824e+00 6.66881e-02 1.21880e+03
-1.29072e+00 7.12152e-02 1.14872e+03
-1.35313e+00 7.61080e-02 1.08794e+03
-1.41547e+00 8.13657e-02 1.03552e+03
-1.47773e+00 8.69873e-02 9.90531e+02
-1.53992e+00 9.29722e-02 9.52103e+02
-1.60205e+00 9.93196e-02 9.19419e+02
-1.66412e+00 1.06029e-01 8.91737e+02
-1.72613e+00 1.13099e-01 8.68389e+02
-1.78808e+00 1.20530e-01 8.48780e+02
-1.84997e+00 1.28320e-01 8.32384e+02
-1.91182e+00 1.36470e-01 8.18738e+02
-1.97361e+00 1.44979e-01 8.07436e+02
-2.03535e+00 1.53846e-01 7.98125e+02
-2.09705e+00 1.63072e-01 7.90497e+02
-2.15870e+00 1.72655e-01 7.84284e+02
-2.22032e+00 1.82595e-01 7.79255e+02
-2.28190e+00 1.92893e-01 7.75209e+02
-2.34344e+00 2.03548e-01 7.71972e+02
-2.40494e+00 2.14559e-01 7.69392e+02
-2.46642e+00 2.25926e-01 7.67341e+02
-2.52787e+00 2.37651e-01 7.65704e+02
-2.58929e+00 2.49731e-01 7.64384e+02
-2.65068e+00 2.62168e-01 7.63297e+02
-2.71206e+00 2.74961e-01 7.62370e+02
-2.77341e+00 2.88111e-01 7.61540e+02
-2.83475e+00 3.01617e-01 7.60751e+02
-2.89607e+00 3.15480e-01 7.59956e+02
-2.95738e+00 3.29699e-01 7.59115e+02
-3.01868e+00 3.44276e-01 7.58192e+02
-3.07998e+00 3.59210e-01 7.57157e+02
-3.14126e+00 3.74501e-01 7.55983e+02
-3.20255e+00 3.90151e-01 7.54646e+02
-3.26383e+00 4.06158e-01 7.53129e+02
-3.32511e+00 4.22525e-01 7.51413e+02
-3.38640e+00 4.39251e-01 7.49484e+02
-3.44769e+00 4.56336e-01 7.47330e+02
-3.50900e+00 4.73782e-01 7.44940e+02
-3.57031e+00 4.91589e-01 7.42305e+02
-3.63163e+00 5.09757e-01 7.39417e+02
-3.69297e+00 5.28287e-01 7.36270e+02
-3.75433e+00 5.47180e-01 7.32858e+02
-3.81570e+00 5.66437e-01 7.29177e+02
-3.87710e+00 5.86058e-01 7.25222e+02
-3.93852e+00 6.06044e-01 7.20992e+02
-3.99997e+00 6.26396e-01 7.16482e+02
-9.65561e-01 7.84776e-02 1.54555e+03
-1.02901e+00 8.31143e-02 1.44022e+03
-1.09234e+00 8.82895e-02 1.34628e+03
-1.15556e+00 9.40010e-02 1.26318e+03
-1.21865e+00 1.00247e-01 1.19015e+03
-1.28164e+00 1.07025e-01 1.12637e+03
-1.34452e+00 1.14333e-01 1.07094e+03
-1.40729e+00 1.22171e-01 1.02298e+03
-1.46997e+00 1.30535e-01 9.81659e+02
-1.53255e+00 1.39425e-01 9.46189e+02
-1.59505e+00 1.48839e-01 9.15845e+02
-1.65745e+00 1.58776e-01 8.89974e+02
-1.71977e+00 1.69234e-01 8.67987e+02
-1.78201e+00 1.80213e-01 8.49360e+02
-1.84418e+00 1.91711e-01 8.33632e+02
-1.90628e+00 2.03727e-01 8.20395e+02
-1.96830e+00 2.16260e-01 8.09291e+02
-2.03026e+00 2.29310e-01 8.00009e+02
-2.09216e+00 2.42877e-01 7.92273e+02
-2.15401e+00 2.56958e-01 7.85848e+02
-2.21580e+00 2.71554e-01 7.80524e+02
-2.27754e+00 2.86665e-01 7.76123e+02
-2.33923e+00 3.02289e-01 7.72486e+02
-2.40088e+00 3.18428e-01 7.69477e+02
-2.46249e+00 3.35080e-01 7.66978e+02
-2.52407e+00 3.52246e-01 7.64884e+02
-2.58561e+00 3.69925e-01 7.63106e+02
-2.64712e+00 3.88117e-01 7.61566e+02
-2.70861e+00 4.06824e-01 7.60195e+02
-2.77007e+00 4.26045e-01 7.58935e+02
-2.83152e+00 4.45780e-01 7.57733e+02
-2.89295e+00 4.66030e-01 7.56545e+02
-2.95437e+00 4.86796e-01 7.55332e+02
-3.01578e+00 5.08077e-01 7.54058e+02
-3.07719e+00 5.29876e-01 7.52696e+02
-3.13859e+00 5.52192e-01 7.51219e+02
-3.20000e+00 5.75026e-01 7.49604e+02
-3.26141e+00 5.98380e-01 7.47832e+02
-3.32283e+00 6.22254e-01 7.45886e+02
-3.38426e+00 6.46650e-01 7.43751e+02
-3.44571e+00 6.71568e-01 7.41415e+02
-3.50717e+00 6.97011e-01 7.38867e+02
-3.56866e+00 7.22979e-01 7.36096e+02
-3.63017e+00 7.49474e-01 7.33095e+02
-3.69171e+00 7.76497e-01 7.29857e+02
-3.75329e+00 8.04051e-01 7.26375e+02
-3.81490e+00 8.32136e-01 7.22645e+02
-3.87654e+00 8.60756e-01 7.18661e+02
-3.93823e+00 8.89910e-01 7.14422e+02
-3.99997e+00 9.19603e-01 7.09922e+02
-9.53143e-01 1.04730e-01 1.48463e+03
-1.01713e+00 1.10986e-01 1.38838e+03
-1.08097e+00 1.17937e-01 1.30286e+03
-1.14466e+00 1.25581e-01 1.22737e+03
-1.20820e+00 1.33914e-01 1.16108e+03
-1.27160e+00 1.42933e-01 1.10315e+03
-1.33487e+00 1.52634e-01 1.05272e+03
-1.39801e+00 1.63015e-01 1.00899e+03
-1.46103e+00 1.74074e-01 9.71166e+02
-1.52394e+00 1.85808e-01 9.38557e+02
-1.58673e+00 1.98214e-01 9.10515e+02
-1.64941e+00 2.11290e-01 8.86459e+02
-1.71200e+00 2.25035e-01 8.65870e+02
-1.77448e+00 2.39447e-01 8.48290e+02
-1.83688e+00 2.54523e-01 8.33311e+02
-1.89919e+00 2.70264e-01 8.20575e+02
-1.96142e+00 2.86666e-01 8.09768e+02
-2.02357e+00 3.03730e-01 8.00615e+02
-2.08566e+00 3.21453e-01 7.92874e+02
-2.14767e+00 3.39835e-01 7.86335e+02
-2.20962e+00 3.58876e-01 7.80814e+02
-2.27152e+00 3.78575e-01 7.76149e+02
-2.33336e+00 3.98931e-01 7.72199e+02
-2.39516e+00 4.19945e-01 7.68842e+02
-2.45691e+00 4.41615e-01 7.65971e+02
-2.51863e+00 4.63942e-01 7.63492e+02
-2.58031e+00 4.86927e-01 7.61322e+02
-2.64196e+00 5.10569e-01 7.59390e+02
-2.70358e+00 5.34869e-01 7.57633e+02
-2.76519e+00 5.59828e-01 7.55995e+02
-2.82678e+00 5.85445e-01 7.54430e+02
-2.88836e+00 6.11723e-01 7.52894e+02
-2.94993e+00 6.38663e-01 7.51351e+02
-3.01151e+00 6.66264e-01 7.49768e+02
-3.07308e+00 6.94530e-01 7.48117e+02
-3.13466e+00 7.23460e-01 7.46373e+02
-3.19625e+00 7.53057e-01 7.44515e+02
-3.25786e+00 7.83323e-01 7.42522e+02
-3.31948e+00 8.14259e-01 7.40378e+02
-3.38114e+00 8.45867e-01 7.38069e+02
-3.44282e+00 8.78150e-01 7.35582e+02
-3.50453e+00 9.11110e-01 7.32905e+02
-3.56628e+00 9.44749e-01 7.30028e+02
-3.62807e+00 9.79070e-01 7.26944e+02
-3.68991e+00 1.01408e+00 7.23644e+02
-3.75181e+00 1.04977e+00 7.20122e+02
-3.81375e+00 1.08615e+00 7.16373e+02
-3.87576e+00 1.12323e+00 7.12391e+02
-3.93783e+00 1.16101e+00 7.08173e+02
-3.99997e+00 1.19948e+00 7.03714e+02
-9.40251e-01 1.30988e-01 1.42599e+03
-1.00467e+00 1.38900e-01 1.33809e+03
-1.06891e+00 1.47653e-01 1.26031e+03
-1.13297e+00 1.57242e-01 1.19181e+03
-1.19686e+00 1.67663e-01 1.13174e+03
-1.26059e+00 1.78910e-01 1.07924e+03
-1.32417e+00 1.90979e-01 1.03349e+03
-1.38760e+00 2.03867e-01 9.93723e+02
-1.45089e+00 2.17569e-01 9.59231e+02
-1.51405e+00 2.32082e-01 9.29374e+02
-1.57708e+00 2.47404e-01 9.03576e+02
-1.63999e+00 2.63530e-01 8.81321e+02
-1.70278e+00 2.80458e-01 8.62151e+02
-1.76547e+00 2.98185e-01 8.45661e+02
-1.82805e+00 3.16710e-01 8.31495e+02
-1.89054e+00 3.36031e-01 8.19338e+02
-1.95295e+00 3.56144e-01 8.08914e+02
-2.01526e+00 3.77050e-01 7.99982e+02
-2.07750e+00 3.98746e-01 7.92329e+02
-2.13967e+00 4.21231e-01 7.85769e+02
-2.20178e+00 4.44505e-01 7.80140e+02
-2.26383e+00 4.68567e-01 7.75300e+02
-2.32582e+00 4.93416e-01 7.71122e+02
-2.38776e+00 5.19052e-01 7.67498e+02
-2.44967e+00 5.45475e-01 7.64331e+02
-2.51153e+00 5.72685e-01 7.61537e+02
-2.57337e+00 6.00682e-01 7.59042e+02
-2.63518e+00 6.29468e-01 7.56779e+02
-2.69698e+00 6.59043e-01 7.54693e+02
-2.75876e+00 6.89408e-01 7.52733e+02
-2.82053e+00 7.20564e-01 7.50854e+02
-2.88230e+00 7.52513e-01 7.49017e+02
-2.94407e+00 7.85256e-01 7.47188e+02
-3.00585e+00 8.18795e-01 7.45336e+02
-3.06765e+00 8.53133e-01 7.43435e+02
-3.12946e+00 8.88271e-01 7.41460e+02
-3.19130e+00 9.24212e-01 7.39392e+02
-3.25317e+00 9.60959e-01 7.37210e+02
-3.31508e+00 9.98514e-01 7.34900e+02
-3.37702e+00 1.03688e+00 7.32446e+02
-3.43902e+00 1.07606e+00 7.29836e+02
-3.50106e+00 1.11606e+00 7.27059e+02
-3.56317e+00 1.15689e+00 7.24104e+02
-3.62533e+00 1.19854e+00 7.20963e+02
-3.68757e+00 1.24102e+00 7.17628e+02
-3.74988e+00 1.28433e+00 7.14092e+02
-3.81227e+00 1.32848e+00 7.10350e+02
-3.87474e+00 1.37348e+00 7.06395e+02
-3.93731e+00 1.41933e+00 7.02223e+02
-3.99997e+00 1.46603e+00 6.97829e+02
-9.26884e-01 1.57227e-01 1.36962e+03
-9.91620e-01 1.66832e-01 1.28939e+03
-1.05615e+00 1.77411e-01 1.21870e+03
-1.12049e+00 1.88957e-01 1.15664e+03
-1.18464e+00 2.01464e-01 1.10230e+03
-1.24861e+00 2.14926e-01 1.05482e+03
-1.31241e+00 2.29336e-01 1.01342e+03
-1.37605e+00 2.44691e-01 9.77375e+02
-1.43953e+00 2.60984e-01 9.46030e+02
-1.50287e+00 2.78211e-01 9.18804e+02
-1.56608e+00 2.96368e-01 8.95180e+02
-1.62915e+00 3.15452e-01 8.74696e+02
-1.69211e+00 3.35457e-01 8.56948e+02
-1.75495e+00 3.56382e-01 8.41579e+02
-1.81768e+00 3.78223e-01 8.28274e+02
-1.88031e+00 4.00977e-01 8.16759e+02
-1.94286e+00 4.24643e-01 8.06792e+02
-2.00531e+00 4.49218e-01 7.98161e+02
-2.06769e+00 4.74701e-01 7.90680e+02
-2.13000e+00 5.01090e-01 7.84185e+02
-2.19225e+00 5.28384e-01 7.78535e+02
-2.25444e+00 5.56583e-01 7.73602e+02
-2.31658e+00 5.85686e-01 7.69278e+02
-2.37868e+00 6.15692e-01 7.65464e+02
-2.44075e+00 6.46603e-01 7.62075e+02
-2.50278e+00 6.78417e-01 7.59036e+02
-2.56479e+00 7.11137e-01 7.56281e+02
-2.62679e+00 7.44763e-01 7.53751e+02
-2.68878e+00 7.79296e-01 7.51394e+02
-2.75077e+00 8.14737e-01 7.49164e+02
-2.81276e+00 8.51089e-01 7.47022e+02
-2.87476e+00 8.88354e-01 7.44931e+02
-2.93677e+00 9.26534e-01 7.42859e+02
-2.99882e+00 9.65631e-01 7.40779e+02
-3.06089e+00 1.00565e+00 7.38665e+02
-3.12300e+00 1.04659e+00 7.36495e+02
-3.18515e+00 1.08846e+00 7.34249e+02
-3.24735e+00 1.13126e+00 7.31910e+02
-3.30960e+00 1.17500e+00 7.29463e+02
-3.37192e+00 1.21967e+00 7.26892e+02
-3.43431e+00 1.26529e+00 7.24186e+02
-3.49678e+00 1.31186e+00 7.21333e+02
-3.55932e+00 1.35938e+00 7.18324e+02
-3.62195e+00 1.40786e+00 7.15149e+02
-3.68468e+00 1.45731e+00 7.11802e+02
-3.74751e+00 1.50773e+00 7.08274e+02
-3.81045e+00 1.55913e+00 7.04559e+02
-3.87350e+00 1.61151e+00 7.00652e+02
-3.93667e+00 1.66488e+00 6.96547e+02
-3.99997e+00 1.71926e+00 6.92240e+02
-9.13043e-01 1.83419e-01 1.31554e+03
-9.77978e-01 1.94754e-01 1.24232e+03
-1.04269e+00 2.07183e-01 1.17813e+03
-1.10720e+00 2.20697e-01 1.12197e+03
-1.17150e+00 2.35288e-01 1.07289e+03
-1.23562e+00 2.50950e-01 1.03005e+03
-1.29956e+00 2.67673e-01 9.92685e+02
-1.36333e+00 2.85453e-01 9.60114e+02
-1.42694e+00 3.04282e-01 9.31734e+02
-1.49039e+00 3.24155e-01 9.07012e+02
-1.55371e+00 3.45067e-01 8.85479e+02
-1.61689e+00 3.67013e-01 8.66725e+02
-1.67996e+00 3.89988e-01 8.50388e+02
-1.74290e+00 4.13989e-01 8.36155e+02
-1.80574e+00 4.39012e-01 8.23748e+02
-1.86848e+00 4.65053e-01 8.12926e+02
-1.93114e+00 4.92110e-01 8.03477e+02
-1.99371e+00 5.20181e-01 7.95217e+02
-2.05621e+00 5.49264e-01 7.87982e+02
-2.11865e+00 5.79357e-01 7.81631e+02
-2.18103e+00 6.10459e-01 7.76037e+02
-2.24336e+00 6.42568e-01 7.71091e+02
-2.30565e+00 6.75686e-01 7.66696e+02
-2.36791e+00 7.09811e-01 7.62767e+02
-2.43014e+00 7.44945e-01 7.59228e+02
-2.49236e+00 7.81087e-01 7.56013e+02
-2.55457e+00 8.18238e-01 7.53062e+02
-2.61677e+00 8.56401e-01 7.50325e+02
-2.67899e+00 8.95577e-01 7.47754e+02
-2.74121e+00 9.35767e-01 7.45309e+02
-2.80346e+00 9.76975e-01 7.42953e+02
-2.86573e+00 1.01920e+00 7.40654e+02
-2.92804e+00 1.06246e+00 7.38383e+02
-2.99039e+00 1.10673e+00 7.36114e+02
-3.05280e+00 1.15204e+00 7.33824e+02
-3.11526e+00 1.19839e+00 7.31493e+02
-3.17779e+00 1.24577e+00 7.29102e+02
-3.24039e+00 1.29420e+00 7.26635e+02
-3.30307e+00 1.34368e+00 7.24077e+02
-3.36584e+00 1.39422e+00 7.21415e+02
-3.42870e+00 1.44581e+00 7.18636e+02
-3.49166e+00 1.49848e+00 7.15730e+02
-3.55474e+00 1.55222e+00 7.12688e+02
-3.61793e+00 1.60704e+00 7.09499e+02
-3.68125e+00 1.66295e+00 7.06158e+02
-3.74470e+00 1.71996e+00 7.02655e+02
-3.80829e+00 1.77808e+00 6.98985e+02
-3.87202e+00 1.83731e+00 6.95142e+02
-3.93591e+00 1.89766e+00 6.91120e+02
-3.99997e+00 1.95915e+00 6.86914e+02
-8.98730e-01 2.09537e-01 1.26374e+03
-9.63743e-01 2.22638e-01 1.19693e+03
-1.02853e+00 2.36940e-01 1.13867e+03
-1.09310e+00 2.52432e-01 1.08789e+03
-1.15746e+00 2.69105e-01 1.04364e+03
-1.22163e+00 2.86949e-01 1.00507e+03
-1.28562e+00 3.05956e-01 9.71438e+02
-1.34943e+00 3.26117e-01 9.42105e+02
-1.41309e+00 3.47426e-01 9.16507e+02
-1.47659e+00 3.69875e-01 8.94155e+02
-1.53996e+00 3.93459e-01 8.74625e+02
-1.60319e+00 4.18171e-01 8.57548e+02
-1.66631e+00 4.44007e-01 8.42601e+02
-1.72932e+00 4.70961e-01 8.29507e+02
-1.79222e+00 4.99029e-01 8.18021e+02
-1.85504e+00 5.28209e-01 8.07931e+02
-1.91777e+00 5.58496e-01 7.99052e+02
-1.98044e+00 5.89888e-01 7.91222e+02
-2.04304e+00 6.22383e-01 7.84300e+02
-2.10559e+00 6.55979e-01 7.78161e+02
-2.16809e+00 6.90675e-01 7.72696e+02
-2.23056e+00 7.26470e-01 7.67810e+02
-2.29300e+00 7.63364e-01 7.63416e+02
-2.35543e+00 8.01356e-01 7.59442e+02
-2.41784e+00 8.40449e-01 7.55822e+02
-2.48026e+00 8.80641e-01 7.52496e+02
-2.54268e+00 9.21936e-01 7.49413e+02
-2.60512e+00 9.64335e-01 7.46527e+02
-2.66759e+00 1.00784e+00 7.43799e+02
-2.73009e+00 1.05245e+00 7.41190e+02
-2.79263e+00 1.09818e+00 7.38670e+02
-2.85522e+00 1.14502e+00 7.36208e+02
-2.91787e+00 1.19298e+00 7.33779e+02
-2.98059e+00 1.24207e+00 7.31361e+02
-3.04338e+00 1.29228e+00 7.28931e+02
-3.10625e+00 1.34363e+00 7.26472e+02
-3.16922e+00 1.39612e+00 7.23966e+02
-3.23229e+00 1.44976e+00 7.21398e+02
-3.29546e+00 1.50455e+00 7.18755e+02
-3.35876e+00 1.56050e+00 7.16024e+02
-3.42218e+00 1.61762e+00 7.13194e+02
-3.48573e+00 1.67591e+00 7.10254e+02
-3.54942e+00 1.73539e+00 7.07195e+02
-3.61327e+00 1.79607e+00 7.04009e+02
-3.67727e+00 1.85794e+00 7.00688e+02
-3.74144e+00 1.92103e+00 6.97224e+02
-3.80579e+00 1.98534e+00 6.93611e+02
-3.87032e+00 2.05088e+00 6.89842e+02
-3.93504e+00 2.11767e+00 6.85913e+02
-3.99997e+00 2.18572e+00 6.81817e+02
-8.83948e-01 2.35553e-01 1.21425e+03
-9.48917e-01 2.50457e-01 1.15325e+03
-1.01366e+00 2.66654e-01 1.10038e+03
-1.07818e+00 2.84133e-01 1.05451e+03
-1.14250e+00 3.02882e-01 1.01467e+03
-1.20662e+00 3.22891e-01 9.80015e+02
-1.27057e+00 3.44149e-01 9.49828e+02
-1.33435e+00 3.66648e-01 9.23499e+02
-1.39798e+00 3.90378e-01 9.00502e+02
-1.46146e+00 4.15331e-01 8.80386e+02
-1.52481e+00 4.41502e-01 8.62765e+02
-1.58804e+00 4.68882e-01 8.47304e+02
-1.65116e+00 4.97467e-01 8.33717e+02
-1.71418e+00 5.27250e-01 8.21755e+02
-1.77711e+00 5.58227e-01 8.11202e+02
-1.83997e+00 5.90395e-01 8.01873e+02
-1.90276e+00 6.23749e-01 7.93605e+02
-1.96549e+00 6.58286e-01 7.86257e+02
-2.02817e+00 6.94005e-01 7.79705e+02
-2.09082e+00 7.30903e-01 7.73840e+02
-2.15344e+00 7.68980e-01 7.68569e+02
-2.21604e+00 8.08234e-01 7.63808e+02
-2.27864e+00 8.48666e-01 7.59483e+02
-2.34123e+00 8.90275e-01 7.55530e+02
-2.40384e+00 9.33063e-01 7.51892e+02
-2.46647e+00 9.77031e-01 7.48518e+02
-2.52913e+00 1.02218e+00 7.45363e+02
-2.59183e+00 1.06852e+00 7.42387e+02
-2.65458e+00 1.11604e+00 7.39554e+02
-2.71739e+00 1.16475e+00 7.36833e+02
-2.78026e+00 1.21466e+00 7.34196e+02
-2.84322e+00 1.26577e+00 7.31616e+02
-2.90625e+00 1.31808e+00 7.29070e+02
-2.96939e+00 1.37160e+00 7.26540e+02
-3.03262e+00 1.42634e+00 7.24004e+02
-3.09597e+00 1.48230e+00 7.21448e+02
-3.15945e+00 1.53948e+00 7.18856e+02
-3.22305e+00 1.59791e+00 7.16213e+02
-3.28679e+00 1.65758e+00 7.13508e+02
-3.35069e+00 1.71851e+00 7.10729e+02
-3.41474e+00 1.78069e+00 7.07865e+02
-3.47897e+00 1.84415e+00 7.04907e+02
-3.54337e+00 1.90889e+00 7.01846e+02
-3.60796e+00 1.97493e+00 6.98674e+02
-3.67274e+00 2.04227e+00 6.95384e+02
-3.73774e+00 2.11092e+00 6.91967e+02
-3.80295e+00 2.18091e+00 6.88418e+02
-3.86838e+00 2.25223e+00 6.84730e+02
-3.93405e+00 2.32491e+00 6.80898e+02
-3.99997e+00 2.39896e+00 6.76917e+02
-8.68703e-01 2.61437e-01 1.16707e+03
-9.33501e-01 2.78179e-01 1.11131e+03
-9.98075e-01 2.96294e-01 1.06332e+03
-1.06244e+00 3.15768e-01 1.02191e+03
-1.12661e+00 3.36588e-01 9.86084e+02
-1.19059e+00 3.58742e-01 9.55008e+02
-1.25441e+00 3.82218e-01 9.27987e+02
-1.31807e+00 4.07007e-01 9.04437e+02
-1.38159e+00 4.33098e-01 8.83863e+02
-1.44498e+00 4.60483e-01 8.65848e+02
-1.50825e+00 4.89153e-01 8.50038e+02
-1.57142e+00 5.19102e-01 8.36128e+02
-1.63449e+00 5.50323e-01 8.23862e+02
-1.69748e+00 5.82810e-01 8.13017e+02
-1.76040e+00 6.16558e-01 8.03403e+02
-1.82326e+00 6.51562e-01 7.94854e+02
-1.88607e+00 6.87820e-01 7.87229e+02
-1.94885e+00 7.25326e-01 7.80403e+02
-2.01160e+00 7.64080e-01 7.74270e+02
-2.07433e+00 8.04080e-01 7.68735e+02
-2.13706e+00 8.45324e-01 7.63715e+02
-2.19979e+00 8.87811e-01 7.59140e+02
-2.26254e+00 9.31542e-01 7.54945e+02
-2.32532e+00 9.76518e-01 7.51075e+02
-2.38813e+00 1.02274e+00 7.47480e+02
-2.45100e+00 1.07021e+00 7.44116e+02
-2.51392e+00 1.11893e+00 7.40946e+02
-2.57690e+00 1.16890e+00 7.37934e+02
-2.63996e+00 1.22013e+00 7.35049e+02
-2.70312e+00 1.27262e+00 7.32265e+02
-2.76636e+00 1.32637e+00 7.29556e+02
-2.82972e+00 1.38140e+00 7.26900e+02
-2.89319e+00 1.43770e+00 7.24278e+02
-2.95679e+00 1.49529e+00 7.21671e+02
-3.02053e+00 1.55417e+00 7.19064e+02
-3.08442e+00 1.61435e+00 7.16440e+02
-3.14846e+00 1.67583e+00 7.13788e+02
-3.21267e+00 1.73863e+00 7.11094e+02
-3.27706e+00 1.80275e+00 7.08348e+02
-3.34163e+00 1.86821e+00 7.05539e+02
-3.40640e+00 1.93502e+00 7.02657e+02
-3.47138e+00 2.00318e+00 6.99694e+02
-3.53658e+00 2.07271e+00 6.96641e+02
-3.60201e+00 2.14362e+00 6.93492e+02
-3.66768e+00 2.21592e+00 6.90238e+02
-3.73359e+00 2.28964e+00 6.86873e+02
-3.79977e+00 2.36477e+00 6.83390e+02
-3.86622e+00 2.44135e+00 6.79784e+02
-3.93294e+00 2.51938e+00 6.76048e+02
-3.99997e+00 2.59887e+00 6.72178e+02
-8.53003e-01 2.87159e-01 1.12219e+03
-9.17500e-01 3.05775e-01 1.07114e+03
-9.81788e-01 3.25829e-01 1.02754e+03
-1.04588e+00 3.47304e-01 9.90155e+02
-1.10979e+00 3.70188e-01 9.57969e+02
-1.17354e+00 3.94466e-01 9.30156e+02
-1.23714e+00 4.20126e-01 9.06036e+02
-1.30059e+00 4.47157e-01 8.85047e+02
-1.36393e+00 4.75548e-01 8.66724e+02
-1.42715e+00 5.05289e-01 8.50676e+02
-1.49028e+00 5.36372e-01 8.36576e+02
-1.55333e+00 5.68788e-01 8.24149e+02
-1.61630e+00 6.02532e-01 8.13160e+02
-1.67921e+00 6.37596e-01 8.03410e+02
-1.74208e+00 6.73975e-01 7.94730e+02
-1.80491e+00 7.11664e-01 7.86973e+02
-1.86771e+00 7.50660e-01 7.80015e+02
-1.93051e+00 7.90959e-01 7.73746e+02
-1.99330e+00 8.32559e-01 7.68072e+02
-2.05611e+00 8.75458e-01 7.62913e+02
-2.11894e+00 9.19656e-01 7.58197e+02
-2.18181e+00 9.65151e-01 7.53861e+02
-2.24472e+00 1.01194e+00 7.49852e+02
-2.30768e+00 1.06004e+00 7.46121e+02
-2.37071e+00 1.10943e+00 7.42625e+02
-2.43382e+00 1.16013e+00 7.39328e+02
-2.49702e+00 1.21213e+00 7.36196e+02
-2.56032e+00 1.26544e+00 7.33200e+02
-2.62373e+00 1.32007e+00 7.30313e+02
-2.68726e+00 1.37602e+00 7.27512e+02
-2.75092e+00 1.43329e+00 7.24776e+02
-2.81473e+00 1.49189e+00 7.22086e+02
-2.87869e+00 1.55183e+00 7.19425e+02
-2.94281e+00 1.61312e+00 7.16777e+02
-3.00710e+00 1.67576e+00 7.14128e+02
-3.07158e+00 1.73976e+00 7.11466e+02
-3.13626e+00 1.80514e+00 7.08779e+02
-3.20115e+00 1.87190e+00 7.06056e+02
-3.26625e+00 1.94005e+00 7.03287e+02
-3.33158e+00 2.00960e+00 7.00464e+02
-3.39715e+00 2.08058e+00 6.97577e+02
-3.46297e+00 2.15298e+00 6.94619e+02
-3.52906e+00 2.22683e+00 6.91582e+02
-3.59542e+00 2.30213e+00 6.88459e+02
-3.66206e+00 2.37891e+00 6.85244e+02
-3.72900e+00 2.45717e+00 6.81930e+02
-3.79625e+00 2.53694e+00 6.78511e+02
-3.86382e+00 2.61824e+00 6.74982e+02
-3.93172e+00 2.70107e+00 6.71335e+02
-3.99997e+00 2.78546e+00 6.67566e+02
-8.36855e-01 3.12690e-01 1.07963e+03
-9.00920e-01 3.33215e-01 1.03274e+03
-9.64797e-01 3.55227e-01 9.93072e+02
-1.02850e+00 3.78711e-01 9.59302e+02
-1.09205e+00 4.03650e-01 9.30404e+02
-1.15546e+00 4.30030e-01 9.05552e+02
-1.21874e+00 4.57838e-01 8.84079e+02
-1.28191e+00 4.87061e-01 8.65444e+02
-1.34498e+00 5.17688e-01 8.49203e+02
-1.40797e+00 5.49709e-01 8.34991e+02
-1.47089e+00 5.83115e-01 8.22503e+02
-1.53375e+00 6.17897e-01 8.11486e+02
-1.59657e+00 6.54048e-01 8.01726e+02
-1.65936e+00 6.91561e-01 7.93045e+02
-1.72213e+00 7.30431e-01 7.85289e+02
-1.78490e+00 7.70653e-01 7.78329e+02
-1.84768e+00 8.12222e-01 7.72053e+02
-1.91047e+00 8.55137e-01 7.66367e+02
-1.97329e+00 8.99393e-01 7.61188e+02
-2.03616e+00 9.44991e-01 7.56445e+02
-2.09909e+00 9.91928e-01 7.52076e+02
-2.16208e+00 1.04021e+00 7.48029e+02
-2.22515e+00 1.08982e+00 7.44255e+02
-2.28831e+00 1.14078e+00 7.40714e+02
-2.35158e+00 1.19309e+00 7.37370e+02
-2.41495e+00 1.24674e+00 7.34191e+02
-2.47846e+00 1.30175e+00 7.31148e+02
-2.54209e+00 1.35810e+00 7.28216e+02
-2.60588e+00 1.41582e+00 7.25374e+02
-2.66983e+00 1.47491e+00 7.22602e+02
-2.73394e+00 1.53537e+00 7.19881e+02
-2.79824e+00 1.59720e+00 7.17196e+02
-2.86273e+00 1.66043e+00 7.14532e+02
-2.92743e+00 1.72505e+00 7.11876e+02
-2.99234e+00 1.79108e+00 7.09217e+02
-3.05748e+00 1.85852e+00 7.06543e+02
-3.12285e+00 1.92739e+00 7.03845e+02
-3.18848e+00 1.99769e+00 7.01113e+02
-3.25437e+00 2.06945e+00 6.98339e+02
-3.32054e+00 2.14267e+00 6.95515e+02
-3.38699e+00 2.21737e+00 6.92634e+02
-3.45374e+00 2.29355e+00 6.89688e+02
-3.52080e+00 2.37125e+00 6.86671e+02
-3.58818e+00 2.45046e+00 6.83577e+02
-3.65590e+00 2.53122e+00 6.80399e+02
-3.72397e+00 2.61353e+00 6.77131e+02
-3.79239e+00 2.69741e+00 6.73768e+02
-3.86119e+00 2.78289e+00 6.70304e+02
-3.93038e+00 2.86999e+00 6.66733e+02
-3.99997e+00 2.95872e+00 6.63050e+02
-8.20271e-01 3.37998e-01 1.03936e+03
-8.83768e-01 3.60466e-01 9.96143e+02
-9.47109e-01 3.84457e-01 9.59944e+02
-1.01031e+00 4.09953e-01 9.29400e+02
-1.07338e+00 4.36938e-01 9.03453e+02
-1.13635e+00 4.65397e-01 8.81275e+02
-1.19923e+00 4.95315e-01 8.62209e+02
-1.26202e+00 5.26680e-01 8.45730e+02
-1.32475e+00 5.59480e-01 8.31410e+02
-1.38743e+00 5.93704e-01 8.18906e+02
-1.45008e+00 6.29342e-01 8.07931e+02
-1.51270e+00 6.66386e-01 7.98251e+02
-1.57532e+00 7.04828e-01 7.89670e+02
-1.63793e+00 7.44662e-01 7.82024e+02
-1.70057e+00 7.85882e-01 7.75177e+02
-1.76324e+00 8.28482e-01 7.69012e+02
-1.82595e+00 8.72460e-01 7.63430e+02
-1.88872e+00 9.17812e-01 7.58346e+02
-1.95156e+00 9.64536e-01 7.53689e+02
-2.01448e+00 1.01263e+00 7.49396e+02
-2.07749e+00 1.06210e+00 7.45415e+02
-2.14061e+00 1.11293e+00 7.41697e+02
-2.20385e+00 1.16514e+00 7.38204e+02
-2.26721e+00 1.21872e+00 7.34901e+02
-2.33072e+00 1.27368e+00 7.31755e+02
-2.39438e+00 1.33001e+00 7.28741e+02
-2.45821e+00 1.38773e+00 7.25834e+02
-2.52221e+00 1.44684e+00 7.23013e+02
-2.58641e+00 1.50735e+00 7.20261e+02
-2.65081e+00 1.56925e+00 7.17559e+02
-2.71542e+00 1.63257e+00 7.14894e+02
-2.78025e+00 1.69730e+00 7.12252e+02
-2.84532e+00 1.76346e+00 7.09621e+02
-2.91065e+00 1.83105e+00 7.06990e+02
-2.97623e+00 1.90009e+00 7.04349e+02
-3.04209e+00 1.97059e+00 7.01690e+02
-3.10823e+00 2.04256e+00 6.99003e+02
-3.17467e+00 2.11600e+00 6.96282e+02
-3.24143e+00 2.19094e+00 6.93519e+02
-3.30851e+00 2.26739e+00 6.90707e+02
-3.37592e+00 2.34537e+00 6.87840e+02
-3.44368e+00 2.42489e+00 6.84911e+02
-3.51181e+00 2.50596e+00 6.81916e+02
-3.58031e+00 2.58861e+00 6.78847e+02
-3.64920e+00 2.67285e+00 6.75700e+02
-3.71849e+00 2.75870e+00 6.72470e+02
-3.78820e+00 2.84618e+00 6.69150e+02
-3.85834e+00 2.93532e+00 6.65735e+02
-3.92892e+00 3.02613e+00 6.62219e+02
-3.99997e+00 3.11865e+00 6.58598e+02
-8.03263e-01 3.63054e-01 1.00138e+03
-8.66056e-01 3.87498e-01 9.61329e+02
-9.28732e-01 4.13486e-01 9.28173e+02
-9.91308e-01 4.40999e-01 9.00482e+02
-1.05380e+00 4.70019e-01 8.77168e+02
-1.11622e+00 5.00532e-01 8.57394e+02
-1.17859e+00 5.32522e-01 8.40507e+02
-1.24093e+00 5.65976e-01 8.25993e+02
-1.30324e+00 6.00883e-01 8.13441e+02
-1.36554e+00 6.37231e-01 8.02520e+02
-1.42784e+00 6.75010e-01 7.92960e+02
-1.49017e+00 7.14212e-01 7.84544e+02
-1.55252e+00 7.54829e-01 7.77089e+02
-1.61493e+00 7.96854e-01 7.70445e+02
-1.67739e+00 8.40282e-01 7.64487e+02
-1.73993e+00 8.85108e-01 7.59110e+02
-1.80255e+00 9.31328e-01 7.54225e+02
-1.86527e+00 9.78941e-01 7.49758e+02
-1.92810e+00 1.02794e+00 7.45644e+02
-1.99106e+00 1.07833e+00 7.41830e+02
-2.05415e+00 1.13011e+00 7.38268e+02
-2.11740e+00 1.18328e+00 7.34918e+02
-2.18080e+00 1.23784e+00 7.31746e+02
-2.24438e+00 1.29380e+00 7.28721e+02
-2.30814e+00 1.35115e+00 7.25818e+02
-2.37211e+00 1.40990e+00 7.23013e+02
-2.43628e+00 1.47006e+00 7.20286e+02
-2.50068e+00 1.53163e+00 7.17620e+02
-2.56532e+00 1.59461e+00 7.14999e+02
-2.63020e+00 1.65903e+00 7.12409e+02
-2.69535e+00 1.72487e+00 7.09839e+02
-2.76076e+00 1.79216e+00 7.07276e+02
-2.82647e+00 1.86090e+00 7.04712e+02
-2.89247e+00 1.93111e+00 7.02138e+02
-2.95878e+00 2.00279e+00 6.99545e+02
-3.02542e+00 2.07596e+00 6.96925e+02
-3.09240e+00 2.15062e+00 6.94272e+02
-3.15972e+00 2.22680e+00 6.91580e+02
-3.22741e+00 2.30451e+00 6.88843e+02
-3.29548e+00 2.38376e+00 6.86054e+02
-3.36394e+00 2.46458e+00 6.83208e+02
-3.43280e+00 2.54697e+00 6.80301e+02
-3.50208e+00 2.63095e+00 6.77326e+02
-3.57179e+00 2.71655e+00 6.74279e+02
-3.64195e+00 2.80379e+00 6.71154e+02
-3.71257e+00 2.89268e+00 6.67946e+02
-3.78366e+00 2.98325e+00 6.64651e+02
-3.85525e+00 3.07552e+00 6.61262e+02
-3.92735e+00 3.16951e+00 6.57773e+02
-3.99996e+00 3.26525e+00 6.54180e+02
-7.85845e-01 3.87827e-01 9.65659e+02
-8.47795e-01 4.14280e-01 9.28287e+02
-9.09678e-01 4.42282e-01 8.97762e+02
-9.71509e-01 4.71814e-01 8.72571e+02
-1.03331e+00 5.02858e-01 8.51588e+02
-1.09508e+00 5.35399e-01 8.33962e+02
-1.15685e+00 5.69421e-01 8.19039e+02
-1.21863e+00 6.04912e-01 8.06312e+02
-1.28044e+00 6.41859e-01 7.95378e+02
-1.34229e+00 6.80251e-01 7.85921e+02
-1.40419e+00 7.20079e-01 7.77682e+02
-1.46615e+00 7.61333e-01 7.70456e+02
-1.52820e+00 8.04007e-01 7.64072e+02
-1.59034e+00 8.48094e-01 7.58392e+02
-1.65259e+00 8.93589e-01 7.53300e+02
-1.71496e+00 9.40486e-01 7.48701e+02
-1.77746e+00 9.88784e-01 7.44513e+02
-1.84011e+00 1.03848e+00 7.40671e+02
-1.90292e+00 1.08957e+00 7.37118e+02
-1.96590e+00 1.14206e+00 7.33804e+02
-2.02907e+00 1.19594e+00 7.30690e+02
-2.09244e+00 1.25122e+00 7.27739e+02
-2.15601e+00 1.30790e+00 7.24923e+02
-2.21981e+00 1.36598e+00 7.22215e+02
-2.28385e+00 1.42546e+00 7.19593e+02
-2.34813e+00 1.48636e+00 7.17037e+02
-2.41268e+00 1.54868e+00 7.14531e+02
-2.47750e+00 1.61241e+00 7.12060e+02
-2.54261e+00 1.67758e+00 7.09611e+02
-2.60801e+00 1.74419e+00 7.07173e+02
-2.67373e+00 1.81224e+00 7.04735e+02
-2.73978e+00 1.88175e+00 7.02288e+02
-2.80616e+00 1.95273e+00 6.99825e+02
-2.87290e+00 2.02519e+00 6.97339e+02
-2.94000e+00 2.09914e+00 6.94821e+02
-3.00748e+00 2.17460e+00 6.92268e+02
-3.07535e+00 2.25157e+00 6.89671e+02
-3.14363e+00 2.33008e+00 6.87027e+02
-3.21233e+00 2.41014e+00 6.84331e+02
-3.28146e+00 2.49177e+00 6.81576e+02
-3.35104e+00 2.57498e+00 6.78759e+02
-3.42109e+00 2.65979e+00 6.75875e+02
-3.49161e+00 2.74622e+00 6.72918e+02
-3.56263e+00 2.83430e+00 6.69885e+02
-3.63415e+00 2.92404e+00 6.66770e+02
-3.70620e+00 3.01547e+00 6.63567e+02
-3.77879e+00 3.10861e+00 6.60272e+02
-3.85194e+00 3.20348e+00 6.56878e+02
-3.92566e+00 3.30011e+00 6.53379e+02
-3.99996e+00 3.39853e+00 6.49769e+02
-7.68032e-01 4.12287e-01 9.32151e+02
-8.28999e-01 4.40780e-01 8.96992e+02
-8.89958e-01 4.70812e-01 8.68704e+02
-9.50923e-01 5.02364e-01 8.45678e+02
-1.01191e+00 5.35420e-01 8.26742e+02
-1.07293e+00 5.69961e-01 8.11022e+02
-1.13401e+00 6.05975e-01 7.97860e+02
-1.19515e+00 6.43448e-01 7.86749e+02
-1.25637e+00 6.82368e-01 7.77294e+02
-1.31769e+00 7.22725e-01 7.69185e+02
-1.37912e+00 7.64508e-01 7.62175e+02
-1.44066e+00 8.07709e-01 7.56067e+02
-1.50235e+00 8.52322e-01 7.50700e+02
-1.56418e+00 8.98341e-01 7.45944e+02
-1.62617e+00 9.45760e-01 7.41691e+02
-1.68834e+00 9.94575e-01 7.37854e+02
-1.75069e+00 1.04478e+00 7.34360e+02
-1.81325e+00 1.09638e+00 7.31147e+02
-1.87602e+00 1.14938e+00 7.28165e+02
-1.93901e+00 1.20376e+00 7.25370e+02
-2.00225e+00 1.25953e+00 7.22726e+02
-2.06574e+00 1.31670e+00 7.20202e+02
-2.12949e+00 1.37526e+00 7.17773e+02
-2.19352e+00 1.43522e+00 7.15415e+02
-2.25784e+00 1.49659e+00 7.13110e+02
-2.32246e+00 1.55937e+00 7.10841e+02
-2.38740e+00 1.62356e+00 7.08594e+02
-2.45267e+00 1.68918e+00 7.06357e+02
-2.51828e+00 1.75623e+00 7.04118e+02
-2.58424e+00 1.82471e+00 7.01869e+02
-2.65058e+00 1.89465e+00 6.99601e+02
-2.71730e+00 1.96605e+00 6.97306e+02
-2.78441e+00 2.03892e+00 6.94978e+02
-2.85193e+00 2.11328e+00 6.92611e+02
-2.91988e+00 2.18913e+00 6.90200e+02
-2.98826e+00 2.26650e+00 6.87738e+02
-3.05709e+00 2.34539e+00 6.85222e+02
-3.12639e+00 2.42583e+00 6.82647e+02
-3.19618e+00 2.50782e+00 6.80007e+02
-3.26645e+00 2.59139e+00 6.77299e+02
-3.33724e+00 2.67656e+00 6.74518e+02
-3.40855e+00 2.76335e+00 6.71660e+02
-3.48041e+00 2.85177e+00 6.68719e+02
-3.55282e+00 2.94185e+00 6.65691e+02
-3.62581e+00 3.03361e+00 6.62569e+02
-3.69939e+00 3.12707e+00 6.59349e+02
-3.77358e+00 3.22226e+00 6.56023e+02
-3.84839e+00 3.31921e+00 6.52585e+02
-3.92385e+00 3.41794e+00 6.49027e+02
-3.99996e+00 3.51847e+00 6.45340e+02
-7.49842e-01 4.36403e-01 9.00801e+02
-8.09685e-01 4.66966e-01 8.67404e+02
-8.69588e-01 4.99044e-01 8.40978e+02
-9.29564e-01 5.32618e-01 8.19801e+02
-9.89628e-01 5.67670e-01 8.02644e+02
-1.04979e+00 6.04185e-01 7.88606e+02
-1.11008e+00 6.42148e-01 7.77013e+02
-1.17049e+00 6.81548e-01 7.67358e+02
-1.23105e+00 7.22373e-01 7.59247e+02
-1.29176e+00 7.64612e-01 7.52377e+02
-1.35264e+00 8.08257e-01 7.46507e+02
-1.41371e+00 8.53300e-01 7.41445e+02
-1.47498e+00 8.99734e-01 7.37039e+02
-1.53645e+00 9.47554e-01 7.33166e+02
-1.59814e+00 9.96755e-01 7.29725e+02
-1.66007e+00 1.04733e+00 7.26633e+02
-1.72225e+00 1.09929e+00 7.23823e+02
-1.78469e+00 1.15262e+00 7.21239e+02
-1.84740e+00 1.20732e+00 7.18835e+02
-1.91040e+00 1.26340e+00 7.16572e+02
-1.97369e+00 1.32085e+00 7.14417e+02
-2.03730e+00 1.37968e+00 7.12343e+02
-2.10123e+00 1.43990e+00 7.10327e+02
-2.16549e+00 1.50150e+00 7.08350e+02
-2.23011e+00 1.56449e+00 7.06394e+02
-2.29509e+00 1.62888e+00 7.04447e+02
-2.36044e+00 1.69468e+00 7.02495e+02
-2.42619e+00 1.76188e+00 7.00528e+02
-2.49233e+00 1.83051e+00 6.98537e+02
-2.55889e+00 1.90057e+00 6.96514e+02
-2.62588e+00 1.97208e+00 6.94452e+02
-2.69332e+00 2.04503e+00 6.92345e+02
-2.76121e+00 2.11945e+00 6.90188e+02
-2.82957e+00 2.19535e+00 6.87974e+02
-2.89841e+00 2.27274e+00 6.85700e+02
-2.96776e+00 2.35164e+00 6.83360e+02
-3.03762e+00 2.43206e+00 6.80950e+02
-3.10801e+00 2.51402e+00 6.78465e+02
-3.17895e+00 2.59754e+00 6.75902e+02
-3.25045e+00 2.68263e+00 6.73256e+02
-3.32253e+00 2.76932e+00 6.70521e+02
-3.39519e+00 2.85763e+00 6.67693e+02
-3.46847e+00 2.94758e+00 6.64765e+02
-3.54238e+00 3.03918e+00 6.61733e+02
-3.61693e+00 3.13247e+00 6.58588e+02
-3.69214e+00 3.22747e+00 6.55323e+02
-3.76803e+00 3.32421e+00 6.51929e+02
-3.84461e+00 3.42270e+00 6.48397e+02
-3.92192e+00 3.52299e+00 6.44715e+02
-3.99996e+00 3.62510e+00 6.40870e+02
-7.31294e-01 4.60147e-01 8.71535e+02
-7.89871e-01 4.92810e-01 8.39468e+02
-8.48585e-01 5.26947e-01 8.14549e+02
-9.07448e-01 5.62540e-01 7.94927e+02
-9.66475e-01 5.99574e-01 7.79300e+02
-1.02568e+00 6.38033e-01 7.66731e+02
-1.08507e+00 6.77904e-01 7.56530e+02
-1.14466e+00 7.19175e-01 7.48179e+02
-1.20447e+00 7.61836e-01 7.41287e+02
-1.26451e+00 8.05876e-01 7.35551e+02
-1.32478e+00 8.51289e-01 7.30733e+02
-1.38531e+00 8.98066e-01 7.26649e+02
-1.44610e+00 9.46203e-01 7.23149e+02
-1.50716e+00 9.95693e-01 7.20117e+02
-1.56852e+00 1.04653e+00 7.17456e+02
-1.63018e+00 1.09872e+00 7.15088e+02
-1.69214e+00 1.15226e+00 7.12951e+02
-1.75444e+00 1.20714e+00 7.10992e+02
-1.81707e+00 1.26337e+00 7.09169e+02
-1.88006e+00 1.32094e+00 7.07447e+02
-1.94340e+00 1.37987e+00 7.05795e+02
-2.00713e+00 1.44014e+00 7.04190e+02
-2.07124e+00 1.50178e+00 7.02611e+02
-2.13575e+00 1.56477e+00 7.01041e+02
-2.20067e+00 1.62914e+00 6.99464e+02
-2.26602e+00 1.69488e+00 6.97870e+02
-2.33182e+00 1.76200e+00 6.96247e+02
-2.39806e+00 1.83051e+00 6.94586e+02
-2.46477e+00 1.90042e+00 6.92879e+02
-2.53196e+00 1.97175e+00 6.91120e+02
-2.59965e+00 2.04449e+00 6.89303e+02
-2.66784e+00 2.11867e+00 6.87421e+02
-2.73656e+00 2.19430e+00 6.85471e+02
-2.80581e+00 2.27138e+00 6.83446e+02
-2.87561e+00 2.34995e+00 6.81344e+02
-2.94599e+00 2.43000e+00 6.79158e+02
-3.01694e+00 2.51156e+00 6.76885e+02
-3.08849e+00 2.59465e+00 6.74519e+02
-3.16066e+00 2.67928e+00 6.72057e+02
-3.23346e+00 2.76548e+00 6.69491e+02
-3.30690e+00 2.85325e+00 6.66817e+02
-3.38101e+00 2.94264e+00 6.64027e+02
-3.45580e+00 3.03365e+00 6.61115e+02
-3.53129e+00 3.12631e+00 6.58070e+02
-3.60750e+00 3.22065e+00 6.54884e+02
-3.68444e+00 3.31668e+00 6.51544e+02
-3.76214e+00 3.41445e+00 6.48037e+02
-3.84061e+00 3.51397e+00 6.44348e+02
-3.91988e+00 3.61527e+00 6.40456e+02
-3.99996e+00 3.71839e+00 6.36340e+02
-7.12409e-01 4.83490e-01 8.44256e+02
-7.69577e-01 5.18279e-01 8.13113e+02
-8.26969e-01 5.54488e-01 7.89373e+02
-8.84596e-01 5.92100e-01 7.71030e+02
-9.42469e-01 6.31099e-01 7.56703e+02
-1.00060e+00 6.71472e-01 7.45407e+02
-1.05900e+00 7.13207e-01 7.36431e+02
-1.11769e+00 7.56292e-01 7.29245e+02
-1.17666e+00 8.00719e-01 7.23452e+02
-1.23594e+00 8.46479e-01 7.18749e+02
-1.29554e+00 8.93565e-01 7.14902e+02
-1.35546e+00 9.41970e-01 7.11726e+02
-1.41572e+00 9.91691e-01 7.09078e+02
-1.47633e+00 1.04272e+00 7.06843e+02
-1.53731e+00 1.09506e+00 7.04929e+02
-1.59865e+00 1.14871e+00 7.03262e+02
-1.66039e+00 1.20366e+00 7.01783e+02
-1.72251e+00 1.25992e+00 7.00442e+02
-1.78505e+00 1.31748e+00 6.99200e+02
-1.84801e+00 1.37635e+00 6.98023e+02
-1.91140e+00 1.43654e+00 6.96886e+02
-1.97523e+00 1.49804e+00 6.95765e+02
-2.03952e+00 1.56086e+00 6.94643e+02
-2.10429e+00 1.62501e+00 6.93503e+02
-2.16953e+00 1.69050e+00 6.92333e+02
-2.23527e+00 1.75732e+00 6.91122e+02
-2.30152e+00 1.82549e+00 6.89860e+02
-2.36829e+00 1.89503e+00 6.88539e+02
-2.43560e+00 1.96593e+00 6.87154e+02
-2.50346e+00 2.03820e+00 6.85697e+02
-2.57188e+00 2.11188e+00 6.84163e+02
-2.64087e+00 2.18695e+00 6.82546e+02
-2.71046e+00 2.26344e+00 6.80843e+02
-2.78066e+00 2.34137e+00 6.79048e+02
-2.85148e+00 2.42074e+00 6.77157e+02
-2.92294e+00 2.50158e+00 6.75164e+02
-2.99505e+00 2.58389e+00 6.73065e+02
-3.06783e+00 2.66771e+00 6.70853e+02
-3.14130e+00 2.75304e+00 6.68523e+02
-3.21547e+00 2.83992e+00 6.66067e+02
-3.29037e+00 2.92835e+00 6.63476e+02
-3.36600e+00 3.01836e+00 6.60742e+02
-3.44239e+00 3.10998e+00 6.57852e+02
-3.51956e+00 3.20322e+00 6.54794e+02
-3.59752e+00 3.29812e+00 6.51551e+02
-3.67629e+00 3.39469e+00 6.48105e+02
-3.75591e+00 3.49298e+00 6.44431e+02
-3.83637e+00 3.59300e+00 6.40502e+02
-3.91772e+00 3.69478e+00 6.36283e+02
-3.99996e+00 3.79836e+00 6.31731e+02
-6.93208e-01 5.06405e-01 8.18845e+02
-7.48825e-01 5.43346e-01 7.88250e+02
-8.04762e-01 5.81638e-01 7.65386e+02
-8.61028e-01 6.21264e-01 7.48074e+02
-9.17633e-01 6.62211e-01 7.34834e+02
-9.74587e-01 7.04467e-01 7.24633e+02
-1.03190e+00 7.48021e-01 7.16728e+02
-1.08958e+00 7.92864e-01 7.10575e+02
-1.14764e+00 8.38988e-01 7.05770e+02
-1.20609e+00 8.86385e-01 7.02006e+02
-1.26494e+00 9.35049e-01 6.99049e+02
-1.32419e+00 9.84976e-01 6.96715e+02
-1.38387e+00 1.03616e+00 6.94864e+02
-1.44398e+00 1.08860e+00 6.93382e+02
-1.50452e+00 1.14230e+00 6.92181e+02
-1.56552e+00 1.19725e+00 6.91190e+02
-1.62698e+00 1.25345e+00 6.90350e+02
-1.68892e+00 1.31091e+00 6.89616e+02
-1.75134e+00 1.36963e+00 6.88950e+02
-1.81426e+00 1.42960e+00 6.88321e+02
-1.87768e+00 1.49084e+00 6.87705e+02
-1.94162e+00 1.55335e+00 6.87081e+02
-2.00610e+00 1.61713e+00 6.86432e+02
-2.07112e+00 1.68219e+00 6.85744e+02
-2.13669e+00 1.74854e+00 6.85005e+02
-2.20284e+00 1.81619e+00 6.84205e+02
-2.26957e+00 1.88514e+00 6.83336e+02
-2.33689e+00 1.95541e+00 6.82391e+02
-2.40482e+00 2.02700e+00 6.81363e+02
-2.47338e+00 2.09993e+00 6.80248e+02
-2.54257e+00 2.17421e+00 6.79038e+02
-2.61242e+00 2.24985e+00 6.77731e+02
-2.68293e+00 2.32687e+00 6.76320e+02
-2.75412e+00 2.40529e+00 6.74802e+02
-2.82601e+00 2.48511e+00 6.73169e+02
-2.89862e+00 2.56635e+00 6.71417e+02
-2.97195e+00 2.64904e+00 6.69540e+02
-3.04603e+00 2.73319e+00 6.67529e+02
-3.12088e+00 2.81882e+00 6.65376e+02
-3.19650e+00 2.90595e+00 6.63071e+02
-3.27293e+00 2.99460e+00 6.60602e+02
-3.35017e+00 3.08479e+00 6.57955e+02
-3.42825e+00 3.17656e+00 6.55112e+02
-3.50718e+00 3.26991e+00 6.52051e+02
-3.58700e+00 3.36489e+00 6.48745e+02
-3.66771e+00 3.46151e+00 6.45163e+02
-3.74934e+00 3.55980e+00 6.41261e+02
-3.83191e+00 3.65979e+00 6.36988e+02
-3.91544e+00 3.76151e+00 6.32274e+02
-3.99996e+00 3.86500e+00 6.27029e+02
-6.73715e-01 5.28865e-01 7.95158e+02
-7.27639e-01 5.67983e-01 7.64773e+02
-7.81988e-01 6.08366e-01 7.42514e+02
-8.36769e-01 6.50001e-01 7.26008e+02
-8.91990e-01 6.92878e-01 7.13667e+02
-9.47658e-01 7.36985e-01 7.04397e+02
-1.00378e+00 7.82314e-01 6.97424e+02
-1.06037e+00 8.28856e-01 6.92183e+02
-1.11743e+00 8.76606e-01 6.88261e+02
-1.17497e+00 9.25557e-01 6.85346e+02
-1.23300e+00 9.75706e-01 6.83202e+02
-1.29153e+00 1.02705e+00 6.81645e+02
-1.35056e+00 1.07958e+00 6.80536e+02
-1.41011e+00 1.13330e+00 6.79763e+02
-1.47019e+00 1.18822e+00 6.79239e+02
-1.53080e+00 1.24432e+00 6.78894e+02
-1.59196e+00 1.30161e+00 6.78673e+02
-1.65367e+00 1.36009e+00 6.78532e+02
-1.71596e+00 1.41977e+00 6.78435e+02
-1.77881e+00 1.48066e+00 6.78353e+02
-1.84226e+00 1.54274e+00 6.78262e+02
-1.90631e+00 1.60604e+00 6.78143e+02
-1.97097e+00 1.67055e+00 6.77981e+02
-2.03625e+00 1.73628e+00 6.77762e+02
-2.10217e+00 1.80325e+00 6.77477e+02
-2.16873e+00 1.87146e+00 6.77115e+02
-2.23596e+00 1.94092e+00 6.76670e+02
-2.30386e+00 2.01164e+00 6.76135e+02
-2.37245e+00 2.08363e+00 6.75505e+02
-2.44173e+00 2.15691e+00 6.74773e+02
-2.51174e+00 2.23148e+00 6.73935e+02
-2.58247e+00 2.30737e+00 6.72985e+02
-2.65395e+00 2.38458e+00 6.71920e+02
-2.72620e+00 2.46313e+00 6.70733e+02
-2.79921e+00 2.54304e+00 6.69418e+02
-2.87302e+00 2.62432e+00 6.67968e+02
-2.94764e+00 2.70699e+00 6.66375e+02
-3.02309e+00 2.79108e+00 6.64630e+02
-3.09938e+00 2.87659e+00 6.62721e+02
-3.17654e+00 2.96356e+00 6.60634e+02
-3.25457e+00 3.05200e+00 6.58351e+02
-3.33351e+00 3.14194e+00 6.55850e+02
-3.41337e+00 3.23339e+00 6.53105e+02
-3.49417e+00 3.32639e+00 6.50081e+02
-3.57593e+00 3.42096e+00 6.46734e+02
-3.65868e+00 3.51712e+00 6.43004e+02
-3.74243e+00 3.61491e+00 6.38815e+02
-3.82721e+00 3.71435e+00 6.34061e+02
-3.91304e+00 3.81547e+00 6.28599e+02
-3.99996e+00 3.91831e+00 6.22220e+02
-6.53955e-01 5.50845e-01 7.73020e+02
-7.06044e-01 5.92161e-01 7.42553e+02
-7.58673e-01 6.34644e-01 7.20667e+02
-8.11845e-01 6.78283e-01 7.04772e+02
-8.65566e-01 7.23069e-01 6.93163e+02
-9.19841e-01 7.68994e-01 6.84681e+02
-9.74676e-01 8.16052e-01 6.78511e+02
-1.03008e+00 8.64236e-01 6.74072e+02
-1.08605e+00 9.13541e-01 6.70936e+02
-1.14260e+00 9.63964e-01 6.68785e+02
-1.19974e+00 1.01550e+00 6.67380e+02
-1.25748e+00 1.06815e+00 6.66537e+02
-1.31581e+00 1.12191e+00 6.66116e+02
-1.37476e+00 1.17679e+00 6.66005e+02
-1.43432e+00 1.23278e+00 6.66120e+02
-1.49450e+00 1.28988e+00 6.66392e+02
-1.55533e+00 1.34810e+00 6.66766e+02
-1.61679e+00 1.40743e+00 6.67201e+02
-1.67892e+00 1.46790e+00 6.67661e+02
-1.74170e+00 1.52949e+00 6.68119e+02
-1.80516e+00 1.59221e+00 6.68554e+02
-1.86930e+00 1.65608e+00 6.68946e+02
-1.93415e+00 1.72109e+00 6.69281e+02
-1.99969e+00 1.78727e+00 6.69549e+02
-2.06596e+00 1.85460e+00 6.69738e+02
-2.13296e+00 1.92311e+00 6.69841e+02
-2.20070e+00 1.99281e+00 6.69851e+02
-2.26920e+00 2.06370e+00 6.69762e+02
-2.33848e+00 2.13580e+00 6.69569e+02
-2.40853e+00 2.20912e+00 6.69267e+02
-2.47938e+00 2.28367e+00 6.68851e+02
-2.55105e+00 2.35947e+00 6.68318e+02
-2.62355e+00 2.43654e+00 6.67660e+02
-2.69689e+00 2.51488e+00 6.66873e+02
-2.77109e+00 2.59452e+00 6.65950e+02
-2.84616e+00 2.67546e+00 6.64884e+02
-2.92213e+00 2.75774e+00 6.63664e+02
-2.99901e+00 2.84137e+00 6.62279e+02
-3.07682e+00 2.92637e+00 6.60714e+02
-3.15559e+00 3.01275e+00 6.58951e+02
-3.23531e+00 3.10055e+00 6.56965e+02
-3.31603e+00 3.18978e+00 6.54726e+02
-3.39776e+00 3.28047e+00 6.52193e+02
-3.48051e+00 3.37264e+00 6.49312e+02
-3.56432e+00 3.46632e+00 6.46009e+02
-3.64920e+00 3.56154e+00 6.42182e+02
-3.73518e+00 3.65831e+00 6.37682e+02
-3.82228e+00 3.75667e+00 6.32293e+02
-3.91053e+00 3.85666e+00 6.25679e+02
-3.99996e+00 3.95829e+00 6.17295e+02
-6.33953e-01 5.72322e-01 7.52231e+02
-6.84067e-01 6.15855e-01 7.21444e+02
-7.34844e-01 6.60443e-01 6.99741e+02
-7.86283e-01 7.06078e-01 6.84295e+02
-8.38389e-01 7.52754e-01 6.73276e+02
-8.91164e-01 8.00464e-01 6.65454e+02
-9.44611e-01 8.49204e-01 6.59977e+02
-9.98733e-01 8.98970e-01 6.56238e+02
-1.05354e+00 9.49760e-01 6.53798e+02
-1.10902e+00 1.00157e+00 6.52331e+02
-1.16520e+00 1.05441e+00 6.51595e+02
-1.22208e+00 1.10826e+00 6.51403e+02
-1.27965e+00 1.16313e+00 6.51615e+02
-1.33794e+00 1.21903e+00 6.52120e+02
-1.39693e+00 1.27595e+00 6.52834e+02
-1.45666e+00 1.33390e+00 6.53689e+02
-1.51711e+00 1.39289e+00 6.54631e+02
-1.57830e+00 1.45290e+00 6.55621e+02
-1.64024e+00 1.51396e+00 6.56624e+02
-1.70293e+00 1.57607e+00 6.57614e+02
-1.76639e+00 1.63923e+00 6.58570e+02
-1.83062e+00 1.70346e+00 6.59475e+02
-1.89565e+00 1.76875e+00 6.60317e+02
-1.96146e+00 1.83512e+00 6.61083e+02
-2.02809e+00 1.90257e+00 6.61766e+02
-2.09554e+00 1.97113e+00 6.62359e+02
-2.16381e+00 2.04079e+00 6.62855e+02
-2.23294e+00 2.11158e+00 6.63250e+02
-2.30292e+00 2.18349e+00 6.63539e+02
-2.37377e+00 2.25655e+00 6.63719e+02
-2.44551e+00 2.33077e+00 6.63785e+02
-2.51815e+00 2.40617e+00 6.63735e+02
-2.59171e+00 2.48275e+00 6.63563e+02
-2.66620e+00 2.56053e+00 6.63264e+02
-2.74163e+00 2.63954e+00 6.62832e+02
-2.81803e+00 2.71978e+00 6.62261e+02
-2.89542e+00 2.80129e+00 6.61540e+02
-2.97380e+00 2.88406e+00 6.60657e+02
-3.05320e+00 2.96813e+00 6.59596e+02
-3.13365e+00 3.05352e+00 6.58337e+02
-3.21515e+00 3.14025e+00 6.56850e+02
-3.29773e+00 3.22833e+00 6.55098e+02
-3.38141e+00 3.31780e+00 6.53026e+02
-3.46621e+00 3.40867e+00 6.50557e+02
-3.55216e+00 3.50098e+00 6.47577e+02
-3.63928e+00 3.59475e+00 6.43914e+02
-3.72759e+00 3.69000e+00 6.39287e+02
-3.81713e+00 3.78676e+00 6.33219e+02
-3.90790e+00 3.88507e+00 6.24824e+02
-3.99995e+00 3.98495e+00 6.12247e+02
-6.13736e-01 5.93273e-01 7.32556e+02
-6.61737e-01 6.39041e-01 7.01280e+02
-7.10530e-01 6.85739e-01 6.79618e+02
-7.60116e-01 7.33361e-01 6.64495e+02
-8.10491e-01 7.81903e-01 6.53950e+02
-8.61658e-01 8.31363e-01 6.46683e+02
-9.13617e-01 8.81739e-01 6.41800e+02
-9.66368e-01 9.33029e-01 6.38671e+02
-1.01991e+00 9.85233e-01 6.36845e+02
-1.07426e+00 1.03835e+00 6.35987e+02
-1.12940e+00 1.09239e+00 6.35851e+02
-1.18535e+00 1.14734e+00 6.36249e+02
-1.24211e+00 1.20321e+00 6.37039e+02
-1.29968e+00 1.26000e+00 6.38112e+02
-1.35807e+00 1.31772e+00 6.39382e+02
-1.41728e+00 1.37637e+00 6.40783e+02
-1.47733e+00 1.43595e+00 6.42264e+02
-1.53821e+00 1.49648e+00 6.43784e+02
-1.59994e+00 1.55796e+00 6.45311e+02
-1.66252e+00 1.62039e+00 6.46819e+02
-1.72597e+00 1.68378e+00 6.48290e+02
-1.79028e+00 1.74814e+00 6.49707e+02
-1.85548e+00 1.81349e+00 6.51058e+02
-1.92157e+00 1.87982e+00 6.52335e+02
-1.98856e+00 1.94715e+00 6.53529e+02
-2.05647e+00 2.01549e+00 6.54635e+02
-2.12530e+00 2.08486e+00 6.55649e+02
-2.19507e+00 2.15525e+00 6.56568e+02
-2.26579e+00 2.22670e+00 6.57388e+02
-2.33747e+00 2.29920e+00 6.58109e+02
-2.41013e+00 2.37277e+00 6.58728e+02
-2.48378e+00 2.44743e+00 6.59244e+02
-2.55844e+00 2.52320e+00 6.59655e+02
-2.63413e+00 2.60008e+00 6.59960e+02
-2.71086e+00 2.67810e+00 6.60155e+02
-2.78864e+00 2.75727e+00 6.60238e+02
-2.86750e+00 2.83762e+00 6.60205e+02
-2.94745e+00 2.91915e+00 6.60048e+02
-3.02852e+00 3.00189e+00 6.59759e+02
-3.11072e+00 3.08586e+00 6.59325e+02
-3.19407e+00 3.17109e+00 6.58726e+02
-3.27860e+00 3.25758e+00 6.57935e+02
-3.36433e+00 3.34537e+00 6.56909e+02
-3.45127e+00 3.43448e+00 6.55579e+02
-3.53946e+00 3.52494e+00 6.53832e+02
-3.62892e+00 3.61676e+00 6.51464e+02
-3.71967e+00 3.70998e+00 6.48074e+02
-3.81174e+00 3.80462e+00 6.42752e+02
-3.90516e+00 3.90071e+00 6.32906e+02
-3.99995e+00 3.99828e+00 6.07078e+02
-5.93283e-01 6.13726e-01 7.05206e+02
-6.39053e-01 6.61726e-01 6.75916e+02
-6.85751e-01 7.10518e-01 6.55879e+02
-7.33374e-01 7.60103e-01 6.42127e+02
-7.81917e-01 8.10478e-01 6.32770e+02
-8.31378e-01 8.61643e-01 6.26551e+02
-8.81755e-01 9.13601e-01 6.22612e+02
-9.33046e-01 9.66351e-01 6.20345e+02
-9.85250e-01 1.01990e+00 6.19315e+02
-1.03837e+00 1.07424e+00 6.19201e+02
-1.09240e+00 1.12938e+00 6.19766e+02
-1.14736e+00 1.18533e+00 6.20830e+02
-1.20323e+00 1.24209e+00 6.22257e+02
-1.26002e+00 1.29966e+00 6.23943e+02
-1.31774e+00 1.35805e+00 6.25805e+02
-1.37639e+00 1.41726e+00 6.27782e+02
-1.43598e+00 1.47731e+00 6.29823e+02
-1.49650e+00 1.53819e+00 6.31891e+02
-1.55798e+00 1.59992e+00 6.33956e+02
-1.62041e+00 1.66250e+00 6.35993e+02
-1.68380e+00 1.72595e+00 6.37985e+02
-1.74817e+00 1.79026e+00 6.39917e+02
-1.81351e+00 1.85546e+00 6.41778e+02
-1.87984e+00 1.92155e+00 6.43560e+02
-1.94717e+00 1.98854e+00 6.45256e+02
-2.01551e+00 2.05645e+00 6.46861e+02
-2.08488e+00 2.12528e+00 6.48373e+02
-2.15527e+00 2.19505e+00 6.49788e+02
-2.22672e+00 2.26577e+00 6.51105e+02
-2.29922e+00 2.33745e+00 6.52322e+02
-2.37279e+00 2.41011e+00 6.53440e+02
-2.44745e+00 2.48376e+00 6.54456e+02
-2.52322e+00 2.55843e+00 6.55372e+02
-2.60010e+00 2.63411e+00 6.56186e+02
-2.67812e+00 2.71084e+00 6.56897e+02
-2.75729e+00 2.78863e+00 6.57504e+02
-2.83763e+00 2.86749e+00 6.58004e+02
-2.91917e+00 2.94744e+00 6.58395e+02
-3.00191e+00 3.02851e+00 6.58671e+02
-3.08588e+00 3.11071e+00 6.58825e+02
-3.17110e+00 3.19406e+00 6.58843e+02
-3.25759e+00 3.27859e+00 6.58710e+02
-3.34538e+00 3.36432e+00 6.58396e+02
-3.43449e+00 3.45126e+00 6.57858e+02
-3.52495e+00 3.53945e+00 6.57020e+02
-3.61677e+00 3.62891e+00 6.55749e+02
-3.70998e+00 3.71967e+00 6.53779e+02
-3.80462e+00 3.81174e+00 6.50505e+02
-3.90072e+00 3.90516e+00 6.44207e+02
-3.99829e+00 3.99995e+00 6.27264e+02
-5.72332e-01 6.33943e-01 6.70938e+02
-6.15867e-01 6.84056e-01 6.46006e+02
-6.60456e-01 7.34831e-01 6.29132e+02
-7.06092e-01 7.86270e-01 6.17787e+02
-7.52768e-01 8.38375e-01 6.10333e+02
-8.00479e-01 8.91148e-01 6.05673e+02
-8.49220e-01 9.44594e-01 6.03046e+02
-8.98987e-01 9.98716e-01 6.01914e+02
-9.49778e-01 1.05352e+00 6.01886e+02
-1.00159e+00 1.10901e+00 6.02674e+02
-1.05442e+00 1.16518e+00 6.04064e+02
-1.10828e+00 1.22206e+00 6.05892e+02
-1.16315e+00 1.27963e+00 6.08035e+02
-1.21905e+00 1.33791e+00 6.10398e+02
-1.27597e+00 1.39691e+00 6.12905e+02
-1.33393e+00 1.45663e+00 6.15500e+02
-1.39291e+00 1.51709e+00 6.18137e+02
-1.45293e+00 1.57828e+00 6.20781e+02
-1.51399e+00 1.64021e+00 6.23404e+02
-1.57609e+00 1.70291e+00 6.25984e+02
-1.63926e+00 1.76637e+00 6.28505e+02
-1.70348e+00 1.83060e+00 6.30952e+02
-1.76877e+00 1.89562e+00 6.33315e+02
-1.83514e+00 1.96144e+00 6.35586e+02
-1.90260e+00 2.02807e+00 6.37758e+02
-1.97115e+00 2.09552e+00 6.39827e+02
-2.04082e+00 2.16379e+00 6.41788e+02
-2.11160e+00 2.23292e+00 6.43637e+02
-2.18351e+00 2.30290e+00 6.45373e+02
-2.25658e+00 2.37375e+00 6.46992e+02
-2.33079e+00 2.44549e+00 6.48491e+02
-2.40619e+00 2.51813e+00 6.49869e+02
-2.48277e+00 2.59169e+00 6.51122e+02
-2.56055e+00 2.66618e+00 6.52247e+02
-2.63956e+00 2.74162e+00 6.53238e+02
-2.71980e+00 2.81802e+00 6.54090e+02
-2.80131e+00 2.89540e+00 6.54795e+02
-2.88408e+00 2.97379e+00 6.55342e+02
-2.96815e+00 3.05319e+00 6.55719e+02
-3.05354e+00 3.13363e+00 6.55907e+02
-3.14026e+00 3.21514e+00 6.55881e+02
-3.22835e+00 3.29772e+00 6.55608e+02
-3.31782e+00 3.38140e+00 6.55039e+02
-3.40869e+00 3.46620e+00 6.54108e+02
-3.50100e+00 3.55216e+00 6.52714e+02
-3.59476e+00 3.63928e+00 6.50702e+02
-3.69001e+00 3.72759e+00 6.47826e+02
-3.78678e+00 3.81712e+00 6.43661e+02
-3.88508e+00 3.90790e+00 6.37421e+02
-3.98496e+00 3.99995e+00 6.27458e+02
-5.50856e-01 6.53945e-01 6.38690e+02
-5.92173e-01 7.06033e-01 6.17840e+02
-6.34656e-01 7.58659e-01 6.03951e+02
-6.78296e-01 8.11830e-01 5.94884e+02
-7.23084e-01 8.65549e-01 5.89238e+02
-7.69010e-01 9.19823e-01 5.86059e+02
-8.16068e-01 9.74657e-01 5.84682e+02
-8.64253e-01 1.03006e+00 5.84632e+02
-9.13559e-01 1.08603e+00 5.85561e+02
-9.63983e-01 1.14258e+00 5.87212e+02
-1.01552e+00 1.19972e+00 5.89391e+02
-1.06817e+00 1.25745e+00 5.91954e+02
-1.12194e+00 1.31579e+00 5.94786e+02
-1.17681e+00 1.37473e+00 5.97801e+02
-1.23280e+00 1.43429e+00 6.00933e+02
-1.28990e+00 1.49448e+00 6.04127e+02
-1.34812e+00 1.55530e+00 6.07343e+02
-1.40746e+00 1.61677e+00 6.10548e+02
-1.46792e+00 1.67889e+00 6.13717e+02
-1.52951e+00 1.74168e+00 6.16828e+02
-1.59224e+00 1.80514e+00 6.19866e+02
-1.65610e+00 1.86928e+00 6.22818e+02
-1.72112e+00 1.93412e+00 6.25673e+02
-1.78729e+00 1.99967e+00 6.28424e+02
-1.85463e+00 2.06594e+00 6.31063e+02
-1.92314e+00 2.13294e+00 6.33585e+02
-1.99283e+00 2.20068e+00 6.35985e+02
-2.06373e+00 2.26918e+00 6.38259e+02
-2.13583e+00 2.33845e+00 6.40403e+02
-2.20915e+00 2.40851e+00 6.42413e+02
-2.28370e+00 2.47936e+00 6.44285e+02
-2.35950e+00 2.55103e+00 6.46014e+02
-2.43656e+00 2.62353e+00 6.47596e+02
-2.51490e+00 2.69687e+00 6.49023e+02
-2.59454e+00 2.77107e+00 6.50289e+02
-2.67549e+00 2.84615e+00 6.51384e+02
-2.75777e+00 2.92212e+00 6.52296e+02
-2.84139e+00 2.99900e+00 6.53013e+02
-2.92639e+00 3.07681e+00 6.53515e+02
-3.01277e+00 3.15557e+00 6.53780e+02
-3.10057e+00 3.23530e+00 6.53779e+02
-3.18980e+00 3.31602e+00 6.53473e+02
-3.28049e+00 3.39775e+00 6.52813e+02
-3.37266e+00 3.48050e+00 6.51730e+02
-3.46634e+00 3.56431e+00 6.50135e+02
-3.56155e+00 3.64920e+00 6.47900e+02
-3.65833e+00 3.73518e+00 6.44844e+02
-3.75669e+00 3.82228e+00 6.40697e+02
-3.85668e+00 3.91053e+00 6.35046e+02
-3.95831e+00 3.99996e+00 6.27218e+02
-5.28876e-01 6.73706e-01 6.08570e+02
-5.67995e-01 7.27627e-01 5.91499e+02
-6.08379e-01 7.81974e-01 5.80393e+02
-6.50015e-01 8.36752e-01 5.73464e+02
-6.92893e-01 8.91971e-01 5.69519e+02
-7.37001e-01 9.47638e-01 5.67740e+02
-7.82331e-01 1.00376e+00 5.67547e+02
-8.28874e-01 1.06035e+00 5.68523e+02
-8.76624e-01 1.11740e+00 5.70363e+02
-9.25576e-01 1.17494e+00 5.72837e+02
-9.75725e-01 1.23297e+00 5.75774e+02
-1.02707e+00 1.29150e+00 5.79041e+02
-1.07960e+00 1.35053e+00 5.82538e+02
-1.13332e+00 1.41008e+00 5.86185e+02
-1.18824e+00 1.47016e+00 5.89921e+02
-1.24434e+00 1.53077e+00 5.93699e+02
-1.30163e+00 1.59193e+00 5.97478e+02
-1.36012e+00 1.65364e+00 6.01231e+02
-1.41980e+00 1.71593e+00 6.04931e+02
-1.48068e+00 1.77879e+00 6.08561e+02
-1.54277e+00 1.84223e+00 6.12105e+02
-1.60606e+00 1.90628e+00 6.15550e+02
-1.67057e+00 1.97094e+00 6.18885e+02
-1.73631e+00 2.03622e+00 6.22103e+02
-1.80328e+00 2.10214e+00 6.25196e+02
-1.87149e+00 2.16871e+00 6.28158e+02
-1.94095e+00 2.23593e+00 6.30983e+02
-2.01167e+00 2.30383e+00 6.33666e+02
-2.08366e+00 2.37242e+00 6.36202e+02
-2.15694e+00 2.44171e+00 6.38585e+02
-2.23151e+00 2.51172e+00 6.40809e+02
-2.30739e+00 2.58245e+00 6.42869e+02
-2.38460e+00 2.65393e+00 6.44757e+02
-2.46315e+00 2.72618e+00 6.46465e+02
-2.54306e+00 2.79919e+00 6.47983e+02
-2.62434e+00 2.87301e+00 6.49300e+02
-2.70702e+00 2.94763e+00 6.50401e+02
-2.79110e+00 3.02308e+00 6.51269e+02
-2.87662e+00 3.09937e+00 6.51885e+02
-2.96359e+00 3.17652e+00 6.52222e+02
-3.05203e+00 3.25456e+00 6.52251e+02
-3.14196e+00 3.33350e+00 6.51931e+02
-3.23342e+00 3.41336e+00 6.51216e+02
-3.32641e+00 3.49416e+00 6.50042e+02
-3.42098e+00 3.57592e+00 6.48331e+02
-3.51715e+00 3.65867e+00 6.45980e+02
-3.61493e+00 3.74242e+00 6.42851e+02
-3.71437e+00 3.82721e+00 6.38760e+02
-3.81550e+00 3.91304e+00 6.33451e+02
-3.91833e+00 3.99996e+00 6.26560e+02
-5.06416e-01 6.93199e-01 5.80667e+02
-5.43359e-01 7.48812e-01 5.67051e+02
-5.81651e-01 8.04746e-01 5.58513e+02
-6.21278e-01 8.61009e-01 5.53567e+02
-6.62226e-01 9.17611e-01 5.51209e+02
-7.04483e-01 9.74563e-01 5.50741e+02
-7.48038e-01 1.03187e+00 5.51662e+02
-7.92882e-01 1.08955e+00 5.53609e+02
-8.39006e-01 1.14761e+00 5.56314e+02
-8.86404e-01 1.20606e+00 5.59573e+02
-9.35069e-01 1.26490e+00 5.63235e+02
-9.84997e-01 1.32416e+00 5.67180e+02
-1.03618e+00 1.38384e+00 5.71318e+02
-1.08863e+00 1.44394e+00 5.75576e+02
-1.14232e+00 1.50449e+00 5.79900e+02
-1.19727e+00 1.56549e+00 5.84244e+02
-1.25348e+00 1.62695e+00 5.88574e+02
-1.31094e+00 1.68888e+00 5.92860e+02
-1.36965e+00 1.75130e+00 5.97080e+02
-1.42963e+00 1.81422e+00 6.01217e+02
-1.49087e+00 1.87764e+00 6.05253e+02
-1.55337e+00 1.94159e+00 6.09178e+02
-1.61716e+00 2.00606e+00 6.12980e+02
-1.68222e+00 2.07108e+00 6.16651e+02
-1.74857e+00 2.13666e+00 6.20182e+02
-1.81622e+00 2.20281e+00 6.23566e+02
-1.88517e+00 2.26954e+00 6.26797e+02
-1.95544e+00 2.33686e+00 6.29869e+02
-2.02703e+00 2.40479e+00 6.32774e+02
-2.09996e+00 2.47335e+00 6.35505e+02
-2.17424e+00 2.54255e+00 6.38056e+02
-2.24988e+00 2.61239e+00 6.40419e+02
-2.32690e+00 2.68290e+00 6.42584e+02
-2.40532e+00 2.75410e+00 6.44541e+02
-2.48514e+00 2.82599e+00 6.46279e+02
-2.56638e+00 2.89860e+00 6.47784e+02
-2.64907e+00 2.97193e+00 6.49040e+02
-2.73322e+00 3.04601e+00 6.50027e+02
-2.81885e+00 3.12086e+00 6.50725e+02
-2.90598e+00 3.19649e+00 6.51107e+02
-2.99463e+00 3.27291e+00 6.51141e+02
-3.08482e+00 3.35016e+00 6.50790e+02
-3.17659e+00 3.42824e+00 6.50007e+02
-3.26994e+00 3.50718e+00 6.48737e+02
-3.36492e+00 3.58699e+00 6.46911e+02
-3.46154e+00 3.66770e+00 6.44444e+02
-3.55983e+00 3.74933e+00 6.41227e+02
-3.65982e+00 3.83190e+00 6.37126e+02
-3.76154e+00 3.91544e+00 6.31965e+02
-3.86503e+00 3.99996e+00 6.25513e+02
-4.83501e-01 7.12399e-01 5.55054e+02
-5.18292e-01 7.69563e-01 5.44556e+02
-5.54502e-01 8.26951e-01 5.38355e+02
-5.92114e-01 8.84574e-01 5.35229e+02
-6.31114e-01 9.42444e-01 5.34337e+02
-6.71488e-01 1.00057e+00 5.35087e+02
-7.13224e-01 1.05897e+00 5.37049e+02
-7.56310e-01 1.11765e+00 5.39909e+02
-8.00738e-01 1.17663e+00 5.43432e+02
-8.46499e-01 1.23590e+00 5.47439e+02
-8.93585e-01 1.29550e+00 5.51794e+02
-9.41992e-01 1.35542e+00 5.56391e+02
-9.91713e-01 1.41568e+00 5.61148e+02
-1.04274e+00 1.47629e+00 5.65999e+02
-1.09508e+00 1.53726e+00 5.70893e+02
-1.14873e+00 1.59861e+00 5.75790e+02
-1.20368e+00 1.66034e+00 5.80655e+02
-1.25994e+00 1.72247e+00 5.85463e+02
-1.31751e+00 1.78501e+00 5.90190e+02
-1.37638e+00 1.84797e+00 5.94820e+02
-1.43657e+00 1.91136e+00 5.99337e+02
-1.49807e+00 1.97519e+00 6.03727e+02
-1.56089e+00 2.03948e+00 6.07980e+02
-1.62504e+00 2.10425e+00 6.12087e+02
-1.69053e+00 2.16949e+00 6.16038e+02
-1.75735e+00 2.23523e+00 6.19825e+02
-1.82552e+00 2.30149e+00 6.23440e+02
-1.89506e+00 2.36826e+00 6.26875e+02
-1.96596e+00 2.43557e+00 6.30122e+02
-2.03824e+00 2.50342e+00 6.33174e+02
-2.11191e+00 2.57185e+00 6.36020e+02
-2.18698e+00 2.64084e+00 6.38652e+02
-2.26348e+00 2.71044e+00 6.41059e+02
-2.34140e+00 2.78064e+00 6.43228e+02
-2.42077e+00 2.85146e+00 6.45147e+02
-2.50161e+00 2.92292e+00 6.46799e+02
-2.58393e+00 2.99503e+00 6.48169e+02
-2.66774e+00 3.06781e+00 6.49235e+02
-2.75308e+00 3.14129e+00 6.49975e+02
-2.83995e+00 3.21546e+00 6.50361e+02
-2.92838e+00 3.29036e+00 6.50363e+02
-3.01839e+00 3.36599e+00 6.49945e+02
-3.11001e+00 3.44238e+00 6.49063e+02
-3.20326e+00 3.51955e+00 6.47667e+02
-3.29815e+00 3.59751e+00 6.45697e+02
-3.39473e+00 3.67629e+00 6.43080e+02
-3.49301e+00 3.75590e+00 6.39731e+02
-3.59303e+00 3.83637e+00 6.35545e+02
-3.69481e+00 3.91772e+00 6.30391e+02
-3.79839e+00 3.99996e+00 6.24111e+02
-4.60158e-01 7.31285e-01 5.31788e+02
-4.92822e-01 7.89856e-01 5.24064e+02
-5.26960e-01 8.48565e-01 5.19961e+02
-5.62555e-01 9.07423e-01 5.18483e+02
-5.99589e-01 9.66446e-01 5.18929e+02
-6.38049e-01 1.02564e+00 5.20799e+02
-6.77921e-01 1.08503e+00 5.23726e+02
-7.19194e-01 1.14462e+00 5.27440e+02
-7.61855e-01 1.20443e+00 5.31733e+02
-8.05896e-01 1.26446e+00 5.36450e+02
-8.51310e-01 1.32473e+00 5.41467e+02
-8.98088e-01 1.38526e+00 5.46690e+02
-9.46225e-01 1.44605e+00 5.52045e+02
-9.95717e-01 1.50711e+00 5.57471e+02
-1.04656e+00 1.56847e+00 5.62920e+02
-1.09875e+00 1.63012e+00 5.68355e+02
-1.15228e+00 1.69209e+00 5.73743e+02
-1.20717e+00 1.75439e+00 5.79059e+02
-1.26339e+00 1.81702e+00 5.84281e+02
-1.32097e+00 1.88001e+00 5.89391e+02
-1.37989e+00 1.94336e+00 5.94373e+02
-1.44017e+00 2.00708e+00 5.99214e+02
-1.50181e+00 2.07119e+00 6.03902e+02
-1.56480e+00 2.13570e+00 6.08426e+02
-1.62917e+00 2.20063e+00 6.12775e+02
-1.69491e+00 2.26598e+00 6.16942e+02
-1.76203e+00 2.33177e+00 6.20915e+02
-1.83054e+00 2.39802e+00 6.24687e+02
-1.90046e+00 2.46473e+00 6.28247e+02
-1.97178e+00 2.53193e+00 6.31586e+02
-2.04452e+00 2.59961e+00 6.34693e+02
-2.11870e+00 2.66781e+00 6.37557e+02
-2.19433e+00 2.73653e+00 6.40166e+02
-2.27142e+00 2.80578e+00 6.42507e+02
-2.34998e+00 2.87559e+00 6.44563e+02
-2.43004e+00 2.94596e+00 6.46320e+02
-2.51160e+00 3.01692e+00 6.47758e+02
-2.59469e+00 3.08847e+00 6.48857e+02
-2.67932e+00 3.16064e+00 6.49594e+02
-2.76551e+00 3.23344e+00 6.49940e+02
-2.85329e+00 3.30689e+00 6.49867e+02
-2.94268e+00 3.38100e+00 6.49340e+02
-3.03369e+00 3.45579e+00 6.48318e+02
-3.12635e+00 3.53128e+00 6.46757e+02
-3.22069e+00 3.60749e+00 6.44603e+02
-3.31672e+00 3.68443e+00 6.41796e+02
-3.41449e+00 3.76213e+00 6.38263e+02
-3.51401e+00 3.84061e+00 6.33921e+02
-3.61531e+00 3.91988e+00 6.28672e+02
-3.71843e+00 3.99996e+00 6.22397e+02
-4.36415e-01 7.49833e-01 5.10916e+02
-4.66979e-01 8.09669e-01 5.05615e+02
-4.99058e-01 8.69565e-01 5.03366e+02
-5.32632e-01 9.29536e-01 5.03356e+02
-5.67685e-01 9.89595e-01 5.05006e+02
-6.04201e-01 1.04976e+00 5.07895e+02
-6.42166e-01 1.11004e+00 5.11710e+02
-6.81567e-01 1.17044e+00 5.16215e+02
-7.22393e-01 1.23100e+00 5.21230e+02
-7.64633e-01 1.29171e+00 5.26617e+02
-8.08279e-01 1.35259e+00 5.32265e+02
-8.53322e-01 1.41366e+00 5.38089e+02
-8.99757e-01 1.47492e+00 5.44020e+02
-9.47578e-01 1.53639e+00 5.50003e+02
-9.96779e-01 1.59808e+00 5.55993e+02
-1.04736e+00 1.66001e+00 5.61952e+02
-1.09931e+00 1.72219e+00 5.67850e+02
-1.15264e+00 1.78463e+00 5.73661e+02
-1.20735e+00 1.84734e+00 5.79364e+02
-1.26343e+00 1.91034e+00 5.84940e+02
-1.32088e+00 1.97363e+00 5.90372e+02
-1.37971e+00 2.03724e+00 5.95647e+02
-1.43993e+00 2.10117e+00 6.00751e+02
-1.50153e+00 2.16544e+00 6.05671e+02
-1.56452e+00 2.23006e+00 6.10398e+02
-1.62892e+00 2.29504e+00 6.14919e+02
-1.69471e+00 2.36040e+00 6.19224e+02
-1.76192e+00 2.42614e+00 6.23302e+02
-1.83055e+00 2.49229e+00 6.27143e+02
-1.90061e+00 2.55885e+00 6.30735e+02
-1.97211e+00 2.62584e+00 6.34066e+02
-2.04507e+00 2.69328e+00 6.37123e+02
-2.11949e+00 2.76117e+00 6.39893e+02
-2.19539e+00 2.82954e+00 6.42361e+02
-2.27278e+00 2.89838e+00 6.44511e+02
-2.35168e+00 2.96773e+00 6.46326e+02
-2.43210e+00 3.03760e+00 6.47787e+02
-2.51406e+00 3.10799e+00 6.48872e+02
-2.59758e+00 3.17893e+00 6.49558e+02
-2.68267e+00 3.25043e+00 6.49819e+02
-2.76937e+00 3.32251e+00 6.49626e+02
-2.85767e+00 3.39518e+00 6.48946e+02
-2.94762e+00 3.46846e+00 6.47742e+02
-3.03923e+00 3.54237e+00 6.45974e+02
-3.13252e+00 3.61692e+00 6.43595e+02
-3.22752e+00 3.69213e+00 6.40553e+02
-3.32426e+00 3.76802e+00 6.36788e+02
-3.42275e+00 3.84461e+00 6.32232e+02
-3.52304e+00 3.92192e+00 6.26806e+02
-3.62514e+00 3.99996e+00 6.20422e+02
-4.12298e-01 7.68023e-01 4.92474e+02
-4.40793e-01 8.28982e-01 4.89247e+02
-4.70826e-01 8.89933e-01 4.88600e+02
-5.02379e-01 9.50892e-01 4.89875e+02
-5.35435e-01 1.01187e+00 4.92590e+02
-5.69978e-01 1.07289e+00 4.96391e+02
-6.05993e-01 1.13396e+00 5.01010e+02
-6.43467e-01 1.19510e+00 5.06242e+02
-6.82388e-01 1.25632e+00 5.11929e+02
-7.22745e-01 1.31763e+00 5.17945e+02
-7.64529e-01 1.37906e+00 5.24193e+02
-8.07732e-01 1.44060e+00 5.30592e+02
-8.52346e-01 1.50228e+00 5.37079e+02
-8.98365e-01 1.56411e+00 5.43600e+02
-9.45785e-01 1.62610e+00 5.50114e+02
-9.94601e-01 1.68827e+00 5.56583e+02
-1.04481e+00 1.75062e+00 5.62977e+02
-1.09641e+00 1.81318e+00 5.69270e+02
-1.14940e+00 1.87595e+00 5.75440e+02
-1.20379e+00 1.93895e+00 5.81467e+02
-1.25956e+00 2.00218e+00 5.87333e+02
-1.31673e+00 2.06567e+00 5.93024e+02
-1.37529e+00 2.12943e+00 5.98523e+02
-1.43526e+00 2.19346e+00 6.03819e+02
-1.49662e+00 2.25778e+00 6.08898e+02
-1.55940e+00 2.32240e+00 6.13747e+02
-1.62360e+00 2.38735e+00 6.18355e+02
-1.68921e+00 2.45262e+00 6.22709e+02
-1.75626e+00 2.51823e+00 6.26796e+02
-1.82475e+00 2.58420e+00 6.30605e+02
-1.89469e+00 2.65053e+00 6.34121e+02
-1.96609e+00 2.71725e+00 6.37331e+02
-2.03896e+00 2.78437e+00 6.40220e+02
-2.11332e+00 2.85190e+00 6.42773e+02
-2.18917e+00 2.91984e+00 6.44972e+02
-2.26654e+00 2.98823e+00 6.46800e+02
-2.34543e+00 3.05707e+00 6.48238e+02
-2.42587e+00 3.12637e+00 6.49263e+02
-2.50787e+00 3.19615e+00 6.49854e+02
-2.59144e+00 3.26643e+00 6.49984e+02
-2.67661e+00 3.33722e+00 6.49627e+02
-2.76339e+00 3.40854e+00 6.48751e+02
-2.85182e+00 3.48040e+00 6.47325e+02
-2.94190e+00 3.55281e+00 6.45310e+02
-3.03366e+00 3.62580e+00 6.42667e+02
-3.12712e+00 3.69939e+00 6.39349e+02
-3.22231e+00 3.77357e+00 6.35308e+02
-3.31926e+00 3.84839e+00 6.30486e+02
-3.41799e+00 3.92385e+00 6.24822e+02
-3.51853e+00 3.99996e+00 6.18244e+02
-3.87839e-01 7.85836e-01 4.76490e+02
-4.14293e-01 8.47777e-01 4.74989e+02
-4.42296e-01 9.09651e-01 4.75691e+02
-4.71829e-01 9.71475e-01 4.78060e+02
-5.02874e-01 1.03326e+00 4.81696e+02
-5.35416e-01 1.09503e+00 4.86298e+02
-5.69439e-01 1.15680e+00 4.91635e+02
-6.04931e-01 1.21858e+00 4.97526e+02
-6.41879e-01 1.28038e+00 5.03831e+02
-6.80272e-01 1.34222e+00 5.10435e+02
-7.20101e-01 1.40412e+00 5.17248e+02
-7.61356e-01 1.46608e+00 5.24195e+02
-8.04031e-01 1.52813e+00 5.31214e+02
-8.48119e-01 1.59026e+00 5.38256e+02
-8.93614e-01 1.65251e+00 5.45276e+02
-9.40513e-01 1.71488e+00 5.52240e+02
-9.88812e-01 1.77738e+00 5.59115e+02
-1.03851e+00 1.84003e+00 5.65876e+02
-1.08960e+00 1.90285e+00 5.72497e+02
-1.14209e+00 1.96583e+00 5.78959e+02
-1.19597e+00 2.02900e+00 5.85243e+02
-1.25125e+00 2.09237e+00 5.91330e+02
-1.30793e+00 2.15594e+00 5.97205e+02
-1.36601e+00 2.21975e+00 6.02852e+02
-1.42550e+00 2.28378e+00 6.08258e+02
-1.48640e+00 2.34807e+00 6.13408e+02
-1.54871e+00 2.41262e+00 6.18288e+02
-1.61245e+00 2.47744e+00 6.22885e+02
-1.67762e+00 2.54255e+00 6.27185e+02
-1.74423e+00 2.60796e+00 6.31174e+02
-1.81228e+00 2.67369e+00 6.34837e+02
-1.88180e+00 2.73973e+00 6.38160e+02
-1.95278e+00 2.80612e+00 6.41127e+02
-2.02524e+00 2.87286e+00 6.43722e+02
-2.09919e+00 2.93996e+00 6.45927e+02
-2.17465e+00 3.00745e+00 6.47724e+02
-2.25162e+00 3.07532e+00 6.49095e+02
-2.33013e+00 3.14360e+00 6.50017e+02
-2.41019e+00 3.21231e+00 6.50470e+02
-2.49182e+00 3.28144e+00 6.50428e+02
-2.57503e+00 3.35103e+00 6.49866e+02
-2.65984e+00 3.42107e+00 6.48757e+02
-2.74628e+00 3.49160e+00 6.47070e+02
-2.83436e+00 3.56262e+00 6.44773e+02
-2.92410e+00 3.63415e+00 6.41829e+02
-3.01553e+00 3.70620e+00 6.38201e+02
-3.10867e+00 3.77879e+00 6.33845e+02
-3.20354e+00 3.85193e+00 6.28716e+02
-3.30017e+00 3.92565e+00 6.22764e+02
-3.39859e+00 3.99996e+00 6.15931e+02
-3.63067e-01 8.03255e-01 4.62987e+02
-3.87512e-01 8.66037e-01 4.62868e+02
-4.13500e-01 9.28704e-01 4.64662e+02
-4.41014e-01 9.91271e-01 4.67930e+02
-4.70035e-01 1.05376e+00 4.72336e+02
-5.00549e-01 1.11617e+00 4.77623e+02
-5.32540e-01 1.17854e+00 4.83586e+02
-5.65996e-01 1.24086e+00 4.90066e+02
-6.00903e-01 1.30317e+00 4.96931e+02
-6.37252e-01 1.36546e+00 5.04078e+02
-6.75032e-01 1.42777e+00 5.11420e+02
-7.14235e-01 1.49009e+00 5.18884e+02
-7.54853e-01 1.55244e+00 5.26412e+02
-7.96879e-01 1.61484e+00 5.33952e+02
-8.40308e-01 1.67731e+00 5.41462e+02
-8.85135e-01 1.73984e+00 5.48903e+02
-9.31357e-01 1.80246e+00 5.56244e+02
-9.78970e-01 1.86519e+00 5.63456e+02
-1.02797e+00 1.92802e+00 5.70513e+02
-1.07837e+00 1.99098e+00 5.77392e+02
-1.13015e+00 2.05407e+00 5.84073e+02
-1.18332e+00 2.11732e+00 5.90536e+02
-1.23788e+00 2.18072e+00 5.96764e+02
-1.29383e+00 2.24430e+00 6.02739e+02
-1.35118e+00 2.30807e+00 6.08445e+02
-1.40994e+00 2.37204e+00 6.13867e+02
-1.47010e+00 2.43622e+00 6.18990e+02
-1.53167e+00 2.50062e+00 6.23798e+02
-1.59465e+00 2.56526e+00 6.28276e+02
-1.65907e+00 2.63015e+00 6.32409e+02
-1.72492e+00 2.69529e+00 6.36182e+02
-1.79221e+00 2.76072e+00 6.39580e+02
-1.86095e+00 2.82642e+00 6.42585e+02
-1.93116e+00 2.89243e+00 6.45182e+02
-2.00284e+00 2.95875e+00 6.47353e+02
-2.07601e+00 3.02539e+00 6.49079e+02
-2.15067e+00 3.09237e+00 6.50343e+02
-2.22686e+00 3.15970e+00 6.51123e+02
-2.30457e+00 3.22739e+00 6.51399e+02
-2.38382e+00 3.29546e+00 6.51149e+02
-2.46463e+00 3.36392e+00 6.50348e+02
-2.54702e+00 3.43278e+00 6.48971e+02
-2.63101e+00 3.50206e+00 6.46991e+02
-2.71661e+00 3.57178e+00 6.44380e+02
-2.80385e+00 3.64194e+00 6.41107e+02
-2.89274e+00 3.71256e+00 6.37138e+02
-2.98331e+00 3.78366e+00 6.32439e+02
-3.07558e+00 3.85525e+00 6.26970e+02
-3.16958e+00 3.92735e+00 6.20691e+02
-3.26532e+00 3.99996e+00 6.13558e+02
-3.38011e-01 8.20263e-01 4.51984e+02
-3.60479e-01 8.83749e-01 4.52907e+02
-3.84471e-01 9.47079e-01 4.55534e+02
-4.09968e-01 1.01027e+00 4.59501e+02
-4.36955e-01 1.07334e+00 4.64522e+02
-4.65414e-01 1.13630e+00 4.70370e+02
-4.95334e-01 1.19916e+00 4.76862e+02
-5.26699e-01 1.26195e+00 4.83852e+02
-5.59500e-01 1.32468e+00 4.91217e+02
-5.93725e-01 1.38735e+00 4.98856e+02
-6.29364e-01 1.45000e+00 5.06687e+02
-6.66409e-01 1.51262e+00 5.14636e+02
-7.04853e-01 1.57523e+00 5.22645e+02
-7.44688e-01 1.63785e+00 5.30661e+02
-7.85908e-01 1.70048e+00 5.38639e+02
-8.28510e-01 1.76315e+00 5.46539e+02
-8.72489e-01 1.82586e+00 5.54327e+02
-9.17842e-01 1.88863e+00 5.61972e+02
-9.64568e-01 1.95147e+00 5.69445e+02
-1.01266e+00 2.01439e+00 5.76723e+02
-1.06213e+00 2.07741e+00 5.83781e+02
-1.11297e+00 2.14053e+00 5.90599e+02
-1.16517e+00 2.20376e+00 5.97156e+02
-1.21876e+00 2.26713e+00 6.03434e+02
-1.27371e+00 2.33064e+00 6.09414e+02
-1.33005e+00 2.39431e+00 6.15080e+02
-1.38777e+00 2.45814e+00 6.20415e+02
-1.44689e+00 2.52215e+00 6.25402e+02
-1.50739e+00 2.58635e+00 6.30025e+02
-1.56930e+00 2.65075e+00 6.34269e+02
-1.63262e+00 2.71536e+00 6.38117e+02
-1.69735e+00 2.78020e+00 6.41553e+02
-1.76351e+00 2.84527e+00 6.44560e+02
-1.83110e+00 2.91060e+00 6.47123e+02
-1.90015e+00 2.97619e+00 6.49223e+02
-1.97064e+00 3.04205e+00 6.50843e+02
-2.04261e+00 3.10820e+00 6.51965e+02
-2.11606e+00 3.17464e+00 6.52569e+02
-2.19100e+00 3.24140e+00 6.52637e+02
-2.26745e+00 3.30848e+00 6.52147e+02
-2.34543e+00 3.37590e+00 6.51077e+02
-2.42495e+00 3.44367e+00 6.49406e+02
-2.50602e+00 3.51179e+00 6.47108e+02
-2.58867e+00 3.58030e+00 6.44160e+02
-2.67291e+00 3.64919e+00 6.40535e+02
-2.75877e+00 3.71848e+00 6.36204e+02
-2.84625e+00 3.78820e+00 6.31138e+02
-2.93539e+00 3.85834e+00 6.25306e+02
-3.02621e+00 3.92892e+00 6.18674e+02
-3.11872e+00 3.99997e+00 6.11207e+02
-3.12702e-01 8.36847e-01 4.43501e+02
-3.33228e-01 9.00900e-01 4.45128e+02
-3.55241e-01 9.64765e-01 4.48326e+02
-3.78726e-01 1.02846e+00 4.52787e+02
-4.03666e-01 1.09200e+00 4.58258e+02
-4.30047e-01 1.15540e+00 4.64537e+02
-4.57856e-01 1.21867e+00 4.71454e+02
-4.87080e-01 1.28184e+00 4.78870e+02
-5.17709e-01 1.34490e+00 4.86666e+02
-5.49731e-01 1.40789e+00 4.94743e+02
-5.83138e-01 1.47080e+00 5.03017e+02
-6.17921e-01 1.53366e+00 5.11414e+02
-6.54073e-01 1.59648e+00 5.19873e+02
-6.91587e-01 1.65927e+00 5.28337e+02
-7.30458e-01 1.72204e+00 5.36759e+02
-7.70681e-01 1.78480e+00 5.45096e+02
-8.12252e-01 1.84758e+00 5.53310e+02
-8.55168e-01 1.91037e+00 5.61368e+02
-8.99426e-01 1.97320e+00 5.69238e+02
-9.45024e-01 2.03607e+00 5.76893e+02
-9.91963e-01 2.09900e+00 5.84307e+02
-1.04024e+00 2.16199e+00 5.91456e+02
-1.08986e+00 2.22506e+00 5.98319e+02
-1.14082e+00 2.28823e+00 6.04874e+02
-1.19313e+00 2.35149e+00 6.11101e+02
-1.24678e+00 2.41487e+00 6.16983e+02
-1.30179e+00 2.47838e+00 6.22501e+02
-1.35815e+00 2.54202e+00 6.27637e+02
-1.41587e+00 2.60581e+00 6.32375e+02
-1.47495e+00 2.66976e+00 6.36698e+02
-1.53541e+00 2.73388e+00 6.40589e+02
-1.59725e+00 2.79818e+00 6.44031e+02
-1.66048e+00 2.86268e+00 6.47009e+02
-1.72510e+00 2.92738e+00 6.49506e+02
-1.79113e+00 2.99229e+00 6.51505e+02
-1.85857e+00 3.05744e+00 6.52989e+02
-1.92745e+00 3.12282e+00 6.53941e+02
-1.99775e+00 3.18845e+00 6.54342e+02
-2.06951e+00 3.25435e+00 6.54176e+02
-2.14273e+00 3.32051e+00 6.53423e+02
-2.21743e+00 3.38697e+00 6.52064e+02
-2.29362e+00 3.45372e+00 6.50078e+02
-2.37132e+00 3.52079e+00 6.47446e+02
-2.45053e+00 3.58817e+00 6.44145e+02
-2.53129e+00 3.65589e+00 6.40154e+02
-2.61360e+00 3.72396e+00 6.35447e+02
-2.69749e+00 3.79239e+00 6.30002e+02
-2.78297e+00 3.86119e+00 6.23793e+02
-2.87007e+00 3.93038e+00 6.16792e+02
-2.95880e+00 3.99997e+00 6.08971e+02
-2.87172e-01 8.52995e-01 4.37554e+02
-3.05789e-01 9.17479e-01 4.39552e+02
-3.25843e-01 9.81755e-01 4.43057e+02
-3.47320e-01 1.04584e+00 4.47797e+02
-3.70205e-01 1.10974e+00 4.53548e+02
-3.94484e-01 1.17348e+00 4.60118e+02
-4.20145e-01 1.23707e+00 4.67346e+02
-4.47177e-01 1.30052e+00 4.75095e+02
-4.75569e-01 1.36385e+00 4.83247e+02
-5.05311e-01 1.42707e+00 4.91700e+02
-5.36395e-01 1.49019e+00 5.00366e+02
-5.68813e-01 1.55323e+00 5.09169e+02
-6.02557e-01 1.61620e+00 5.18040e+02
-6.37622e-01 1.67911e+00 5.26920e+02
-6.74003e-01 1.74197e+00 5.35758e+02
-7.11693e-01 1.80480e+00 5.44506e+02
-7.50690e-01 1.86761e+00 5.53123e+02
-7.90991e-01 1.93041e+00 5.61570e+02
-8.32592e-01 1.99320e+00 5.69814e+02
-8.75493e-01 2.05601e+00 5.77824e+02
-9.19692e-01 2.11885e+00 5.85570e+02
-9.65188e-01 2.18171e+00 5.93027e+02
-1.01198e+00 2.24462e+00 6.00171e+02
-1.06008e+00 2.30759e+00 6.06978e+02
-1.10947e+00 2.37063e+00 6.13427e+02
-1.16017e+00 2.43374e+00 6.19498e+02
-1.21217e+00 2.49694e+00 6.25172e+02
-1.26549e+00 2.56025e+00 6.30430e+02
-1.32012e+00 2.62366e+00 6.35255e+02
-1.37607e+00 2.68719e+00 6.39629e+02
-1.43334e+00 2.75086e+00 6.43535e+02
-1.49194e+00 2.81467e+00 6.46958e+02
-1.55189e+00 2.87863e+00 6.49880e+02
-1.61318e+00 2.94276e+00 6.52286e+02
-1.67582e+00 3.00706e+00 6.54160e+02
-1.73982e+00 3.07154e+00 6.55485e+02
-1.80520e+00 3.13623e+00 6.56246e+02
-1.87196e+00 3.20111e+00 6.56427e+02
-1.94011e+00 3.26622e+00 6.56010e+02
-2.00967e+00 3.33156e+00 6.54979e+02
-2.08065e+00 3.39713e+00 6.53318e+02
-2.15305e+00 3.46296e+00 6.51009e+02
-2.22690e+00 3.52905e+00 6.48033e+02
-2.30221e+00 3.59541e+00 6.44373e+02
-2.37899e+00 3.66205e+00 6.40010e+02
-2.45725e+00 3.72900e+00 6.34925e+02
-2.53703e+00 3.79625e+00 6.29097e+02
-2.61832e+00 3.86382e+00 6.22506e+02
-2.70115e+00 3.93172e+00 6.15130e+02
-2.78555e+00 3.99997e+00 6.06947e+02
-2.61450e-01 8.68696e-01 4.34166e+02
-2.78192e-01 9.33480e-01 4.36203e+02
-2.96308e-01 9.98042e-01 4.39742e+02
-3.15783e-01 1.06239e+00 4.44541e+02
-3.36604e-01 1.12655e+00 4.50388e+02
-3.58759e-01 1.19053e+00 4.57100e+02
-3.82237e-01 1.25434e+00 4.64516e+02
-4.07026e-01 1.31800e+00 4.72496e+02
-4.33119e-01 1.38151e+00 4.80919e+02
-4.60505e-01 1.44489e+00 4.89677e+02
-4.89177e-01 1.50816e+00 4.98677e+02
-5.19127e-01 1.57132e+00 5.07834e+02
-5.50349e-01 1.63439e+00 5.17075e+02
-5.82837e-01 1.69738e+00 5.26334e+02
-6.16586e-01 1.76030e+00 5.35555e+02
-6.51592e-01 1.82316e+00 5.44684e+02
-6.87851e-01 1.88597e+00 5.53675e+02
-7.25359e-01 1.94874e+00 5.62486e+02
-7.64114e-01 2.01149e+00 5.71078e+02
-8.04115e-01 2.07423e+00 5.79417e+02
-8.45360e-01 2.13696e+00 5.87471e+02
-8.87849e-01 2.19969e+00 5.95212e+02
-9.31582e-01 2.26245e+00 6.02612e+02
-9.76560e-01 2.32523e+00 6.09647e+02
-1.02278e+00 2.38805e+00 6.16293e+02
-1.07025e+00 2.45091e+00 6.22529e+02
-1.11897e+00 2.51383e+00 6.28335e+02
-1.16895e+00 2.57682e+00 6.33691e+02
-1.22018e+00 2.63989e+00 6.38579e+02
-1.27267e+00 2.70305e+00 6.42981e+02
-1.32643e+00 2.76630e+00 6.46882e+02
-1.38146e+00 2.82966e+00 6.50264e+02
-1.43776e+00 2.89314e+00 6.53111e+02
-1.49535e+00 2.95674e+00 6.55409e+02
-1.55423e+00 3.02048e+00 6.57142e+02
-1.61441e+00 3.08437e+00 6.58295e+02
-1.67590e+00 3.14842e+00 6.58854e+02
-1.73870e+00 3.21264e+00 6.58804e+02
-1.80282e+00 3.27703e+00 6.58129e+02
-1.86828e+00 3.34161e+00 6.56817e+02
-1.93509e+00 3.40638e+00 6.54851e+02
-2.00325e+00 3.47137e+00 6.52217e+02
-2.07279e+00 3.53657e+00 6.48900e+02
-2.14370e+00 3.60200e+00 6.44885e+02
-2.21601e+00 3.66767e+00 6.40156e+02
-2.28972e+00 3.73359e+00 6.34697e+02
-2.36486e+00 3.79976e+00 6.28493e+02
-2.44144e+00 3.86621e+00 6.21527e+02
-2.51947e+00 3.93294e+00 6.13781e+02
-2.59897e+00 3.99997e+00 6.05240e+02
-2.35566e-01 8.83941e-01 4.33360e+02
-2.50470e-01 9.48896e-01 4.35104e+02
-2.66668e-01 1.01362e+00 4.38401e+02
-2.84149e-01 1.07813e+00 4.43025e+02
-3.02899e-01 1.14244e+00 4.48774e+02
-3.22909e-01 1.20656e+00 4.55464e+02
-3.44168e-01 1.27050e+00 4.62932e+02
-3.66667e-01 1.33427e+00 4.71030e+02
-3.90399e-01 1.39789e+00 4.79628e+02
-4.15354e-01 1.46137e+00 4.88611e+02
-4.41525e-01 1.52471e+00 4.97875e+02
-4.68907e-01 1.58794e+00 5.07328e+02
-4.97493e-01 1.65106e+00 5.16889e+02
-5.27277e-01 1.71408e+00 5.26484e+02
-5.58256e-01 1.77701e+00 5.36048e+02
-5.90425e-01 1.83986e+00 5.45523e+02
-6.23780e-01 1.90265e+00 5.54856e+02
-6.58319e-01 1.96538e+00 5.64000e+02
-6.94040e-01 2.02807e+00 5.72913e+02
-7.30940e-01 2.09071e+00 5.81555e+02
-7.69018e-01 2.15334e+00 5.89891e+02
-8.08274e-01 2.21594e+00 5.97891e+02
-8.48707e-01 2.27854e+00 6.05523e+02
-8.90318e-01 2.34114e+00 6.12762e+02
-9.33108e-01 2.40375e+00 6.19583e+02
-9.77078e-01 2.46639e+00 6.25963e+02
-1.02223e+00 2.52905e+00 6.31880e+02
-1.06857e+00 2.59175e+00 6.37315e+02
-1.11609e+00 2.65451e+00 6.42248e+02
-1.16480e+00 2.71732e+00 6.46663e+02
-1.21471e+00 2.78020e+00 6.50543e+02
-1.26582e+00 2.84315e+00 6.53871e+02
-1.31814e+00 2.90620e+00 6.56633e+02
-1.37166e+00 2.96933e+00 6.58814e+02
-1.42640e+00 3.03258e+00 6.60399e+02
-1.48236e+00 3.09593e+00 6.61376e+02
-1.53955e+00 3.15941e+00 6.61731e+02
-1.59798e+00 3.22302e+00 6.61451e+02
-1.65765e+00 3.28676e+00 6.60522e+02
-1.71858e+00 3.35066e+00 6.58933e+02
-1.78077e+00 3.41472e+00 6.56671e+02
-1.84423e+00 3.47895e+00 6.53724e+02
-1.90898e+00 3.54336e+00 6.50078e+02
-1.97501e+00 3.60795e+00 6.45722e+02
-2.04235e+00 3.67274e+00 6.40643e+02
-2.11101e+00 3.73773e+00 6.34829e+02
-2.18100e+00 3.80294e+00 6.28266e+02
-2.25233e+00 3.86838e+00 6.20942e+02
-2.32501e+00 3.93405e+00 6.12844e+02
-2.39906e+00 3.99997e+00 6.03959e+02
-2.09550e-01 8.98722e-01 4.35167e+02
-2.22652e-01 9.63722e-01 4.36283e+02
-2.36955e-01 1.02850e+00 4.39049e+02
-2.52448e-01 1.09305e+00 4.43254e+02
-2.69122e-01 1.15741e+00 4.48696e+02
-2.86967e-01 1.22157e+00 4.55187e+02
-3.05975e-01 1.28555e+00 4.62555e+02
-3.26137e-01 1.34935e+00 4.70642e+02
-3.47447e-01 1.41300e+00 4.79308e+02
-3.69898e-01 1.47650e+00 4.88422e+02
-3.93483e-01 1.53986e+00 4.97872e+02
-4.18196e-01 1.60310e+00 5.07554e+02
-4.44033e-01 1.66621e+00 5.17375e+02
-4.70988e-01 1.72921e+00 5.27254e+02
-4.99058e-01 1.79212e+00 5.37116e+02
-5.28239e-01 1.85493e+00 5.46897e+02
-5.58528e-01 1.91767e+00 5.56535e+02
-5.89922e-01 1.98033e+00 5.65979e+02
-6.22418e-01 2.04293e+00 5.75181e+02
-6.56016e-01 2.10548e+00 5.84098e+02
-6.90714e-01 2.16799e+00 5.92690e+02
-7.26510e-01 2.23046e+00 6.00924e+02
-7.63406e-01 2.29291e+00 6.08766e+02
-8.01401e-01 2.35533e+00 6.16189e+02
-8.40495e-01 2.41775e+00 6.23165e+02
-8.80689e-01 2.48017e+00 6.29671e+02
-9.21986e-01 2.54260e+00 6.35684e+02
-9.64387e-01 2.60504e+00 6.41184e+02
-1.00789e+00 2.66751e+00 6.46152e+02
-1.05251e+00 2.73002e+00 6.50570e+02
-1.09824e+00 2.79256e+00 6.54421e+02
-1.14508e+00 2.85516e+00 6.57692e+02
-1.19304e+00 2.91781e+00 6.60366e+02
-1.24213e+00 2.98053e+00 6.62431e+02
-1.29235e+00 3.04333e+00 6.63873e+02
-1.34370e+00 3.10621e+00 6.64680e+02
-1.39620e+00 3.16918e+00 6.64840e+02
-1.44983e+00 3.23226e+00 6.64342e+02
-1.50463e+00 3.29544e+00 6.63175e+02
-1.56058e+00 3.35873e+00 6.61327e+02
-1.61770e+00 3.42215e+00 6.58789e+02
-1.67600e+00 3.48571e+00 6.55550e+02
-1.73548e+00 3.54941e+00 6.51600e+02
-1.79616e+00 3.61325e+00 6.46929e+02
-1.85803e+00 3.67726e+00 6.41528e+02
-1.92113e+00 3.74143e+00 6.35386e+02
-1.98544e+00 3.80578e+00 6.28493e+02
-2.05099e+00 3.87031e+00 6.20841e+02
-2.11778e+00 3.93504e+00 6.12419e+02
-2.18583e+00 3.99997e+00 6.03216e+02
-1.83432e-01 9.13036e-01 4.39625e+02
-1.94768e-01 9.77957e-01 4.39770e+02
-2.07197e-01 1.04266e+00 4.41706e+02
-2.20712e-01 1.10715e+00 4.45230e+02
-2.35305e-01 1.17145e+00 4.50139e+02
-2.50967e-01 1.23556e+00 4.56236e+02
-2.67692e-01 1.29949e+00 4.63336e+02
-2.85473e-01 1.36325e+00 4.71269e+02
-3.04303e-01 1.42685e+00 4.79878e+02
-3.24178e-01 1.49031e+00 4.89019e+02
-3.45091e-01 1.55362e+00 4.98563e+02
-3.67038e-01 1.61680e+00 5.08395e+02
-3.90015e-01 1.67986e+00 5.18409e+02
-4.14017e-01 1.74280e+00 5.28511e+02
-4.39041e-01 1.80564e+00 5.38620e+02
-4.65084e-01 1.86838e+00 5.48659e+02
-4.92143e-01 1.93103e+00 5.58562e+02
-5.20216e-01 1.99361e+00 5.68269e+02
-5.49300e-01 2.05611e+00 5.77727e+02
-5.79395e-01 2.11855e+00 5.86889e+02
-6.10498e-01 2.18093e+00 5.95711e+02
-6.42610e-01 2.24326e+00 6.04155e+02
-6.75730e-01 2.30556e+00 6.12186e+02
-7.09857e-01 2.36782e+00 6.19774e+02
-7.44992e-01 2.43005e+00 6.26891e+02
-7.81136e-01 2.49228e+00 6.33510e+02
-8.18290e-01 2.55449e+00 6.39609e+02
-8.56455e-01 2.61670e+00 6.45167e+02
-8.95633e-01 2.67891e+00 6.50165e+02
-9.35826e-01 2.74114e+00 6.54585e+02
-9.77036e-01 2.80339e+00 6.58411e+02
-1.01927e+00 2.86567e+00 6.61629e+02
-1.06252e+00 2.92799e+00 6.64224e+02
-1.10680e+00 2.99034e+00 6.66185e+02
-1.15211e+00 3.05275e+00 6.67498e+02
-1.19846e+00 3.11522e+00 6.68153e+02
-1.24585e+00 3.17775e+00 6.68140e+02
-1.29428e+00 3.24036e+00 6.67448e+02
-1.34376e+00 3.30304e+00 6.66068e+02
-1.39430e+00 3.36581e+00 6.63991e+02
-1.44590e+00 3.42868e+00 6.61209e+02
-1.49857e+00 3.49165e+00 6.57713e+02
-1.55231e+00 3.55472e+00 6.53495e+02
-1.60714e+00 3.61792e+00 6.48548e+02
-1.66305e+00 3.68124e+00 6.42864e+02
-1.72007e+00 3.74469e+00 6.36435e+02
-1.77818e+00 3.80828e+00 6.29253e+02
-1.83742e+00 3.87202e+00 6.21313e+02
-1.89778e+00 3.93591e+00 6.12607e+02
-1.95927e+00 3.99997e+00 6.03126e+02
-1.57240e-01 9.26878e-01 4.46780e+02
-1.66845e-01 9.91601e-01 4.45602e+02
-1.77425e-01 1.05612e+00 4.46393e+02
-1.88973e-01 1.12045e+00 4.48956e+02
-2.01481e-01 1.18458e+00 4.53084e+02
-2.14943e-01 1.24855e+00 4.58571e+02
-2.29355e-01 1.31234e+00 4.65217e+02
-2.44711e-01 1.37597e+00 4.72834e+02
-2.61005e-01 1.43945e+00 4.81246e+02
-2.78234e-01 1.50279e+00 4.90292e+02
-2.96392e-01 1.56599e+00 4.99827e+02
-3.15477e-01 1.62906e+00 5.09718e+02
-3.35484e-01 1.69201e+00 5.19845e+02
-3.56410e-01 1.75485e+00 5.30104e+02
-3.78253e-01 1.81758e+00 5.40398e+02
-4.01009e-01 1.88022e+00 5.50644e+02
-4.24676e-01 1.94276e+00 5.60765e+02
-4.49253e-01 2.00522e+00 5.70696e+02
-4.74738e-01 2.06760e+00 5.80375e+02
-5.01129e-01 2.12991e+00 5.89752e+02
-5.28425e-01 2.19216e+00 5.98777e+02
-5.56625e-01 2.25435e+00 6.07410e+02
-5.85730e-01 2.31649e+00 6.15612e+02
-6.15739e-01 2.37860e+00 6.23351e+02
-6.46651e-01 2.44066e+00 6.30597e+02
-6.78468e-01 2.50270e+00 6.37324e+02
-7.11190e-01 2.56472e+00 6.43506e+02
-7.44818e-01 2.62672e+00 6.49123e+02
-7.79354e-01 2.68871e+00 6.54155e+02
-8.14798e-01 2.75070e+00 6.58586e+02
-8.51152e-01 2.81269e+00 6.62399e+02
-8.88419e-01 2.87470e+00 6.65579e+02
-9.26602e-01 2.93672e+00 6.68115e+02
-9.65702e-01 2.99877e+00 6.69994e+02
-1.00572e+00 3.06084e+00 6.71204e+02
-1.04667e+00 3.12296e+00 6.71738e+02
-1.08854e+00 3.18511e+00 6.71584e+02
-1.13134e+00 3.24732e+00 6.70734e+02
-1.17508e+00 3.30958e+00 6.69182e+02
-1.21976e+00 3.37190e+00 6.66918e+02
-1.26538e+00 3.43429e+00 6.63936e+02
-1.31195e+00 3.49676e+00 6.60230e+02
-1.35948e+00 3.55931e+00 6.55793e+02
-1.40796e+00 3.62194e+00 6.50620e+02
-1.45741e+00 3.68467e+00 6.44704e+02
-1.50784e+00 3.74751e+00 6.38040e+02
-1.55924e+00 3.81044e+00 6.30623e+02
-1.61162e+00 3.87350e+00 6.22448e+02
-1.66500e+00 3.93667e+00 6.13509e+02
-1.71938e+00 3.99997e+00 6.03802e+02
-1.31001e-01 9.40245e-01 4.56688e+02
-1.38914e-01 1.00465e+00 4.53822e+02
-1.47668e-01 1.06888e+00 4.53132e+02
-1.57258e-01 1.13293e+00 4.54430e+02
-1.67679e-01 1.19682e+00 4.57508e+02
-1.78927e-01 1.26054e+00 4.62146e+02
-1.90998e-01 1.32411e+00 4.68128e+02
-2.03887e-01 1.38754e+00 4.75246e+02
-2.17590e-01 1.45082e+00 4.83303e+02
-2.32105e-01 1.51397e+00 4.92118e+02
-2.47428e-01 1.57700e+00 5.01524e+02
-2.63555e-01 1.63990e+00 5.11371e+02
-2.80485e-01 1.70270e+00 5.21524e+02
-2.98214e-01 1.76538e+00 5.31861e+02
-3.16741e-01 1.82796e+00 5.42275e+02
-3.36063e-01 1.89045e+00 5.52669e+02
-3.56178e-01 1.95286e+00 5.62960e+02
-3.77085e-01 2.01517e+00 5.73070e+02
-3.98783e-01 2.07742e+00 5.82936e+02
-4.21271e-01 2.13959e+00 5.92496e+02
-4.44547e-01 2.20169e+00 6.01701e+02
-4.68610e-01 2.26374e+00 6.10503e+02
-4.93461e-01 2.32574e+00 6.18862e+02
-5.19100e-01 2.38768e+00 6.26743e+02
-5.45525e-01 2.44959e+00 6.34114e+02
-5.72737e-01 2.51146e+00 6.40947e+02
-6.00737e-01 2.57330e+00 6.47217e+02
-6.29526e-01 2.63512e+00 6.52903e+02
-6.59103e-01 2.69691e+00 6.57983e+02
-6.89471e-01 2.75870e+00 6.62442e+02
-7.20629e-01 2.82047e+00 6.66263e+02
-7.52581e-01 2.88225e+00 6.69434e+02
-7.85327e-01 2.94402e+00 6.71940e+02
-8.18869e-01 3.00581e+00 6.73772e+02
-8.53209e-01 3.06761e+00 6.74919e+02
-8.88350e-01 3.12943e+00 6.75372e+02
-9.24294e-01 3.19127e+00 6.75123e+02
-9.61044e-01 3.25314e+00 6.74165e+02
-9.98602e-01 3.31505e+00 6.72491e+02
-1.03697e+00 3.37700e+00 6.70095e+02
-1.07616e+00 3.43900e+00 6.66970e+02
-1.11616e+00 3.50105e+00 6.63114e+02
-1.15699e+00 3.56316e+00 6.58519e+02
-1.19864e+00 3.62533e+00 6.53182e+02
-1.24112e+00 3.68756e+00 6.47098e+02
-1.28444e+00 3.74988e+00 6.40265e+02
-1.32860e+00 3.81227e+00 6.32677e+02
-1.37360e+00 3.87474e+00 6.24332e+02
-1.41945e+00 3.93731e+00 6.15226e+02
-1.46616e+00 3.99997e+00 6.05355e+02
-1.04743e-01 9.53137e-01 4.69419e+02
-1.10999e-01 1.01712e+00 4.64481e+02
-1.17952e-01 1.08094e+00 4.61949e+02
-1.25597e-01 1.14462e+00 4.61652e+02
-1.33931e-01 1.20816e+00 4.63381e+02
-1.42950e-01 1.27155e+00 4.66905e+02
-1.52653e-01 1.33482e+00 4.71989e+02
-1.63035e-01 1.39795e+00 4.78404e+02
-1.74095e-01 1.46097e+00 4.85928e+02
-1.85830e-01 1.52387e+00 4.94356e+02
-1.98238e-01 1.58666e+00 5.03500e+02
-2.11316e-01 1.64934e+00 5.13188e+02
-2.25062e-01 1.71192e+00 5.23266e+02
-2.39476e-01 1.77441e+00 5.33597e+02
-2.54554e-01 1.83680e+00 5.44056e+02
-2.70296e-01 1.89911e+00 5.54537e+02
-2.86700e-01 1.96134e+00 5.64944e+02
-3.03766e-01 2.02350e+00 5.75191e+02
-3.21491e-01 2.08558e+00 5.85205e+02
-3.39876e-01 2.14759e+00 5.94921e+02
-3.58919e-01 2.20955e+00 6.04282e+02
-3.78620e-01 2.27144e+00 6.13238e+02
-3.98978e-01 2.33329e+00 6.21745e+02
-4.19994e-01 2.39509e+00 6.29765e+02
-4.41667e-01 2.45684e+00 6.37263e+02
-4.63996e-01 2.51856e+00 6.44210e+02
-4.86984e-01 2.58024e+00 6.50581e+02
-5.10628e-01 2.64190e+00 6.56353e+02
-5.34931e-01 2.70353e+00 6.61505e+02
-5.59892e-01 2.76514e+00 6.66021e+02
-5.85513e-01 2.82673e+00 6.69884e+02
-6.11794e-01 2.88832e+00 6.73081e+02
-6.38736e-01 2.94989e+00 6.75600e+02
-6.66340e-01 3.01147e+00 6.77431e+02
-6.94609e-01 3.07304e+00 6.78564e+02
-7.23542e-01 3.13463e+00 6.78992e+02
-7.53143e-01 3.19622e+00 6.78705e+02
-7.83411e-01 3.25783e+00 6.77700e+02
-8.14351e-01 3.31946e+00 6.75968e+02
-8.45963e-01 3.38112e+00 6.73506e+02
-8.78249e-01 3.44280e+00 6.70309e+02
-9.11212e-01 3.50452e+00 6.66373e+02
-9.44855e-01 3.56627e+00 6.61693e+02
-9.79180e-01 3.62807e+00 6.56268e+02
-1.01419e+00 3.68991e+00 6.50093e+02
-1.04989e+00 3.75180e+00 6.43166e+02
-1.08627e+00 3.81375e+00 6.35484e+02
-1.12336e+00 3.87576e+00 6.27046e+02
-1.16114e+00 3.93783e+00 6.17849e+02
-1.19962e+00 3.99997e+00 6.07890e+02
-7.84905e-02 9.65555e-01 4.85056e+02
-8.31280e-02 1.02900e+00 4.77637e+02
-8.83040e-02 1.09232e+00 4.72873e+02
-9.40165e-02 1.15553e+00 4.70619e+02
-1.00263e-01 1.21862e+00 4.70669e+02
-1.07042e-01 1.28160e+00 4.72783e+02
-1.14352e-01 1.34447e+00 4.76709e+02
-1.22191e-01 1.40725e+00 4.82191e+02
-1.30556e-01 1.46992e+00 4.88982e+02
-1.39448e-01 1.53250e+00 4.96852e+02
-1.48863e-01 1.59499e+00 5.05585e+02
-1.58802e-01 1.65739e+00 5.14986e+02
-1.69262e-01 1.71971e+00 5.24881e+02
-1.80242e-01 1.78195e+00 5.35111e+02
-1.91742e-01 1.84412e+00 5.45538e+02
-2.03760e-01 1.90621e+00 5.56039e+02
-2.16295e-01 1.96824e+00 5.66506e+02
-2.29347e-01 2.03020e+00 5.76845e+02
-2.42915e-01 2.09210e+00 5.86974e+02
-2.56999e-01 2.15394e+00 5.96819e+02
-2.71597e-01 2.21574e+00 6.06318e+02
-2.86710e-01 2.27748e+00 6.15417e+02
-3.02337e-01 2.33917e+00 6.24068e+02
-3.18478e-01 2.40082e+00 6.32229e+02
-3.35133e-01 2.46244e+00 6.39864e+02
-3.52301e-01 2.52401e+00 6.46942e+02
-3.69983e-01 2.58556e+00 6.53436e+02
-3.88178e-01 2.64707e+00 6.59321e+02
-4.06888e-01 2.70856e+00 6.64578e+02
-4.26111e-01 2.77003e+00 6.69189e+02
-4.45850e-01 2.83148e+00 6.73138e+02
-4.66103e-01 2.89291e+00 6.76410e+02
-4.86871e-01 2.95434e+00 6.78996e+02
-5.08156e-01 3.01575e+00 6.80884e+02
-5.29958e-01 3.07716e+00 6.82065e+02
-5.52277e-01 3.13857e+00 6.82532e+02
-5.75115e-01 3.19998e+00 6.82278e+02
-5.98472e-01 3.26139e+00 6.81297e+02
-6.22350e-01 3.32281e+00 6.79584e+02
-6.46749e-01 3.38425e+00 6.77135e+02
-6.71671e-01 3.44570e+00 6.73946e+02
-6.97118e-01 3.50716e+00 6.70013e+02
-7.23090e-01 3.56865e+00 6.65334e+02
-7.49589e-01 3.63017e+00 6.59906e+02
-7.76616e-01 3.69171e+00 6.53727e+02
-8.04174e-01 3.75329e+00 6.46795e+02
-8.32264e-01 3.81490e+00 6.39108e+02
-8.60887e-01 3.87654e+00 6.30666e+02
-8.90046e-01 3.93823e+00 6.21466e+02
-9.19743e-01 3.99997e+00 6.11507e+02
-5.22692e-02 9.77502e-01 5.03699e+02
-5.53244e-02 1.04031e+00 4.93360e+02
-5.87494e-02 1.10303e+00 4.85939e+02
-6.25431e-02 1.16566e+00 4.81328e+02
-6.67045e-02 1.22822e+00 4.79333e+02
-7.12327e-02 1.29070e+00 4.79709e+02
-7.61267e-02 1.35310e+00 4.82184e+02
-8.13856e-02 1.41543e+00 4.86479e+02
-8.70087e-02 1.47769e+00 4.92316e+02
-9.29950e-02 1.53988e+00 4.99436e+02
-9.93438e-02 1.60201e+00 5.07595e+02
-1.06055e-01 1.66408e+00 5.16570e+02
-1.13126e-01 1.72608e+00 5.26162e+02
-1.20559e-01 1.78803e+00 5.36193e+02
-1.28351e-01 1.84993e+00 5.46504e+02
-1.36503e-01 1.91177e+00 5.56957e+02
-1.45014e-01 1.97356e+00 5.67431e+02
-1.53884e-01 2.03530e+00 5.77818e+02
-1.63111e-01 2.09700e+00 5.88028e+02
-1.72697e-01 2.15866e+00 5.97979e+02
-1.82639e-01 2.22027e+00 6.07603e+02
-1.92939e-01 2.28185e+00 6.16840e+02
-2.03596e-01 2.34339e+00 6.25637e+02
-2.14610e-01 2.40490e+00 6.33950e+02
-2.25981e-01 2.46638e+00 6.41740e+02
-2.37707e-01 2.52783e+00 6.48973e+02
-2.49791e-01 2.58925e+00 6.55621e+02
-2.62230e-01 2.65065e+00 6.61658e+02
-2.75027e-01 2.71202e+00 6.67063e+02
-2.88179e-01 2.77338e+00 6.71818e+02
-3.01689e-01 2.83472e+00 6.75906e+02
-3.15554e-01 2.89605e+00 6.79314e+02
-3.29777e-01 2.95736e+00 6.82030e+02
-3.44357e-01 3.01866e+00 6.84043e+02
-3.59295e-01 3.07996e+00 6.85345e+02
-3.74590e-01 3.14125e+00 6.85928e+02
-3.90243e-01 3.20253e+00 6.85787e+02
-4.06254e-01 3.26382e+00 6.84914e+02
-4.22625e-01 3.32510e+00 6.83307e+02
-4.39354e-01 3.38639e+00 6.80960e+02
-4.56444e-01 3.44769e+00 6.77871e+02
-4.73894e-01 3.50899e+00 6.74035e+02
-4.91704e-01 3.57030e+00 6.69452e+02
-5.09877e-01 3.63163e+00 6.64119e+02
-5.28411e-01 3.69297e+00 6.58034e+02
-5.47309e-01 3.75432e+00 6.51196e+02
-5.66570e-01 3.81570e+00 6.43604e+02
-5.86195e-01 3.87710e+00 6.35257e+02
-6.06186e-01 3.93852e+00 6.26154e+02
-6.26543e-01 3.99997e+00 6.16294e+02
-2.61025e-02 9.88980e-01 5.25468e+02
-2.76122e-02 1.05104e+00 5.11731e+02
-2.93119e-02 1.11306e+00 5.01186e+02
-3.12015e-02 1.17504e+00 4.93775e+02
-3.32806e-02 1.23697e+00 4.89329e+02
-3.55489e-02 1.29886e+00 4.87600e+02
-3.80060e-02 1.36071e+00 4.88302e+02
-4.06518e-02 1.42253e+00 4.91126e+02
-4.34860e-02 1.48431e+00 4.95766e+02
-4.65082e-02 1.54605e+00 5.01928e+02
-4.97182e-02 1.60775e+00 5.09335e+02
-5.31158e-02 1.66943e+00 5.17734e+02
-5.67008e-02 1.73107e+00 5.26899e+02
-6.04730e-02 1.79268e+00 5.36626e+02
-6.44321e-02 1.85426e+00 5.46737e+02
-6.85779e-02 1.91581e+00 5.57073e+02
-7.29104e-02 1.97733e+00 5.67499e+02
-7.74292e-02 2.03883e+00 5.77894e+02
-8.21343e-02 2.10031e+00 5.88157e+02
-8.70255e-02 2.16175e+00 5.98197e+02
-9.21026e-02 2.22318e+00 6.07938e+02
-9.73656e-02 2.28459e+00 6.17315e+02
-1.02814e-01 2.34597e+00 6.26269e+02
-1.08449e-01 2.40734e+00 6.34753e+02
-1.14268e-01 2.46869e+00 6.42724e+02
-1.20274e-01 2.53002e+00 6.50145e+02
-1.26464e-01 2.59133e+00 6.56987e+02
-1.32840e-01 2.65263e+00 6.63223e+02
-1.39402e-01 2.71392e+00 6.68829e+02
-1.46148e-01 2.77520e+00 6.73786e+02
-1.53080e-01 2.83646e+00 6.78078e+02
-1.60197e-01 2.89772e+00 6.81689e+02
-1.67499e-01 2.95897e+00 6.84609e+02
-1.74986e-01 3.02021e+00 6.86826e+02
-1.82659e-01 3.08144e+00 6.88332e+02
-1.90516e-01 3.14267e+00 6.89118e+02
-1.98559e-01 3.20389e+00 6.89179e+02
-2.06788e-01 3.26511e+00 6.88509e+02
-2.15202e-01 3.32633e+00 6.87103e+02
-2.23801e-01 3.38755e+00 6.84957e+02
-2.32585e-01 3.44877e+00 6.82069e+02
-2.41556e-01 3.50999e+00 6.78435e+02
-2.50712e-01 3.57122e+00 6.74053e+02
-2.60054e-01 3.63245e+00 6.68922e+02
-2.69582e-01 3.69368e+00 6.63040e+02
-2.79296e-01 3.75492e+00 6.56405e+02
-2.89196e-01 3.81617e+00 6.49017e+02
-2.99282e-01 3.87743e+00 6.40875e+02
-3.09556e-01 3.93869e+00 6.31979e+02
-3.20016e-01 3.99997e+00 6.22328e+02
-1.27618e-05 9.99995e-01 5.50501e+02
-1.34922e-05 1.06122e+00 5.32846e+02
-1.43181e-05 1.12244e+00 5.18658e+02
-1.52397e-05 1.18367e+00 5.07956e+02
-1.62567e-05 1.24489e+00 5.00605e+02
-1.73691e-05 1.30612e+00 4.96366e+02
-1.85769e-05 1.36734e+00 4.94935e+02
-1.98800e-05 1.42856e+00 4.95979e+02
-2.12784e-05 1.48979e+00 4.99156e+02
-2.27721e-05 1.55101e+00 5.04134e+02
-2.43609e-05 1.61224e+00 5.10600e+02
-2.60448e-05 1.67346e+00 5.18266e+02
-2.78237e-05 1.73469e+00 5.26874e+02
-2.96977e-05 1.79591e+00 5.36191e+02
-3.16666e-05 1.85713e+00 5.46016e+02
-3.37305e-05 1.91836e+00 5.56169e+02
-3.58892e-05 1.97958e+00 5.66497e+02
-3.81427e-05 2.04081e+00 5.76865e+02
-4.04909e-05 2.10203e+00 5.87158e+02
-4.29339e-05 2.16325e+00 5.97276e+02
-4.54715e-05 2.22448e+00 6.07135e+02
-4.81037e-05 2.28570e+00 6.16660e+02
-5.08304e-05 2.34693e+00 6.25791e+02
-5.36516e-05 2.40815e+00 6.34472e+02
-5.65672e-05 2.46937e+00 6.42659e+02
-5.95773e-05 2.53060e+00 6.50311e+02
-6.26816e-05 2.59182e+00 6.57397e+02
-6.58803e-05 2.65304e+00 6.63886e+02
-6.91732e-05 2.71427e+00 6.69754e+02
-7.25602e-05 2.77549e+00 6.74982e+02
-7.60414e-05 2.83672e+00 6.79550e+02
-7.96166e-05 2.89794e+00 6.83444e+02
-8.32859e-05 2.95916e+00 6.86650e+02
-8.70491e-05 3.02039e+00 6.89158e+02
-9.09063e-05 3.08161e+00 6.90958e+02
-9.48573e-05 3.14284e+00 6.92042e+02
-9.89021e-05 3.20406e+00 6.92404e+02
-1.03041e-04 3.26528e+00 6.92038e+02
-1.07273e-04 3.32651e+00 6.90938e+02
-1.11599e-04 3.38773e+00 6.89101e+02
-1.16018e-04 3.44896e+00 6.86524e+02
-1.20532e-04 3.51018e+00 6.83204e+02
-1.25138e-04 3.57140e+00 6.79137e+02
-1.29838e-04 3.63263e+00 6.74323e+02
-1.34632e-04 3.69385e+00 6.68761e+02
-1.39518e-04 3.75507e+00 6.62447e+02
-1.44498e-04 3.81630e+00 6.55383e+02
-1.49572e-04 3.87752e+00 6.47566e+02
-1.54738e-04 3.93875e+00 6.38997e+02
-1.59998e-04 3.99997e+00 6.29674e+02
