-1.00000e+00 0.00000e+00 5.05309e+02
-1.06122e+00 0.00000e+00 4.38563e+02
-1.12245e+00 0.00000e+00 4.17650e+02
-1.18367e+00 0.00000e+00 4.29703e+02
-1.24490e+00 0.00000e+00 4.62742e+02
-1.30612e+00 0.00000e+00 5.06085e+02
-1.36734e+00 0.00000e+00 5.50533e+02
-1.42857e+00 0.00000e+00 5.88406e+02
-1.48979e+00 0.00000e+00 6.13471e+02
-1.55101e+00 0.00000e+00 6.20799e+02
-1.61224e+00 0.00000e+00 6.06605e+02
-1.67346e+00 0.00000e+00 5.68062e+02
-1.73469e+00 0.00000e+00 5.03144e+02
-1.79591e+00 0.00000e+00 6.17172e+02
-1.85713e+00 0.00000e+00 6.19060e+02
-1.91836e+00 0.00000e+00 6.21154e+02
-1.97958e+00 0.00000e+00 6.23438e+02
-2.04081e+00 0.00000e+00 6.25900e+02
-2.10203e+00 0.00000e+00 6.28526e+02
-2.16325e+00 0.00000e+00 6.31303e+02
-2.22448e+00 0.00000e+00 6.34217e+02
-2.28570e+00 0.00000e+00 6.37257e+02
-2.34693e+00 0.00000e+00 6.40411e+02
-2.40815e+00 0.00000e+00 6.43667e+02
-2.46937e+00 0.00000e+00 6.47017e+02
-2.53060e+00 0.00000e+00 6.46650e+02
-2.59182e+00 0.00000e+00 6.48347e+02
-2.65304e+00 0.00000e+00 6.49961e+02
-2.71427e+00 0.00000e+00 6.51486e+02
-2.77549e+00 0.00000e+00 6.52917e+02
-2.83672e+00 0.00000e+00 6.54250e+02
-2.89794e+00 0.00000e+00 6.55479e+02
-2.95916e+00 0.00000e+00 6.56600e+02
-3.02039e+00 0.00000e+00 6.57609e+02
-3.08161e+00 0.00000e+00 6.58501e+02
-3.14284e+00 0.00000e+00 6.59274e+02
-3.20406e+00 0.00000e+00 6.59922e+02
-3.26528e+00 0.00000e+00 6.60707e+02
-3.32651e+00 0.00000e+00 6.61294e+02
-3.38773e+00 0.00000e+00 6.61833e+02
-3.44896e+00 0.00000e+00 6.62322e+02
-3.51018e+00 0.00000e+00 6.62762e+02
-3.57140e+00 0.00000e+00 6.63151e+02
-3.63263e+00 0.00000e+00 6.63487e+02
-3.69385e+00 0.00000e+00 6.63770e+02
-3.75507e+00 0.00000e+00 6.64000e+02
-3.81630e+00 0.00000e+00 6.64173e+02
-3.87752e+00 0.00000e+00 6.64291e+02
-3.93875e+00 0.00000e+00 6.64350e+02
-3.99997e+00 0.00000e+00 6.64351e+02
-9.88119e-01 2.81231e-02 3.71681e+02
-1.04987e+00 2.95565e-02 3.68361e+02
-1.11159e+00 3.11762e-02 3.87898e+02
-1.17328e+00 3.29823e-02 4.22717e+02
-1.23494e+00 3.49746e-02 4.65773e+02
-1.29657e+00 3.71530e-02 5.10762e+02
-1.35818e+00 3.95177e-02 5.52215e+02
-1.41976e+00 4.20684e-02 5.85515e+02
-1.48132e+00 4.48053e-02 6.06860e+02
-1.54286e+00 4.77283e-02 6.13181e+02
-1.60437e+00 5.08374e-02 6.02064e+02
-1.66587e+00 5.41327e-02 5.71647e+02
-1.72735e+00 5.76141e-02 5.20538e+02
-1.78894e+00 6.13034e-02 6.10063e+02
-1.85056e+00 6.51872e-02 6.14049e+02
-1.91215e+00 6.92585e-02 6.17965e+02
-1.97372e+00 7.35172e-02 6.21761e+02
-2.03526e+00 7.79633e-02 6.25396e+02
-2.09678e+00 8.25968e-02 6.28837e+02
-2.15829e+00 8.74175e-02 6.32056e+02
-2.21977e+00 9.24256e-02 6.35032e+02
-2.28124e+00 9.76211e-02 6.37748e+02
-2.34269e+00 1.03004e-01 6.40189e+02
-2.40412e+00 1.08574e-01 6.42347e+02
-2.46554e+00 1.14332e-01 6.44213e+02
-2.52701e+00 1.20292e-01 6.46487e+02
-2.58852e+00 1.26455e-01 6.48089e+02
-2.65000e+00 1.32804e-01 6.49626e+02
-2.71147e+00 1.39341e-01 6.51091e+02
-2.77292e+00 1.46064e-01 6.52475e+02
-2.83435e+00 1.52974e-01 6.53771e+02
-2.89577e+00 1.60071e-01 6.54973e+02
-2.95717e+00 1.67355e-01 6.56076e+02
-3.01856e+00 1.74825e-01 6.57072e+02
-3.07994e+00 1.82482e-01 6.57958e+02
-3.14131e+00 1.90327e-01 6.58729e+02
-3.20266e+00 1.98358e-01 6.59380e+02
-3.26403e+00 2.06582e-01 6.60113e+02
-3.32542e+00 2.15006e-01 6.60691e+02
-3.38680e+00 2.23616e-01 6.61216e+02
-3.44816e+00 2.32410e-01 6.61685e+02
-3.50951e+00 2.41388e-01 6.62099e+02
-3.57085e+00 2.50551e-01 6.62456e+02
-3.63218e+00 2.59899e-01 6.62756e+02
-3.69349e+00 2.69431e-01 6.62997e+02
-3.75480e+00 2.79148e-01 6.63180e+02
-3.81610e+00 2.89049e-01 6.63302e+02
-3.87740e+00 2.99135e-01 6.63363e+02
-3.93869e+00 3.09406e-01 6.63362e+02
-3.99997e+00 3.19862e-01 6.63298e+02
-9.75796e-01 5.61609e-02 2.76588e+02
-1.03798e+00 5.90573e-02 3.15444e+02
-1.10010e+00 6.23153e-02 3.60748e+02
-1.16216e+00 6.59342e-02 4.09146e+02
-1.22418e+00 6.99138e-02 4.57399e+02
-1.28614e+00 7.42535e-02 5.02497e+02
-1.34806e+00 7.89531e-02 5.41726e+02
-1.40994e+00 8.40123e-02 5.72705e+02
-1.47177e+00 8.94308e-02 5.93379e+02
-1.53356e+00 9.52083e-02 6.02012e+02
-1.59531e+00 1.01345e-01 5.97159e+02
-1.65703e+00 1.07840e-01 5.77631e+02
-1.71872e+00 1.14694e-01 5.42466e+02
-1.78064e+00 1.21958e-01 6.03272e+02
-1.84260e+00 1.29601e-01 6.08631e+02
-1.90452e+00 1.37605e-01 6.13782e+02
-1.96640e+00 1.45970e-01 6.18647e+02
-2.02824e+00 1.54696e-01 6.23161e+02
-2.09004e+00 1.63782e-01 6.27271e+02
-2.15180e+00 1.73229e-01 6.30936e+02
-2.21353e+00 1.83037e-01 6.34120e+02
-2.27523e+00 1.93205e-01 6.36796e+02
-2.33690e+00 2.03734e-01 6.38944e+02
-2.39854e+00 2.14624e-01 6.40546e+02
-2.46017e+00 2.25875e-01 6.41590e+02
-2.52188e+00 2.37522e-01 6.45078e+02
-2.58368e+00 2.49566e-01 6.46663e+02
-2.64545e+00 2.61970e-01 6.48183e+02
-2.70718e+00 2.74733e-01 6.49631e+02
-2.76888e+00 2.87856e-01 6.50997e+02
-2.83055e+00 3.01338e-01 6.52274e+02
-2.89220e+00 3.15181e-01 6.53455e+02
-2.95382e+00 3.29384e-01 6.54533e+02
-3.01542e+00 3.43947e-01 6.55503e+02
-3.07700e+00 3.58870e-01 6.56359e+02
-3.13856e+00 3.74155e-01 6.57096e+02
-3.20011e+00 3.89801e-01 6.57711e+02
-3.26167e+00 4.05821e-01 6.58397e+02
-3.32330e+00 4.22236e-01 6.58933e+02
-3.38491e+00 4.39008e-01 6.59404e+02
-3.44648e+00 4.56136e-01 6.59811e+02
-3.50804e+00 4.73621e-01 6.60153e+02
-3.56958e+00 4.91463e-01 6.60428e+02
-3.63109e+00 5.09663e-01 6.60635e+02
-3.69260e+00 5.28221e-01 6.60774e+02
-3.75409e+00 5.47137e-01 6.60843e+02
-3.81557e+00 5.66412e-01 6.60841e+02
-3.87704e+00 5.86047e-01 6.60768e+02
-3.93851e+00 6.06041e-01 6.60622e+02
-3.99997e+00 6.26396e-01 6.60403e+02
-9.63030e-01 8.40859e-02 2.15675e+02
-1.02554e+00 8.84753e-02 2.78699e+02
-1.08798e+00 9.33898e-02 3.37586e+02
-1.15033e+00 9.88282e-02 3.92083e+02
-1.21262e+00 1.04789e-01 4.41659e+02
-1.27484e+00 1.11272e-01 4.85599e+02
-1.33699e+00 1.18276e-01 5.23081e+02
-1.39908e+00 1.25800e-01 5.53234e+02
-1.46112e+00 1.33844e-01 5.75185e+02
-1.52310e+00 1.42406e-01 5.88086e+02
-1.58504e+00 1.51486e-01 5.91133e+02
-1.64693e+00 1.61085e-01 5.83582e+02
-1.70878e+00 1.71201e-01 5.64752e+02
-1.77098e+00 1.81925e-01 5.96958e+02
-1.83325e+00 1.93200e-01 6.03109e+02
-1.89546e+00 2.04997e-01 6.08998e+02
-1.95762e+00 2.17315e-01 6.14533e+02
-2.01972e+00 2.30153e-01 6.19637e+02
-2.08177e+00 2.43511e-01 6.24245e+02
-2.14377e+00 2.57389e-01 6.28303e+02
-2.20574e+00 2.71788e-01 6.31765e+02
-2.26766e+00 2.86706e-01 6.34594e+02
-2.32955e+00 3.02145e-01 6.36759e+02
-2.39141e+00 3.18104e-01 6.38234e+02
-2.45323e+00 3.34583e-01 6.38999e+02
-2.51521e+00 3.51646e-01 6.42691e+02
-2.57732e+00 3.69290e-01 6.44311e+02
-2.63938e+00 3.87453e-01 6.45857e+02
-2.70139e+00 4.06134e-01 6.47321e+02
-2.76337e+00 4.25334e-01 6.48693e+02
-2.82531e+00 4.45054e-01 6.49967e+02
-2.88722e+00 4.65293e-01 6.51135e+02
-2.94909e+00 4.86052e-01 6.52192e+02
-3.01095e+00 5.07332e-01 6.53131e+02
-3.07278e+00 5.29134e-01 6.53949e+02
-3.13459e+00 5.51457e-01 6.54639e+02
-3.19639e+00 5.74304e-01 6.55200e+02
-3.25822e+00 5.97696e-01 6.55863e+02
-3.32015e+00 6.21670e-01 6.56321e+02
-3.38205e+00 6.46159e-01 6.56712e+02
-3.44392e+00 6.71164e-01 6.57031e+02
-3.50576e+00 6.96687e-01 6.57276e+02
-3.56758e+00 7.22727e-01 6.57446e+02
-3.62938e+00 7.49286e-01 6.57537e+02
-3.69116e+00 7.76365e-01 6.57547e+02
-3.75294e+00 8.03965e-01 6.57475e+02
-3.81470e+00 8.32087e-01 6.57319e+02
-3.87646e+00 8.60733e-01 6.57076e+02
-3.93821e+00 8.89905e-01 6.56745e+02
-3.99997e+00 9.19603e-01 6.56325e+02
-9.49824e-01 1.11869e-01 1.84510e+02
-1.01257e+00 1.17782e-01 2.56937e+02
-1.07522e+00 1.24372e-01 3.19733e+02
-1.13777e+00 1.31636e-01 3.74574e+02
-1.20024e+00 1.39572e-01 4.22577e+02
-1.26263e+00 1.48179e-01 4.64399e+02
-1.32495e+00 1.57455e-01 5.00343e+02
-1.38719e+00 1.67399e-01 5.30437e+02
-1.44937e+00 1.78010e-01 5.54510e+02
-1.51148e+00 1.89286e-01 5.72246e+02
-1.57354e+00 2.01227e-01 5.83237e+02
-1.63555e+00 2.13831e-01 5.87017e+02
-1.69752e+00 2.27098e-01 5.83086e+02
-1.75995e+00 2.41165e-01 5.91299e+02
-1.82249e+00 2.55945e-01 5.97797e+02
-1.88496e+00 2.71393e-01 6.04014e+02
-1.94736e+00 2.87508e-01 6.09864e+02
-2.00969e+00 3.04290e-01 6.15276e+02
-2.07198e+00 3.21738e-01 6.20183e+02
-2.13420e+00 3.39852e-01 6.24528e+02
-2.19639e+00 3.58632e-01 6.28263e+02
-2.25853e+00 3.78078e-01 6.31342e+02
-2.32063e+00 3.98190e-01 6.33729e+02
-2.38270e+00 4.18968e-01 6.35389e+02
-2.44474e+00 4.40413e-01 6.36293e+02
-2.50698e+00 4.62619e-01 6.39604e+02
-2.56941e+00 4.85583e-01 6.41285e+02
-2.63178e+00 5.09211e-01 6.42882e+02
-2.69410e+00 5.33503e-01 6.44383e+02
-2.75638e+00 5.58460e-01 6.45781e+02
-2.81862e+00 5.84082e-01 6.47068e+02
-2.88082e+00 6.10370e-01 6.48238e+02
-2.94300e+00 6.37326e-01 6.49285e+02
-3.00515e+00 6.64950e-01 6.50203e+02
-3.06728e+00 6.93243e-01 6.50988e+02
-3.12940e+00 7.22207e-01 6.51635e+02
-3.19151e+00 7.51843e-01 6.52142e+02
-3.25366e+00 7.82185e-01 6.52826e+02
-3.31596e+00 8.13288e-01 6.53174e+02
-3.37823e+00 8.45053e-01 6.53463e+02
-3.44046e+00 8.77480e-01 6.53686e+02
-3.50267e+00 9.10573e-01 6.53834e+02
-3.56486e+00 9.44332e-01 6.53902e+02
-3.62703e+00 9.78759e-01 6.53885e+02
-3.68919e+00 1.01386e+00 6.53776e+02
-3.75134e+00 1.04963e+00 6.53572e+02
-3.81349e+00 1.08607e+00 6.53267e+02
-3.87564e+00 1.12319e+00 6.52858e+02
-3.93780e+00 1.16100e+00 6.52341e+02
-3.99997e+00 1.19948e+00 6.51711e+02
-9.36181e-01 1.39482e-01 1.78544e+02
-9.99056e-01 1.46949e-01 2.48885e+02
-1.06182e+00 1.55232e-01 3.08450e+02
-1.12449e+00 1.64327e-01 3.59632e+02
-1.18705e+00 1.74231e-01 4.04165e+02
-1.24953e+00 1.84943e-01 4.43240e+02
-1.31193e+00 1.96459e-01 4.77613e+02
-1.37425e+00 2.08778e-01 5.07695e+02
-1.43650e+00 2.21896e-01 5.33633e+02
-1.49869e+00 2.35814e-01 5.55380e+02
-1.56082e+00 2.50529e-01 5.72744e+02
-1.62289e+00 2.66040e-01 5.85432e+02
-1.68493e+00 2.82347e-01 5.93082e+02
-1.74755e+00 2.99637e-01 5.86497e+02
-1.81031e+00 3.17793e-01 5.93019e+02
-1.87300e+00 3.36750e-01 5.99233e+02
-1.93561e+00 3.56507e-01 6.05085e+02
-1.99816e+00 3.77064e-01 6.10526e+02
-2.06065e+00 3.98419e-01 6.15508e+02
-2.12308e+00 4.20573e-01 6.19984e+02
-2.18547e+00 4.43526e-01 6.23910e+02
-2.24782e+00 4.67276e-01 6.27247e+02
-2.31013e+00 4.91826e-01 6.29954e+02
-2.37242e+00 5.17174e-01 6.31996e+02
-2.43468e+00 5.43323e-01 6.33339e+02
-2.49720e+00 5.70401e-01 6.36096e+02
-2.55995e+00 5.98405e-01 6.37843e+02
-2.62265e+00 6.27205e-01 6.39497e+02
-2.68530e+00 6.56802e-01 6.41048e+02
-2.74790e+00 6.87196e-01 6.42486e+02
-2.81047e+00 7.18388e-01 6.43803e+02
-2.87301e+00 7.50380e-01 6.44994e+02
-2.93553e+00 7.83173e-01 6.46051e+02
-2.99803e+00 8.16770e-01 6.46970e+02
-3.06051e+00 8.51171e-01 6.47744e+02
-3.12299e+00 8.86379e-01 6.48370e+02
-3.18546e+00 9.22397e-01 6.48843e+02
-3.24801e+00 9.59270e-01 6.49606e+02
-3.31074e+00 9.97074e-01 6.49815e+02
-3.37344e+00 1.03567e+00 6.49994e+02
-3.43612e+00 1.07507e+00 6.50125e+02
-3.49877e+00 1.11527e+00 6.50196e+02
-3.56141e+00 1.15627e+00 6.50193e+02
-3.62405e+00 1.19808e+00 6.50104e+02
-3.68668e+00 1.24069e+00 6.49918e+02
-3.74931e+00 1.28412e+00 6.49623e+02
-3.81195e+00 1.32836e+00 6.49212e+02
-3.87460e+00 1.37343e+00 6.48674e+02
-3.93727e+00 1.41932e+00 6.48001e+02
-3.99997e+00 1.46603e+00 6.47185e+02
-9.22105e-01 1.66893e-01 1.93054e+02
-9.85005e-01 1.75945e-01 2.53173e+02
-1.04779e+00 1.85940e-01 3.04941e+02
-1.11047e+00 1.96872e-01 3.50231e+02
-1.17304e+00 2.08737e-01 3.90418e+02
-1.23553e+00 2.21533e-01 4.26464e+02
-1.29793e+00 2.35255e-01 4.59002e+02
-1.36026e+00 2.49901e-01 4.88411e+02
-1.42252e+00 2.65468e-01 5.14869e+02
-1.48471e+00 2.81954e-01 5.38409e+02
-1.54685e+00 2.99358e-01 5.58949e+02
-1.60895e+00 3.17676e-01 5.76330e+02
-1.67100e+00 3.36909e-01 5.90336e+02
-1.73377e+00 3.57305e-01 5.82773e+02
-1.79671e+00 3.78706e-01 5.89106e+02
-1.85957e+00 4.01028e-01 5.95055e+02
-1.92237e+00 4.24271e-01 6.00630e+02
-1.98510e+00 4.48432e-01 6.05826e+02
-2.04777e+00 4.73512e-01 6.10633e+02
-2.11040e+00 4.99510e-01 6.15032e+02
-2.17298e+00 5.26425e-01 6.19000e+02
-2.23553e+00 5.54259e-01 6.22512e+02
-2.29805e+00 5.83010e-01 6.25538e+02
-2.36055e+00 6.12681e-01 6.28049e+02
-2.42304e+00 6.43272e-01 6.30014e+02
-2.48585e+00 6.74952e-01 6.32443e+02
-2.54894e+00 7.07717e-01 6.34239e+02
-2.61198e+00 7.41397e-01 6.35944e+02
-2.67498e+00 7.75993e-01 6.37546e+02
-2.73794e+00 8.11506e-01 6.39035e+02
-2.80088e+00 8.47937e-01 6.40401e+02
-2.86379e+00 8.85289e-01 6.41637e+02
-2.92669e+00 9.23564e-01 6.42734e+02
-2.98957e+00 9.62764e-01 6.43687e+02
-3.05246e+00 1.00289e+00 6.44487e+02
-3.11535e+00 1.04395e+00 6.45130e+02
-3.17825e+00 1.08594e+00 6.45610e+02
-3.24125e+00 1.12893e+00 6.46525e+02
-3.30448e+00 1.17301e+00 6.46569e+02
-3.36769e+00 1.21801e+00 6.46637e+02
-3.43088e+00 1.26392e+00 6.46701e+02
-3.49407e+00 1.31076e+00 6.46735e+02
-3.55725e+00 1.35853e+00 6.46714e+02
-3.62043e+00 1.40723e+00 6.46616e+02
-3.68362e+00 1.45687e+00 6.46421e+02
-3.74683e+00 1.50744e+00 6.46108e+02
-3.81007e+00 1.55896e+00 6.45659e+02
-3.87333e+00 1.61144e+00 6.45056e+02
-3.93663e+00 1.66486e+00 6.44285e+02
-3.99997e+00 1.71926e+00 6.43329e+02
-9.08076e-01 1.93204e-01 2.04058e+02
-9.70878e-01 2.03868e-01 2.60650e+02
-1.03356e+00 2.15587e-01 3.07908e+02
-1.09614e+00 2.28355e-01 3.48348e+02
-1.15863e+00 2.42167e-01 3.83839e+02
-1.22102e+00 2.57019e-01 4.15732e+02
-1.28333e+00 2.72905e-01 4.44968e+02
-1.34558e+00 2.89824e-01 4.72162e+02
-1.40776e+00 3.07771e-01 4.97687e+02
-1.46988e+00 3.26744e-01 5.21721e+02
-1.53196e+00 3.46739e-01 5.44302e+02
-1.59401e+00 3.67757e-01 5.65363e+02
-1.65602e+00 3.89794e-01 5.84759e+02
-1.71887e+00 4.13183e-01 5.77125e+02
-1.78193e+00 4.37713e-01 5.83640e+02
-1.84492e+00 4.63272e-01 5.89849e+02
-1.90785e+00 4.89858e-01 5.95698e+02
-1.97072e+00 5.17470e-01 6.01143e+02
-2.03354e+00 5.46108e-01 6.06152e+02
-2.09633e+00 5.75770e-01 6.10696e+02
-2.15908e+00 6.06456e-01 6.14756e+02
-2.22181e+00 6.38168e-01 6.18314e+02
-2.28453e+00 6.70905e-01 6.21360e+02
-2.34723e+00 7.04668e-01 6.23883e+02
-2.40994e+00 7.39459e-01 6.25878e+02
-2.47303e+00 7.75503e-01 6.28840e+02
-2.53647e+00 8.12791e-01 6.30744e+02
-2.59986e+00 8.51099e-01 6.32547e+02
-2.66322e+00 8.90429e-01 6.34237e+02
-2.72656e+00 9.30783e-01 6.35804e+02
-2.78988e+00 9.72163e-01 6.37238e+02
-2.85320e+00 1.01457e+00 6.38531e+02
-2.91651e+00 1.05801e+00 6.39676e+02
-2.97982e+00 1.10248e+00 6.40665e+02
-3.04315e+00 1.14799e+00 6.41494e+02
-3.10651e+00 1.19454e+00 6.42156e+02
-3.16989e+00 1.24214e+00 6.42646e+02
-3.23340e+00 1.29086e+00 6.43675e+02
-3.29720e+00 1.34084e+00 6.43632e+02
-3.36099e+00 1.39183e+00 6.43637e+02
-3.42477e+00 1.44386e+00 6.43659e+02
-3.48856e+00 1.49691e+00 6.43670e+02
-3.55236e+00 1.55101e+00 6.43642e+02
-3.61618e+00 1.60614e+00 6.43552e+02
-3.68003e+00 1.66232e+00 6.43377e+02
-3.74392e+00 1.71955e+00 6.43093e+02
-3.80785e+00 1.77785e+00 6.42682e+02
-3.87183e+00 1.83720e+00 6.42123e+02
-3.93587e+00 1.89764e+00 6.41398e+02
-3.99997e+00 1.95915e+00 6.40491e+02
-8.93672e-01 2.19243e-01 2.25124e+02
-9.56271e-01 2.31549e-01 2.74016e+02
-1.01876e+00 2.45009e-01 3.14731e+02
-1.08115e+00 2.59617e-01 3.49640e+02
-1.14345e+00 2.75367e-01 3.80514e+02
-1.20566e+00 2.92253e-01 4.08650e+02
-1.26781e+00 3.10270e-01 4.34969e+02
-1.32990e+00 3.29414e-01 4.60105e+02
-1.39193e+00 3.49681e-01 4.84464e+02
-1.45393e+00 3.71068e-01 5.08281e+02
-1.51589e+00 3.93572e-01 5.31662e+02
-1.57783e+00 4.17191e-01 5.54614e+02
-1.63975e+00 4.41922e-01 5.77071e+02
-1.70263e+00 4.68187e-01 5.70089e+02
-1.76577e+00 4.95717e-01 5.77189e+02
-1.82885e+00 5.24370e-01 5.83918e+02
-1.89187e+00 5.54145e-01 5.90225e+02
-1.95486e+00 5.85040e-01 5.96066e+02
-2.01781e+00 6.17054e-01 6.01410e+02
-2.08073e+00 6.50186e-01 6.06232e+02
-2.14364e+00 6.84438e-01 6.10511e+02
-2.20654e+00 7.19809e-01 6.14233e+02
-2.26944e+00 7.56299e-01 6.17389e+02
-2.33236e+00 7.93911e-01 6.19970e+02
-2.39529e+00 8.32646e-01 6.21972e+02
-2.45867e+00 8.72785e-01 6.25355e+02
-2.52246e+00 9.14318e-01 6.27395e+02
-2.58623e+00 9.56964e-01 6.29329e+02
-2.64997e+00 1.00073e+00 6.31144e+02
-2.71371e+00 1.04560e+00 6.32828e+02
-2.77745e+00 1.09160e+00 6.34371e+02
-2.84120e+00 1.13872e+00 6.35763e+02
-2.90496e+00 1.18697e+00 6.36996e+02
-2.96875e+00 1.23635e+00 6.38062e+02
-3.03258e+00 1.28686e+00 6.38953e+02
-3.09645e+00 1.33852e+00 6.39664e+02
-3.16037e+00 1.39132e+00 6.40189e+02
-3.22445e+00 1.44536e+00 6.41299e+02
-3.28888e+00 1.50080e+00 6.41232e+02
-3.35332e+00 1.55737e+00 6.41228e+02
-3.41777e+00 1.61505e+00 6.41256e+02
-3.48225e+00 1.67386e+00 6.41288e+02
-3.54675e+00 1.73380e+00 6.41296e+02
-3.61131e+00 1.79488e+00 6.41256e+02
-3.67591e+00 1.85711e+00 6.41143e+02
-3.74057e+00 1.92049e+00 6.40935e+02
-3.80529e+00 1.98503e+00 6.40611e+02
-3.87010e+00 2.05075e+00 6.40149e+02
-3.93499e+00 2.11764e+00 6.39532e+02
-3.99997e+00 2.18572e+00 6.38739e+02
-8.78830e-01 2.45113e-01 2.48726e+02
-9.41121e-01 2.59091e-01 2.90555e+02
-1.00331e+00 2.74309e-01 3.25267e+02
-1.06542e+00 2.90762e-01 3.55054e+02
-1.12744e+00 3.08441e-01 3.81565e+02
-1.18940e+00 3.27340e-01 4.06018e+02
-1.25131e+00 3.47454e-01 4.29298e+02
-1.31317e+00 3.68778e-01 4.52035e+02
-1.37499e+00 3.91306e-01 4.74655e+02
-1.43679e+00 4.15036e-01 4.97436e+02
-1.49858e+00 4.39964e-01 5.20538e+02
-1.56037e+00 4.66087e-01 5.44033e+02
-1.62216e+00 4.93404e-01 5.67926e+02
-1.68502e+00 5.22425e-01 5.62953e+02
-1.74819e+00 5.52822e-01 5.70659e+02
-1.81132e+00 5.84424e-01 5.77934e+02
-1.87441e+00 6.17229e-01 5.84726e+02
-1.93748e+00 6.51236e-01 5.90997e+02
-2.00053e+00 6.86443e-01 5.96715e+02
-2.06358e+00 7.22851e-01 6.01856e+02
-2.12663e+00 7.60458e-01 6.06403e+02
-2.18970e+00 7.99267e-01 6.10343e+02
-2.25278e+00 8.39278e-01 6.13666e+02
-2.31591e+00 8.80492e-01 6.16366e+02
-2.37907e+00 9.22913e-01 6.18439e+02
-2.44276e+00 9.66876e-01 6.22119e+02
-2.50691e+00 1.01237e+00 6.24315e+02
-2.57106e+00 1.05906e+00 6.26399e+02
-2.63521e+00 1.10694e+00 6.28357e+02
-2.69938e+00 1.15602e+00 6.30177e+02
-2.76356e+00 1.20631e+00 6.31846e+02
-2.82778e+00 1.25780e+00 6.33355e+02
-2.89204e+00 1.31050e+00 6.34693e+02
-2.95635e+00 1.36441e+00 6.35853e+02
-3.02072e+00 1.41955e+00 6.36825e+02
-3.08516e+00 1.47591e+00 6.37602e+02
-3.14968e+00 1.53351e+00 6.38178e+02
-3.21440e+00 1.59245e+00 6.39348e+02
-3.27953e+00 1.65294e+00 6.39329e+02
-3.34468e+00 1.71462e+00 6.39378e+02
-3.40988e+00 1.77751e+00 6.39466e+02
-3.47512e+00 1.84160e+00 6.39566e+02
-3.54042e+00 1.90692e+00 6.39654e+02
-3.60579e+00 1.97346e+00 6.39705e+02
-3.67124e+00 2.04123e+00 6.39697e+02
-3.73677e+00 2.11025e+00 6.39609e+02
-3.80240e+00 2.18053e+00 6.39420e+02
-3.86814e+00 2.25206e+00 6.39110e+02
-3.93399e+00 2.32487e+00 6.38662e+02
-3.99997e+00 2.39896e+00 6.38055e+02
-8.63558e-01 2.70785e-01 2.74523e+02
-9.25433e-01 2.86464e-01 3.09749e+02
-9.87226e-01 3.03458e-01 3.38907e+02
-1.04895e+00 3.21758e-01 3.63970e+02
-1.11061e+00 3.41358e-01 3.86424e+02
-1.17223e+00 3.62249e-01 4.07379e+02
-1.23382e+00 3.84425e-01 4.27655e+02
-1.29538e+00 4.07881e-01 4.47850e+02
-1.35693e+00 4.32611e-01 4.68391e+02
-1.41848e+00 4.58612e-01 4.89575e+02
-1.48004e+00 4.85879e-01 5.11597e+02
-1.54162e+00 5.14410e-01 5.34578e+02
-1.60323e+00 5.44203e-01 5.58578e+02
-1.66603e+00 5.75859e-01 5.56296e+02
-1.72919e+00 6.08990e-01 5.64557e+02
-1.79233e+00 6.43395e-01 5.72338e+02
-1.85546e+00 6.79073e-01 5.79590e+02
-1.91858e+00 7.16020e-01 5.86276e+02
-1.98172e+00 7.54237e-01 5.92368e+02
-2.04487e+00 7.93724e-01 5.97842e+02
-2.10805e+00 8.34479e-01 6.02681e+02
-2.17127e+00 8.76505e-01 6.06872e+02
-2.23454e+00 9.19803e-01 6.10407e+02
-2.29788e+00 9.64375e-01 6.13277e+02
-2.36128e+00 1.01022e+00 6.15479e+02
-2.42528e+00 1.05774e+00 6.19384e+02
-2.48981e+00 1.10691e+00 6.21746e+02
-2.55436e+00 1.15735e+00 6.23990e+02
-2.61894e+00 1.20905e+00 6.26101e+02
-2.68356e+00 1.26201e+00 6.28066e+02
-2.74823e+00 1.31625e+00 6.29871e+02
-2.81295e+00 1.37177e+00 6.31505e+02
-2.87775e+00 1.42856e+00 6.32957e+02
-2.94262e+00 1.48665e+00 6.34217e+02
-3.00759e+00 1.54603e+00 6.35277e+02
-3.07265e+00 1.60671e+00 6.36128e+02
-3.13783e+00 1.66869e+00 6.36760e+02
-3.20325e+00 1.73212e+00 6.37952e+02
-3.26914e+00 1.79722e+00 6.38035e+02
-3.33509e+00 1.86358e+00 6.38173e+02
-3.40110e+00 1.93122e+00 6.38345e+02
-3.46719e+00 2.00014e+00 6.38528e+02
-3.53337e+00 2.07036e+00 6.38703e+02
-3.59965e+00 2.14187e+00 6.38850e+02
-3.66604e+00 2.21470e+00 6.38951e+02
-3.73254e+00 2.28884e+00 6.38987e+02
-3.79918e+00 2.36432e+00 6.38942e+02
-3.86595e+00 2.44115e+00 6.38799e+02
-3.93288e+00 2.51932e+00 6.38542e+02
-3.99997e+00 2.59887e+00 6.38157e+02
-8.47864e-01 2.96228e-01 3.02113e+02
-9.09214e-01 3.13638e-01 3.31036e+02
-9.70506e-01 3.32424e-01 3.55019e+02
-1.03175e+00 3.52577e-01 3.75756e+02
-1.09297e+00 3.74088e-01 3.94522e+02
-1.15416e+00 3.96948e-01 4.12275e+02
-1.21535e+00 4.21152e-01 4.29736e+02
-1.27654e+00 4.46692e-01 4.47439e+02
-1.33775e+00 4.73563e-01 4.65782e+02
-1.39898e+00 5.01762e-01 4.85053e+02
-1.46025e+00 5.31283e-01 5.05459e+02
-1.52158e+00 5.62125e-01 5.27146e+02
-1.58297e+00 5.94284e-01 5.50211e+02
-1.64566e+00 6.28453e-01 5.50653e+02
-1.70877e+00 6.64185e-01 5.59345e+02
-1.77188e+00 7.01247e-01 5.67532e+02
-1.83501e+00 7.39638e-01 5.75167e+02
-1.89817e+00 7.79355e-01 5.82213e+02
-1.96136e+00 8.20398e-01 5.88643e+02
-2.02460e+00 8.62767e-01 5.94432e+02
-2.08790e+00 9.06463e-01 5.99564e+02
-2.15127e+00 9.51486e-01 6.04023e+02
-2.21472e+00 9.97838e-01 6.07799e+02
-2.27827e+00 1.04552e+00 6.10883e+02
-2.34192e+00 1.09454e+00 6.13266e+02
-2.40624e+00 1.14535e+00 6.17375e+02
-2.47116e+00 1.19791e+00 6.19907e+02
-2.53613e+00 1.25180e+00 6.22314e+02
-2.60116e+00 1.30701e+00 6.24580e+02
-2.66626e+00 1.36354e+00 6.26690e+02
-2.73143e+00 1.42140e+00 6.28631e+02
-2.79670e+00 1.48060e+00 6.30390e+02
-2.86208e+00 1.54114e+00 6.31955e+02
-2.92756e+00 1.60303e+00 6.33316e+02
-2.99317e+00 1.66627e+00 6.34461e+02
-3.05892e+00 1.73088e+00 6.35381e+02
-3.12481e+00 1.79686e+00 6.36066e+02
-3.19100e+00 1.86436e+00 6.37231e+02
-3.25772e+00 1.93364e+00 6.37445e+02
-3.32453e+00 2.00425e+00 6.37684e+02
-3.39143e+00 2.07619e+00 6.37936e+02
-3.45845e+00 2.14947e+00 6.38186e+02
-3.52559e+00 2.22411e+00 6.38423e+02
-3.59287e+00 2.30011e+00 6.38635e+02
-3.66029e+00 2.37749e+00 6.38810e+02
-3.72787e+00 2.45626e+00 6.38939e+02
-3.79561e+00 2.53642e+00 6.39010e+02
-3.86354e+00 2.61800e+00 6.39013e+02
-3.93165e+00 2.70101e+00 6.38939e+02
-3.99997e+00 2.78546e+00 6.38779e+02
-8.31760e-01 3.21413e-01 3.31019e+02
-8.92474e-01 3.40584e-01 3.53808e+02
-9.53161e-01 3.61178e-01 3.72949e+02
-1.01383e+00 3.83186e-01 3.89775e+02
-1.07451e+00 4.06598e-01 4.05290e+02
-1.13519e+00 4.31405e-01 4.20253e+02
-1.19590e+00 4.57600e-01 4.35239e+02
-1.25665e+00 4.85177e-01 4.50683e+02
-1.31745e+00 5.14129e-01 4.66916e+02
-1.37831e+00 5.44452e-01 4.84189e+02
-1.43924e+00 5.76142e-01 5.02692e+02
-1.50026e+00 6.09196e-01 5.22569e+02
-1.56137e+00 6.43613e-01 5.43929e+02
-1.62391e+00 6.80173e-01 5.46507e+02
-1.68692e+00 7.18371e-01 5.55442e+02
-1.74997e+00 7.57943e-01 5.63878e+02
-1.81307e+00 7.98888e-01 5.71771e+02
-1.87623e+00 8.41204e-01 5.79081e+02
-1.93945e+00 8.84890e-01 5.85780e+02
-2.00277e+00 9.29946e-01 5.91842e+02
-2.06617e+00 9.76373e-01 5.97246e+02
-2.12969e+00 1.02417e+00 6.01973e+02
-2.19332e+00 1.07335e+00 6.06008e+02
-2.25708e+00 1.12390e+00 6.09338e+02
-2.32098e+00 1.17584e+00 6.11950e+02
-2.38563e+00 1.22966e+00 6.16288e+02
-2.45096e+00 1.28534e+00 6.18987e+02
-2.51636e+00 1.34239e+00 6.21554e+02
-2.58186e+00 1.40080e+00 6.23970e+02
-2.64747e+00 1.46058e+00 6.26220e+02
-2.71319e+00 1.52174e+00 6.28291e+02
-2.77904e+00 1.58428e+00 6.30168e+02
-2.84503e+00 1.64821e+00 6.31838e+02
-2.91117e+00 1.71354e+00 6.33289e+02
-2.97748e+00 1.78027e+00 6.34509e+02
-3.04396e+00 1.84841e+00 6.35486e+02
-3.11063e+00 1.91798e+00 6.36209e+02
-3.17764e+00 1.98915e+00 6.37286e+02
-3.24526e+00 2.06219e+00 6.37640e+02
-3.31300e+00 2.13660e+00 6.37968e+02
-3.38088e+00 2.21239e+00 6.38267e+02
-3.44891e+00 2.28958e+00 6.38538e+02
-3.51710e+00 2.36817e+00 6.38780e+02
-3.58546e+00 2.44818e+00 6.38993e+02
-3.65401e+00 2.52961e+00 6.39177e+02
-3.72275e+00 2.61249e+00 6.39332e+02
-3.79171e+00 2.69682e+00 6.39460e+02
-3.86089e+00 2.78263e+00 6.39559e+02
-3.93030e+00 2.86992e+00 6.39632e+02
-3.99997e+00 2.95872e+00 6.39678e+02
-8.15576e-01 3.45837e-01 3.57963e+02
-8.75541e-01 3.66792e-01 3.76130e+02
-9.35516e-01 3.89206e-01 3.91462e+02
-9.95514e-01 4.13067e-01 4.05073e+02
-1.05555e+00 4.38366e-01 4.17798e+02
-1.11563e+00 4.65093e-01 4.30268e+02
-1.17578e+00 4.93241e-01 4.42964e+02
-1.23601e+00 5.22804e-01 4.56258e+02
-1.29632e+00 5.53774e-01 4.70436e+02
-1.35673e+00 5.86148e-01 4.85721e+02
-1.41726e+00 6.19922e-01 5.02291e+02
-1.47791e+00 6.55091e-01 5.20286e+02
-1.53870e+00 6.91656e-01 5.39819e+02
-1.60102e+00 7.30495e-01 5.44142e+02
-1.66388e+00 7.71036e-01 5.53135e+02
-1.72681e+00 8.12984e-01 5.61654e+02
-1.78983e+00 8.56336e-01 5.69651e+02
-1.85295e+00 9.01091e-01 5.77089e+02
-1.91618e+00 9.47249e-01 5.83935e+02
-1.97954e+00 9.94810e-01 5.90161e+02
-2.04303e+00 1.04378e+00 5.95741e+02
-2.10666e+00 1.09415e+00 6.00653e+02
-2.17046e+00 1.14593e+00 6.04876e+02
-2.23443e+00 1.19912e+00 6.08392e+02
-2.29858e+00 1.25374e+00 6.11182e+02
-2.36356e+00 1.31032e+00 6.15622e+02
-2.42929e+00 1.36886e+00 6.18467e+02
-2.49514e+00 1.42879e+00 6.21164e+02
-2.56113e+00 1.49012e+00 6.23698e+02
-2.62726e+00 1.55286e+00 6.26053e+02
-2.69355e+00 1.61700e+00 6.28216e+02
-2.76001e+00 1.68256e+00 6.30174e+02
-2.82665e+00 1.74955e+00 6.31915e+02
-2.89349e+00 1.81797e+00 6.33426e+02
-2.96053e+00 1.88783e+00 6.34695e+02
-3.02780e+00 1.95915e+00 6.35712e+02
-3.09530e+00 2.03193e+00 6.36464e+02
-3.16320e+00 2.10636e+00 6.37421e+02
-3.23178e+00 2.18275e+00 6.37955e+02
-3.30052e+00 2.26055e+00 6.38395e+02
-3.36944e+00 2.33976e+00 6.38757e+02
-3.43856e+00 2.42041e+00 6.39056e+02
-3.50788e+00 2.50249e+00 6.39309e+02
-3.57742e+00 2.58603e+00 6.39530e+02
-3.64719e+00 2.67104e+00 6.39735e+02
-3.71720e+00 2.75753e+00 6.39938e+02
-3.78747e+00 2.84552e+00 6.40157e+02
-3.85801e+00 2.93502e+00 6.40404e+02
-3.92884e+00 3.02606e+00 6.40697e+02
-3.99997e+00 3.11865e+00 6.41050e+02
-7.99070e-01 3.69891e-01 3.85789e+02
-8.58176e-01 3.92657e-01 3.99287e+02
-9.17334e-01 4.16904e-01 4.10934e+02
-9.76559e-01 4.42619e-01 4.21555e+02
-1.03587e+00 4.69793e-01 4.31768e+02
-1.09526e+00 4.98417e-01 4.42040e+02
-1.15477e+00 5.28482e-01 4.52732e+02
-1.21440e+00 5.59982e-01 4.64123e+02
-1.27416e+00 5.92911e-01 4.76435e+02
-1.33406e+00 6.27263e-01 4.89846e+02
-1.39412e+00 6.63036e-01 5.04502e+02
-1.45435e+00 7.00226e-01 5.20522e+02
-1.51477e+00 7.38832e-01 5.38010e+02
-1.57683e+00 7.79831e-01 5.43677e+02
-1.63948e+00 8.22583e-01 5.52564e+02
-1.70226e+00 8.66761e-01 5.61014e+02
-1.76517e+00 9.12364e-01 5.68981e+02
-1.82822e+00 9.59390e-01 5.76426e+02
-1.89142e+00 1.00784e+00 5.83315e+02
-1.95480e+00 1.05771e+00 5.89617e+02
-2.01836e+00 1.10901e+00 5.95304e+02
-2.08211e+00 1.16174e+00 6.00350e+02
-2.14606e+00 1.21590e+00 6.04731e+02
-2.21024e+00 1.27150e+00 6.08424e+02
-2.27465e+00 1.32854e+00 6.11406e+02
-2.33995e+00 1.38763e+00 6.15868e+02
-2.40610e+00 1.44874e+00 6.18828e+02
-2.47241e+00 1.51127e+00 6.21623e+02
-2.53890e+00 1.57522e+00 6.24239e+02
-2.60558e+00 1.64059e+00 6.26664e+02
-2.67247e+00 1.70740e+00 6.28884e+02
-2.73957e+00 1.77565e+00 6.30888e+02
-2.80691e+00 1.84534e+00 6.32664e+02
-2.87449e+00 1.91649e+00 6.34201e+02
-2.94232e+00 1.98912e+00 6.35488e+02
-3.01042e+00 2.06322e+00 6.36513e+02
-3.07881e+00 2.13881e+00 6.37264e+02
-3.14766e+00 2.21610e+00 6.38090e+02
-3.21726e+00 2.29542e+00 6.38715e+02
-3.28708e+00 2.37617e+00 6.39209e+02
-3.35712e+00 2.45836e+00 6.39596e+02
-3.42740e+00 2.54200e+00 6.39899e+02
-3.49794e+00 2.62711e+00 6.40144e+02
-3.56874e+00 2.71370e+00 6.40355e+02
-3.63983e+00 2.80179e+00 6.40554e+02
-3.71121e+00 2.89138e+00 6.40767e+02
-3.78290e+00 2.98251e+00 6.41018e+02
-3.85491e+00 3.07519e+00 6.41332e+02
-3.92726e+00 3.16942e+00 6.41736e+02
-3.99996e+00 3.26525e+00 6.42255e+02
-7.82142e-01 3.93718e-01 4.13535e+02
-8.40277e-01 4.18324e-01 4.22787e+02
-8.98515e-01 4.44418e-01 4.31111e+02
-9.56871e-01 4.71990e-01 4.39049e+02
-1.01536e+00 5.01029e-01 4.47009e+02
-1.07399e+00 5.31526e-01 4.55302e+02
-1.13277e+00 5.63473e-01 4.64171e+02
-1.19173e+00 5.96862e-01 4.73809e+02
-1.25087e+00 6.31689e-01 4.84374e+02
-1.31020e+00 6.67948e-01 4.95997e+02
-1.36975e+00 7.05636e-01 5.08792e+02
-1.42951e+00 7.44751e-01 5.22855e+02
-1.48950e+00 7.85291e-01 5.38273e+02
-1.55125e+00 8.28326e-01 5.44866e+02
-1.61366e+00 8.73153e-01 5.53508e+02
-1.67624e+00 9.19414e-01 5.61761e+02
-1.73900e+00 9.67107e-01 5.69579e+02
-1.80196e+00 1.01623e+00 5.76922e+02
-1.86512e+00 1.06679e+00 5.83754e+02
-1.92850e+00 1.11878e+00 5.90041e+02
-1.99211e+00 1.17221e+00 5.95755e+02
-2.05597e+00 1.22708e+00 6.00867e+02
-2.12008e+00 1.28338e+00 6.05349e+02
-2.18447e+00 1.34114e+00 6.09175e+02
-2.24913e+00 1.40035e+00 6.12318e+02
-2.31479e+00 1.46168e+00 6.16742e+02
-2.38136e+00 1.52508e+00 6.19783e+02
-2.44815e+00 1.58991e+00 6.22644e+02
-2.51516e+00 1.65617e+00 6.25312e+02
-2.58242e+00 1.72386e+00 6.27777e+02
-2.64994e+00 1.79300e+00 6.30027e+02
-2.71772e+00 1.86359e+00 6.32053e+02
-2.78579e+00 1.93564e+00 6.33842e+02
-2.85415e+00 2.00916e+00 6.35386e+02
-2.92283e+00 2.08416e+00 6.36671e+02
-2.99182e+00 2.16066e+00 6.37689e+02
-3.06115e+00 2.23867e+00 6.38425e+02
-3.13101e+00 2.31840e+00 6.39141e+02
-3.20171e+00 2.40022e+00 6.39827e+02
-3.27267e+00 2.48349e+00 6.40344e+02
-3.34391e+00 2.56820e+00 6.40723e+02
-3.41544e+00 2.65438e+00 6.40995e+02
-3.48728e+00 2.74204e+00 6.41193e+02
-3.55944e+00 2.83119e+00 6.41346e+02
-3.63193e+00 2.92186e+00 6.41489e+02
-3.70478e+00 3.01406e+00 6.41653e+02
-3.77799e+00 3.10781e+00 6.41873e+02
-3.85158e+00 3.20312e+00 6.42184e+02
-3.92557e+00 3.30002e+00 6.42622e+02
-3.99996e+00 3.39853e+00 6.43227e+02
-7.64804e-01 4.17289e-01 4.41198e+02
-8.21857e-01 4.43763e-01 4.46516e+02
-8.79071e-01 4.71720e-01 4.51802e+02
-9.36460e-01 5.01150e-01 4.57315e+02
-9.94036e-01 5.32043e-01 4.63255e+02
-1.05181e+00 5.64389e-01 4.69779e+02
-1.10980e+00 5.98180e-01 4.77015e+02
-1.16802e+00 6.33411e-01 4.85070e+02
-1.22647e+00 6.70076e-01 4.94038e+02
-1.28517e+00 7.08169e-01 5.04002e+02
-1.34414e+00 7.47690e-01 5.15038e+02
-1.40338e+00 7.88634e-01 5.27217e+02
-1.46291e+00 8.31001e-01 5.40606e+02
-1.52429e+00 8.75949e-01 5.47745e+02
-1.58642e+00 9.22714e-01 5.56022e+02
-1.64876e+00 9.70909e-01 5.63963e+02
-1.71135e+00 1.02053e+00 5.71523e+02
-1.77418e+00 1.07158e+00 5.78659e+02
-1.83727e+00 1.12407e+00 5.85335e+02
-1.90064e+00 1.17798e+00 5.91516e+02
-1.96429e+00 1.23333e+00 5.97171e+02
-2.02825e+00 1.29011e+00 6.02270e+02
-2.09252e+00 1.34834e+00 6.06784e+02
-2.15712e+00 1.40802e+00 6.10684e+02
-2.22205e+00 1.46915e+00 6.13940e+02
-2.28806e+00 1.53243e+00 6.18260e+02
-2.35507e+00 1.59785e+00 6.21336e+02
-2.42235e+00 1.66468e+00 6.24217e+02
-2.48992e+00 1.73294e+00 6.26894e+02
-2.55778e+00 1.80264e+00 6.29359e+02
-2.62596e+00 1.87378e+00 6.31601e+02
-2.69446e+00 1.94637e+00 6.33611e+02
-2.76330e+00 2.02042e+00 6.35380e+02
-2.83249e+00 2.09595e+00 6.36897e+02
-2.90205e+00 2.17296e+00 6.38153e+02
-2.97199e+00 2.25147e+00 6.39136e+02
-3.04233e+00 2.33149e+00 6.39835e+02
-3.11327e+00 2.41326e+00 6.40442e+02
-3.18512e+00 2.49716e+00 6.41149e+02
-3.25730e+00 2.58249e+00 6.41654e+02
-3.32981e+00 2.66928e+00 6.41993e+02
-3.40267e+00 2.75753e+00 6.42203e+02
-3.47589e+00 2.84727e+00 6.42323e+02
-3.54950e+00 2.93851e+00 6.42389e+02
-3.62349e+00 3.03127e+00 6.42442e+02
-3.69790e+00 3.12556e+00 6.42522e+02
-3.77274e+00 3.22140e+00 6.42673e+02
-3.84802e+00 3.31882e+00 6.42939e+02
-3.92375e+00 3.41784e+00 6.43369e+02
-3.99996e+00 3.51847e+00 6.44016e+02
-7.47073e-01 4.40577e-01 4.68757e+02
-8.02931e-01 4.68945e-01 4.70345e+02
-8.59016e-01 4.98779e-01 4.72807e+02
-9.15339e-01 5.30068e-01 4.76110e+02
-9.71912e-01 5.62803e-01 4.80240e+02
-1.02875e+00 5.96974e-01 4.85200e+02
-1.08586e+00 6.32574e-01 4.91002e+02
-1.14326e+00 6.69598e-01 4.97665e+02
-1.20096e+00 7.08040e-01 5.05217e+02
-1.25897e+00 7.47896e-01 5.13688e+02
-1.31731e+00 7.89164e-01 5.23114e+02
-1.37598e+00 8.31843e-01 5.33535e+02
-1.43500e+00 8.75931e-01 5.44992e+02
-1.49597e+00 9.22669e-01 5.52335e+02
-1.55776e+00 9.71235e-01 5.60143e+02
-1.61983e+00 1.02122e+00 5.67671e+02
-1.68220e+00 1.07261e+00 5.74872e+02
-1.74488e+00 1.12542e+00 5.81702e+02
-1.80789e+00 1.17964e+00 5.88125e+02
-1.87122e+00 1.23528e+00 5.94106e+02
-1.93491e+00 1.29234e+00 5.99612e+02
-1.99896e+00 1.35083e+00 6.04613e+02
-2.06338e+00 1.41074e+00 6.09079e+02
-2.12819e+00 1.47210e+00 6.12979e+02
-2.19340e+00 1.53490e+00 6.16283e+02
-2.25977e+00 1.59988e+00 6.20432e+02
-2.32723e+00 1.66702e+00 6.23483e+02
-2.39502e+00 1.73557e+00 6.26328e+02
-2.46316e+00 1.80553e+00 6.28961e+02
-2.53165e+00 1.87691e+00 6.31373e+02
-2.60052e+00 1.94972e+00 6.33557e+02
-2.66977e+00 2.02397e+00 6.35505e+02
-2.73943e+00 2.09968e+00 6.37209e+02
-2.80950e+00 2.17685e+00 6.38659e+02
-2.88000e+00 2.25550e+00 6.39847e+02
-2.95094e+00 2.33563e+00 6.40760e+02
-3.02234e+00 2.41727e+00 6.41387e+02
-3.09442e+00 2.50066e+00 6.41870e+02
-3.16750e+00 2.58621e+00 6.42551e+02
-3.24096e+00 2.67318e+00 6.43005e+02
-3.31482e+00 2.76159e+00 6.43274e+02
-3.38909e+00 2.85146e+00 6.43398e+02
-3.46378e+00 2.94281e+00 6.43419e+02
-3.53892e+00 3.03564e+00 6.43382e+02
-3.61452e+00 3.12999e+00 6.43331e+02
-3.69059e+00 3.22587e+00 6.43315e+02
-3.76715e+00 3.32330e+00 6.43386e+02
-3.84423e+00 3.42230e+00 6.43600e+02
-3.92182e+00 3.52289e+00 6.44018e+02
-3.99996e+00 3.62510e+00 6.44707e+02
-7.28964e-01 4.63552e-01 4.96170e+02
-7.83515e-01 4.93841e-01 4.94133e+02
-8.38364e-01 5.25566e-01 4.93921e+02
-8.93523e-01 5.58715e-01 4.95188e+02
-9.49003e-01 5.93279e-01 4.97701e+02
-1.00482e+00 6.29251e-01 5.01300e+02
-1.06097e+00 6.66623e-01 5.05877e+02
-1.11748e+00 7.05391e-01 5.11359e+02
-1.17436e+00 7.45550e-01 5.17704e+02
-1.23162e+00 7.87097e-01 5.24884e+02
-1.28927e+00 8.30029e-01 5.32892e+02
-1.34732e+00 8.74347e-01 5.41727e+02
-1.40578e+00 9.20050e-01 5.51404e+02
-1.46629e+00 9.68455e-01 5.58644e+02
-1.52770e+00 1.01869e+00 5.65895e+02
-1.58946e+00 1.07030e+00 5.72919e+02
-1.65158e+00 1.12331e+00 5.79667e+02
-1.71408e+00 1.17770e+00 5.86097e+02
-1.77697e+00 1.23348e+00 5.92171e+02
-1.84026e+00 1.29065e+00 5.97856e+02
-1.90397e+00 1.34922e+00 6.03120e+02
-1.96810e+00 1.40919e+00 6.07931e+02
-2.03267e+00 1.47057e+00 6.12260e+02
-2.09769e+00 1.53337e+00 6.16077e+02
-2.16319e+00 1.59758e+00 6.19353e+02
-2.22993e+00 1.66400e+00 6.23259e+02
-2.29785e+00 1.73258e+00 6.26217e+02
-2.36617e+00 1.80254e+00 6.28960e+02
-2.43489e+00 1.87390e+00 6.31484e+02
-2.50405e+00 1.94665e+00 6.33783e+02
-2.57364e+00 2.02081e+00 6.35851e+02
-2.64368e+00 2.09638e+00 6.37681e+02
-2.71419e+00 2.17339e+00 6.39267e+02
-2.78518e+00 2.25184e+00 6.40599e+02
-2.85667e+00 2.33175e+00 6.41670e+02
-2.92867e+00 2.41313e+00 6.42468e+02
-3.00119e+00 2.49600e+00 6.42982e+02
-3.07447e+00 2.58060e+00 6.43312e+02
-3.14884e+00 2.66737e+00 6.43912e+02
-3.22366e+00 2.75554e+00 6.44276e+02
-3.29894e+00 2.84513e+00 6.44447e+02
-3.37470e+00 2.93616e+00 6.44467e+02
-3.45095e+00 3.02864e+00 6.44383e+02
-3.52772e+00 3.12259e+00 6.44242e+02
-3.60501e+00 3.21804e+00 6.44096e+02
-3.68284e+00 3.31500e+00 6.43999e+02
-3.76123e+00 3.41349e+00 6.44013e+02
-3.84021e+00 3.51354e+00 6.44206e+02
-3.91978e+00 3.61516e+00 6.44654e+02
-3.99996e+00 3.71839e+00 6.45445e+02
-7.10643e-01 4.86009e-01 5.22944e+02
-7.63777e-01 5.18242e-01 5.17662e+02
-8.17288e-01 5.51867e-01 5.15061e+02
-8.71184e-01 5.86873e-01 5.14500e+02
-9.25478e-01 6.23253e-01 5.15545e+02
-9.80179e-01 6.60999e-01 5.17892e+02
-1.03530e+00 7.00107e-01 5.21330e+02
-1.09085e+00 7.40570e-01 5.25711e+02
-1.14683e+00 7.82386e-01 5.30930e+02
-1.20327e+00 8.25553e-01 5.36917e+02
-1.26017e+00 8.70069e-01 5.43626e+02
-1.31754e+00 9.15934e-01 5.51029e+02
-1.37539e+00 9.63148e-01 5.59114e+02
-1.43540e+00 1.01310e+00 5.66017e+02
-1.49637e+00 1.06487e+00 5.72659e+02
-1.55777e+00 1.11798e+00 5.79122e+02
-1.61961e+00 1.17244e+00 5.85357e+02
-1.68189e+00 1.22825e+00 5.91322e+02
-1.74464e+00 1.28541e+00 5.96981e+02
-1.80785e+00 1.34393e+00 6.02300e+02
-1.87156e+00 1.40381e+00 6.07249e+02
-1.93576e+00 1.46506e+00 6.11799e+02
-2.00047e+00 1.52768e+00 6.15923e+02
-2.06570e+00 1.59168e+00 6.19592e+02
-2.13147e+00 1.65707e+00 6.22778e+02
-2.19859e+00 1.72466e+00 6.26406e+02
-2.26698e+00 1.79441e+00 6.29232e+02
-2.33583e+00 1.86551e+00 6.31838e+02
-2.40517e+00 1.93796e+00 6.34221e+02
-2.47500e+00 2.01177e+00 6.36378e+02
-2.54534e+00 2.08696e+00 6.38306e+02
-2.61620e+00 2.16353e+00 6.40000e+02
-2.68760e+00 2.24150e+00 6.41454e+02
-2.75956e+00 2.32088e+00 6.42662e+02
-2.83208e+00 2.40168e+00 6.43617e+02
-2.90518e+00 2.48392e+00 6.44307e+02
-2.97889e+00 2.56762e+00 6.44723e+02
-3.05342e+00 2.65304e+00 6.44921e+02
-3.12915e+00 2.74061e+00 6.45388e+02
-3.20540e+00 2.82955e+00 6.45630e+02
-3.28218e+00 2.91987e+00 6.45684e+02
-3.35951e+00 3.01160e+00 6.45591e+02
-3.43740e+00 3.10476e+00 6.45392e+02
-3.51588e+00 3.19935e+00 6.45133e+02
-3.59495e+00 3.29541e+00 6.44863e+02
-3.67465e+00 3.39294e+00 6.44639e+02
-3.75497e+00 3.49198e+00 6.44522e+02
-3.83596e+00 3.59255e+00 6.44586e+02
-3.91761e+00 3.69467e+00 6.44916e+02
-3.99996e+00 3.79836e+00 6.45616e+02
-6.92010e-01 5.08084e-01 5.49198e+02
-7.43617e-01 5.42284e-01 5.40891e+02
-7.95684e-01 5.77819e-01 5.36102e+02
-8.48221e-01 6.14681e-01 5.33897e+02
-9.01236e-01 6.52863e-01 5.33644e+02
-9.54741e-01 6.92360e-01 5.34902e+02
-1.00874e+00 7.33165e-01 5.37359e+02
-1.06325e+00 7.75276e-01 5.40793e+02
-1.11828e+00 8.18690e-01 5.45043e+02
-1.17383e+00 8.63406e-01 5.49994e+02
-1.22993e+00 9.09423e-01 5.55564e+02
-1.28657e+00 9.56742e-01 5.61696e+02
-1.34377e+00 1.00537e+00 5.68352e+02
-1.40320e+00 1.05675e+00 5.74715e+02
-1.46370e+00 1.10991e+00 5.80702e+02
-1.52469e+00 1.16438e+00 5.86548e+02
-1.58620e+00 1.22014e+00 5.92205e+02
-1.64824e+00 1.27720e+00 5.97634e+02
-1.71082e+00 1.33556e+00 6.02800e+02
-1.77394e+00 1.39524e+00 6.07672e+02
-1.83762e+00 1.45622e+00 6.12222e+02
-1.90188e+00 1.51853e+00 6.16426e+02
-1.96673e+00 1.58217e+00 6.20257e+02
-2.03217e+00 1.64714e+00 6.23691e+02
-2.09823e+00 1.71346e+00 6.26703e+02
-2.16572e+00 1.78196e+00 6.29996e+02
-2.23458e+00 1.85260e+00 6.32616e+02
-2.30399e+00 1.92454e+00 6.35019e+02
-2.37395e+00 1.99778e+00 6.37204e+02
-2.44449e+00 2.07234e+00 6.39170e+02
-2.51560e+00 2.14823e+00 6.40913e+02
-2.58732e+00 2.22546e+00 6.42431e+02
-2.65965e+00 2.30404e+00 6.43717e+02
-2.73261e+00 2.38399e+00 6.44767e+02
-2.80622e+00 2.46532e+00 6.45573e+02
-2.88049e+00 2.54805e+00 6.46124e+02
-2.95543e+00 2.63219e+00 6.46411e+02
-3.03129e+00 2.71801e+00 6.46466e+02
-3.10844e+00 2.80595e+00 6.46803e+02
-3.18618e+00 2.89522e+00 6.46924e+02
-3.26453e+00 2.98584e+00 6.46862e+02
-3.34351e+00 3.07781e+00 6.46655e+02
-3.42313e+00 3.17117e+00 6.46341e+02
-3.50341e+00 3.26592e+00 6.45966e+02
-3.58436e+00 3.36209e+00 6.45578e+02
-3.66601e+00 3.45970e+00 6.45235e+02
-3.74838e+00 3.55877e+00 6.45005e+02
-3.83148e+00 3.65933e+00 6.44972e+02
-3.91533e+00 3.76140e+00 6.45237e+02
-3.99996e+00 3.86500e+00 6.45931e+02
-6.72982e-01 5.29876e-01 5.74925e+02
-7.22948e-01 5.66068e-01 5.63950e+02
-7.73466e-01 6.03526e-01 5.57241e+02
-8.24545e-01 6.42244e-01 5.53592e+02
-8.76192e-01 6.82216e-01 5.52190e+02
-9.28414e-01 7.23437e-01 5.52473e+02
-9.81220e-01 7.65904e-01 5.54042e+02
-1.03462e+00 8.09614e-01 5.56612e+02
-1.08862e+00 8.54567e-01 5.59975e+02
-1.14323e+00 9.00760e-01 5.63979e+02
-1.19846e+00 9.48196e-01 5.68512e+02
-1.25432e+00 9.96876e-01 5.73493e+02
-1.31081e+00 1.04680e+00 5.78863e+02
-1.36964e+00 1.09949e+00 5.84506e+02
-1.42960e+00 1.15392e+00 5.89780e+02
-1.49016e+00 1.20958e+00 5.94950e+02
-1.55131e+00 1.26648e+00 5.99971e+02
-1.61308e+00 1.32462e+00 6.04802e+02
-1.67546e+00 1.38400e+00 6.09413e+02
-1.73847e+00 1.44463e+00 6.13774e+02
-1.80212e+00 1.50652e+00 6.17860e+02
-1.86643e+00 1.56968e+00 6.21649e+02
-1.93141e+00 1.63410e+00 6.25120e+02
-1.99707e+00 1.69981e+00 6.28250e+02
-2.06341e+00 1.76680e+00 6.31017e+02
-2.13130e+00 1.83595e+00 6.33942e+02
-2.20064e+00 1.90719e+00 6.36309e+02
-2.27062e+00 1.97967e+00 6.38466e+02
-2.34123e+00 2.05340e+00 6.40415e+02
-2.41249e+00 2.12839e+00 6.42153e+02
-2.48442e+00 2.20466e+00 6.43680e+02
-2.55703e+00 2.28220e+00 6.44991e+02
-2.63033e+00 2.36105e+00 6.46084e+02
-2.70434e+00 2.44121e+00 6.46953e+02
-2.77908e+00 2.52269e+00 6.47589e+02
-2.85456e+00 2.60552e+00 6.47985e+02
-2.93080e+00 2.68970e+00 6.48127e+02
-3.00804e+00 2.77552e+00 6.48028e+02
-3.08668e+00 2.86341e+00 6.48187e+02
-3.16600e+00 2.95258e+00 6.48150e+02
-3.24600e+00 3.04303e+00 6.47946e+02
-3.32670e+00 3.13479e+00 6.47605e+02
-3.40813e+00 3.22788e+00 6.47164e+02
-3.49030e+00 3.32230e+00 6.46662e+02
-3.57323e+00 3.41810e+00 6.46146e+02
-3.65694e+00 3.51528e+00 6.45674e+02
-3.74145e+00 3.61386e+00 6.45319e+02
-3.82677e+00 3.71388e+00 6.45172e+02
-3.91293e+00 3.81535e+00 6.45360e+02
-3.99996e+00 3.91831e+00 6.46055e+02
-6.53576e-01 5.51358e-01 5.99939e+02
-7.01790e-01 5.89566e-01 5.86713e+02
-7.50655e-01 6.28960e-01 5.78390e+02
-8.00178e-01 6.69533e-01 5.73519e+02
-8.50363e-01 7.11282e-01 5.71131e+02
-9.01218e-01 7.54203e-01 5.70559e+02
-9.52749e-01 7.98295e-01 5.71336e+02
-1.00496e+00 8.43556e-01 5.73124e+02
-1.05787e+00 8.89986e-01 5.75679e+02
-1.11147e+00 9.37587e-01 5.78819e+02
-1.16578e+00 9.86359e-01 5.82408e+02
-1.22081e+00 1.03631e+00 5.86348e+02
-1.27656e+00 1.08743e+00 5.90561e+02
-1.33472e+00 1.14130e+00 5.95338e+02
-1.39411e+00 1.19685e+00 5.99844e+02
-1.45419e+00 1.25356e+00 6.04282e+02
-1.51495e+00 1.31144e+00 6.08606e+02
-1.57641e+00 1.37048e+00 6.12779e+02
-1.63857e+00 1.43070e+00 6.16771e+02
-1.70145e+00 1.49210e+00 6.20555e+02
-1.76506e+00 1.55469e+00 6.24110e+02
-1.82942e+00 1.61847e+00 6.27415e+02
-1.89452e+00 1.68346e+00 6.30453e+02
-1.96039e+00 1.74966e+00 6.33206e+02
-2.02704e+00 1.81709e+00 6.35657e+02
-2.09531e+00 1.88661e+00 6.38178e+02
-2.16516e+00 1.95817e+00 6.40241e+02
-2.23572e+00 2.03090e+00 6.42108e+02
-2.30700e+00 2.10482e+00 6.43780e+02
-2.37901e+00 2.17992e+00 6.45255e+02
-2.45178e+00 2.25623e+00 6.46533e+02
-2.52532e+00 2.33376e+00 6.47611e+02
-2.59963e+00 2.41252e+00 6.48486e+02
-2.67474e+00 2.49252e+00 6.49153e+02
-2.75066e+00 2.57379e+00 6.49604e+02
-2.82741e+00 2.65633e+00 6.49830e+02
-2.90501e+00 2.74016e+00 6.49818e+02
-2.98370e+00 2.82557e+00 6.49566e+02
-3.06390e+00 2.91299e+00 6.49506e+02
-3.14485e+00 3.00161e+00 6.49285e+02
-3.22657e+00 3.09145e+00 6.48923e+02
-3.30909e+00 3.18254e+00 6.48443e+02
-3.39241e+00 3.27488e+00 6.47873e+02
-3.47656e+00 3.36850e+00 6.47246e+02
-3.56156e+00 3.46343e+00 6.46604e+02
-3.64743e+00 3.55967e+00 6.46001e+02
-3.73418e+00 3.65725e+00 6.45508e+02
-3.82184e+00 3.75620e+00 6.45232e+02
-3.91042e+00 3.85654e+00 6.45328e+02
-3.99996e+00 3.95829e+00 6.46044e+02
-6.33815e-01 5.72505e-01 6.24058e+02
-6.80165e-01 6.12753e-01 6.09059e+02
-7.27273e-01 6.54093e-01 5.99465e+02
-7.75141e-01 6.96519e-01 5.93616e+02
-8.23774e-01 7.40032e-01 5.90416e+02
-8.73176e-01 7.84628e-01 5.89117e+02
-9.23352e-01 8.30307e-01 5.89199e+02
-9.74307e-01 8.77071e-01 5.90286e+02
-1.02605e+00 9.24920e-01 5.92107e+02
-1.07858e+00 9.73857e-01 5.94459e+02
-1.13192e+00 1.02388e+00 5.97191e+02
-1.18606e+00 1.07501e+00 6.00189e+02
-1.24101e+00 1.12723e+00 6.03366e+02
-1.29846e+00 1.18216e+00 6.07163e+02
-1.35724e+00 1.23869e+00 6.10848e+02
-1.41679e+00 1.29631e+00 6.14497e+02
-1.47712e+00 1.35500e+00 6.18066e+02
-1.53825e+00 1.41478e+00 6.21519e+02
-1.60017e+00 1.47565e+00 6.24828e+02
-1.66290e+00 1.53762e+00 6.27968e+02
-1.72646e+00 1.60070e+00 6.30922e+02
-1.79084e+00 1.66490e+00 6.33672e+02
-1.85607e+00 1.73022e+00 6.36204e+02
-1.92215e+00 1.79668e+00 6.38506e+02
-1.98910e+00 1.86429e+00 6.40564e+02
-2.05779e+00 1.93392e+00 6.42645e+02
-2.12814e+00 2.00552e+00 6.44352e+02
-2.19930e+00 2.07821e+00 6.45883e+02
-2.27127e+00 2.15200e+00 6.47237e+02
-2.34406e+00 2.22691e+00 6.48413e+02
-2.41770e+00 2.30294e+00 6.49412e+02
-2.49220e+00 2.38011e+00 6.50230e+02
-2.56756e+00 2.45843e+00 6.50866e+02
-2.64382e+00 2.53792e+00 6.51313e+02
-2.72097e+00 2.61860e+00 6.51565e+02
-2.79905e+00 2.70047e+00 6.51613e+02
-2.87805e+00 2.78357e+00 6.51444e+02
-2.95826e+00 2.86815e+00 6.51049e+02
-3.04007e+00 2.95467e+00 6.50743e+02
-3.12273e+00 3.04231e+00 6.50323e+02
-3.20626e+00 3.13110e+00 6.49801e+02
-3.29066e+00 3.22105e+00 6.49190e+02
-3.37597e+00 3.31219e+00 6.48508e+02
-3.46219e+00 3.40452e+00 6.47776e+02
-3.54935e+00 3.49807e+00 6.47024e+02
-3.63747e+00 3.59287e+00 6.46295e+02
-3.72657e+00 3.68894e+00 6.45656e+02
-3.81667e+00 3.78629e+00 6.45216e+02
-3.90779e+00 3.88495e+00 6.45175e+02
-3.99995e+00 3.98495e+00 6.45947e+02
-6.13720e-01 5.93293e-01 6.47104e+02
-6.58097e-01 6.35603e-01 6.30873e+02
-7.03343e-01 6.78898e-01 6.20386e+02
-7.49460e-01 7.23176e-01 6.13822e+02
-7.96448e-01 7.68438e-01 6.09995e+02
-8.44311e-01 8.14684e-01 6.08103e+02
-8.93053e-01 8.61915e-01 6.07588e+02
-9.42676e-01 9.10133e-01 6.08054e+02
-9.93185e-01 9.59342e-01 6.09212e+02
-1.04459e+00 1.00955e+00 6.10848e+02
-1.09688e+00 1.06075e+00 6.12802e+02
-1.15009e+00 1.11295e+00 6.14952e+02
-1.20420e+00 1.16617e+00 6.17203e+02
-1.26088e+00 1.22203e+00 6.19934e+02
-1.31900e+00 1.27942e+00 6.22745e+02
-1.37798e+00 1.33778e+00 6.25551e+02
-1.43785e+00 1.39714e+00 6.28307e+02
-1.49861e+00 1.45748e+00 6.30978e+02
-1.56027e+00 1.51883e+00 6.33539e+02
-1.62283e+00 1.58118e+00 6.35968e+02
-1.68632e+00 1.64455e+00 6.38250e+02
-1.75073e+00 1.70895e+00 6.40372e+02
-1.81607e+00 1.77438e+00 6.42323e+02
-1.88237e+00 1.84086e+00 6.44096e+02
-1.94963e+00 1.90840e+00 6.45683e+02
-2.01872e+00 1.97788e+00 6.47288e+02
-2.08959e+00 2.04924e+00 6.48587e+02
-2.16136e+00 2.12159e+00 6.49735e+02
-2.23404e+00 2.19496e+00 6.50731e+02
-2.30764e+00 2.26935e+00 6.51574e+02
-2.38218e+00 2.34478e+00 6.52263e+02
-2.45767e+00 2.42125e+00 6.52798e+02
-2.53413e+00 2.49879e+00 6.53175e+02
-2.61157e+00 2.57741e+00 6.53389e+02
-2.69001e+00 2.65713e+00 6.53436e+02
-2.76946e+00 2.73795e+00 6.53305e+02
-2.84994e+00 2.81991e+00 6.52986e+02
-2.93171e+00 2.90326e+00 6.52466e+02
-3.01521e+00 2.98845e+00 6.51896e+02
-3.09966e+00 3.07468e+00 6.51280e+02
-3.18506e+00 3.16197e+00 6.50617e+02
-3.27143e+00 3.25033e+00 6.49910e+02
-3.35880e+00 3.33978e+00 6.49162e+02
-3.44719e+00 3.43035e+00 6.48379e+02
-3.53661e+00 3.52204e+00 6.47572e+02
-3.62708e+00 3.61490e+00 6.46756e+02
-3.71863e+00 3.70892e+00 6.45966e+02
-3.81127e+00 3.80415e+00 6.45279e+02
-3.90504e+00 3.90059e+00 6.44910e+02
-3.99995e+00 3.99828e+00 6.45809e+02
-5.93303e-01 6.13710e-01 6.68791e+02
-6.35614e-01 6.58086e-01 6.52240e+02
-6.78910e-01 7.03332e-01 6.41385e+02
-7.23189e-01 7.49447e-01 6.34407e+02
-7.68452e-01 7.96435e-01 6.30120e+02
-8.14698e-01 8.44297e-01 6.27723e+02
-8.61930e-01 8.93037e-01 6.26656e+02
-9.10149e-01 9.42660e-01 6.26523e+02
-9.59359e-01 9.93168e-01 6.27032e+02
-1.00956e+00 1.04457e+00 6.27968e+02
-1.06076e+00 1.09687e+00 6.29170e+02
-1.11297e+00 1.15007e+00 6.30511e+02
-1.16618e+00 1.20418e+00 6.31895e+02
-1.22205e+00 1.26087e+00 6.33466e+02
-1.27944e+00 1.31898e+00 6.35341e+02
-1.33780e+00 1.37796e+00 6.37245e+02
-1.39716e+00 1.43783e+00 6.39135e+02
-1.45750e+00 1.49859e+00 6.40975e+02
-1.51885e+00 1.56025e+00 6.42742e+02
-1.58120e+00 1.62281e+00 6.44416e+02
-1.64457e+00 1.68630e+00 6.45983e+02
-1.70897e+00 1.75071e+00 6.47433e+02
-1.77440e+00 1.81605e+00 6.48760e+02
-1.84088e+00 1.88235e+00 6.49957e+02
-1.90842e+00 1.94961e+00 6.51024e+02
-1.97790e+00 2.01870e+00 6.52137e+02
-2.04926e+00 2.08957e+00 6.52990e+02
-2.12161e+00 2.16134e+00 6.53727e+02
-2.19498e+00 2.23402e+00 6.54346e+02
-2.26937e+00 2.30762e+00 6.54842e+02
-2.34480e+00 2.38216e+00 6.55214e+02
-2.42127e+00 2.45766e+00 6.55456e+02
-2.49881e+00 2.53411e+00 6.55566e+02
-2.57743e+00 2.61155e+00 6.55536e+02
-2.65714e+00 2.68999e+00 6.55359e+02
-2.73797e+00 2.76944e+00 6.55027e+02
-2.81992e+00 2.84992e+00 6.54525e+02
-2.90328e+00 2.93170e+00 6.53872e+02
-2.98847e+00 3.01520e+00 6.53100e+02
-3.07470e+00 3.09965e+00 6.52302e+02
-3.16198e+00 3.18505e+00 6.51477e+02
-3.25034e+00 3.27142e+00 6.50627e+02
-3.33979e+00 3.35880e+00 6.49753e+02
-3.43036e+00 3.44718e+00 6.48858e+02
-3.52205e+00 3.53660e+00 6.47951e+02
-3.61490e+00 3.62707e+00 6.47046e+02
-3.70893e+00 3.71862e+00 6.46171e+02
-3.80415e+00 3.81127e+00 6.45393e+02
-3.90060e+00 3.90504e+00 6.44901e+02
-3.99829e+00 3.99995e+00 6.45531e+02
-5.72516e-01 6.33805e-01 6.88915e+02
-6.12765e-01 6.80154e-01 6.72833e+02
-6.54105e-01 7.27261e-01 6.62074e+02
-6.96533e-01 7.75128e-01 6.54960e+02
-7.40046e-01 8.23760e-01 6.50386e+02
-7.84642e-01 8.73161e-01 6.47596e+02
-8.30323e-01 9.23336e-01 6.46060e+02
-8.77088e-01 9.74291e-01 6.45393e+02
-9.24937e-01 1.02603e+00 6.45318e+02
-9.73875e-01 1.07856e+00 6.45622e+02
-1.02390e+00 1.13190e+00 6.46146e+02
-1.07503e+00 1.18604e+00 6.46766e+02
-1.12725e+00 1.24099e+00 6.47384e+02
-1.18218e+00 1.29844e+00 6.47762e+02
-1.23871e+00 1.35722e+00 6.48674e+02
-1.29633e+00 1.41677e+00 6.49648e+02
-1.35502e+00 1.47710e+00 6.50641e+02
-1.41480e+00 1.53822e+00 6.51620e+02
-1.47567e+00 1.60015e+00 6.52560e+02
-1.53765e+00 1.66288e+00 6.53445e+02
-1.60073e+00 1.72644e+00 6.54261e+02
-1.66492e+00 1.79082e+00 6.55000e+02
-1.73025e+00 1.85605e+00 6.55658e+02
-1.79671e+00 1.92213e+00 6.56233e+02
-1.86431e+00 1.98908e+00 6.56724e+02
-1.93394e+00 2.05777e+00 6.57326e+02
-2.00554e+00 2.12812e+00 6.57685e+02
-2.07824e+00 2.19928e+00 6.57974e+02
-2.15203e+00 2.27125e+00 6.58186e+02
-2.22693e+00 2.34404e+00 6.58312e+02
-2.30296e+00 2.41768e+00 6.58344e+02
-2.38013e+00 2.49218e+00 6.58275e+02
-2.45845e+00 2.56755e+00 6.58095e+02
-2.53795e+00 2.64380e+00 6.57796e+02
-2.61862e+00 2.72096e+00 6.57368e+02
-2.70049e+00 2.79903e+00 6.56798e+02
-2.78359e+00 2.87804e+00 6.56072e+02
-2.86817e+00 2.95824e+00 6.55237e+02
-2.95469e+00 3.04006e+00 6.54346e+02
-3.04233e+00 3.12272e+00 6.53389e+02
-3.13112e+00 3.20625e+00 6.52373e+02
-3.22107e+00 3.29065e+00 6.51310e+02
-3.31220e+00 3.37596e+00 6.50213e+02
-3.40453e+00 3.46219e+00 6.49104e+02
-3.49809e+00 3.54935e+00 6.48009e+02
-3.59289e+00 3.63747e+00 6.46969e+02
-3.68895e+00 3.72657e+00 6.46048e+02
-3.78630e+00 3.81667e+00 6.45355e+02
-3.88496e+00 3.90779e+00 6.45087e+02
-3.98496e+00 3.99995e+00 6.45656e+02
-5.51368e-01 6.53567e-01 7.07844e+02
-5.89578e-01 7.01779e-01 6.92944e+02
-6.28972e-01 7.50642e-01 6.82739e+02
-6.69546e-01 8.00163e-01 6.75774e+02
-7.11296e-01 8.50348e-01 6.71076e+02
-7.54218e-01 9.01201e-01 6.67976e+02
-7.98310e-01 9.52731e-01 6.65999e+02
-8.43572e-01 1.00494e+00 6.64801e+02
-8.90003e-01 1.05785e+00 6.64129e+02
-9.37605e-01 1.11145e+00 6.63791e+02
-9.86378e-01 1.16576e+00 6.63643e+02
-1.03633e+00 1.22078e+00 6.63570e+02
-1.08745e+00 1.27653e+00 6.63484e+02
-1.14132e+00 1.33469e+00 6.62632e+02
-1.19687e+00 1.39409e+00 6.62545e+02
-1.25359e+00 1.45416e+00 6.62560e+02
-1.31146e+00 1.51492e+00 6.62635e+02
-1.37051e+00 1.57638e+00 6.62736e+02
-1.43073e+00 1.63855e+00 6.62838e+02
-1.49213e+00 1.70143e+00 6.62923e+02
-1.55471e+00 1.76504e+00 6.62978e+02
-1.61850e+00 1.82939e+00 6.62997e+02
-1.68348e+00 1.89450e+00 6.62973e+02
-1.74968e+00 1.96037e+00 6.62907e+02
-1.81711e+00 2.02701e+00 6.62800e+02
-1.88663e+00 2.09529e+00 6.62901e+02
-1.95819e+00 2.16514e+00 6.62757e+02
-2.03093e+00 2.23569e+00 6.62593e+02
-2.10484e+00 2.30698e+00 6.62394e+02
-2.17995e+00 2.37899e+00 6.62146e+02
-2.25626e+00 2.45176e+00 6.61839e+02
-2.33378e+00 2.52530e+00 6.61460e+02
-2.41254e+00 2.59961e+00 6.60998e+02
-2.49254e+00 2.67472e+00 6.60440e+02
-2.57381e+00 2.75065e+00 6.59775e+02
-2.65635e+00 2.82740e+00 6.58988e+02
-2.74019e+00 2.90499e+00 6.58063e+02
-2.82559e+00 2.98369e+00 6.57043e+02
-2.91301e+00 3.06388e+00 6.56032e+02
-3.00163e+00 3.14483e+00 6.54931e+02
-3.09148e+00 3.22656e+00 6.53755e+02
-3.18256e+00 3.30908e+00 6.52524e+02
-3.27490e+00 3.39240e+00 6.51260e+02
-3.36852e+00 3.47656e+00 6.49993e+02
-3.46344e+00 3.56156e+00 6.48759e+02
-3.55969e+00 3.64742e+00 6.47607e+02
-3.65727e+00 3.73417e+00 6.46606e+02
-3.75622e+00 3.82183e+00 6.45852e+02
-3.85656e+00 3.91042e+00 6.45494e+02
-3.95831e+00 3.99996e+00 6.45768e+02
-5.29886e-01 6.72972e-01 7.25501e+02
-5.66079e-01 7.22936e-01 7.12528e+02
-6.03539e-01 7.73452e-01 7.03365e+02
-6.42258e-01 8.24529e-01 6.96851e+02
-6.82230e-01 8.76174e-01 6.92204e+02
-7.23452e-01 9.28394e-01 6.88881e+02
-7.65920e-01 9.81199e-01 6.86493e+02
-8.09631e-01 1.03460e+00 6.84759e+02
-8.54584e-01 1.08859e+00 6.83470e+02
-9.00778e-01 1.14320e+00 6.82470e+02
-9.48215e-01 1.19843e+00 6.81640e+02
-9.96895e-01 1.25429e+00 6.80888e+02
-1.04682e+00 1.31079e+00 6.80141e+02
-1.09951e+00 1.36961e+00 6.78034e+02
-1.15394e+00 1.42958e+00 6.76907e+02
-1.20960e+00 1.49013e+00 6.75935e+02
-1.26650e+00 1.55128e+00 6.75072e+02
-1.32464e+00 1.61305e+00 6.74280e+02
-1.38402e+00 1.67543e+00 6.73534e+02
-1.44466e+00 1.73844e+00 6.72812e+02
-1.50655e+00 1.80209e+00 6.72102e+02
-1.56970e+00 1.86640e+00 6.71393e+02
-1.63413e+00 1.93138e+00 6.70680e+02
-1.69983e+00 1.99704e+00 6.69961e+02
-1.76683e+00 2.06339e+00 6.69237e+02
-1.83597e+00 2.13127e+00 6.68840e+02
-1.90722e+00 2.20062e+00 6.68189e+02
-1.97970e+00 2.27059e+00 6.67565e+02
-2.05343e+00 2.34120e+00 6.66949e+02
-2.12842e+00 2.41247e+00 6.66323e+02
-2.20468e+00 2.48440e+00 6.65671e+02
-2.28223e+00 2.55700e+00 6.64979e+02
-2.36108e+00 2.63031e+00 6.64232e+02
-2.44123e+00 2.70432e+00 6.63416e+02
-2.52272e+00 2.77906e+00 6.62515e+02
-2.60554e+00 2.85454e+00 6.61515e+02
-2.68973e+00 2.93078e+00 6.60400e+02
-2.77555e+00 3.00803e+00 6.59192e+02
-2.86344e+00 3.08667e+00 6.58040e+02
-2.95260e+00 3.16598e+00 6.56786e+02
-3.04306e+00 3.24599e+00 6.55450e+02
-3.13482e+00 3.32669e+00 6.54058e+02
-3.22790e+00 3.40812e+00 6.52635e+02
-3.32233e+00 3.49030e+00 6.51215e+02
-3.41812e+00 3.57323e+00 6.49836e+02
-3.51530e+00 3.65694e+00 6.48546e+02
-3.61389e+00 3.74144e+00 6.47408e+02
-3.71390e+00 3.82677e+00 6.46500e+02
-3.81538e+00 3.91293e+00 6.45932e+02
-3.91833e+00 3.99996e+00 6.45854e+02
-5.08095e-01 6.92001e-01 7.41835e+02
-5.42295e-01 7.43604e-01 7.31553e+02
-5.77832e-01 7.95668e-01 7.23937e+02
-6.14695e-01 8.48202e-01 7.18195e+02
-6.52878e-01 9.01216e-01 7.13784e+02
-6.92375e-01 9.54718e-01 7.10327e+02
-7.33181e-01 1.00872e+00 7.07556e+02
-7.75293e-01 1.06323e+00 7.05275e+02
-8.18708e-01 1.11825e+00 7.03340e+02
-8.63425e-01 1.17380e+00 7.01646e+02
-9.09442e-01 1.22990e+00 7.00112e+02
-9.56762e-01 1.28653e+00 6.98678e+02
-1.00539e+00 1.34373e+00 6.97299e+02
-1.05677e+00 1.40317e+00 6.93921e+02
-1.10994e+00 1.46366e+00 6.91714e+02
-1.16440e+00 1.52466e+00 6.89727e+02
-1.22016e+00 1.58617e+00 6.87905e+02
-1.27722e+00 1.64821e+00 6.86210e+02
-1.33559e+00 1.71078e+00 6.84608e+02
-1.39526e+00 1.77390e+00 6.83077e+02
-1.45625e+00 1.83759e+00 6.81599e+02
-1.51856e+00 1.90185e+00 6.80162e+02
-1.58220e+00 1.96669e+00 6.78756e+02
-1.64717e+00 2.03214e+00 6.77377e+02
-1.71349e+00 2.09820e+00 6.76024e+02
-1.78199e+00 2.16569e+00 6.75131e+02
-1.85263e+00 2.23455e+00 6.73968e+02
-1.92456e+00 2.30396e+00 6.72879e+02
-1.99781e+00 2.37392e+00 6.71840e+02
-2.07237e+00 2.44446e+00 6.70828e+02
-2.14826e+00 2.51558e+00 6.69825e+02
-2.22549e+00 2.58730e+00 6.68812e+02
-2.30407e+00 2.65963e+00 6.67773e+02
-2.38402e+00 2.73259e+00 6.66690e+02
-2.46535e+00 2.80620e+00 6.65549e+02
-2.54808e+00 2.88047e+00 6.64333e+02
-2.63222e+00 2.95541e+00 6.63024e+02
-2.71804e+00 3.03127e+00 6.61626e+02
-2.80598e+00 3.10842e+00 6.60300e+02
-2.89525e+00 3.18617e+00 6.58871e+02
-2.98587e+00 3.26452e+00 6.57363e+02
-3.07784e+00 3.34350e+00 6.55799e+02
-3.17120e+00 3.42312e+00 6.54210e+02
-3.26595e+00 3.50340e+00 6.52625e+02
-3.36212e+00 3.58436e+00 6.51084e+02
-3.45973e+00 3.66601e+00 6.49627e+02
-3.55880e+00 3.74838e+00 6.48308e+02
-3.65936e+00 3.83148e+00 6.47190e+02
-3.76143e+00 3.91533e+00 6.46354e+02
-3.86503e+00 3.99996e+00 6.45900e+02
-4.86020e-01 7.10634e-01 7.56813e+02
-5.18254e-01 7.63764e-01 7.49999e+02
-5.51879e-01 8.17270e-01 7.44453e+02
-5.86886e-01 8.71164e-01 7.39810e+02
-6.23267e-01 9.25454e-01 7.35825e+02
-6.61015e-01 9.80152e-01 7.32326e+02
-7.00123e-01 1.03527e+00 7.29195e+02
-7.40587e-01 1.09081e+00 7.26350e+02
-7.82404e-01 1.14680e+00 7.23732e+02
-8.25572e-01 1.20323e+00 7.21300e+02
-8.70088e-01 1.26013e+00 7.19028e+02
-9.15954e-01 1.31750e+00 7.16899e+02
-9.63169e-01 1.37536e+00 7.14903e+02
-1.01312e+00 1.43536e+00 7.10245e+02
-1.06489e+00 1.49633e+00 7.06917e+02
-1.11800e+00 1.55773e+00 7.03886e+02
-1.17247e+00 1.61957e+00 7.01090e+02
-1.22828e+00 1.68185e+00 6.98482e+02
-1.28544e+00 1.74459e+00 6.96024e+02
-1.34396e+00 1.80781e+00 6.93685e+02
-1.40384e+00 1.87151e+00 6.91442e+02
-1.46509e+00 1.93572e+00 6.89279e+02
-1.52771e+00 2.00043e+00 6.87182e+02
-1.59171e+00 2.06566e+00 6.85143e+02
-1.65710e+00 2.13144e+00 6.83155e+02
-1.72469e+00 2.19855e+00 6.81763e+02
-1.79444e+00 2.26694e+00 6.80088e+02
-1.86554e+00 2.33580e+00 6.78530e+02
-1.93799e+00 2.40513e+00 6.77061e+02
-2.01180e+00 2.47497e+00 6.75656e+02
-2.08699e+00 2.54531e+00 6.74292e+02
-2.16356e+00 2.61617e+00 6.72948e+02
-2.24153e+00 2.68758e+00 6.71606e+02
-2.32091e+00 2.75953e+00 6.70248e+02
-2.40171e+00 2.83205e+00 6.68855e+02
-2.48396e+00 2.90516e+00 6.67412e+02
-2.56766e+00 2.97887e+00 6.65900e+02
-2.65308e+00 3.05341e+00 6.64311e+02
-2.74064e+00 3.12914e+00 6.62773e+02
-2.82958e+00 3.20539e+00 6.61141e+02
-2.91991e+00 3.28217e+00 6.59437e+02
-3.01164e+00 3.35950e+00 6.57686e+02
-3.10479e+00 3.43739e+00 6.55914e+02
-3.19939e+00 3.51587e+00 6.54149e+02
-3.29544e+00 3.59495e+00 6.52423e+02
-3.39298e+00 3.67464e+00 6.50773e+02
-3.49202e+00 3.75497e+00 6.49241e+02
-3.59259e+00 3.83595e+00 6.47875e+02
-3.69470e+00 3.91761e+00 6.46735e+02
-3.79839e+00 3.99996e+00 6.45889e+02
-4.63563e-01 7.28955e-01 7.71349e+02
-4.93853e-01 7.83501e-01 7.68654e+02
-5.25579e-01 8.38345e-01 7.65576e+02
-5.58729e-01 8.93500e-01 7.62243e+02
-5.93294e-01 9.48975e-01 7.58755e+02
-6.29266e-01 1.00478e+00 7.55190e+02
-6.66640e-01 1.06094e+00 7.51615e+02
-7.05408e-01 1.11745e+00 7.48085e+02
-7.45568e-01 1.17432e+00 7.44650e+02
-7.87116e-01 1.23158e+00 7.41352e+02
-8.30049e-01 1.28922e+00 7.38232e+02
-8.74368e-01 1.34727e+00 7.35327e+02
-9.20071e-01 1.40573e+00 7.32672e+02
-9.68477e-01 1.46624e+00 7.26724e+02
-1.01871e+00 1.52765e+00 7.22244e+02
-1.07033e+00 1.58941e+00 7.18152e+02
-1.12333e+00 1.65153e+00 7.14377e+02
-1.17772e+00 1.71403e+00 7.10861e+02
-1.23350e+00 1.77692e+00 7.07557e+02
-1.29068e+00 1.84021e+00 7.04428e+02
-1.34925e+00 1.90392e+00 7.01444e+02
-1.40922e+00 1.96805e+00 6.98581e+02
-1.47060e+00 2.03262e+00 6.95820e+02
-1.53340e+00 2.09765e+00 6.93148e+02
-1.59761e+00 2.16314e+00 6.90553e+02
-1.66403e+00 2.22988e+00 6.88682e+02
-1.73261e+00 2.29781e+00 6.86507e+02
-1.80258e+00 2.36613e+00 6.84498e+02
-1.87393e+00 2.43486e+00 6.82621e+02
-1.94668e+00 2.50401e+00 6.80846e+02
-2.02084e+00 2.57360e+00 6.79145e+02
-2.09642e+00 2.64365e+00 6.77494e+02
-2.17343e+00 2.71416e+00 6.75871e+02
-2.25188e+00 2.78515e+00 6.74253e+02
-2.33179e+00 2.85664e+00 6.72620e+02
-2.41317e+00 2.92864e+00 6.70953e+02
-2.49603e+00 3.00117e+00 6.69233e+02
-2.58064e+00 3.07445e+00 6.67476e+02
-2.66740e+00 3.14882e+00 6.65818e+02
-2.75557e+00 3.22364e+00 6.64043e+02
-2.84517e+00 3.29893e+00 6.62180e+02
-2.93619e+00 3.37469e+00 6.60257e+02
-3.02868e+00 3.45094e+00 6.58307e+02
-3.12263e+00 3.52771e+00 6.56362e+02
-3.21808e+00 3.60500e+00 6.54458e+02
-3.31504e+00 3.68283e+00 6.52634e+02
-3.41353e+00 3.76123e+00 6.50931e+02
-3.51358e+00 3.84020e+00 6.49399e+02
-3.61521e+00 3.91977e+00 6.48092e+02
-3.71843e+00 3.99996e+00 6.47073e+02
-4.40588e-01 7.47064e-01 7.84080e+02
-4.68957e-01 8.02916e-01 7.86740e+02
-4.98792e-01 8.58994e-01 7.86977e+02
-5.30082e-01 9.15312e-01 7.85499e+02
-5.62818e-01 9.71881e-01 7.82824e+02
-5.96990e-01 1.02871e+00 7.79341e+02
-6.32591e-01 1.08582e+00 7.75349e+02
-6.69615e-01 1.14322e+00 7.71082e+02
-7.08058e-01 1.20091e+00 7.66727e+02
-7.47915e-01 1.25892e+00 7.62436e+02
-7.89184e-01 1.31726e+00 7.58338e+02
-8.31864e-01 1.37593e+00 7.54541e+02
-8.75953e-01 1.43494e+00 7.51136e+02
-9.22692e-01 1.49592e+00 7.43788e+02
-9.71259e-01 1.55770e+00 7.38044e+02
-1.02124e+00 1.61978e+00 7.32817e+02
-1.07263e+00 1.68215e+00 7.28016e+02
-1.12544e+00 1.74483e+00 7.23568e+02
-1.17967e+00 1.80783e+00 7.19412e+02
-1.23531e+00 1.87117e+00 7.15498e+02
-1.29237e+00 1.93485e+00 7.11784e+02
-1.35086e+00 1.99890e+00 7.08237e+02
-1.41077e+00 2.06333e+00 7.04830e+02
-1.47213e+00 2.12814e+00 7.01540e+02
-1.53493e+00 2.19335e+00 6.98350e+02
-1.59992e+00 2.25972e+00 6.96018e+02
-1.66705e+00 2.32718e+00 6.93363e+02
-1.73560e+00 2.39498e+00 6.90913e+02
-1.80556e+00 2.46311e+00 6.88631e+02
-1.87694e+00 2.53161e+00 6.86483e+02
-1.94976e+00 2.60048e+00 6.84439e+02
-2.02401e+00 2.66974e+00 6.82473e+02
-2.09972e+00 2.73939e+00 6.80560e+02
-2.17689e+00 2.80947e+00 6.78675e+02
-2.25553e+00 2.87997e+00 6.76799e+02
-2.33567e+00 2.95091e+00 6.74911e+02
-2.41731e+00 3.02232e+00 6.72990e+02
-2.50070e+00 3.09439e+00 6.71048e+02
-2.58625e+00 3.16748e+00 6.69182e+02
-2.67322e+00 3.24094e+00 6.67212e+02
-2.76163e+00 3.31480e+00 6.65160e+02
-2.85150e+00 3.38907e+00 6.63050e+02
-2.94285e+00 3.46377e+00 6.60907e+02
-3.03569e+00 3.53891e+00 6.58757e+02
-3.13004e+00 3.61451e+00 6.56627e+02
-3.22592e+00 3.69059e+00 6.54548e+02
-3.32334e+00 3.76715e+00 6.52549e+02
-3.42234e+00 3.84422e+00 6.50666e+02
-3.52294e+00 3.92182e+00 6.48936e+02
-3.62514e+00 3.99996e+00 6.47401e+02
-4.17301e-01 7.64796e-01 7.96779e+02
-4.43775e-01 8.21841e-01 8.05367e+02
-4.71733e-01 8.79048e-01 8.09236e+02
-5.01164e-01 9.36430e-01 8.09733e+02
-5.32058e-01 9.94000e-01 8.07848e+02
-5.64405e-01 1.05177e+00 8.04327e+02
-5.98197e-01 1.10976e+00 7.99739e+02
-6.33429e-01 1.16797e+00 7.94528e+02
-6.70094e-01 1.22642e+00 7.89044e+02
-7.08189e-01 1.28512e+00 7.83569e+02
-7.47710e-01 1.34408e+00 7.78335e+02
-7.88655e-01 1.40332e+00 7.73531e+02
-8.31023e-01 1.46285e+00 7.69319e+02
-8.75972e-01 1.52423e+00 7.60568e+02
-9.22738e-01 1.58635e+00 7.53554e+02
-9.70934e-01 1.64870e+00 7.47200e+02
-1.02056e+00 1.71128e+00 7.41394e+02
-1.07161e+00 1.77411e+00 7.36042e+02
-1.12409e+00 1.83720e+00 7.31069e+02
-1.17801e+00 1.90057e+00 7.26409e+02
-1.23336e+00 1.96423e+00 7.22010e+02
-1.29014e+00 2.02819e+00 7.17826e+02
-1.34837e+00 2.09246e+00 7.13820e+02
-1.40805e+00 2.15705e+00 7.09961e+02
-1.46918e+00 2.22199e+00 7.06222e+02
-1.53247e+00 2.28800e+00 7.03461e+02
-1.59788e+00 2.35501e+00 7.00366e+02
-1.66472e+00 2.42230e+00 6.97512e+02
-1.73298e+00 2.48987e+00 6.94860e+02
-1.80268e+00 2.55773e+00 6.92373e+02
-1.87382e+00 2.62591e+00 6.90019e+02
-1.94641e+00 2.69442e+00 6.87769e+02
-2.02046e+00 2.76326e+00 6.85595e+02
-2.09599e+00 2.83245e+00 6.83473e+02
-2.17300e+00 2.90202e+00 6.81380e+02
-2.25152e+00 2.97196e+00 6.79295e+02
-2.33154e+00 3.04230e+00 6.77198e+02
-2.41331e+00 3.11324e+00 6.75109e+02
-2.49720e+00 3.18510e+00 6.73077e+02
-2.58254e+00 3.25728e+00 6.70955e+02
-2.66933e+00 3.32979e+00 6.68760e+02
-2.75758e+00 3.40265e+00 6.66512e+02
-2.84732e+00 3.47588e+00 6.64231e+02
-2.93856e+00 3.54949e+00 6.61935e+02
-3.03132e+00 3.62349e+00 6.59645e+02
-3.12561e+00 3.69790e+00 6.57385e+02
-3.22145e+00 3.77274e+00 6.55176e+02
-3.31888e+00 3.84801e+00 6.53042e+02
-3.41789e+00 3.92375e+00 6.51012e+02
-3.51853e+00 3.99996e+00 6.49111e+02
-3.93729e-01 7.82134e-01 8.09520e+02
-4.18336e-01 8.40260e-01 8.24659e+02
-4.44432e-01 8.98490e-01 8.32507e+02
-4.72005e-01 9.56839e-01 8.35110e+02
-5.01045e-01 1.01532e+00 8.33987e+02
-5.31542e-01 1.07394e+00 8.30290e+02
-5.63490e-01 1.13272e+00 8.24901e+02
-5.96880e-01 1.19168e+00 8.18507e+02
-6.31708e-01 1.25081e+00 8.11650e+02
-6.67968e-01 1.31014e+00 8.04762e+02
-7.05657e-01 1.36968e+00 7.98194e+02
-7.44773e-01 1.42944e+00 7.92233e+02
-7.85314e-01 1.48943e+00 7.87119e+02
-8.28350e-01 1.55117e+00 7.76943e+02
-8.73177e-01 1.61359e+00 7.68659e+02
-9.19439e-01 1.67617e+00 7.61193e+02
-9.67134e-01 1.73893e+00 7.54409e+02
-1.01626e+00 1.80188e+00 7.48191e+02
-1.06682e+00 1.86504e+00 7.42445e+02
-1.11881e+00 1.92842e+00 7.37089e+02
-1.17224e+00 1.99204e+00 7.32056e+02
-1.22711e+00 2.05590e+00 7.27290e+02
-1.28342e+00 2.12001e+00 7.22740e+02
-1.34118e+00 2.18440e+00 7.18367e+02
-1.40039e+00 2.24907e+00 7.14135e+02
-1.46171e+00 2.31472e+00 7.10983e+02
-1.52512e+00 2.38130e+00 7.07488e+02
-1.58995e+00 2.44809e+00 7.04270e+02
-1.65621e+00 2.51511e+00 7.01285e+02
-1.72390e+00 2.58237e+00 6.98494e+02
-1.79304e+00 2.64989e+00 6.95861e+02
-1.86363e+00 2.71768e+00 6.93356e+02
-1.93568e+00 2.78575e+00 6.90949e+02
-2.00920e+00 2.85411e+00 6.88615e+02
-2.08421e+00 2.92279e+00 6.86329e+02
-2.16071e+00 2.99179e+00 6.84068e+02
-2.23872e+00 3.06112e+00 6.81812e+02
-2.31845e+00 3.13099e+00 6.79604e+02
-2.40027e+00 3.20168e+00 6.77436e+02
-2.48354e+00 3.27265e+00 6.75192e+02
-2.56825e+00 3.34389e+00 6.72884e+02
-2.65443e+00 3.41542e+00 6.70528e+02
-2.74209e+00 3.48726e+00 6.68137e+02
-2.83125e+00 3.55943e+00 6.65727e+02
-2.92192e+00 3.63192e+00 6.63311e+02
-3.01412e+00 3.70477e+00 6.60906e+02
-3.10786e+00 3.77798e+00 6.58528e+02
-3.20318e+00 3.85158e+00 6.56194e+02
-3.30008e+00 3.92556e+00 6.53922e+02
-3.39859e+00 3.99996e+00 6.51730e+02
-3.69903e-01 7.99062e-01 8.22366e+02
-3.92670e-01 8.58158e-01 8.44728e+02
-4.16917e-01 9.17307e-01 8.56930e+02
-4.42634e-01 9.76524e-01 8.61778e+02
-4.69809e-01 1.03582e+00 8.61384e+02
-4.98433e-01 1.09522e+00 8.57356e+02
-5.28500e-01 1.15472e+00 8.50934e+02
-5.60000e-01 1.21434e+00 8.43087e+02
-5.92930e-01 1.27409e+00 8.34576e+02
-6.27283e-01 1.33399e+00 8.26009e+02
-6.63057e-01 1.39405e+00 8.17876e+02
-7.00248e-01 1.45428e+00 8.10573e+02
-7.38855e-01 1.51469e+00 8.04427e+02
-7.79855e-01 1.57675e+00 7.92789e+02
-8.22608e-01 1.63940e+00 7.83241e+02
-8.66787e-01 1.70218e+00 7.74686e+02
-9.12391e-01 1.76508e+00 7.66959e+02
-9.59419e-01 1.82813e+00 7.59921e+02
-1.00787e+00 1.89134e+00 7.53453e+02
-1.05775e+00 1.95472e+00 7.47459e+02
-1.10905e+00 2.01828e+00 7.41855e+02
-1.16178e+00 2.08203e+00 7.36568e+02
-1.21594e+00 2.14599e+00 7.31539e+02
-1.27154e+00 2.21016e+00 7.26716e+02
-1.32858e+00 2.27457e+00 7.22053e+02
-1.38767e+00 2.33988e+00 7.18550e+02
-1.44878e+00 2.40603e+00 7.14703e+02
-1.51131e+00 2.47235e+00 7.11163e+02
-1.57526e+00 2.53884e+00 7.07884e+02
-1.64064e+00 2.60553e+00 7.04824e+02
-1.70744e+00 2.67242e+00 7.01946e+02
-1.77569e+00 2.73952e+00 6.99216e+02
-1.84539e+00 2.80686e+00 6.96604e+02
-1.91654e+00 2.87444e+00 6.94081e+02
-1.98916e+00 2.94228e+00 6.91622e+02
-2.06327e+00 3.01039e+00 6.89205e+02
-2.13886e+00 3.07877e+00 6.86806e+02
-2.21615e+00 3.14763e+00 6.84501e+02
-2.29547e+00 3.21723e+00 6.82219e+02
-2.37622e+00 3.28705e+00 6.79872e+02
-2.45841e+00 3.35710e+00 6.77471e+02
-2.54206e+00 3.42739e+00 6.75023e+02
-2.62717e+00 3.49793e+00 6.72538e+02
-2.71376e+00 3.56873e+00 6.70026e+02
-2.80185e+00 3.63982e+00 6.67497e+02
-2.89145e+00 3.71120e+00 6.64961e+02
-2.98258e+00 3.78289e+00 6.62428e+02
-3.07525e+00 3.85491e+00 6.59910e+02
-3.16949e+00 3.92726e+00 6.57417e+02
-3.26532e+00 3.99996e+00 6.54962e+02
-3.45849e-01 8.15568e-01 8.35373e+02
-3.66805e-01 8.75522e-01 8.65672e+02
-3.89219e-01 9.35487e-01 8.82628e+02
-4.13081e-01 9.95476e-01 8.89870e+02
-4.38381e-01 1.05550e+00 8.90163e+02
-4.65109e-01 1.11558e+00 8.85629e+02
-4.93259e-01 1.17572e+00 8.77915e+02
-5.22822e-01 1.23594e+00 8.68312e+02
-5.53793e-01 1.29625e+00 8.57834e+02
-5.86168e-01 1.35666e+00 8.47289e+02
-6.19943e-01 1.41718e+00 8.37326e+02
-6.55114e-01 1.47783e+00 8.28465e+02
-6.91679e-01 1.53861e+00 8.21132e+02
-7.30520e-01 1.60093e+00 8.07978e+02
-7.71062e-01 1.66379e+00 7.97178e+02
-8.13010e-01 1.72673e+00 7.87564e+02
-8.56363e-01 1.78974e+00 7.78938e+02
-9.01120e-01 1.85286e+00 7.71132e+02
-9.47279e-01 1.91609e+00 7.64006e+02
-9.94841e-01 1.97945e+00 7.57440e+02
-1.04381e+00 2.04294e+00 7.51334e+02
-1.09418e+00 2.10658e+00 7.45599e+02
-1.14596e+00 2.17038e+00 7.40163e+02
-1.19916e+00 2.23435e+00 7.34961e+02
-1.25377e+00 2.29851e+00 7.29939e+02
-1.31036e+00 2.36348e+00 7.26133e+02
-1.36890e+00 2.42922e+00 7.21983e+02
-1.42883e+00 2.49507e+00 7.18168e+02
-1.49017e+00 2.56106e+00 7.14638e+02
-1.55290e+00 2.62720e+00 7.11348e+02
-1.61705e+00 2.69349e+00 7.08259e+02
-1.68261e+00 2.75995e+00 7.05335e+02
-1.74960e+00 2.82660e+00 7.02544e+02
-1.81802e+00 2.89344e+00 6.99857e+02
-1.88788e+00 2.96049e+00 6.97247e+02
-1.95920e+00 3.02776e+00 6.94691e+02
-2.03198e+00 3.09526e+00 6.92165e+02
-2.10641e+00 3.16317e+00 6.89781e+02
-2.18281e+00 3.23175e+00 6.87404e+02
-2.26061e+00 3.30049e+00 6.84971e+02
-2.33982e+00 3.36942e+00 6.82486e+02
-2.42047e+00 3.43854e+00 6.79953e+02
-2.50255e+00 3.50786e+00 6.77378e+02
-2.58610e+00 3.57741e+00 6.74766e+02
-2.67110e+00 3.64718e+00 6.72121e+02
-2.75760e+00 3.71720e+00 6.69451e+02
-2.84559e+00 3.78747e+00 6.66759e+02
-2.93509e+00 3.85801e+00 6.64052e+02
-3.02613e+00 3.92884e+00 6.61337e+02
-3.11872e+00 3.99997e+00 6.58619e+02
-3.21426e-01 8.31752e-01 8.53019e+02
-3.40597e-01 8.92454e-01 8.89558e+02
-3.61192e-01 9.53130e-01 9.10106e+02
-3.83201e-01 1.01379e+00 9.18929e+02
-4.06614e-01 1.07446e+00 9.19322e+02
-4.31422e-01 1.13513e+00 9.13851e+02
-4.57618e-01 1.19584e+00 9.04526e+02
-4.85195e-01 1.25658e+00 8.92929e+02
-5.14148e-01 1.31737e+00 8.80314e+02
-5.44473e-01 1.37822e+00 8.67677e+02
-5.76164e-01 1.43915e+00 8.55817e+02
-6.09219e-01 1.50017e+00 8.45375e+02
-6.43637e-01 1.56128e+00 8.36870e+02
-6.80199e-01 1.62382e+00 8.22229e+02
-7.18397e-01 1.68683e+00 8.10190e+02
-7.57971e-01 1.74988e+00 7.99551e+02
-7.98917e-01 1.81297e+00 7.90076e+02
-8.41234e-01 1.87613e+00 7.81565e+02
-8.84921e-01 1.93936e+00 7.73849e+02
-9.29978e-01 2.00267e+00 7.66783e+02
-9.76407e-01 2.06608e+00 7.60244e+02
-1.02421e+00 2.12959e+00 7.54128e+02
-1.07339e+00 2.19323e+00 7.48345e+02
-1.12394e+00 2.25699e+00 7.42816e+02
-1.17588e+00 2.32090e+00 7.37475e+02
-1.22970e+00 2.38555e+00 7.33390e+02
-1.28539e+00 2.45088e+00 7.29021e+02
-1.34243e+00 2.51629e+00 7.24999e+02
-1.40084e+00 2.58179e+00 7.21272e+02
-1.46063e+00 2.64740e+00 7.17800e+02
-1.52179e+00 2.71313e+00 7.14542e+02
-1.58433e+00 2.77898e+00 7.11464e+02
-1.64826e+00 2.84498e+00 7.08534e+02
-1.71359e+00 2.91112e+00 7.05723e+02
-1.78032e+00 2.97743e+00 7.03006e+02
-1.84847e+00 3.04392e+00 7.00360e+02
-1.91804e+00 3.11059e+00 6.97761e+02
-1.98921e+00 3.17761e+00 6.95336e+02
-2.06225e+00 3.24523e+00 6.92830e+02
-2.13666e+00 3.31297e+00 6.90332e+02
-2.21246e+00 3.38086e+00 6.87826e+02
-2.28965e+00 3.44889e+00 6.85297e+02
-2.36824e+00 3.51708e+00 6.82733e+02
-2.44825e+00 3.58545e+00 6.80121e+02
-2.52968e+00 3.65400e+00 6.77450e+02
-2.61256e+00 3.72275e+00 6.74711e+02
-2.69690e+00 3.79171e+00 6.71895e+02
-2.78271e+00 3.86089e+00 6.68993e+02
-2.87000e+00 3.93030e+00 6.65998e+02
-2.95880e+00 3.99997e+00 6.62901e+02
-2.96241e-01 8.47856e-01 8.68204e+02
-3.13651e-01 9.09194e-01 9.15213e+02
-3.32438e-01 9.70474e-01 9.41665e+02
-3.52592e-01 1.03171e+00 9.52994e+02
-3.74104e-01 1.09292e+00 9.53453e+02
-3.96965e-01 1.15410e+00 9.46377e+02
-4.21169e-01 1.21528e+00 9.34393e+02
-4.46711e-01 1.27646e+00 9.19575e+02
-4.73583e-01 1.33767e+00 9.03566e+02
-5.01783e-01 1.39890e+00 8.87668e+02
-5.31305e-01 1.46017e+00 8.72916e+02
-5.62148e-01 1.52149e+00 8.60136e+02
-5.94309e-01 1.58287e+00 8.49986e+02
-6.28479e-01 1.64556e+00 8.34068e+02
-6.64212e-01 1.70867e+00 8.21117e+02
-7.01275e-01 1.77178e+00 8.09728e+02
-7.39667e-01 1.83491e+00 7.99637e+02
-7.79386e-01 1.89806e+00 7.90623e+02
-8.20430e-01 1.96126e+00 7.82495e+02
-8.62801e-01 2.02450e+00 7.75093e+02
-9.06497e-01 2.08780e+00 7.68280e+02
-9.51522e-01 2.15117e+00 7.61938e+02
-9.97876e-01 2.21463e+00 7.55965e+02
-1.04556e+00 2.27818e+00 7.50276e+02
-1.09458e+00 2.34183e+00 7.44794e+02
-1.14539e+00 2.40615e+00 7.40505e+02
-1.19796e+00 2.47108e+00 7.35975e+02
-1.25185e+00 2.53605e+00 7.31809e+02
-1.30705e+00 2.60108e+00 7.27956e+02
-1.36359e+00 2.66619e+00 7.24372e+02
-1.42145e+00 2.73137e+00 7.21016e+02
-1.48065e+00 2.79664e+00 7.17854e+02
-1.54120e+00 2.86202e+00 7.14853e+02
-1.60308e+00 2.92751e+00 7.11984e+02
-1.66633e+00 2.99312e+00 7.09221e+02
-1.73094e+00 3.05888e+00 7.06540e+02
-1.79692e+00 3.12477e+00 7.03918e+02
-1.86442e+00 3.19097e+00 7.01521e+02
-1.93371e+00 3.25769e+00 6.98990e+02
-2.00431e+00 3.32450e+00 6.96504e+02
-2.07626e+00 3.39141e+00 6.94035e+02
-2.14954e+00 3.45843e+00 6.91561e+02
-2.22418e+00 3.52558e+00 6.89061e+02
-2.30019e+00 3.59286e+00 6.86514e+02
-2.37757e+00 3.66028e+00 6.83904e+02
-2.45634e+00 3.72786e+00 6.81213e+02
-2.53650e+00 3.79561e+00 6.78426e+02
-2.61809e+00 3.86353e+00 6.75529e+02
-2.70109e+00 3.93165e+00 6.72509e+02
-2.78555e+00 3.99997e+00 6.69353e+02
-2.70798e-01 8.63550e-01 8.90887e+02
-2.86477e-01 9.25412e-01 9.45203e+02
-3.03472e-01 9.87193e-01 9.75281e+02
-3.21774e-01 1.04891e+00 9.87495e+02
-3.41374e-01 1.11056e+00 9.86885e+02
-3.62266e-01 1.17217e+00 9.77442e+02
-3.84443e-01 1.23375e+00 9.62325e+02
-4.07900e-01 1.29530e+00 9.44032e+02
-4.32631e-01 1.35685e+00 9.24540e+02
-4.58633e-01 1.41839e+00 9.05413e+02
-4.85901e-01 1.47994e+00 8.87885e+02
-5.14434e-01 1.54152e+00 8.72931e+02
-5.44228e-01 1.60313e+00 8.61314e+02
-5.75885e-01 1.66593e+00 8.44305e+02
-6.09017e-01 1.72909e+00 8.30648e+02
-6.43424e-01 1.79223e+00 8.18672e+02
-6.79103e-01 1.85536e+00 8.08095e+02
-7.16052e-01 1.91848e+00 7.98680e+02
-7.54270e-01 1.98161e+00 7.90224e+02
-7.93758e-01 2.04477e+00 7.82553e+02
-8.34515e-01 2.10795e+00 7.75518e+02
-8.76542e-01 2.17117e+00 7.68995e+02
-9.19842e-01 2.23445e+00 7.62873e+02
-9.64415e-01 2.29778e+00 7.57059e+02
-1.01027e+00 2.36119e+00 7.51473e+02
-1.05778e+00 2.42519e+00 7.47034e+02
-1.10696e+00 2.48973e+00 7.42394e+02
-1.15739e+00 2.55428e+00 7.38129e+02
-1.20909e+00 2.61887e+00 7.34189e+02
-1.26206e+00 2.68349e+00 7.30530e+02
-1.31630e+00 2.74816e+00 7.27112e+02
-1.37182e+00 2.81289e+00 7.23898e+02
-1.42862e+00 2.87769e+00 7.20858e+02
-1.48671e+00 2.94257e+00 7.17961e+02
-1.54609e+00 3.00754e+00 7.15182e+02
-1.60677e+00 3.07261e+00 7.12497e+02
-1.66876e+00 3.13779e+00 7.09885e+02
-1.73219e+00 3.20322e+00 7.07530e+02
-1.79729e+00 3.26911e+00 7.05007e+02
-1.86365e+00 3.33506e+00 7.02561e+02
-1.93130e+00 3.40108e+00 7.00159e+02
-2.00022e+00 3.46717e+00 6.97771e+02
-2.07044e+00 3.53336e+00 6.95370e+02
-2.14195e+00 3.59964e+00 6.92931e+02
-2.21478e+00 3.66603e+00 6.90430e+02
-2.28893e+00 3.73253e+00 6.87847e+02
-2.36441e+00 3.79917e+00 6.85163e+02
-2.44123e+00 3.86595e+00 6.82359e+02
-2.51942e+00 3.93288e+00 6.79419e+02
-2.59897e+00 3.99997e+00 6.76326e+02
-2.45126e-01 8.78823e-01 9.22200e+02
-2.59104e-01 9.41100e-01 9.80486e+02
-2.74324e-01 1.00328e+00 1.01169e+03
-2.90777e-01 1.06537e+00 1.02293e+03
-3.08457e-01 1.12739e+00 1.01990e+03
-3.27357e-01 1.18934e+00 1.00714e+03
-3.47472e-01 1.25124e+00 9.88244e+02
-3.68797e-01 1.31309e+00 9.66080e+02
-3.91326e-01 1.37491e+00 9.42903e+02
-4.15057e-01 1.43670e+00 9.20490e+02
-4.39986e-01 1.49849e+00 9.00232e+02
-4.66111e-01 1.56027e+00 8.83213e+02
-4.93429e-01 1.62205e+00 8.70271e+02
-5.22451e-01 1.68492e+00 8.52680e+02
-5.52850e-01 1.74809e+00 8.38569e+02
-5.84453e-01 1.81121e+00 8.26209e+02
-6.17260e-01 1.87431e+00 8.15311e+02
-6.51268e-01 1.93737e+00 8.05626e+02
-6.86477e-01 2.00043e+00 7.96946e+02
-7.22886e-01 2.06347e+00 7.89090e+02
-7.60495e-01 2.12653e+00 7.81904e+02
-7.99306e-01 2.18959e+00 7.75257e+02
-8.39318e-01 2.25269e+00 7.69035e+02
-8.80534e-01 2.31581e+00 7.63141e+02
-9.22957e-01 2.37898e+00 7.57491e+02
-9.66921e-01 2.44267e+00 7.52932e+02
-1.01242e+00 2.50683e+00 7.48238e+02
-1.05911e+00 2.57098e+00 7.43926e+02
-1.10699e+00 2.63514e+00 7.39946e+02
-1.15608e+00 2.69930e+00 7.36254e+02
-1.20636e+00 2.76350e+00 7.32811e+02
-1.25786e+00 2.82772e+00 7.29582e+02
-1.31056e+00 2.89198e+00 7.26537e+02
-1.36448e+00 2.95630e+00 7.23646e+02
-1.41961e+00 3.02067e+00 7.20885e+02
-1.47598e+00 3.08512e+00 7.18230e+02
-1.53358e+00 3.14964e+00 7.15662e+02
-1.59252e+00 3.21437e+00 7.13371e+02
-1.65301e+00 3.27950e+00 7.10892e+02
-1.71469e+00 3.34466e+00 7.08522e+02
-1.77758e+00 3.40986e+00 7.06221e+02
-1.84168e+00 3.47510e+00 7.03955e+02
-1.90700e+00 3.54041e+00 7.01692e+02
-1.97354e+00 3.60578e+00 6.99403e+02
-2.04132e+00 3.67123e+00 6.97063e+02
-2.11034e+00 3.73677e+00 6.94646e+02
-2.18062e+00 3.80240e+00 6.92132e+02
-2.25216e+00 3.86814e+00 6.89500e+02
-2.32497e+00 3.93399e+00 6.86731e+02
-2.39906e+00 3.99997e+00 6.83808e+02
-2.19256e-01 8.93665e-01 9.63081e+02
-2.31563e-01 9.56251e-01 1.02187e+03
-2.45024e-01 1.01873e+00 1.05153e+03
-2.59633e-01 1.08110e+00 1.05975e+03
-2.75383e-01 1.14339e+00 1.05275e+03
-2.92270e-01 1.20560e+00 1.03553e+03
-3.10288e-01 1.26774e+00 1.01206e+03
-3.29434e-01 1.32982e+00 9.85505e+02
-3.49702e-01 1.39185e+00 9.58336e+02
-3.71090e-01 1.45384e+00 9.32497e+02
-3.93595e-01 1.51579e+00 9.09490e+02
-4.17215e-01 1.57773e+00 8.90470e+02
-4.41948e-01 1.63965e+00 8.76309e+02
-4.68214e-01 1.70253e+00 8.58940e+02
-4.95745e-01 1.76567e+00 8.44674e+02
-5.24400e-01 1.82874e+00 8.32172e+02
-5.54176e-01 1.89177e+00 8.21145e+02
-5.85072e-01 1.95475e+00 8.11348e+02
-6.17088e-01 2.01770e+00 8.02571e+02
-6.50223e-01 2.08063e+00 7.94632e+02
-6.84476e-01 2.14354e+00 7.87378e+02
-7.19848e-01 2.20644e+00 7.80675e+02
-7.56340e-01 2.26935e+00 7.74411e+02
-7.93954e-01 2.33226e+00 7.68487e+02
-8.32691e-01 2.39520e+00 7.62818e+02
-8.72832e-01 2.45859e+00 7.58150e+02
-9.14367e-01 2.52238e+00 7.53465e+02
-9.57015e-01 2.58615e+00 7.49161e+02
-1.00078e+00 2.64990e+00 7.45190e+02
-1.04566e+00 2.71364e+00 7.41511e+02
-1.09166e+00 2.77738e+00 7.38086e+02
-1.13878e+00 2.84113e+00 7.34882e+02
-1.18703e+00 2.90490e+00 7.31870e+02
-1.23642e+00 2.96870e+00 7.29023e+02
-1.28693e+00 3.03253e+00 7.26316e+02
-1.33859e+00 3.09640e+00 7.23729e+02
-1.39139e+00 3.16033e+00 7.21240e+02
-1.44543e+00 3.22442e+00 7.19037e+02
-1.50088e+00 3.28885e+00 7.16647e+02
-1.55744e+00 3.35329e+00 7.14393e+02
-1.61513e+00 3.41775e+00 7.12234e+02
-1.67394e+00 3.48223e+00 7.10132e+02
-1.73389e+00 3.54674e+00 7.08051e+02
-1.79497e+00 3.61129e+00 7.05962e+02
-1.85720e+00 3.67590e+00 7.03834e+02
-1.92058e+00 3.74056e+00 7.01644e+02
-1.98513e+00 3.80529e+00 6.99368e+02
-2.05085e+00 3.87010e+00 6.96983e+02
-2.11774e+00 3.93499e+00 6.94472e+02
-2.18583e+00 3.99997e+00 6.91815e+02
-1.93217e-01 9.08069e-01 1.01429e+03
-2.03882e-01 9.70858e-01 1.07003e+03
-2.15602e-01 1.03353e+00 1.09531e+03
-2.28371e-01 1.09610e+00 1.09829e+03
-2.42184e-01 1.15857e+00 1.08561e+03
-2.57036e-01 1.22096e+00 1.06265e+03
-2.72924e-01 1.28327e+00 1.03368e+03
-2.89843e-01 1.34550e+00 1.00209e+03
-3.07791e-01 1.40768e+00 9.70536e+02
-3.26765e-01 1.46980e+00 9.41058e+02
-3.46763e-01 1.53187e+00 9.15230e+02
-3.67781e-01 1.59391e+00 8.94229e+02
-3.89820e-01 1.65592e+00 8.78924e+02
-4.13210e-01 1.71876e+00 8.62851e+02
-4.37742e-01 1.78183e+00 8.48768e+02
-4.63302e-01 1.84482e+00 8.36398e+02
-4.89890e-01 1.90774e+00 8.25466e+02
-5.17504e-01 1.97061e+00 8.15736e+02
-5.46143e-01 2.03344e+00 8.07006e+02
-5.75807e-01 2.09622e+00 7.99102e+02
-6.06495e-01 2.15898e+00 7.91874e+02
-6.38208e-01 2.22171e+00 7.85195e+02
-6.70947e-01 2.28443e+00 7.78954e+02
-7.04712e-01 2.34714e+00 7.73055e+02
-7.39506e-01 2.40985e+00 7.67417e+02
-7.75551e-01 2.47295e+00 7.62633e+02
-8.12841e-01 2.53638e+00 7.58024e+02
-8.51152e-01 2.59978e+00 7.53787e+02
-8.90485e-01 2.66315e+00 7.49880e+02
-9.30841e-01 2.72649e+00 7.46263e+02
-9.72222e-01 2.78982e+00 7.42903e+02
-1.01463e+00 2.85313e+00 7.39768e+02
-1.05807e+00 2.91645e+00 7.36832e+02
-1.10255e+00 2.97977e+00 7.34068e+02
-1.14806e+00 3.04311e+00 7.31456e+02
-1.19461e+00 3.10646e+00 7.28974e+02
-1.24221e+00 3.16985e+00 7.26604e+02
-1.29094e+00 3.23337e+00 7.24517e+02
-1.34092e+00 3.29717e+00 7.22265e+02
-1.39192e+00 3.36096e+00 7.20176e+02
-1.44394e+00 3.42475e+00 7.18206e+02
-1.49700e+00 3.48854e+00 7.16316e+02
-1.55110e+00 3.55235e+00 7.14468e+02
-1.60623e+00 3.61617e+00 7.12631e+02
-1.66242e+00 3.68003e+00 7.10776e+02
-1.71965e+00 3.74391e+00 7.08876e+02
-1.77795e+00 3.80785e+00 7.06907e+02
-1.83731e+00 3.87183e+00 7.04848e+02
-1.89775e+00 3.93586e+00 7.02678e+02
-1.95927e+00 3.99997e+00 7.00381e+02
-1.66906e-01 9.22098e-01 1.09379e+03
-1.75960e-01 9.84985e-01 1.12587e+03
-1.85955e-01 1.04776e+00 1.13573e+03
-1.96888e-01 1.11043e+00 1.12910e+03
-2.08754e-01 1.17299e+00 1.11069e+03
-2.21550e-01 1.23547e+00 1.08439e+03
-2.35274e-01 1.29787e+00 1.05329e+03
-2.49921e-01 1.36019e+00 1.01988e+03
-2.65490e-01 1.42244e+00 9.86101e+02
-2.81977e-01 1.48463e+00 9.53454e+02
-2.99382e-01 1.54676e+00 9.23087e+02
-3.17701e-01 1.60885e+00 8.95856e+02
-3.36936e-01 1.67090e+00 8.72380e+02
-3.57333e-01 1.73367e+00 8.59770e+02
-3.78735e-01 1.79661e+00 8.49854e+02
-4.01059e-01 1.85947e+00 8.39968e+02
-4.24304e-01 1.92227e+00 8.30286e+02
-4.48467e-01 1.98500e+00 8.20946e+02
-4.73549e-01 2.04767e+00 8.12051e+02
-4.99548e-01 2.11030e+00 8.03679e+02
-5.26466e-01 2.17289e+00 7.95887e+02
-5.54301e-01 2.23544e+00 7.88712e+02
-5.83054e-01 2.29796e+00 7.82180e+02
-6.12727e-01 2.36047e+00 7.76303e+02
-6.43320e-01 2.42295e+00 7.71088e+02
-6.75002e-01 2.48576e+00 7.66538e+02
-7.07770e-01 2.54886e+00 7.62005e+02
-7.41452e-01 2.61191e+00 7.57832e+02
-7.76050e-01 2.67491e+00 7.53982e+02
-8.11566e-01 2.73788e+00 7.50422e+02
-8.48000e-01 2.80081e+00 7.47121e+02
-8.85354e-01 2.86373e+00 7.44051e+02
-9.23632e-01 2.92663e+00 7.41188e+02
-9.62834e-01 2.98952e+00 7.38508e+02
-1.00296e+00 3.05241e+00 7.35992e+02
-1.04403e+00 3.11531e+00 7.33620e+02
-1.08602e+00 3.17821e+00 7.31375e+02
-1.12901e+00 3.24121e+00 7.29395e+02
-1.17309e+00 3.30445e+00 7.27282e+02
-1.21809e+00 3.36767e+00 7.25350e+02
-1.26401e+00 3.43086e+00 7.23559e+02
-1.31086e+00 3.49405e+00 7.21872e+02
-1.35863e+00 3.55723e+00 7.20255e+02
-1.40733e+00 3.62042e+00 7.18680e+02
-1.45697e+00 3.68362e+00 7.17118e+02
-1.50755e+00 3.74683e+00 7.15547e+02
-1.55907e+00 3.81006e+00 7.13944e+02
-1.61155e+00 3.87333e+00 7.12289e+02
-1.66498e+00 3.93663e+00 7.10564e+02
-1.71938e+00 3.99997e+00 7.08753e+02
-1.39495e-01 9.36174e-01 1.17843e+03
-1.46963e-01 9.99038e-01 1.20115e+03
-1.55247e-01 1.06179e+00 1.19783e+03
-1.64343e-01 1.12445e+00 1.17621e+03
-1.74248e-01 1.18701e+00 1.14269e+03
-1.84961e-01 1.24948e+00 1.10242e+03
-1.96478e-01 1.31187e+00 1.05950e+03
-2.08798e-01 1.37418e+00 1.01713e+03
-2.21918e-01 1.43643e+00 9.77737e+02
-2.35837e-01 1.49861e+00 9.43120e+02
-2.50553e-01 1.56074e+00 9.14582e+02
-2.66066e-01 1.62281e+00 8.93018e+02
-2.82374e-01 1.68484e+00 8.79000e+02
-2.99666e-01 1.74746e+00 8.67584e+02
-3.17823e-01 1.81022e+00 8.54800e+02
-3.36782e-01 1.87290e+00 8.43106e+02
-3.56541e-01 1.93552e+00 8.32415e+02
-3.77099e-01 1.99806e+00 8.22644e+02
-3.98456e-01 2.06055e+00 8.13713e+02
-4.20612e-01 2.12299e+00 8.05544e+02
-4.43567e-01 2.18538e+00 7.98067e+02
-4.67319e-01 2.24773e+00 7.91214e+02
-4.91871e-01 2.31005e+00 7.84922e+02
-5.17222e-01 2.37233e+00 7.79132e+02
-5.43372e-01 2.43460e+00 7.73789e+02
-5.70453e-01 2.49712e+00 7.69382e+02
-5.98460e-01 2.55988e+00 7.64893e+02
-6.27262e-01 2.62258e+00 7.60779e+02
-6.56861e-01 2.68523e+00 7.57002e+02
-6.87258e-01 2.74784e+00 7.53524e+02
-7.18453e-01 2.81042e+00 7.50315e+02
-7.50447e-01 2.87296e+00 7.47346e+02
-7.83243e-01 2.93548e+00 7.44591e+02
-8.16843e-01 2.99798e+00 7.42026e+02
-8.51247e-01 3.06047e+00 7.39630e+02
-8.86458e-01 3.12295e+00 7.37384e+02
-9.22479e-01 3.18543e+00 7.35270e+02
-9.59355e-01 3.24798e+00 7.33395e+02
-9.97162e-01 3.31071e+00 7.31494e+02
-1.03576e+00 3.37342e+00 7.29756e+02
-1.07517e+00 3.43610e+00 7.28155e+02
-1.11537e+00 3.49876e+00 7.26665e+02
-1.15637e+00 3.56140e+00 7.25263e+02
-1.19818e+00 3.62404e+00 7.23930e+02
-1.24080e+00 3.68667e+00 7.22647e+02
-1.28423e+00 3.74930e+00 7.21398e+02
-1.32848e+00 3.81194e+00 7.20168e+02
-1.37355e+00 3.87460e+00 7.18944e+02
-1.41944e+00 3.93727e+00 7.17713e+02
-1.46616e+00 3.99997e+00 7.16465e+02
-1.11883e-01 9.49818e-01 1.31270e+03
-1.17797e-01 1.01255e+00 1.28992e+03
-1.24387e-01 1.07519e+00 1.25311e+03
-1.31652e-01 1.13774e+00 1.20769e+03
-1.39589e-01 1.20020e+00 1.15802e+03
-1.48197e-01 1.26259e+00 1.10753e+03
-1.57474e-01 1.32489e+00 1.05883e+03
-1.67420e-01 1.38713e+00 1.01383e+03
-1.78032e-01 1.44930e+00 9.73893e+02
-1.89309e-01 1.51141e+00 9.39913e+02
-2.01251e-01 1.57347e+00 9.12430e+02
-2.13857e-01 1.63548e+00 8.91706e+02
-2.27125e-01 1.69744e+00 8.77789e+02
-2.41193e-01 1.75987e+00 8.72732e+02
-2.55975e-01 1.82241e+00 8.58114e+02
-2.71425e-01 1.88487e+00 8.45285e+02
-2.87542e-01 1.94727e+00 8.33980e+02
-3.04326e-01 2.00961e+00 8.23970e+02
-3.21776e-01 2.07189e+00 8.15050e+02
-3.39892e-01 2.13412e+00 8.07043e+02
-3.58674e-01 2.19631e+00 7.99793e+02
-3.78122e-01 2.25845e+00 7.93165e+02
-3.98236e-01 2.32055e+00 7.87040e+02
-4.19017e-01 2.38263e+00 7.81314e+02
-4.40464e-01 2.44467e+00 7.75895e+02
-4.62673e-01 2.50692e+00 7.71687e+02
-4.85639e-01 2.56934e+00 7.67249e+02
-5.09270e-01 2.63171e+00 7.63193e+02
-5.33564e-01 2.69404e+00 7.59480e+02
-5.58524e-01 2.75632e+00 7.56072e+02
-5.84149e-01 2.81857e+00 7.52940e+02
-6.10440e-01 2.88077e+00 7.50053e+02
-6.37399e-01 2.94296e+00 7.47386e+02
-6.65025e-01 3.00511e+00 7.44915e+02
-6.93322e-01 3.06725e+00 7.42618e+02
-7.22289e-01 3.12937e+00 7.40477e+02
-7.51929e-01 3.19148e+00 7.38475e+02
-7.82274e-01 3.25364e+00 7.36688e+02
-8.13380e-01 3.31594e+00 7.34955e+02
-8.45148e-01 3.37821e+00 7.33373e+02
-8.77579e-01 3.44045e+00 7.31925e+02
-9.10675e-01 3.50266e+00 7.30596e+02
-9.44438e-01 3.56485e+00 7.29370e+02
-9.78869e-01 3.62702e+00 7.28235e+02
-1.01397e+00 3.68918e+00 7.27179e+02
-1.04974e+00 3.75134e+00 7.26191e+02
-1.08619e+00 3.81349e+00 7.25261e+02
-1.12332e+00 3.87564e+00 7.24379e+02
-1.16113e+00 3.93780e+00 7.23538e+02
-1.19962e+00 3.99997e+00 7.22729e+02
-8.40995e-02 9.63024e-01 1.50455e+03
-8.84897e-02 1.02553e+00 1.39672e+03
-9.34050e-02 1.08795e+00 1.30319e+03
-9.88443e-02 1.15030e+00 1.22293e+03
-1.04806e-01 1.21258e+00 1.15469e+03
-1.11290e-01 1.27480e+00 1.09704e+03
-1.18295e-01 1.33694e+00 1.04849e+03
-1.25820e-01 1.39903e+00 1.00760e+03
-1.33865e-01 1.46107e+00 9.72952e+02
-1.42429e-01 1.52305e+00 9.43248e+02
-1.51511e-01 1.58498e+00 9.17292e+02
-1.61111e-01 1.64687e+00 8.94007e+02
-1.71229e-01 1.70871e+00 8.72431e+02
-1.81954e-01 1.77091e+00 8.74781e+02
-1.93231e-01 1.83318e+00 8.59449e+02
-2.05030e-01 1.89539e+00 8.46226e+02
-2.17349e-01 1.95755e+00 8.34760e+02
-2.30189e-01 2.01965e+00 8.24750e+02
-2.43550e-01 2.08170e+00 8.15934e+02
-2.57430e-01 2.14371e+00 8.08087e+02
-2.71831e-01 2.20567e+00 8.01013e+02
-2.86752e-01 2.26760e+00 7.94548e+02
-3.02192e-01 2.32949e+00 7.88546e+02
-3.18154e-01 2.39135e+00 7.82886e+02
-3.34636e-01 2.45318e+00 7.77463e+02
-3.51701e-01 2.51516e+00 7.73393e+02
-3.69348e-01 2.57726e+00 7.69023e+02
-3.87513e-01 2.63933e+00 7.65030e+02
-4.06197e-01 2.70134e+00 7.61379e+02
-4.25400e-01 2.76332e+00 7.58034e+02
-4.45123e-01 2.82527e+00 7.54966e+02
-4.65365e-01 2.88718e+00 7.52146e+02
-4.86127e-01 2.94906e+00 7.49549e+02
-5.07411e-01 3.01091e+00 7.47152e+02
-5.29216e-01 3.07275e+00 7.44935e+02
-5.51543e-01 3.13456e+00 7.42880e+02
-5.74393e-01 3.19637e+00 7.40968e+02
-5.97788e-01 3.25820e+00 7.39259e+02
-6.21766e-01 3.32013e+00 7.37652e+02
-6.46259e-01 3.38203e+00 7.36190e+02
-6.71268e-01 3.44390e+00 7.34864e+02
-6.96794e-01 3.50575e+00 7.33662e+02
-7.22838e-01 3.56757e+00 7.32577e+02
-7.49401e-01 3.62937e+00 7.31600e+02
-7.76484e-01 3.69116e+00 7.30723e+02
-8.04088e-01 3.75293e+00 7.29939e+02
-8.32214e-01 3.81470e+00 7.29241e+02
-8.60865e-01 3.87646e+00 7.28623e+02
-8.90041e-01 3.93821e+00 7.28079e+02
-9.19743e-01 3.99997e+00 7.27603e+02
-5.61747e-02 9.75790e-01 1.76074e+03
-5.90718e-02 1.03796e+00 1.52531e+03
-6.23305e-02 1.10008e+00 1.34925e+03
-6.59504e-02 1.16214e+00 1.22129e+03
-6.99309e-02 1.22415e+00 1.13091e+03
-7.42717e-02 1.28611e+00 1.06864e+03
-7.89724e-02 1.34803e+00 1.02621e+03
-8.40328e-02 1.40990e+00 9.96517e+02
-8.94526e-02 1.47173e+00 9.73635e+02
-9.52315e-02 1.53351e+00 9.52676e+02
-1.01369e-01 1.59527e+00 9.29689e+02
-1.07866e-01 1.65698e+00 9.01535e+02
-1.14722e-01 1.71867e+00 8.65764e+02
-1.21988e-01 1.78059e+00 8.73451e+02
-1.29632e-01 1.84255e+00 8.58563e+02
-1.37638e-01 1.90447e+00 8.45720e+02
-1.46005e-01 1.96635e+00 8.34577e+02
-1.54733e-01 2.02819e+00 8.24838e+02
-1.63822e-01 2.08999e+00 8.16248e+02
-1.73271e-01 2.15175e+00 8.08587e+02
-1.83081e-01 2.21348e+00 8.01669e+02
-1.93252e-01 2.27518e+00 7.95333e+02
-2.03783e-01 2.33685e+00 7.89443e+02
-2.14675e-01 2.39850e+00 7.83882e+02
-2.25929e-01 2.46012e+00 7.78552e+02
-2.37579e-01 2.52184e+00 7.74439e+02
-2.49626e-01 2.58365e+00 7.70161e+02
-2.62032e-01 2.64541e+00 7.66246e+02
-2.74798e-01 2.70715e+00 7.62661e+02
-2.87924e-01 2.76885e+00 7.59376e+02
-3.01410e-01 2.83052e+00 7.56363e+02
-3.15256e-01 2.89217e+00 7.53596e+02
-3.29462e-01 2.95379e+00 7.51053e+02
-3.44028e-01 3.01539e+00 7.48712e+02
-3.58955e-01 3.07697e+00 7.46555e+02
-3.74244e-01 3.13854e+00 7.44563e+02
-3.89893e-01 3.20009e+00 7.42722e+02
-4.05917e-01 3.26166e+00 7.41079e+02
-4.22336e-01 3.32329e+00 7.39562e+02
-4.39111e-01 3.38489e+00 7.38188e+02
-4.56244e-01 3.44647e+00 7.36951e+02
-4.73733e-01 3.50803e+00 7.35845e+02
-4.91579e-01 3.56957e+00 7.34865e+02
-5.09783e-01 3.63109e+00 7.34005e+02
-5.28345e-01 3.69259e+00 7.33260e+02
-5.47266e-01 3.75409e+00 7.32624e+02
-5.66545e-01 3.81557e+00 7.32094e+02
-5.86184e-01 3.87704e+00 7.31665e+02
-6.06183e-01 3.93851e+00 7.31330e+02
-6.26543e-01 3.99997e+00 7.31087e+02
-2.81369e-02 9.88114e-01 2.08700e+03
-2.95709e-02 1.04986e+00 1.67867e+03
-3.11915e-02 1.11157e+00 1.39212e+03
-3.29984e-02 1.17326e+00 1.20205e+03
-3.49917e-02 1.23492e+00 1.08510e+03
-3.71712e-02 1.29655e+00 1.02045e+03
-3.95370e-02 1.35816e+00 9.90151e+02
-4.20890e-02 1.41974e+00 9.79122e+02
-4.48272e-02 1.48130e+00 9.74997e+02
-4.77516e-02 1.54283e+00 9.67872e+02
-5.08623e-02 1.60435e+00 9.49989e+02
-5.41591e-02 1.66584e+00 9.15424e+02
-5.76422e-02 1.72732e+00 8.59778e+02
-6.13332e-02 1.78892e+00 8.68617e+02
-6.52190e-02 1.85053e+00 8.55327e+02
-6.92922e-02 1.91212e+00 8.43635e+02
-7.35530e-02 1.97369e+00 8.33299e+02
-7.80012e-02 2.03523e+00 8.24108e+02
-8.26369e-02 2.09676e+00 8.15879e+02
-8.74600e-02 2.15826e+00 8.08454e+02
-9.24705e-02 2.21975e+00 8.01696e+02
-9.76684e-02 2.28121e+00 7.95489e+02
-1.03054e-01 2.34266e+00 7.89730e+02
-1.08627e-01 2.40410e+00 7.84333e+02
-1.14387e-01 2.46552e+00 7.79224e+02
-1.20350e-01 2.52699e+00 7.74768e+02
-1.26516e-01 2.58850e+00 7.70615e+02
-1.32869e-01 2.64998e+00 7.66797e+02
-1.39408e-01 2.71145e+00 7.63288e+02
-1.46135e-01 2.77290e+00 7.60063e+02
-1.53048e-01 2.83434e+00 7.57098e+02
-1.60148e-01 2.89575e+00 7.54373e+02
-1.67435e-01 2.95716e+00 7.51868e+02
-1.74909e-01 3.01855e+00 7.49565e+02
-1.82570e-01 3.07993e+00 7.47446e+02
-1.90418e-01 3.14130e+00 7.45496e+02
-1.98454e-01 3.20265e+00 7.43701e+02
-2.06681e-01 3.26402e+00 7.42113e+02
-2.15110e-01 3.32541e+00 7.40654e+02
-2.23723e-01 3.38679e+00 7.39337e+02
-2.32521e-01 3.44816e+00 7.38158e+02
-2.41504e-01 3.50951e+00 7.37114e+02
-2.50671e-01 3.57085e+00 7.36201e+02
-2.60023e-01 3.63217e+00 7.35415e+02
-2.69560e-01 3.69349e+00 7.34752e+02
-2.79282e-01 3.75480e+00 7.34208e+02
-2.89188e-01 3.81610e+00 7.33780e+02
-2.99279e-01 3.87740e+00 7.33463e+02
-3.09555e-01 3.93868e+00 7.33252e+02
-3.20016e-01 3.99997e+00 7.33145e+02
-1.37969e-05 9.99994e-01 2.48811e+03
-1.44921e-05 1.06122e+00 1.85915e+03
-1.52813e-05 1.12244e+00 1.43222e+03
-1.61645e-05 1.18367e+00 1.16443e+03
-1.71419e-05 1.24489e+00 1.01588e+03
-1.82134e-05 1.30611e+00 9.50951e+02
-1.93791e-05 1.36734e+00 9.38993e+02
-2.06392e-05 1.42856e+00 9.54413e+02
-2.19936e-05 1.48979e+00 9.76435e+02
-2.34424e-05 1.55101e+00 9.88640e+02
-2.49857e-05 1.61224e+00 9.78403e+02
-2.66235e-05 1.67346e+00 9.36315e+02
-2.83558e-05 1.73468e+00 8.55613e+02
-3.01913e-05 1.79591e+00 8.60316e+02
-3.21247e-05 1.85713e+00 8.49724e+02
-3.41534e-05 1.91836e+00 8.39913e+02
-3.62773e-05 1.97958e+00 8.30841e+02
-3.84964e-05 2.04080e+00 8.22462e+02
-4.08108e-05 2.10203e+00 8.14729e+02
-4.32205e-05 2.16325e+00 8.07599e+02
-4.57255e-05 2.22448e+00 8.01028e+02
-4.83257e-05 2.28570e+00 7.94974e+02
-5.10213e-05 2.34692e+00 7.89399e+02
-5.38122e-05 2.40815e+00 7.84267e+02
-5.66984e-05 2.46937e+00 7.79543e+02
-5.96860e-05 2.53060e+00 7.74329e+02
-6.27748e-05 2.59182e+00 7.70339e+02
-6.59586e-05 2.65304e+00 7.66643e+02
-6.92375e-05 2.71427e+00 7.63223e+02
-7.26114e-05 2.77549e+00 7.60062e+02
-7.60802e-05 2.83672e+00 7.57142e+02
-7.96440e-05 2.89794e+00 7.54449e+02
-8.33027e-05 2.95916e+00 7.51966e+02
-8.70562e-05 3.02039e+00 7.49681e+02
-9.09046e-05 3.08161e+00 7.47578e+02
-9.48477e-05 3.14284e+00 7.45646e+02
-9.88856e-05 3.20406e+00 7.43871e+02
-1.03020e-04 3.26528e+00 7.42326e+02
-1.07255e-04 3.32651e+00 7.40895e+02
-1.11584e-04 3.38773e+00 7.39604e+02
-1.16006e-04 3.44895e+00 7.38451e+02
-1.20521e-04 3.51018e+00 7.37432e+02
-1.25130e-04 3.57140e+00 7.36545e+02
-1.29832e-04 3.63263e+00 7.35786e+02
-1.34627e-04 3.69385e+00 7.35151e+02
-1.39515e-04 3.75507e+00 7.34637e+02
-1.44497e-04 3.81630e+00 7.34240e+02
-1.49571e-04 3.87752e+00 7.33955e+02
-1.54738e-04 3.93875e+00 7.33780e+02
-1.59998e-04 3.99997e+00 7.33710e+02
