-1.00000e+00 0.00000e+00 -4.68978e-03 0.00000e+00
-9.51200e-01 1.17850e-01 -4.73479e-03 1.13649e-03
-8.93750e-01 2.27075e-01 -4.72295e-03 1.78989e-03
-8.27669e-01 3.27669e-01 -4.54007e-03 2.35860e-03
-7.61588e-01 4.28262e-01 -4.36689e-03 2.91658e-03
-6.86875e-01 5.20225e-01 -4.08125e-03 3.35044e-03
-6.03550e-01 6.03550e-01 -3.71676e-03 3.71676e-03
-5.20225e-01 6.86875e-01 -3.35045e-03 4.08125e-03
-4.28262e-01 7.61588e-01 -2.91660e-03 4.36689e-03
-3.27669e-01 8.27669e-01 -2.35862e-03 4.54007e-03
-2.27075e-01 8.93750e-01 -1.78993e-03 4.72296e-03
-1.17850e-01 9.51200e-01 -1.13651e-03 4.73477e-03
0.00000e+00 1.00000e+00 0.00000e+00 4.68974e-03
-1.50000e+00 0.00000e+00 -4.34846e-03 0.00000e+00
-1.46748e+00 1.61900e-01 -4.27712e-03 9.16151e-05
-1.40488e+00 3.21525e-01 -4.51766e-03 1.13856e-03
-1.31221e+00 4.78869e-01 -4.48913e-03 1.86734e-03
-1.21955e+00 6.36212e-01 -4.47961e-03 2.64747e-03
-1.09683e+00 7.91275e-01 -4.28741e-03 3.32808e-03
-9.44050e-01 9.44050e-01 -3.80740e-03 3.80740e-03
-7.91275e-01 1.09682e+00 -3.32807e-03 4.28739e-03
-6.36212e-01 1.21949e+00 -2.64759e-03 4.47954e-03
-4.78869e-01 1.31212e+00 -1.86750e-03 4.48907e-03
-3.21525e-01 1.40475e+00 -1.13878e-03 4.51762e-03
-1.61900e-01 1.46735e+00 -9.16238e-05 4.27706e-03
0.00000e+00 1.50000e+00 0.00000e+00 4.34847e-03
-2.00000e+00 0.00000e+00 -5.88597e-03 0.00000e+00
-1.97968e+00 2.85212e-01 -5.79948e-03 1.16260e-03
-1.91929e+00 5.44269e-01 -5.62671e-03 1.80986e-03
-1.81884e+00 7.77161e-01 -5.47480e-03 2.60897e-03
-1.71840e+00 1.01005e+00 -5.29577e-03 3.36014e-03
-1.57789e+00 1.21678e+00 -4.98975e-03 4.00702e-03
-1.39734e+00 1.39734e+00 -4.49454e-03 4.49454e-03
-1.21678e+00 1.57789e+00 -4.00701e-03 4.98975e-03
-1.01005e+00 1.71833e+00 -3.36018e-03 5.29564e-03
-7.77161e-01 1.81875e+00 -2.60901e-03 5.47460e-03
-5.44269e-01 1.91916e+00 -1.80990e-03 5.62644e-03
-2.85212e-01 1.97955e+00 -1.16260e-03 5.79915e-03
0.00000e+00 2.00000e+00 0.00000e+00 5.88598e-03
-2.50000e+00 0.00000e+00 -6.73461e-03 0.00000e+00
-2.48781e+00 4.87794e-01 -6.72056e-03 1.41779e-03
-2.43699e+00 8.95312e-01 -6.68941e-03 2.62971e-03
-2.34756e+00 1.22255e+00 -6.51582e-03 3.56456e-03
-2.25813e+00 1.54979e+00 -6.34858e-03 4.50494e-03
-2.13008e+00 1.79674e+00 -6.03348e-03 5.16514e-03
-1.96341e+00 1.96341e+00 -5.59898e-03 5.59898e-03
-1.79674e+00 2.13008e+00 -5.16514e-03 6.03348e-03
-1.54979e+00 2.25808e+00 -4.50496e-03 6.34848e-03
-1.22255e+00 2.34749e+00 -3.56459e-03 6.51568e-03
-8.95312e-01 2.43690e+00 -2.62975e-03 6.68923e-03
-4.87794e-01 2.48771e+00 -1.41780e-03 6.72037e-03
0.00000e+00 2.50000e+00 0.00000e+00 6.73460e-03
-3.00000e+00 0.00000e+00 -7.77904e-03 0.00000e+00
-2.99594e+00 6.90375e-01 -7.76303e-03 1.91173e-03
-2.95470e+00 1.24636e+00 -7.75990e-03 3.45494e-03
-2.87628e+00 1.66794e+00 -7.58074e-03 4.54681e-03
-2.79787e+00 2.08952e+00 -7.39512e-03 5.64791e-03
-2.68227e+00 2.37671e+00 -7.07056e-03 6.33102e-03
-2.52949e+00 2.52949e+00 -6.69976e-03 6.69976e-03
-2.37671e+00 2.68227e+00 -6.33102e-03 7.07056e-03
-2.08952e+00 2.79783e+00 -5.64791e-03 7.39504e-03
-1.66794e+00 2.87624e+00 -4.54682e-03 7.58064e-03
-1.24636e+00 2.95464e+00 -3.45495e-03 7.75976e-03
-6.90375e-01 2.99587e+00 -1.91173e-03 7.76288e-03
0.00000e+00 3.00000e+00 0.00000e+00 7.77904e-03
-3.50000e+00 0.00000e+00 -8.89180e-03 0.00000e+00
-3.50000e+00 9.72225e-01 -8.90246e-03 2.60882e-03
-3.47570e+00 1.72570e+00 -8.90207e-03 4.62096e-03
-3.42709e+00 2.26043e+00 -8.74240e-03 5.96259e-03
-3.37849e+00 2.79515e+00 -8.60173e-03 7.29167e-03
-3.30558e+00 3.11113e+00 -8.42410e-03 7.98264e-03
-3.20835e+00 3.20835e+00 -8.20893e-03 8.20893e-03
-3.11112e+00 3.30558e+00 -7.98264e-03 8.42410e-03
-2.79515e+00 3.37849e+00 -7.29167e-03 8.60173e-03
-2.26043e+00 3.42709e+00 -5.96259e-03 8.74240e-03
-1.72570e+00 3.47570e+00 -4.62096e-03 8.90207e-03
-9.72225e-01 3.50000e+00 -2.60883e-03 8.90246e-03
0.00000e+00 3.50000e+00 0.00000e+00 8.89180e-03
-4.00000e+00 0.00000e+00 -1.00000e-02 0.00000e+00
-4.00000e+00 1.33335e+00 -1.00000e-02 3.59381e-03
-4.00000e+00 2.33335e+00 -1.00000e-02 6.16484e-03
-4.00000e+00 3.00001e+00 -1.00000e-02 7.70863e-03
-4.00000e+00 3.66668e+00 -1.00000e-02 9.26438e-03
-4.00000e+00 4.00000e+00 -1.00000e-02 1.00000e-02
-4.00000e+00 4.00000e+00 -1.00000e-02 1.00000e-02
-4.00000e+00 4.00000e+00 -1.00000e-02 1.00000e-02
-3.66668e+00 4.00000e+00 -9.26438e-03 1.00000e-02
-3.00001e+00 4.00000e+00 -7.70863e-03 1.00000e-02
-2.33335e+00 4.00000e+00 -6.16484e-03 1.00000e-02
-1.33335e+00 4.00000e+00 -3.59381e-03 1.00000e-02
0.00000e+00 4.00000e+00 0.00000e+00 1.00000e-02
