-1.00000e+00 0.00000e+00 -4.55520e-03 0.00000e+00
-9.87800e-01 2.94625e-02 -4.57713e-03 4.19158e-04
-9.75059e-01 5.83859e-02 -4.62953e-03 6.91322e-04
-9.61778e-01 8.67702e-02 -4.65334e-03 9.24759e-04
-9.48497e-01 1.15154e-01 -4.68024e-03 1.15608e-03
-9.34676e-01 1.43000e-01 -4.69246e-03 1.34406e-03
-9.20315e-01 1.70305e-01 -4.69119e-03 1.51769e-03
-9.05954e-01 1.97611e-01 -4.69004e-03 1.69056e-03
-8.91052e-01 2.24378e-01 -4.67623e-03 1.84706e-03
-8.75611e-01 2.50605e-01 -4.65274e-03 1.99497e-03
-8.60170e-01 2.76832e-01 -4.62915e-03 2.14264e-03
-8.44189e-01 3.02520e-01 -4.59575e-03 2.28123e-03
-8.27669e-01 3.27669e-01 -4.55443e-03 2.41339e-03
-8.11148e-01 3.52817e-01 -4.51303e-03 2.54545e-03
-7.94089e-01 3.77426e-01 -4.46362e-03 2.67102e-03
-7.76490e-01 4.01496e-01 -4.40743e-03 2.79123e-03
-7.58891e-01 4.25565e-01 -4.35119e-03 2.91140e-03
-7.40753e-01 4.49095e-01 -4.28813e-03 3.02622e-03
-7.22076e-01 4.72085e-01 -4.21911e-03 3.13617e-03
-7.03399e-01 4.95075e-01 -4.15008e-03 3.24611e-03
-6.84183e-01 5.17526e-01 -4.07508e-03 3.35119e-03
-6.64429e-01 5.39437e-01 -3.99473e-03 3.45152e-03
-6.44674e-01 5.61348e-01 -3.91437e-03 3.55184e-03
-6.24381e-01 5.82719e-01 -3.82868e-03 3.64740e-03
-6.03550e-01 6.03550e-01 -3.73804e-03 3.73804e-03
-5.82719e-01 6.24381e-01 -3.64740e-03 3.82868e-03
-5.61348e-01 6.44674e-01 -3.55184e-03 3.91438e-03
-5.39437e-01 6.64429e-01 -3.45152e-03 3.99473e-03
-5.17526e-01 6.84183e-01 -3.35119e-03 4.07508e-03
-4.95075e-01 7.03399e-01 -3.24611e-03 4.15008e-03
-4.72085e-01 7.22076e-01 -3.13617e-03 4.21911e-03
-4.49095e-01 7.40753e-01 -3.02622e-03 4.28813e-03
-4.25565e-01 7.58891e-01 -2.91140e-03 4.35119e-03
-4.01496e-01 7.76490e-01 -2.79123e-03 4.40743e-03
-3.77426e-01 7.94089e-01 -2.67102e-03 4.46362e-03
-3.52817e-01 8.11148e-01 -2.54545e-03 4.51304e-03
-3.27669e-01 8.27669e-01 -2.41339e-03 4.55443e-03
-3.02520e-01 8.44189e-01 -2.28123e-03 4.59576e-03
-2.76832e-01 8.60170e-01 -2.14264e-03 4.62915e-03
-2.50605e-01 8.75611e-01 -1.99497e-03 4.65274e-03
-2.24378e-01 8.91052e-01 -1.84706e-03 4.67624e-03
-1.97611e-01 9.05954e-01 -1.69056e-03 4.69004e-03
-1.70305e-01 9.20315e-01 -1.51769e-03 4.69119e-03
-1.43000e-01 9.34676e-01 -1.34407e-03 4.69246e-03
-1.15154e-01 9.48497e-01 -1.15608e-03 4.68024e-03
-8.67702e-02 9.61778e-01 -9.24764e-04 4.65334e-03
-5.83859e-02 9.75059e-01 -6.91329e-04 4.62953e-03
-2.94625e-02 9.87800e-01 -4.19158e-04 4.57712e-03
0.00000e+00 1.00000e+00 0.00000e+00 4.55520e-03
-1.12500e+00 0.00000e+00 -4.35396e-03 0.00000e+00
-1.11382e+00 3.22156e-02 -4.34324e-03 -5.56060e-05
-1.10176e+00 6.39914e-02 -4.44196e-03 2.16446e-04
-1.08883e+00 9.53272e-02 -4.50457e-03 4.52856e-04
-1.07589e+00 1.26663e-01 -4.57083e-03 6.99878e-04
-1.06208e+00 1.57559e-01 -4.61544e-03 9.50010e-04
-1.04740e+00 1.88015e-01 -4.63474e-03 1.16953e-03
-1.03272e+00 2.18471e-01 -4.65457e-03 1.39070e-03
-1.01716e+00 2.48487e-01 -4.65330e-03 1.58911e-03
-1.00073e+00 2.78062e-01 -4.63926e-03 1.77139e-03
-9.84294e-01 3.07638e-01 -4.62505e-03 1.95367e-03
-9.66986e-01 3.36773e-01 -4.59829e-03 2.12044e-03
-9.48805e-01 3.65469e-01 -4.56268e-03 2.27681e-03
-9.30623e-01 3.94164e-01 -4.52694e-03 2.43308e-03
-9.11567e-01 4.22419e-01 -4.48230e-03 2.57878e-03
-8.91637e-01 4.50234e-01 -4.43009e-03 2.71638e-03
-8.71707e-01 4.78049e-01 -4.37781e-03 2.85393e-03
-8.50903e-01 5.05423e-01 -4.31798e-03 2.98326e-03
-8.29225e-01 5.32357e-01 -4.25096e-03 3.10564e-03
-8.07547e-01 5.59291e-01 -4.18391e-03 3.22800e-03
-7.84996e-01 5.85785e-01 -4.10970e-03 3.34337e-03
-7.61571e-01 6.11838e-01 -4.02817e-03 3.45246e-03
-7.38146e-01 6.37891e-01 -3.94662e-03 3.56153e-03
-7.13847e-01 6.63503e-01 -3.85776e-03 3.66430e-03
-6.88675e-01 6.88675e-01 -3.76104e-03 3.76104e-03
-6.63503e-01 7.13847e-01 -3.66430e-03 3.85776e-03
-6.37891e-01 7.38145e-01 -3.56153e-03 3.94662e-03
-6.11838e-01 7.61568e-01 -3.45246e-03 4.02817e-03
-5.85785e-01 7.84992e-01 -3.34338e-03 4.10969e-03
-5.59291e-01 8.07541e-01 -3.22801e-03 4.18390e-03
-5.32357e-01 8.29216e-01 -3.10566e-03 4.25095e-03
-5.05423e-01 8.50892e-01 -2.98328e-03 4.31796e-03
-4.78049e-01 8.71693e-01 -2.85396e-03 4.37780e-03
-4.50234e-01 8.91621e-01 -2.71642e-03 4.43007e-03
-4.22419e-01 9.11548e-01 -2.57883e-03 4.48228e-03
-3.94164e-01 9.30602e-01 -2.43313e-03 4.52693e-03
-3.65469e-01 9.48781e-01 -2.27687e-03 4.56267e-03
-3.36773e-01 9.66961e-01 -2.12050e-03 4.59828e-03
-3.07638e-01 9.84267e-01 -1.95374e-03 4.62505e-03
-2.78062e-01 1.00070e+00 -1.77147e-03 4.63927e-03
-2.48487e-01 1.01713e+00 -1.58920e-03 4.65331e-03
-2.18471e-01 1.03269e+00 -1.39080e-03 4.65459e-03
-1.88015e-01 1.04737e+00 -1.16962e-03 4.63476e-03
-1.57559e-01 1.06206e+00 -9.50102e-04 4.61547e-03
-1.26663e-01 1.07587e+00 -6.99958e-04 4.57086e-03
-9.53272e-02 1.08881e+00 -4.52912e-04 4.50460e-03
-6.39914e-02 1.10175e+00 -2.16479e-04 4.44199e-03
-3.22156e-02 1.11381e+00 5.56081e-05 4.34325e-03
0.00000e+00 1.12500e+00 0.00000e+00 4.35396e-03
-1.25000e+00 0.00000e+00 -4.66874e-03 0.00000e+00
-1.23977e+00 3.62072e-02 -4.64332e-03 2.81210e-04
-1.22838e+00 7.19557e-02 -4.56346e-03 3.72975e-04
-1.21582e+00 1.07245e-01 -4.55828e-03 5.46690e-04
-1.20326e+00 1.42535e-01 -4.54587e-03 7.09066e-04
-1.18953e+00 1.77366e-01 -4.56660e-03 8.97544e-04
-1.17464e+00 2.11738e-01 -4.58480e-03 1.09149e-03
-1.15975e+00 2.46110e-01 -4.60350e-03 1.28533e-03
-1.14369e+00 2.80023e-01 -4.61886e-03 1.48119e-03
-1.12647e+00 3.13477e-01 -4.62065e-03 1.66727e-03
-1.10925e+00 3.46931e-01 -4.62279e-03 1.85373e-03
-1.09087e+00 3.79926e-01 -4.61259e-03 2.03148e-03
-1.07132e+00 4.12462e-01 -4.59039e-03 2.19950e-03
-1.05177e+00 4.44998e-01 -4.56820e-03 2.36760e-03
-1.03106e+00 4.77075e-01 -4.53429e-03 2.52636e-03
-1.00918e+00 5.08692e-01 -4.48993e-03 2.67673e-03
-9.87302e-01 5.40310e-01 -4.44554e-03 2.82709e-03
-9.64260e-01 5.71468e-01 -4.39072e-03 2.96914e-03
-9.40053e-01 6.02167e-01 -4.32608e-03 3.10359e-03
-9.15847e-01 6.32866e-01 -4.26142e-03 3.23803e-03
-8.90477e-01 6.63106e-01 -4.18695e-03 3.36487e-03
-8.63943e-01 6.92887e-01 -4.10269e-03 3.48431e-03
-8.37409e-01 7.22667e-01 -4.01842e-03 3.60373e-03
-8.09711e-01 7.51988e-01 -3.92436e-03 3.71576e-03
-7.80849e-01 7.80849e-01 -3.82007e-03 3.82007e-03
-7.51988e-01 8.09711e-01 -3.71576e-03 3.92436e-03
-7.22667e-01 8.37407e-01 -3.60373e-03 4.01841e-03
-6.92887e-01 8.63938e-01 -3.48431e-03 4.10268e-03
-6.63106e-01 8.90469e-01 -3.36488e-03 4.18694e-03
-6.32866e-01 9.15836e-01 -3.23804e-03 4.26141e-03
-6.02167e-01 9.40038e-01 -3.10362e-03 4.32607e-03
-5.71468e-01 9.64240e-01 -2.96918e-03 4.39069e-03
-5.40310e-01 9.87278e-01 -2.82713e-03 4.44552e-03
-5.08692e-01 1.00915e+00 -2.67678e-03 4.48991e-03
-4.77075e-01 1.03102e+00 -2.52643e-03 4.53426e-03
-4.44998e-01 1.05173e+00 -2.36767e-03 4.56818e-03
-4.12462e-01 1.07128e+00 -2.19959e-03 4.59037e-03
-3.79926e-01 1.09083e+00 -2.03158e-03 4.61258e-03
-3.46931e-01 1.10921e+00 -1.85383e-03 4.62278e-03
-3.13477e-01 1.12643e+00 -1.66737e-03 4.62065e-03
-2.80023e-01 1.14365e+00 -1.48129e-03 4.61886e-03
-2.46110e-01 1.15970e+00 -1.28542e-03 4.60350e-03
-2.11738e-01 1.17459e+00 -1.09156e-03 4.58480e-03
-1.77366e-01 1.18949e+00 -8.97596e-04 4.56660e-03
-1.42535e-01 1.20322e+00 -7.09091e-04 4.54585e-03
-1.07245e-01 1.21578e+00 -5.46698e-04 4.55825e-03
-7.19557e-02 1.22835e+00 -3.72964e-04 4.56342e-03
-3.62072e-02 1.23976e+00 -2.81210e-04 4.64329e-03
0.00000e+00 1.25000e+00 0.00000e+00 4.66874e-03
-1.37500e+00 0.00000e+00 -4.73509e-03 0.00000e+00
-1.36566e+00 4.14373e-02 -4.73067e-03 1.69910e-04
-1.35491e+00 8.22790e-02 -4.73144e-03 3.62123e-04
-1.34275e+00 1.22525e-01 -4.72366e-03 5.40158e-04
-1.33059e+00 1.62771e-01 -4.71815e-03 7.21164e-04
-1.31702e+00 2.02421e-01 -4.71814e-03 9.06167e-04
-1.30203e+00 2.41475e-01 -4.72126e-03 1.09626e-03
-1.28705e+00 2.80529e-01 -4.72411e-03 1.28603e-03
-1.27066e+00 3.18987e-01 -4.72775e-03 1.47871e-03
-1.25286e+00 3.56850e-01 -4.72369e-03 1.66656e-03
-1.23505e+00 3.94712e-01 -4.71976e-03 1.85452e-03
-1.21584e+00 4.31978e-01 -4.70819e-03 2.03750e-03
-1.19522e+00 4.68649e-01 -4.68604e-03 2.21227e-03
-1.17459e+00 5.05319e-01 -4.66396e-03 2.38712e-03
-1.15256e+00 5.41393e-01 -4.63157e-03 2.55398e-03
-1.12912e+00 5.76871e-01 -4.58848e-03 2.71232e-03
-1.10568e+00 6.12349e-01 -4.54540e-03 2.87069e-03
-1.08082e+00 6.47231e-01 -4.49171e-03 3.02064e-03
-1.05456e+00 6.81516e-01 -4.42741e-03 3.16227e-03
-1.02830e+00 7.15802e-01 -4.36309e-03 3.30390e-03
-1.00063e+00 7.49491e-01 -4.28819e-03 3.43725e-03
-9.71545e-01 7.82584e-01 -4.20245e-03 3.56229e-03
-9.42463e-01 8.15676e-01 -4.11670e-03 3.68732e-03
-9.11973e-01 8.48173e-01 -4.02013e-03 3.80406e-03
-8.80073e-01 8.80073e-01 -3.91210e-03 3.91210e-03
-8.48173e-01 9.11973e-01 -3.80406e-03 4.02013e-03
-8.15676e-01 9.42461e-01 -3.68733e-03 4.11670e-03
-7.82584e-01 9.71539e-01 -3.56230e-03 4.20244e-03
-7.49491e-01 1.00062e+00 -3.43727e-03 4.28818e-03
-7.15802e-01 1.02828e+00 -3.30393e-03 4.36307e-03
-6.81516e-01 1.05454e+00 -3.16230e-03 4.42738e-03
-6.47231e-01 1.08080e+00 -3.02068e-03 4.49168e-03
-6.12349e-01 1.10564e+00 -2.87074e-03 4.54536e-03
-5.76871e-01 1.12908e+00 -2.71238e-03 4.58844e-03
-5.41393e-01 1.15252e+00 -2.55405e-03 4.63153e-03
-5.05319e-01 1.17455e+00 -2.38720e-03 4.66392e-03
-4.68649e-01 1.19516e+00 -2.21236e-03 4.68599e-03
-4.31978e-01 1.21578e+00 -2.03760e-03 4.70814e-03
-3.94712e-01 1.23499e+00 -1.85462e-03 4.71972e-03
-3.56850e-01 1.25279e+00 -1.66666e-03 4.72365e-03
-3.18987e-01 1.27060e+00 -1.47880e-03 4.72771e-03
-2.80529e-01 1.28699e+00 -1.28611e-03 4.72406e-03
-2.41475e-01 1.30197e+00 -1.09632e-03 4.72121e-03
-2.02421e-01 1.31696e+00 -9.06213e-04 4.71809e-03
-1.62771e-01 1.33054e+00 -7.21192e-04 4.71809e-03
-1.22525e-01 1.34271e+00 -5.40177e-04 4.72362e-03
-8.22790e-02 1.35488e+00 -3.62133e-04 4.73141e-03
-4.14373e-02 1.36564e+00 -1.69910e-04 4.73066e-03
0.00000e+00 1.37500e+00 0.00000e+00 4.73509e-03
-1.50000e+00 0.00000e+00 -4.90352e-03 0.00000e+00
-1.49155e+00 4.66674e-02 -4.87836e-03 1.85808e-04
-1.48144e+00 9.26022e-02 -4.86354e-03 3.56118e-04
-1.46968e+00 1.37804e-01 -4.86219e-03 5.47680e-04
-1.45792e+00 1.83006e-01 -4.85600e-03 7.33601e-04
-1.44450e+00 2.27476e-01 -4.84732e-03 9.17361e-04
-1.42943e+00 2.71212e-01 -4.84010e-03 1.10283e-03
-1.41435e+00 3.14948e-01 -4.83286e-03 1.28835e-03
-1.39762e+00 3.57952e-01 -4.82815e-03 1.47716e-03
-1.37924e+00 4.00222e-01 -4.82050e-03 1.66578e-03
-1.36085e+00 4.42493e-01 -4.81281e-03 1.85433e-03
-1.34081e+00 4.84031e-01 -4.80122e-03 2.04171e-03
-1.31911e+00 5.24835e-01 -4.78027e-03 2.22271e-03
-1.29742e+00 5.65640e-01 -4.75941e-03 2.40380e-03
-1.27406e+00 6.05711e-01 -4.72929e-03 2.57855e-03
-1.24906e+00 6.45050e-01 -4.68798e-03 2.74485e-03
-1.22405e+00 6.84388e-01 -4.64671e-03 2.91121e-03
-1.19739e+00 7.22993e-01 -4.59439e-03 3.06925e-03
-1.16907e+00 7.60865e-01 -4.53046e-03 3.21838e-03
-1.14075e+00 7.98737e-01 -4.46653e-03 3.36753e-03
-1.11078e+00 8.35875e-01 -4.39103e-03 3.50784e-03
-1.07915e+00 8.72281e-01 -4.30351e-03 3.63896e-03
-1.04752e+00 9.08686e-01 -4.21599e-03 3.77008e-03
-1.01423e+00 9.44358e-01 -4.11647e-03 3.89204e-03
-9.79296e-01 9.79296e-01 -4.00426e-03 4.00426e-03
-9.44358e-01 1.01423e+00 -3.89203e-03 4.11648e-03
-9.08686e-01 1.04752e+00 -3.77008e-03 4.21599e-03
-8.72281e-01 1.07914e+00 -3.63897e-03 4.30350e-03
-8.35875e-01 1.11076e+00 -3.50785e-03 4.39101e-03
-7.98737e-01 1.14073e+00 -3.36756e-03 4.46650e-03
-7.60865e-01 1.16904e+00 -3.21842e-03 4.53042e-03
-7.22993e-01 1.19735e+00 -3.06929e-03 4.59435e-03
-6.84388e-01 1.22401e+00 -2.91126e-03 4.64666e-03
-6.45050e-01 1.24901e+00 -2.74492e-03 4.68792e-03
-6.05711e-01 1.27401e+00 -2.57863e-03 4.72923e-03
-5.65640e-01 1.29736e+00 -2.40389e-03 4.75934e-03
-5.24835e-01 1.31905e+00 -2.22280e-03 4.78020e-03
-4.84031e-01 1.34074e+00 -2.04181e-03 4.80116e-03
-4.42493e-01 1.36078e+00 -1.85443e-03 4.81274e-03
-4.00222e-01 1.37916e+00 -1.66587e-03 4.82042e-03
-3.57952e-01 1.39754e+00 -1.47725e-03 4.82807e-03
-3.14948e-01 1.41428e+00 -1.28842e-03 4.83278e-03
-2.71212e-01 1.42935e+00 -1.10288e-03 4.84001e-03
-2.27476e-01 1.44443e+00 -9.17401e-04 4.84723e-03
-1.83006e-01 1.45786e+00 -7.33631e-04 4.85592e-03
-1.37804e-01 1.46963e+00 -5.47701e-04 4.86213e-03
-9.26022e-02 1.48141e+00 -3.56126e-04 4.86349e-03
-4.66674e-02 1.49153e+00 -1.85806e-04 4.87832e-03
0.00000e+00 1.50000e+00 0.00000e+00 4.90353e-03
-1.62500e+00 0.00000e+00 -5.08533e-03 0.00000e+00
-1.61738e+00 5.31360e-02 -5.08110e-03 1.95571e-04
-1.60790e+00 1.05284e-01 -5.06913e-03 3.93113e-04
-1.59656e+00 1.56445e-01 -5.05519e-03 5.82693e-04
-1.58522e+00 2.07605e-01 -5.04433e-03 7.75861e-04
-1.57203e+00 2.57778e-01 -5.03640e-03 9.70689e-04
-1.55698e+00 3.06963e-01 -5.02706e-03 1.16450e-03
-1.54193e+00 3.56147e-01 -5.01766e-03 1.35825e-03
-1.52502e+00 4.04344e-01 -5.00726e-03 1.55133e-03
-1.50625e+00 4.51553e-01 -4.99333e-03 1.74256e-03
-1.48749e+00 4.98762e-01 -4.97937e-03 1.93374e-03
-1.46687e+00 5.44983e-01 -4.96168e-03 2.12290e-03
-1.44439e+00 5.90215e-01 -4.93621e-03 2.30669e-03
-1.42191e+00 6.35448e-01 -4.91077e-03 2.49050e-03
-1.39758e+00 6.79692e-01 -4.87742e-03 2.66876e-03
-1.37139e+00 7.22948e-01 -4.83358e-03 2.83901e-03
-1.34520e+00 7.66205e-01 -4.78978e-03 3.00931e-03
-1.31716e+00 8.08473e-01 -4.73555e-03 3.17164e-03
-1.28725e+00 8.49752e-01 -4.66972e-03 3.32487e-03
-1.25735e+00 8.91032e-01 -4.60391e-03 3.47812e-03
-1.22559e+00 9.31323e-01 -4.52655e-03 3.62231e-03
-1.19198e+00 9.70626e-01 -4.43696e-03 3.75684e-03
-1.15836e+00 1.00993e+00 -4.34738e-03 3.89137e-03
-1.12289e+00 1.04824e+00 -4.24558e-03 4.01626e-03
-1.08557e+00 1.08557e+00 -4.13092e-03 4.13092e-03
-1.04824e+00 1.12289e+00 -4.01626e-03 4.24559e-03
-1.00993e+00 1.15836e+00 -3.89137e-03 4.34737e-03
-9.70626e-01 1.19197e+00 -3.75684e-03 4.43695e-03
-9.31323e-01 1.22558e+00 -3.62232e-03 4.52653e-03
-8.91032e-01 1.25733e+00 -3.47814e-03 4.60388e-03
-8.49752e-01 1.28723e+00 -3.32490e-03 4.66968e-03
-8.08473e-01 1.31712e+00 -3.17168e-03 4.73550e-03
-7.66205e-01 1.34516e+00 -3.00936e-03 4.78971e-03
-7.22948e-01 1.37134e+00 -2.83907e-03 4.83351e-03
-6.79692e-01 1.39752e+00 -2.66883e-03 4.87734e-03
-6.35448e-01 1.42185e+00 -2.49058e-03 4.91068e-03
-5.90215e-01 1.44432e+00 -2.30677e-03 4.93611e-03
-5.44983e-01 1.46679e+00 -2.12299e-03 4.96158e-03
-4.98762e-01 1.48740e+00 -1.93383e-03 4.97926e-03
-4.51553e-01 1.50617e+00 -1.74264e-03 4.99322e-03
-4.04344e-01 1.52493e+00 -1.55140e-03 5.00714e-03
-3.56147e-01 1.54184e+00 -1.35832e-03 5.01754e-03
-3.06963e-01 1.55689e+00 -1.16455e-03 5.02695e-03
-2.57778e-01 1.57195e+00 -9.70730e-04 5.03629e-03
-2.07605e-01 1.58515e+00 -7.75887e-04 5.04422e-03
-1.56445e-01 1.59650e+00 -5.82708e-04 5.05510e-03
-1.05284e-01 1.60785e+00 -3.93118e-04 5.06906e-03
-5.31360e-02 1.61735e+00 -1.95572e-04 5.08107e-03
0.00000e+00 1.62500e+00 0.00000e+00 5.08533e-03
-1.75000e+00 0.00000e+00 -5.30181e-03 0.00000e+00
-1.74314e+00 6.08432e-02 -5.28902e-03 2.11726e-04
-1.73427e+00 1.20325e-01 -5.27853e-03 4.21107e-04
-1.72338e+00 1.78447e-01 -5.26759e-03 6.28414e-04
-1.71249e+00 2.36568e-01 -5.25624e-03 8.35217e-04
-1.69959e+00 2.93328e-01 -5.24547e-03 1.04036e-03
-1.68468e+00 3.48727e-01 -5.23360e-03 1.24386e-03
-1.66977e+00 4.04127e-01 -5.22169e-03 1.44730e-03
-1.65284e+00 4.58165e-01 -5.20864e-03 1.64904e-03
-1.63390e+00 5.10842e-01 -5.19162e-03 1.84752e-03
-1.61496e+00 5.63518e-01 -5.17456e-03 2.04596e-03
-1.59401e+00 6.14834e-01 -5.15339e-03 2.24103e-03
-1.57105e+00 6.64788e-01 -5.12454e-03 2.42994e-03
-1.54809e+00 7.14743e-01 -5.09571e-03 2.61887e-03
-1.52311e+00 7.63336e-01 -5.05912e-03 2.80151e-03
-1.49612e+00 8.10567e-01 -5.01233e-03 2.97568e-03
-1.46913e+00 8.57799e-01 -4.96558e-03 3.14988e-03
-1.44013e+00 9.03669e-01 -4.90867e-03 3.31564e-03
-1.40912e+00 9.48178e-01 -4.84040e-03 3.47181e-03
-1.37810e+00 9.92687e-01 -4.77216e-03 3.62800e-03
-1.34508e+00 1.03583e+00 -4.69259e-03 3.77465e-03
-1.31004e+00 1.07762e+00 -4.60106e-03 3.91119e-03
-1.27500e+00 1.11940e+00 -4.50954e-03 4.04774e-03
-1.23795e+00 1.15983e+00 -4.40606e-03 4.17420e-03
-1.19889e+00 1.19889e+00 -4.29013e-03 4.29013e-03
-1.15983e+00 1.23795e+00 -4.17420e-03 4.40606e-03
-1.11940e+00 1.27500e+00 -4.04774e-03 4.50953e-03
-1.07762e+00 1.31003e+00 -3.91120e-03 4.60105e-03
-1.03583e+00 1.34506e+00 -3.77466e-03 4.69257e-03
-9.92687e-01 1.37808e+00 -3.62802e-03 4.77212e-03
-9.48178e-01 1.40909e+00 -3.47184e-03 4.84036e-03
-9.03669e-01 1.44009e+00 -3.31568e-03 4.90861e-03
-8.57799e-01 1.46909e+00 -3.14994e-03 4.96550e-03
-8.10567e-01 1.49607e+00 -2.97574e-03 5.01225e-03
-7.63336e-01 1.52305e+00 -2.80158e-03 5.05903e-03
-7.14743e-01 1.54801e+00 -2.61894e-03 5.09561e-03
-6.64788e-01 1.57097e+00 -2.43002e-03 5.12442e-03
-6.14834e-01 1.59393e+00 -2.24112e-03 5.15327e-03
-5.63518e-01 1.61487e+00 -2.04604e-03 5.17443e-03
-5.10842e-01 1.63381e+00 -1.84759e-03 5.19148e-03
-4.58165e-01 1.65275e+00 -1.64911e-03 5.20850e-03
-4.04127e-01 1.66967e+00 -1.44736e-03 5.22155e-03
-3.48727e-01 1.68459e+00 -1.24391e-03 5.23347e-03
-2.93328e-01 1.69951e+00 -1.04039e-03 5.24534e-03
-2.36568e-01 1.71242e+00 -8.35241e-04 5.25612e-03
-1.78447e-01 1.72332e+00 -6.28430e-04 5.26749e-03
-1.20325e-01 1.73422e+00 -4.21114e-04 5.27845e-03
-6.08432e-02 1.74311e+00 -2.11726e-04 5.28898e-03
0.00000e+00 1.75000e+00 0.00000e+00 5.30181e-03
-1.87500e+00 0.00000e+00 -5.51351e-03 0.00000e+00
-1.86890e+00 6.85503e-02 -5.50370e-03 2.29412e-04
-1.86063e+00 1.35367e-01 -5.49120e-03 4.52719e-04
-1.85020e+00 2.00449e-01 -5.47977e-03 6.73439e-04
-1.83976e+00 2.65531e-01 -5.46851e-03 8.94513e-04
-1.82716e+00 3.28879e-01 -5.45588e-03 1.11123e-03
-1.81238e+00 3.90492e-01 -5.44177e-03 1.32479e-03
-1.79761e+00 4.52106e-01 -5.42756e-03 1.53827e-03
-1.78066e+00 5.11985e-01 -5.41152e-03 1.74837e-03
-1.76155e+00 5.70130e-01 -5.39104e-03 1.95380e-03
-1.74244e+00 6.28275e-01 -5.37055e-03 2.15922e-03
-1.72116e+00 6.84686e-01 -5.34557e-03 2.35993e-03
-1.69771e+00 7.39362e-01 -5.31313e-03 2.55377e-03
-1.67426e+00 7.94038e-01 -5.28072e-03 2.74764e-03
-1.64864e+00 8.46980e-01 -5.24076e-03 2.93455e-03
-1.62085e+00 8.98187e-01 -5.19096e-03 3.11256e-03
-1.59306e+00 9.49394e-01 -5.14119e-03 3.29059e-03
-1.56311e+00 9.98866e-01 -5.08159e-03 3.45972e-03
-1.53098e+00 1.04660e+00 -5.01088e-03 3.61880e-03
-1.49886e+00 1.09434e+00 -4.94020e-03 3.77790e-03
-1.46456e+00 1.14034e+00 -4.85845e-03 3.92699e-03
-1.42810e+00 1.18461e+00 -4.76499e-03 4.06552e-03
-1.39164e+00 1.22888e+00 -4.67155e-03 4.20407e-03
-1.35301e+00 1.27141e+00 -4.56642e-03 4.33207e-03
-1.31221e+00 1.31221e+00 -4.44924e-03 4.44924e-03
-1.27141e+00 1.35301e+00 -4.33207e-03 4.56642e-03
-1.22888e+00 1.39164e+00 -4.20407e-03 4.67154e-03
-1.18461e+00 1.42809e+00 -4.06553e-03 4.76498e-03
-1.14034e+00 1.46455e+00 -3.92700e-03 4.85842e-03
-1.09434e+00 1.49884e+00 -3.77792e-03 4.94016e-03
-1.04660e+00 1.53095e+00 -3.61883e-03 5.01083e-03
-9.98866e-01 1.56307e+00 -3.45975e-03 5.08152e-03
-9.49394e-01 1.59301e+00 -3.29064e-03 5.14111e-03
-8.98187e-01 1.62079e+00 -3.11261e-03 5.19087e-03
-8.46980e-01 1.64857e+00 -2.93461e-03 5.24066e-03
-7.94038e-01 1.67418e+00 -2.74771e-03 5.28060e-03
-7.39362e-01 1.69762e+00 -2.55384e-03 5.31300e-03
-6.84686e-01 1.72107e+00 -2.36000e-03 5.34543e-03
-6.28275e-01 1.74234e+00 -2.15929e-03 5.37040e-03
-5.70130e-01 1.76145e+00 -1.95387e-03 5.39089e-03
-5.11985e-01 1.78056e+00 -1.74843e-03 5.41136e-03
-4.52106e-01 1.79751e+00 -1.53832e-03 5.42740e-03
-3.90492e-01 1.81229e+00 -1.32483e-03 5.44162e-03
-3.28879e-01 1.82707e+00 -1.11126e-03 5.45573e-03
-2.65531e-01 1.83968e+00 -8.94536e-04 5.46838e-03
-2.00449e-01 1.85013e+00 -6.73454e-04 5.47966e-03
-1.35367e-01 1.86059e+00 -4.52724e-04 5.49111e-03
-6.85503e-02 1.86887e+00 -2.29412e-04 5.50365e-03
0.00000e+00 1.87500e+00 0.00000e+00 5.51351e-03
-2.00000e+00 0.00000e+00 -5.74574e-03 0.00000e+00
-1.99460e+00 7.74959e-02 -5.73494e-03 2.49102e-04
-1.98692e+00 1.52767e-01 -5.72525e-03 4.93084e-04
-1.97696e+00 2.25812e-01 -5.71356e-03 7.30870e-04
-1.96700e+00 2.98857e-01 -5.70186e-03 9.68576e-04
-1.95476e+00 3.69677e-01 -5.68969e-03 1.20143e-03
-1.94024e+00 4.38271e-01 -5.67462e-03 1.42863e-03
-1.92572e+00 5.06865e-01 -5.65959e-03 1.65586e-03
-1.90892e+00 5.73234e-01 -5.64194e-03 1.87772e-03
-1.88983e+00 6.37377e-01 -5.61925e-03 2.09306e-03
-1.87075e+00 7.01520e-01 -5.59656e-03 2.30838e-03
-1.84939e+00 7.63437e-01 -5.56872e-03 2.51710e-03
-1.82575e+00 8.23129e-01 -5.53310e-03 2.71737e-03
-1.80210e+00 8.82820e-01 -5.49751e-03 2.91766e-03
-1.77618e+00 9.40286e-01 -5.45408e-03 3.10943e-03
-1.74798e+00 9.95526e-01 -5.40095e-03 3.29120e-03
-1.71977e+00 1.05077e+00 -5.34785e-03 3.47299e-03
-1.68929e+00 1.10378e+00 -5.28505e-03 3.64476e-03
-1.65653e+00 1.15457e+00 -5.21160e-03 3.80574e-03
-1.62376e+00 1.20536e+00 -5.13817e-03 3.96675e-03
-1.58872e+00 1.25392e+00 -5.05412e-03 4.11697e-03
-1.55139e+00 1.30025e+00 -4.95905e-03 4.25617e-03
-1.51407e+00 1.34659e+00 -4.86399e-03 4.39538e-03
-1.47447e+00 1.39070e+00 -4.75793e-03 4.52357e-03
-1.43258e+00 1.43258e+00 -4.64075e-03 4.64075e-03
-1.39070e+00 1.47447e+00 -4.52357e-03 4.75793e-03
-1.34659e+00 1.51407e+00 -4.39538e-03 4.86398e-03
-1.30025e+00 1.55139e+00 -4.25617e-03 4.95903e-03
-1.25392e+00 1.58870e+00 -4.11698e-03 5.05409e-03
-1.20536e+00 1.62374e+00 -3.96676e-03 5.13813e-03
-1.15457e+00 1.65649e+00 -3.80577e-03 5.21155e-03
-1.10378e+00 1.68925e+00 -3.64479e-03 5.28498e-03
-1.05077e+00 1.71972e+00 -3.47303e-03 5.34776e-03
-9.95526e-01 1.74792e+00 -3.29124e-03 5.40085e-03
-9.40286e-01 1.77611e+00 -3.10949e-03 5.45397e-03
-8.82820e-01 1.80203e+00 -2.91771e-03 5.49738e-03
-8.23129e-01 1.82566e+00 -2.71743e-03 5.53296e-03
-7.63437e-01 1.84930e+00 -2.51716e-03 5.56857e-03
-7.01520e-01 1.87065e+00 -2.30844e-03 5.59640e-03
-6.37377e-01 1.88973e+00 -2.09312e-03 5.61909e-03
-5.73234e-01 1.90881e+00 -1.87777e-03 5.64177e-03
-5.06865e-01 1.92562e+00 -1.65591e-03 5.65941e-03
-4.38271e-01 1.94014e+00 -1.42867e-03 5.67445e-03
-3.69677e-01 1.95467e+00 -1.20146e-03 5.68953e-03
-2.98857e-01 1.96692e+00 -9.68596e-04 5.70172e-03
-2.25812e-01 1.97690e+00 -7.30883e-04 5.71344e-03
-1.52767e-01 1.98687e+00 -4.93090e-04 5.72516e-03
-7.74959e-02 1.99457e+00 -2.49102e-04 5.73489e-03
0.00000e+00 2.00000e+00 0.00000e+00 5.74574e-03
-2.12500e+00 0.00000e+00 -5.98722e-03 0.00000e+00
-2.12024e+00 8.76802e-02 -5.97804e-03 2.73518e-04
-2.11313e+00 1.72526e-01 -5.96839e-03 5.38982e-04
-2.10367e+00 2.54536e-01 -5.95755e-03 7.97198e-04
-2.09421e+00 3.36547e-01 -5.94664e-03 1.05536e-03
-2.08240e+00 4.15723e-01 -5.93439e-03 1.30615e-03
-2.06825e+00 4.92064e-01 -5.91903e-03 1.54948e-03
-2.05410e+00 5.68404e-01 -5.90364e-03 1.79277e-03
-2.03760e+00 6.41910e-01 -5.88508e-03 2.02854e-03
-2.01875e+00 7.12581e-01 -5.86090e-03 2.25564e-03
-1.99990e+00 7.83252e-01 -5.83673e-03 2.48273e-03
-1.97871e+00 8.51088e-01 -5.80687e-03 2.70109e-03
-1.95516e+00 9.16089e-01 -5.76899e-03 2.90914e-03
-1.93162e+00 9.81090e-01 -5.73114e-03 3.11721e-03
-1.90573e+00 1.04326e+00 -5.68524e-03 3.31492e-03
-1.87750e+00 1.10259e+00 -5.62978e-03 3.50117e-03
-1.84926e+00 1.16192e+00 -5.57434e-03 3.68744e-03
-1.81868e+00 1.21841e+00 -5.50937e-03 3.86224e-03
-1.78575e+00 1.27207e+00 -5.43424e-03 4.02515e-03
-1.75282e+00 1.32573e+00 -5.35911e-03 4.18808e-03
-1.71754e+00 1.37655e+00 -5.27385e-03 4.33914e-03
-1.67992e+00 1.42454e+00 -5.17832e-03 4.47839e-03
-1.64229e+00 1.47253e+00 -5.08280e-03 4.61765e-03
-1.60232e+00 1.51769e+00 -4.97702e-03 4.74512e-03
-1.56000e+00 1.56000e+00 -4.86107e-03 4.86107e-03
-1.51769e+00 1.60232e+00 -4.74512e-03 4.97702e-03
-1.47253e+00 1.64229e+00 -4.61766e-03 5.08279e-03
-1.42454e+00 1.67991e+00 -4.47840e-03 5.17830e-03
-1.37655e+00 1.71753e+00 -4.33915e-03 5.27382e-03
-1.32573e+00 1.75280e+00 -4.18809e-03 5.35907e-03
-1.27207e+00 1.78572e+00 -4.02517e-03 5.43418e-03
-1.21841e+00 1.81864e+00 -3.86226e-03 5.50930e-03
-1.16192e+00 1.84921e+00 -3.68747e-03 5.57425e-03
-1.10259e+00 1.87744e+00 -3.50121e-03 5.62967e-03
-1.04326e+00 1.90567e+00 -3.31497e-03 5.68512e-03
-9.81090e-01 1.93155e+00 -3.11726e-03 5.73101e-03
-9.16089e-01 1.95508e+00 -2.90919e-03 5.76885e-03
-8.51088e-01 1.97862e+00 -2.70114e-03 5.80671e-03
-7.83252e-01 1.99981e+00 -2.48279e-03 5.83656e-03
-7.12581e-01 2.01865e+00 -2.25569e-03 5.86073e-03
-6.41910e-01 2.03750e+00 -2.02859e-03 5.88490e-03
-5.68404e-01 2.05400e+00 -1.79281e-03 5.90346e-03
-4.92064e-01 2.06816e+00 -1.54952e-03 5.91886e-03
-4.15723e-01 2.08231e+00 -1.30618e-03 5.93422e-03
-3.36547e-01 2.09413e+00 -1.05538e-03 5.94649e-03
-2.54536e-01 2.10360e+00 -7.97209e-04 5.95743e-03
-1.72526e-01 2.11308e+00 -5.38987e-04 5.96830e-03
-8.76802e-02 2.12021e+00 -2.73518e-04 5.97799e-03
0.00000e+00 2.12500e+00 0.00000e+00 5.98722e-03
-2.25000e+00 0.00000e+00 -6.22906e-03 0.00000e+00
-2.24587e+00 9.78644e-02 -6.22075e-03 2.97484e-04
-2.23933e+00 1.92285e-01 -6.21214e-03 5.85319e-04
-2.23037e+00 2.83261e-01 -6.20176e-03 8.63658e-04
-2.22142e+00 3.74237e-01 -6.19143e-03 1.14204e-03
-2.21004e+00 4.61769e-01 -6.17943e-03 1.41111e-03
-2.19626e+00 5.45856e-01 -6.16371e-03 1.67050e-03
-2.18248e+00 6.29944e-01 -6.14799e-03 1.92990e-03
-2.16628e+00 7.10587e-01 -6.12851e-03 2.17960e-03
-2.14766e+00 7.87786e-01 -6.10286e-03 2.41849e-03
-2.12905e+00 8.64985e-01 -6.07722e-03 2.65738e-03
-2.10802e+00 9.38739e-01 -6.04533e-03 2.88537e-03
-2.08458e+00 1.00905e+00 -6.00517e-03 3.10119e-03
-2.06114e+00 1.07936e+00 -5.96505e-03 3.31703e-03
-2.03529e+00 1.14622e+00 -5.91663e-03 3.52066e-03
-2.00702e+00 1.20965e+00 -5.85880e-03 3.71135e-03
-1.97875e+00 1.27307e+00 -5.80100e-03 3.90207e-03
-1.94807e+00 1.33304e+00 -5.73382e-03 4.07986e-03
-1.91497e+00 1.38957e+00 -5.65696e-03 4.24467e-03
-1.88187e+00 1.44610e+00 -5.58012e-03 4.40949e-03
-1.84636e+00 1.49919e+00 -5.49362e-03 4.56136e-03
-1.80844e+00 1.54883e+00 -5.39761e-03 4.70065e-03
-1.77051e+00 1.59848e+00 -5.30160e-03 4.83995e-03
-1.73018e+00 1.64467e+00 -5.19611e-03 4.96668e-03
-1.68742e+00 1.68742e+00 -5.08139e-03 5.08139e-03
-1.64467e+00 1.73018e+00 -4.96668e-03 5.19611e-03
-1.59848e+00 1.77051e+00 -4.83995e-03 5.30160e-03
-1.54883e+00 1.80843e+00 -4.70066e-03 5.39759e-03
-1.49919e+00 1.84635e+00 -4.56137e-03 5.49359e-03
-1.44610e+00 1.88185e+00 -4.40951e-03 5.58007e-03
-1.38957e+00 1.91494e+00 -4.24468e-03 5.65690e-03
-1.33304e+00 1.94803e+00 -4.07988e-03 5.73375e-03
-1.27307e+00 1.97870e+00 -3.90210e-03 5.80091e-03
-1.20965e+00 2.00696e+00 -3.71139e-03 5.85869e-03
-1.14622e+00 2.03522e+00 -3.52070e-03 5.91650e-03
-1.07936e+00 2.06107e+00 -3.31708e-03 5.96491e-03
-1.00905e+00 2.08450e+00 -3.10124e-03 6.00503e-03
-9.38739e-01 2.10794e+00 -2.88542e-03 6.04517e-03
-8.64985e-01 2.12896e+00 -2.65742e-03 6.07705e-03
-7.87786e-01 2.14757e+00 -2.41853e-03 6.10268e-03
-7.10587e-01 2.16618e+00 -2.17964e-03 6.12833e-03
-6.29944e-01 2.18238e+00 -1.92993e-03 6.14781e-03
-5.45856e-01 2.19617e+00 -1.67053e-03 6.16353e-03
-4.61769e-01 2.20996e+00 -1.41114e-03 6.17926e-03
-3.74237e-01 2.22134e+00 -1.14205e-03 6.19128e-03
-2.83261e-01 2.23031e+00 -8.63669e-04 6.20164e-03
-1.92285e-01 2.23928e+00 -5.85323e-04 6.21204e-03
-9.78644e-02 2.24584e+00 -2.97484e-04 6.22070e-03
0.00000e+00 2.25000e+00 0.00000e+00 6.22906e-03
-2.37500e+00 0.00000e+00 -6.48117e-03 0.00000e+00
-2.37144e+00 1.09287e-01 -6.47392e-03 3.24955e-04
-2.36545e+00 2.14403e-01 -6.46629e-03 6.38022e-04
-2.35702e+00 3.15346e-01 -6.45689e-03 9.39590e-04
-2.34859e+00 4.16290e-01 -6.44742e-03 1.24110e-03
-2.33773e+00 5.13062e-01 -6.43611e-03 1.53109e-03
-2.32443e+00 6.05663e-01 -6.42063e-03 1.80904e-03
-2.31112e+00 6.98263e-01 -6.40514e-03 2.08696e-03
-2.29539e+00 7.86692e-01 -6.38543e-03 2.35281e-03
-2.27721e+00 8.70948e-01 -6.35903e-03 2.60540e-03
-2.25904e+00 9.55205e-01 -6.33266e-03 2.85799e-03
-2.23843e+00 1.03529e+00 -6.29955e-03 3.09725e-03
-2.21538e+00 1.11120e+00 -6.25794e-03 3.32213e-03
-2.19234e+00 1.18712e+00 -6.21636e-03 3.54703e-03
-2.16685e+00 1.25886e+00 -6.16627e-03 3.75752e-03
-2.13894e+00 1.32643e+00 -6.10697e-03 3.95327e-03
-2.11102e+00 1.39399e+00 -6.04769e-03 4.14904e-03
-2.08066e+00 1.45739e+00 -5.97922e-03 4.33009e-03
-2.04787e+00 1.51661e+00 -5.90163e-03 4.49676e-03
-2.01508e+00 1.57584e+00 -5.82406e-03 4.66345e-03
-1.97985e+00 1.63089e+00 -5.73739e-03 4.81578e-03
-1.94219e+00 1.68177e+00 -5.64204e-03 4.95447e-03
-1.90453e+00 1.73265e+00 -5.54670e-03 5.09316e-03
-1.86443e+00 1.77936e+00 -5.44269e-03 5.21823e-03
-1.82189e+00 1.82189e+00 -5.33046e-03 5.33046e-03
-1.77936e+00 1.86443e+00 -5.21823e-03 5.44269e-03
-1.73265e+00 1.90452e+00 -5.09317e-03 5.54669e-03
-1.68177e+00 1.94218e+00 -4.95447e-03 5.64203e-03
-1.63089e+00 1.97984e+00 -4.81579e-03 5.73736e-03
-1.57584e+00 2.01506e+00 -4.66346e-03 5.82401e-03
-1.51661e+00 2.04784e+00 -4.49678e-03 5.90157e-03
-1.45739e+00 2.08063e+00 -4.33011e-03 5.97915e-03
-1.39399e+00 2.11097e+00 -4.14907e-03 6.04760e-03
-1.32643e+00 2.13888e+00 -3.95330e-03 6.10686e-03
-1.25886e+00 2.16679e+00 -3.75756e-03 6.16615e-03
-1.18712e+00 2.19227e+00 -3.54707e-03 6.21622e-03
-1.11120e+00 2.21531e+00 -3.32217e-03 6.25779e-03
-1.03529e+00 2.23835e+00 -3.09729e-03 6.29939e-03
-9.55205e-01 2.25895e+00 -2.85803e-03 6.33249e-03
-8.70948e-01 2.27712e+00 -2.60543e-03 6.35886e-03
-7.86692e-01 2.29530e+00 -2.35285e-03 6.38525e-03
-6.98263e-01 2.31103e+00 -2.08699e-03 6.40497e-03
-6.05663e-01 2.32434e+00 -1.80906e-03 6.42046e-03
-5.13062e-01 2.33765e+00 -1.53111e-03 6.43595e-03
-4.16290e-01 2.34852e+00 -1.24112e-03 6.44728e-03
-3.15346e-01 2.35696e+00 -9.39599e-04 6.45677e-03
-2.14403e-01 2.36541e+00 -6.38026e-04 6.46620e-03
-1.09287e-01 2.37142e+00 -3.24955e-04 6.47387e-03
0.00000e+00 2.37500e+00 0.00000e+00 6.48117e-03
-2.50000e+00 0.00000e+00 -6.73922e-03 0.00000e+00
-2.49695e+00 1.21948e-01 -6.73290e-03 3.55591e-04
-2.49149e+00 2.38880e-01 -6.72641e-03 6.97043e-04
-2.48361e+00 3.50794e-01 -6.71799e-03 1.02444e-03
-2.47574e+00 4.62708e-01 -6.70955e-03 1.35181e-03
-2.46545e+00 5.69604e-01 -6.69912e-03 1.66514e-03
-2.45275e+00 6.71484e-01 -6.68414e-03 1.96375e-03
-2.44004e+00 7.73363e-01 -6.66918e-03 2.26233e-03
-2.42493e+00 8.70225e-01 -6.64959e-03 2.54613e-03
-2.40739e+00 9.62069e-01 -6.62296e-03 2.81396e-03
-2.38986e+00 1.05391e+00 -6.59637e-03 3.08180e-03
-2.36992e+00 1.14074e+00 -6.56268e-03 3.33359e-03
-2.34756e+00 1.22255e+00 -6.52045e-03 3.56857e-03
-2.32520e+00 1.30436e+00 -6.47825e-03 3.80357e-03
-2.30043e+00 1.38115e+00 -6.42753e-03 4.02173e-03
-2.27325e+00 1.45293e+00 -6.36793e-03 4.22313e-03
-2.24606e+00 1.52470e+00 -6.30835e-03 4.42454e-03
-2.21646e+00 1.59146e+00 -6.23995e-03 4.60921e-03
-2.18445e+00 1.65319e+00 -6.16307e-03 4.77784e-03
-2.15244e+00 1.71493e+00 -6.08620e-03 4.94647e-03
-2.11801e+00 1.77165e+00 -6.00088e-03 5.09909e-03
-2.08117e+00 1.82336e+00 -5.90769e-03 5.23664e-03
-2.04433e+00 1.87506e+00 -5.81450e-03 5.37418e-03
-2.00508e+00 1.92175e+00 -5.71345e-03 5.49668e-03
-1.96341e+00 1.96341e+00 -5.60507e-03 5.60507e-03
-1.92175e+00 2.00508e+00 -5.49668e-03 5.71345e-03
-1.87506e+00 2.04433e+00 -5.37418e-03 5.81449e-03
-1.82336e+00 2.08117e+00 -5.23664e-03 5.90767e-03
-1.77165e+00 2.11800e+00 -5.09909e-03 6.00085e-03
-1.71493e+00 2.15242e+00 -4.94648e-03 6.08616e-03
-1.65319e+00 2.18443e+00 -4.77785e-03 6.16302e-03
-1.59146e+00 2.21643e+00 -4.60923e-03 6.23988e-03
-1.52470e+00 2.24602e+00 -4.42456e-03 6.30827e-03
-1.45293e+00 2.27320e+00 -4.22315e-03 6.36783e-03
-1.38115e+00 2.30038e+00 -4.02176e-03 6.42741e-03
-1.30436e+00 2.32514e+00 -3.80360e-03 6.47813e-03
-1.22255e+00 2.34749e+00 -3.56860e-03 6.52031e-03
-1.14074e+00 2.36984e+00 -3.33363e-03 6.56253e-03
-1.05391e+00 2.38978e+00 -3.08183e-03 6.59621e-03
-9.62069e-01 2.40731e+00 -2.81399e-03 6.62280e-03
-8.70225e-01 2.42484e+00 -2.54616e-03 6.64942e-03
-7.73363e-01 2.43996e+00 -2.26236e-03 6.66901e-03
-6.71484e-01 2.45267e+00 -1.96377e-03 6.68399e-03
-5.69604e-01 2.46537e+00 -1.66516e-03 6.69897e-03
-4.62708e-01 2.47567e+00 -1.35182e-03 6.70941e-03
-3.50794e-01 2.48356e+00 -1.02444e-03 6.71788e-03
-2.38880e-01 2.49145e+00 -6.97046e-04 6.72632e-03
-1.21948e-01 2.49693e+00 -3.55591e-04 6.73285e-03
0.00000e+00 2.50000e+00 0.00000e+00 6.73922e-03
-2.62500e+00 0.00000e+00 -6.99733e-03 0.00000e+00
-2.62246e+00 1.34610e-01 -6.99196e-03 3.86260e-04
-2.61753e+00 2.63357e-01 -6.98657e-03 7.56059e-04
-2.61021e+00 3.86241e-01 -6.97917e-03 1.10931e-03
-2.60288e+00 5.09125e-01 -6.97174e-03 1.46254e-03
-2.59317e+00 6.26146e-01 -6.96220e-03 1.79924e-03
-2.58107e+00 7.37304e-01 -6.94774e-03 2.11850e-03
-2.56896e+00 8.48463e-01 -6.93330e-03 2.43777e-03
-2.55446e+00 9.53758e-01 -6.91385e-03 2.73953e-03
-2.53758e+00 1.05319e+00 -6.88700e-03 3.02259e-03
-2.52069e+00 1.15262e+00 -6.86018e-03 3.30569e-03
-2.50141e+00 1.24619e+00 -6.82593e-03 3.57002e-03
-2.47974e+00 1.33390e+00 -6.78308e-03 3.81509e-03
-2.45807e+00 1.42160e+00 -6.74027e-03 4.06019e-03
-2.43401e+00 1.50345e+00 -6.68890e-03 4.28603e-03
-2.40756e+00 1.57943e+00 -6.62900e-03 4.49307e-03
-2.38111e+00 1.65541e+00 -6.56913e-03 4.70013e-03
-2.35227e+00 1.72552e+00 -6.50078e-03 4.88841e-03
-2.32103e+00 1.78977e+00 -6.42459e-03 5.05898e-03
-2.28980e+00 1.85403e+00 -6.34841e-03 5.22955e-03
-2.25617e+00 1.91242e+00 -6.26443e-03 5.38244e-03
-2.22016e+00 1.96494e+00 -6.17338e-03 5.51884e-03
-2.18414e+00 2.01747e+00 -6.08234e-03 5.65523e-03
-2.14573e+00 2.06413e+00 -5.98424e-03 5.77515e-03
-2.10493e+00 2.10493e+00 -5.87970e-03 5.87970e-03
-2.06413e+00 2.14573e+00 -5.77515e-03 5.98424e-03
-2.01747e+00 2.18414e+00 -5.65523e-03 6.08233e-03
-1.96494e+00 2.22015e+00 -5.51884e-03 6.17337e-03
-1.91242e+00 2.25616e+00 -5.38244e-03 6.26440e-03
-1.85403e+00 2.28978e+00 -5.22956e-03 6.34837e-03
-1.78977e+00 2.32101e+00 -5.05899e-03 6.42454e-03
-1.72552e+00 2.35223e+00 -4.88842e-03 6.50071e-03
-1.65541e+00 2.38107e+00 -4.70014e-03 6.56905e-03
-1.57943e+00 2.40752e+00 -4.49309e-03 6.62891e-03
-1.50345e+00 2.43396e+00 -4.28606e-03 6.68879e-03
-1.42160e+00 2.45801e+00 -4.06022e-03 6.74015e-03
-1.33390e+00 2.47968e+00 -3.81512e-03 6.78295e-03
-1.24619e+00 2.50134e+00 -3.57005e-03 6.82579e-03
-1.15262e+00 2.52062e+00 -3.30571e-03 6.86004e-03
-1.05319e+00 2.53750e+00 -3.02262e-03 6.88684e-03
-9.53758e-01 2.55439e+00 -2.73955e-03 6.91369e-03
-8.48463e-01 2.56888e+00 -2.43779e-03 6.93314e-03
-7.37304e-01 2.58099e+00 -2.11852e-03 6.94760e-03
-6.26146e-01 2.59310e+00 -1.79925e-03 6.96206e-03
-5.09125e-01 2.60282e+00 -1.46255e-03 6.97162e-03
-3.86241e-01 2.61016e+00 -1.10932e-03 6.97907e-03
-2.63357e-01 2.61749e+00 -7.56062e-04 6.98650e-03
-1.34610e-01 2.62244e+00 -3.86260e-04 6.99191e-03
0.00000e+00 2.62500e+00 0.00000e+00 6.99733e-03
-2.75000e+00 0.00000e+00 -7.26148e-03 0.00000e+00
-2.74790e+00 1.48510e-01 -7.25700e-03 4.20175e-04
-2.74348e+00 2.90193e-01 -7.25276e-03 8.21325e-04
-2.73674e+00 4.25049e-01 -7.24649e-03 1.20316e-03
-2.73000e+00 5.59906e-01 -7.24020e-03 1.58497e-03
-2.72093e+00 6.87936e-01 -7.23175e-03 1.94746e-03
-2.70954e+00 8.09139e-01 -7.21810e-03 2.28953e-03
-2.69815e+00 9.30342e-01 -7.20448e-03 2.63160e-03
-2.68443e+00 1.04472e+00 -7.18554e-03 2.95317e-03
-2.66839e+00 1.15227e+00 -7.15898e-03 3.25304e-03
-2.65235e+00 1.25982e+00 -7.13246e-03 3.55295e-03
-2.63399e+00 1.36054e+00 -7.09829e-03 3.83111e-03
-2.61330e+00 1.45444e+00 -7.05565e-03 4.08732e-03
-2.59262e+00 1.54833e+00 -7.01306e-03 4.34357e-03
-2.56960e+00 1.63540e+00 -6.96205e-03 4.57790e-03
-2.54427e+00 1.71565e+00 -6.90303e-03 4.79115e-03
-2.51893e+00 1.79589e+00 -6.84402e-03 5.00443e-03
-2.49127e+00 1.86930e+00 -6.77705e-03 5.19667e-03
-2.46129e+00 1.93589e+00 -6.70297e-03 5.36925e-03
-2.43131e+00 2.00248e+00 -6.62889e-03 5.54182e-03
-2.39900e+00 2.06224e+00 -6.54773e-03 5.69476e-03
-2.36437e+00 2.11518e+00 -6.46031e-03 5.82944e-03
-2.32974e+00 2.16811e+00 -6.37289e-03 5.96411e-03
-2.29278e+00 2.21422e+00 -6.27921e-03 6.08053e-03
-2.25350e+00 2.25350e+00 -6.17987e-03 6.17987e-03
-2.21422e+00 2.29278e+00 -6.08053e-03 6.27921e-03
-2.16811e+00 2.32973e+00 -5.96411e-03 6.37288e-03
-2.11518e+00 2.36436e+00 -5.82944e-03 6.46030e-03
-2.06224e+00 2.39899e+00 -5.69476e-03 6.54771e-03
-2.00248e+00 2.43129e+00 -5.54183e-03 6.62886e-03
-1.93589e+00 2.46127e+00 -5.36925e-03 6.70292e-03
-1.86930e+00 2.49125e+00 -5.19668e-03 6.77699e-03
-1.79589e+00 2.51890e+00 -5.00444e-03 6.84395e-03
-1.71565e+00 2.54423e+00 -4.79117e-03 6.90294e-03
-1.63540e+00 2.56956e+00 -4.57792e-03 6.96195e-03
-1.54833e+00 2.59256e+00 -4.34359e-03 7.01295e-03
-1.45444e+00 2.61325e+00 -4.08734e-03 7.05554e-03
-1.36054e+00 2.63393e+00 -3.83113e-03 7.09816e-03
-1.25982e+00 2.65229e+00 -3.55297e-03 7.13233e-03
-1.15227e+00 2.66833e+00 -3.25306e-03 7.15884e-03
-1.04472e+00 2.68436e+00 -2.95319e-03 7.18540e-03
-9.30342e-01 2.69808e+00 -2.63162e-03 7.20434e-03
-8.09139e-01 2.70948e+00 -2.28955e-03 7.21797e-03
-6.87936e-01 2.72087e+00 -1.94747e-03 7.23163e-03
-5.59906e-01 2.72994e+00 -1.58497e-03 7.24009e-03
-4.25049e-01 2.73670e+00 -1.20316e-03 7.24640e-03
-2.90193e-01 2.74345e+00 -8.21327e-04 7.25269e-03
-1.48510e-01 2.74789e+00 -4.20175e-04 7.25696e-03
0.00000e+00 2.75000e+00 0.00000e+00 7.26148e-03
-2.87500e+00 0.00000e+00 -7.52925e-03 0.00000e+00
-2.87329e+00 1.63648e-01 -7.52554e-03 4.57425e-04
-2.86936e+00 3.19388e-01 -7.52238e-03 8.92985e-04
-2.86322e+00 4.67219e-01 -7.51722e-03 1.30614e-03
-2.85708e+00 6.15051e-01 -7.51204e-03 1.71926e-03
-2.84873e+00 7.54974e-01 -7.50472e-03 2.10997e-03
-2.83817e+00 8.86988e-01 -7.49201e-03 2.47690e-03
-2.82761e+00 1.01900e+00 -7.47934e-03 2.84385e-03
-2.81483e+00 1.14311e+00 -7.46117e-03 3.18691e-03
-2.79984e+00 1.25931e+00 -7.43535e-03 3.50500e-03
-2.78486e+00 1.37550e+00 -7.40958e-03 3.82312e-03
-2.76766e+00 1.48379e+00 -7.37615e-03 4.11622e-03
-2.74824e+00 1.58417e+00 -7.33463e-03 4.38446e-03
-2.72883e+00 1.68455e+00 -7.29315e-03 4.65274e-03
-2.70721e+00 1.77702e+00 -7.24364e-03 4.89620e-03
-2.68337e+00 1.86159e+00 -7.18680e-03 5.11611e-03
-2.65954e+00 1.94615e+00 -7.12997e-03 5.33603e-03
-2.63349e+00 2.02280e+00 -7.06586e-03 5.53244e-03
-2.60523e+00 2.09155e+00 -6.99543e-03 5.70697e-03
-2.57697e+00 2.16030e+00 -6.92500e-03 5.88149e-03
-2.54649e+00 2.22113e+00 -6.84826e-03 6.03414e-03
-2.51381e+00 2.27406e+00 -6.76603e-03 6.16643e-03
-2.48112e+00 2.32699e+00 -6.68378e-03 6.29870e-03
-2.44623e+00 2.37201e+00 -6.59603e-03 6.41060e-03
-2.40912e+00 2.40912e+00 -6.50332e-03 6.50332e-03
-2.37201e+00 2.44623e+00 -6.41060e-03 6.59603e-03
-2.32699e+00 2.48112e+00 -6.29870e-03 6.68378e-03
-2.27406e+00 2.51380e+00 -6.16643e-03 6.76601e-03
-2.22113e+00 2.54649e+00 -6.03415e-03 6.84824e-03
-2.16030e+00 2.57695e+00 -5.88149e-03 6.92497e-03
-2.09155e+00 2.60521e+00 -5.70697e-03 6.99539e-03
-2.02280e+00 2.63347e+00 -5.53245e-03 7.06581e-03
-1.94615e+00 2.65951e+00 -5.33604e-03 7.12991e-03
-1.86159e+00 2.68334e+00 -5.11612e-03 7.18673e-03
-1.77702e+00 2.70717e+00 -4.89622e-03 7.24356e-03
-1.68455e+00 2.72879e+00 -4.65275e-03 7.29305e-03
-1.58417e+00 2.74820e+00 -4.38448e-03 7.33453e-03
-1.48379e+00 2.76760e+00 -4.11623e-03 7.37604e-03
-1.37550e+00 2.78480e+00 -3.82314e-03 7.40946e-03
-1.25931e+00 2.79978e+00 -3.50501e-03 7.43523e-03
-1.14311e+00 2.81477e+00 -3.18693e-03 7.46105e-03
-1.01900e+00 2.82755e+00 -2.84386e-03 7.47922e-03
-8.86988e-01 2.83811e+00 -2.47691e-03 7.49190e-03
-7.54974e-01 2.84868e+00 -2.10997e-03 7.50461e-03
-6.15051e-01 2.85703e+00 -1.71927e-03 7.51195e-03
-4.67219e-01 2.86318e+00 -1.30614e-03 7.51714e-03
-3.19388e-01 2.86933e+00 -8.92986e-04 7.52231e-03
-1.63648e-01 2.87327e+00 -4.57425e-04 7.52550e-03
0.00000e+00 2.87500e+00 0.00000e+00 7.52925e-03
-3.00000e+00 0.00000e+00 -7.79704e-03 0.00000e+00
-2.99867e+00 1.78787e-01 -7.79411e-03 4.94684e-04
-2.99523e+00 3.48583e-01 -7.79202e-03 9.64659e-04
-2.98970e+00 5.09389e-01 -7.78798e-03 1.40913e-03
-2.98417e+00 6.70196e-01 -7.78392e-03 1.85358e-03
-2.97653e+00 8.22012e-01 -7.77772e-03 2.27250e-03
-2.96680e+00 9.64837e-01 -7.76596e-03 2.66430e-03
-2.95706e+00 1.10766e+00 -7.75424e-03 3.05612e-03
-2.94523e+00 1.24150e+00 -7.73684e-03 3.42069e-03
-2.93129e+00 1.36634e+00 -7.71176e-03 3.75697e-03
-2.91736e+00 1.49119e+00 -7.68675e-03 4.09331e-03
-2.90132e+00 1.60704e+00 -7.65407e-03 4.40134e-03
-2.88319e+00 1.71391e+00 -7.61367e-03 4.68161e-03
-2.86505e+00 1.82077e+00 -7.57331e-03 4.96191e-03
-2.84481e+00 1.91864e+00 -7.52531e-03 5.21452e-03
-2.82248e+00 2.00753e+00 -7.47066e-03 5.44108e-03
-2.80014e+00 2.09641e+00 -7.41601e-03 5.66765e-03
-2.77570e+00 2.17630e+00 -7.35475e-03 5.86822e-03
-2.74917e+00 2.24721e+00 -7.28796e-03 6.04469e-03
-2.72263e+00 2.31811e+00 -7.22117e-03 6.22116e-03
-2.69399e+00 2.38002e+00 -7.14885e-03 6.37353e-03
-2.66325e+00 2.43294e+00 -7.07179e-03 6.50342e-03
-2.63251e+00 2.48586e+00 -6.99472e-03 6.63330e-03
-2.59967e+00 2.52979e+00 -6.91289e-03 6.74069e-03
-2.56473e+00 2.56473e+00 -6.82680e-03 6.82680e-03
-2.52979e+00 2.59967e+00 -6.74069e-03 6.91289e-03
-2.48586e+00 2.63251e+00 -6.63330e-03 6.99471e-03
-2.43294e+00 2.66325e+00 -6.50342e-03 7.07178e-03
-2.38002e+00 2.69398e+00 -6.37353e-03 7.14883e-03
-2.31811e+00 2.72262e+00 -6.22116e-03 7.22114e-03
-2.24721e+00 2.74915e+00 -6.04470e-03 7.28793e-03
-2.17630e+00 2.77568e+00 -5.86823e-03 7.35471e-03
-2.09641e+00 2.80012e+00 -5.66765e-03 7.41595e-03
-2.00753e+00 2.82245e+00 -5.44108e-03 7.47059e-03
-1.91864e+00 2.84478e+00 -5.21453e-03 7.52524e-03
-1.82077e+00 2.86501e+00 -4.96192e-03 7.57323e-03
-1.71391e+00 2.88314e+00 -4.68162e-03 7.61359e-03
-1.60704e+00 2.90128e+00 -4.40135e-03 7.65398e-03
-1.49119e+00 2.91731e+00 -4.09333e-03 7.68665e-03
-1.36634e+00 2.93124e+00 -3.75699e-03 7.71166e-03
-1.24150e+00 2.94518e+00 -3.42070e-03 7.73674e-03
-1.10766e+00 2.95701e+00 -3.05613e-03 7.75414e-03
-9.64837e-01 2.96675e+00 -2.66431e-03 7.76586e-03
-8.22012e-01 2.97649e+00 -2.27250e-03 7.77762e-03
-6.70196e-01 2.98413e+00 -1.85359e-03 7.78383e-03
-5.09389e-01 2.98967e+00 -1.40913e-03 7.78791e-03
-3.48583e-01 2.99521e+00 -9.64660e-04 7.79197e-03
-1.78787e-01 2.99865e+00 -4.94684e-04 7.79408e-03
0.00000e+00 3.00000e+00 0.00000e+00 7.79704e-03
-3.12500e+00 0.00000e+00 -8.06849e-03 0.00000e+00
-3.12398e+00 1.95164e-01 -8.06624e-03 5.35274e-04
-3.12102e+00 3.80137e-01 -8.06515e-03 1.04273e-03
-3.11612e+00 5.54921e-01 -8.06220e-03 1.52127e-03
-3.11122e+00 7.29704e-01 -8.05924e-03 1.99978e-03
-3.10437e+00 8.94297e-01 -8.05419e-03 2.44933e-03
-3.09558e+00 1.04870e+00 -8.04350e-03 2.86806e-03
-3.08679e+00 1.20310e+00 -8.03287e-03 3.28683e-03
-3.07605e+00 1.34732e+00 -8.01648e-03 3.67463e-03
-3.06338e+00 1.48134e+00 -7.99259e-03 4.03055e-03
-3.05070e+00 1.61536e+00 -7.96876e-03 4.38653e-03
-3.03607e+00 1.73919e+00 -7.93748e-03 4.71063e-03
-3.01951e+00 1.85284e+00 -7.89910e-03 5.00382e-03
-3.00294e+00 1.96648e+00 -7.86075e-03 5.29704e-03
-2.98443e+00 2.06993e+00 -7.81541e-03 5.55944e-03
-2.96398e+00 2.16319e+00 -7.76426e-03 5.79308e-03
-2.94352e+00 2.25645e+00 -7.71311e-03 6.02673e-03
-2.92113e+00 2.33952e+00 -7.65620e-03 6.23167e-03
-2.89678e+00 2.41240e+00 -7.59461e-03 6.41001e-03
-2.87244e+00 2.48528e+00 -7.53300e-03 6.58833e-03
-2.84615e+00 2.54797e+00 -7.46670e-03 6.74007e-03
-2.81792e+00 2.60047e+00 -7.39638e-03 6.86688e-03
-2.78969e+00 2.65297e+00 -7.32604e-03 6.99367e-03
-2.75952e+00 2.69528e+00 -7.25166e-03 7.09552e-03
-2.72740e+00 2.72740e+00 -7.17360e-03 7.17360e-03
-2.69528e+00 2.75952e+00 -7.09552e-03 7.25166e-03
-2.65297e+00 2.78969e+00 -6.99367e-03 7.32604e-03
-2.60047e+00 2.81792e+00 -6.86688e-03 7.39637e-03
-2.54797e+00 2.84615e+00 -6.74007e-03 7.46669e-03
-2.48528e+00 2.87243e+00 -6.58833e-03 7.53298e-03
-2.41240e+00 2.89677e+00 -6.41001e-03 7.59458e-03
-2.33952e+00 2.92111e+00 -6.23167e-03 7.65617e-03
-2.25645e+00 2.94350e+00 -6.02673e-03 7.71306e-03
-2.16319e+00 2.96395e+00 -5.79309e-03 7.76421e-03
-2.06993e+00 2.98440e+00 -5.55945e-03 7.81535e-03
-1.96648e+00 3.00291e+00 -5.29705e-03 7.86069e-03
-1.85284e+00 3.01947e+00 -5.00382e-03 7.89903e-03
-1.73919e+00 3.03604e+00 -4.71064e-03 7.93740e-03
-1.61536e+00 3.05066e+00 -4.38654e-03 7.96868e-03
-1.48134e+00 3.06334e+00 -4.03056e-03 7.99250e-03
-1.34732e+00 3.07601e+00 -3.67464e-03 8.01639e-03
-1.20310e+00 3.08675e+00 -3.28684e-03 8.03279e-03
-1.04870e+00 3.09554e+00 -2.86807e-03 8.04342e-03
-8.94297e-01 3.10433e+00 -2.44934e-03 8.05411e-03
-7.29704e-01 3.11119e+00 -1.99979e-03 8.05917e-03
-5.54921e-01 3.11610e+00 -1.52127e-03 8.06215e-03
-3.80137e-01 3.12100e+00 -1.04273e-03 8.06510e-03
-1.95164e-01 3.12397e+00 -5.35274e-04 8.06622e-03
0.00000e+00 3.12500e+00 0.00000e+00 8.06849e-03
-3.25000e+00 0.00000e+00 -8.34205e-03 0.00000e+00
-3.24924e+00 2.12779e-01 -8.34034e-03 5.79438e-04
-3.24673e+00 4.14051e-01 -8.34004e-03 1.12764e-03
-3.24249e+00 6.03814e-01 -8.33802e-03 1.64314e-03
-3.23824e+00 7.93577e-01 -8.33598e-03 2.15861e-03
-3.23225e+00 9.71831e-01 -8.33195e-03 2.64128e-03
-3.22452e+00 1.13858e+00 -8.32239e-03 3.08899e-03
-3.21679e+00 1.30532e+00 -8.31291e-03 3.53675e-03
-3.20731e+00 1.46056e+00 -8.29778e-03 3.94936e-03
-3.19609e+00 1.60429e+00 -8.27565e-03 4.32613e-03
-3.18488e+00 1.74802e+00 -8.25358e-03 4.70298e-03
-3.17191e+00 1.88024e+00 -8.22459e-03 5.04400e-03
-3.15721e+00 2.00096e+00 -8.18936e-03 5.35075e-03
-3.14251e+00 2.12167e+00 -8.15416e-03 5.65753e-03
-3.12606e+00 2.23087e+00 -8.11284e-03 5.93013e-03
-3.10787e+00 2.32857e+00 -8.06666e-03 6.17107e-03
-3.08968e+00 2.42627e+00 -8.02047e-03 6.41200e-03
-3.06975e+00 2.51246e+00 -7.96947e-03 6.62132e-03
-3.04808e+00 2.58714e+00 -7.91459e-03 6.80133e-03
-3.02640e+00 2.66182e+00 -7.85969e-03 6.98131e-03
-3.00299e+00 2.72499e+00 -7.80091e-03 7.13200e-03
-2.97783e+00 2.77665e+00 -7.73874e-03 7.25503e-03
-2.95267e+00 2.82831e+00 -7.67656e-03 7.37805e-03
-2.92576e+00 2.86847e+00 -7.61096e-03 7.47341e-03
-2.89712e+00 2.89712e+00 -7.54219e-03 7.54219e-03
-2.86847e+00 2.92576e+00 -7.47341e-03 7.61096e-03
-2.82831e+00 2.95266e+00 -7.37805e-03 7.67655e-03
-2.77665e+00 2.97782e+00 -7.25503e-03 7.73873e-03
-2.72499e+00 3.00298e+00 -7.13200e-03 7.80090e-03
-2.66182e+00 3.02640e+00 -6.98131e-03 7.85968e-03
-2.58714e+00 3.04807e+00 -6.80133e-03 7.91456e-03
-2.51246e+00 3.06974e+00 -6.62132e-03 7.96944e-03
-2.42627e+00 3.08967e+00 -6.41200e-03 8.02044e-03
-2.32857e+00 3.10786e+00 -6.17107e-03 8.06662e-03
-2.23087e+00 3.12604e+00 -5.93014e-03 8.11279e-03
-2.12167e+00 3.14248e+00 -5.65753e-03 8.15411e-03
-2.00096e+00 3.15719e+00 -5.35076e-03 8.18931e-03
-1.88024e+00 3.17189e+00 -5.04401e-03 8.22453e-03
-1.74802e+00 3.18484e+00 -4.70298e-03 8.25352e-03
-1.60429e+00 3.19606e+00 -4.32614e-03 8.27559e-03
-1.46056e+00 3.20728e+00 -3.94936e-03 8.29772e-03
-1.30532e+00 3.21675e+00 -3.53675e-03 8.31284e-03
-1.13858e+00 3.22449e+00 -3.08899e-03 8.32233e-03
-9.71831e-01 3.23222e+00 -2.64129e-03 8.33189e-03
-7.93577e-01 3.23821e+00 -2.15861e-03 8.33592e-03
-6.03814e-01 3.24247e+00 -1.64314e-03 8.33797e-03
-4.14051e-01 3.24672e+00 -1.12764e-03 8.34001e-03
-2.12779e-01 3.24923e+00 -5.79438e-04 8.34032e-03
0.00000e+00 3.25000e+00 0.00000e+00 8.34205e-03
-3.37500e+00 0.00000e+00 -8.61563e-03 0.00000e+00
-3.37449e+00 2.30395e-01 -8.61446e-03 6.23609e-04
-3.37244e+00 4.47964e-01 -8.61495e-03 1.21257e-03
-3.36885e+00 6.52707e-01 -8.61384e-03 1.76502e-03
-3.36526e+00 8.57449e-01 -8.61273e-03 2.31746e-03
-3.36013e+00 1.04937e+00 -8.60972e-03 2.83325e-03
-3.35346e+00 1.22846e+00 -8.60131e-03 3.30992e-03
-3.34678e+00 1.40755e+00 -8.59298e-03 3.78666e-03
-3.33857e+00 1.57381e+00 -8.57914e-03 4.22407e-03
-3.32881e+00 1.72725e+00 -8.55878e-03 4.62168e-03
-3.31905e+00 1.88068e+00 -8.53848e-03 5.01937e-03
-3.30775e+00 2.02129e+00 -8.51178e-03 5.37733e-03
-3.29491e+00 2.14908e+00 -8.47971e-03 5.69763e-03
-3.28207e+00 2.27686e+00 -8.44765e-03 6.01795e-03
-3.26769e+00 2.39182e+00 -8.41034e-03 6.30076e-03
-3.25177e+00 2.49395e+00 -8.36912e-03 6.54900e-03
-3.23585e+00 2.59609e+00 -8.32789e-03 6.79722e-03
-3.21838e+00 2.68539e+00 -8.28278e-03 7.01092e-03
-3.19937e+00 2.76187e+00 -8.23460e-03 7.19260e-03
-3.18037e+00 2.83835e+00 -8.18641e-03 7.37425e-03
-3.15982e+00 2.90200e+00 -8.13514e-03 7.52389e-03
-3.13773e+00 2.95283e+00 -8.08112e-03 7.64316e-03
-3.11564e+00 3.00366e+00 -8.02708e-03 7.76241e-03
-3.09201e+00 3.04166e+00 -7.97026e-03 7.85128e-03
-3.06683e+00 3.06683e+00 -7.91078e-03 7.91078e-03
-3.04166e+00 3.09201e+00 -7.85128e-03 7.97026e-03
-3.00366e+00 3.11564e+00 -7.76241e-03 8.02708e-03
-2.95283e+00 3.13773e+00 -7.64316e-03 8.08111e-03
-2.90200e+00 3.15982e+00 -7.52389e-03 8.13514e-03
-2.83835e+00 3.18036e+00 -7.37426e-03 8.18640e-03
-2.76187e+00 3.19937e+00 -7.19260e-03 8.23459e-03
-2.68539e+00 3.21837e+00 -7.01092e-03 8.28276e-03
-2.59609e+00 3.23583e+00 -6.79722e-03 8.32786e-03
-2.49395e+00 3.25176e+00 -6.54900e-03 8.36909e-03
-2.39182e+00 3.26768e+00 -6.30077e-03 8.41031e-03
-2.27686e+00 3.28206e+00 -6.01796e-03 8.44761e-03
-2.14908e+00 3.29490e+00 -5.69763e-03 8.47967e-03
-2.02129e+00 3.30773e+00 -5.37733e-03 8.51173e-03
-1.88068e+00 3.31903e+00 -5.01938e-03 8.53844e-03
-1.72725e+00 3.32879e+00 -4.62168e-03 8.55873e-03
-1.57381e+00 3.33854e+00 -4.22407e-03 8.57909e-03
-1.40755e+00 3.34676e+00 -3.78666e-03 8.59293e-03
-1.22846e+00 3.35343e+00 -3.30992e-03 8.60127e-03
-1.04937e+00 3.36011e+00 -2.83325e-03 8.60968e-03
-8.57449e-01 3.36524e+00 -2.31746e-03 8.61269e-03
-6.52707e-01 3.36884e+00 -1.76502e-03 8.61381e-03
-4.47964e-01 3.37243e+00 -1.21257e-03 8.61493e-03
-2.30395e-01 3.37449e+00 -6.23609e-04 8.61445e-03
0.00000e+00 3.37500e+00 0.00000e+00 8.61563e-03
-3.50000e+00 0.00000e+00 -8.89133e-03 0.00000e+00
-3.49968e+00 2.49250e-01 -8.89058e-03 6.71346e-04
-3.49807e+00 4.84237e-01 -8.89165e-03 1.30434e-03
-3.49516e+00 7.04961e-01 -8.89129e-03 1.89664e-03
-3.49225e+00 9.25686e-01 -8.89093e-03 2.48893e-03
-3.48805e+00 1.13215e+00 -8.88878e-03 3.04036e-03
-3.48255e+00 1.32435e+00 -8.88155e-03 3.54806e-03
-3.47705e+00 1.51655e+00 -8.87439e-03 4.05586e-03
-3.47025e+00 1.69448e+00 -8.86206e-03 4.51971e-03
-3.46216e+00 1.85816e+00 -8.84402e-03 4.93942e-03
-3.45407e+00 2.02183e+00 -8.82604e-03 5.35922e-03
-3.44468e+00 2.17124e+00 -8.80253e-03 5.73498e-03
-3.43400e+00 2.30639e+00 -8.77478e-03 6.06946e-03
-3.42332e+00 2.44154e+00 -8.74703e-03 6.40396e-03
-3.41134e+00 2.56243e+00 -8.71517e-03 6.69734e-03
-3.39806e+00 2.66906e+00 -8.68044e-03 6.95304e-03
-3.38479e+00 2.77568e+00 -8.64568e-03 7.20871e-03
-3.37022e+00 2.86804e+00 -8.60807e-03 7.42678e-03
-3.35435e+00 2.94614e+00 -8.56815e-03 7.60992e-03
-3.33848e+00 3.02424e+00 -8.52821e-03 7.79302e-03
-3.32132e+00 3.08808e+00 -8.48595e-03 7.94117e-03
-3.30286e+00 3.13766e+00 -8.44147e-03 8.05601e-03
-3.28440e+00 3.18723e+00 -8.39698e-03 8.17082e-03
-3.26465e+00 3.22255e+00 -8.35025e-03 8.25230e-03
-3.24360e+00 3.24360e+00 -8.30128e-03 8.30128e-03
-3.22255e+00 3.26465e+00 -8.25230e-03 8.35025e-03
-3.18723e+00 3.28440e+00 -8.17082e-03 8.39698e-03
-3.13766e+00 3.30286e+00 -8.05601e-03 8.44147e-03
-3.08808e+00 3.32132e+00 -7.94117e-03 8.48595e-03
-3.02424e+00 3.33848e+00 -7.79302e-03 8.52820e-03
-2.94614e+00 3.35434e+00 -7.60992e-03 8.56813e-03
-2.86804e+00 3.37021e+00 -7.42678e-03 8.60805e-03
-2.77568e+00 3.38478e+00 -7.20871e-03 8.64567e-03
-2.66906e+00 3.39805e+00 -6.95304e-03 8.68042e-03
-2.56243e+00 3.41133e+00 -6.69734e-03 8.71515e-03
-2.44154e+00 3.42330e+00 -6.40396e-03 8.74701e-03
-2.30639e+00 3.43399e+00 -6.06946e-03 8.77475e-03
-2.17124e+00 3.44467e+00 -5.73498e-03 8.80250e-03
-2.02183e+00 3.45405e+00 -5.35923e-03 8.82601e-03
-1.85816e+00 3.46215e+00 -4.93942e-03 8.84399e-03
-1.69448e+00 3.47024e+00 -4.51971e-03 8.86203e-03
-1.51655e+00 3.47703e+00 -4.05586e-03 8.87436e-03
-1.32435e+00 3.48253e+00 -3.54806e-03 8.88152e-03
-1.13215e+00 3.48803e+00 -3.04036e-03 8.88876e-03
-9.25686e-01 3.49224e+00 -2.48893e-03 8.89090e-03
-7.04961e-01 3.49515e+00 -1.89664e-03 8.89127e-03
-4.84237e-01 3.49806e+00 -1.30434e-03 8.89164e-03
-2.49250e-01 3.49968e+00 -6.71346e-04 8.89057e-03
0.00000e+00 3.50000e+00 0.00000e+00 8.89133e-03
-3.62500e+00 0.00000e+00 -9.16800e-03 0.00000e+00
-3.62481e+00 2.69343e-01 -9.16754e-03 7.23057e-04
-3.62361e+00 5.22868e-01 -9.16877e-03 1.40373e-03
-3.62141e+00 7.60577e-01 -9.16880e-03 2.03901e-03
-3.61921e+00 9.98286e-01 -9.16883e-03 2.67429e-03
-3.61601e+00 1.22018e+00 -9.16732e-03 3.26390e-03
-3.61179e+00 1.42625e+00 -9.16149e-03 3.80447e-03
-3.60758e+00 1.63233e+00 -9.15573e-03 4.34516e-03
-3.60237e+00 1.82259e+00 -9.14561e-03 4.83655e-03
-3.59614e+00 1.99703e+00 -9.13101e-03 5.27900e-03
-3.58992e+00 2.17147e+00 -9.11645e-03 5.72155e-03
-3.58270e+00 2.33009e+00 -9.09757e-03 6.11535e-03
-3.57446e+00 2.47290e+00 -9.07566e-03 6.46412e-03
-3.56623e+00 2.61571e+00 -9.05375e-03 6.81291e-03
-3.55699e+00 2.74270e+00 -9.02889e-03 7.11688e-03
-3.54675e+00 2.85388e+00 -9.00205e-03 7.38007e-03
-3.53651e+00 2.96505e+00 -8.97519e-03 7.64322e-03
-3.52526e+00 3.06041e+00 -8.94634e-03 7.86565e-03
-3.51300e+00 3.13995e+00 -8.91581e-03 8.05013e-03
-3.50075e+00 3.21950e+00 -8.88528e-03 8.23457e-03
-3.48749e+00 3.28322e+00 -8.85304e-03 8.38103e-03
-3.47322e+00 3.33113e+00 -8.81908e-03 8.49099e-03
-3.45896e+00 3.37904e+00 -8.78511e-03 8.60093e-03
-3.44369e+00 3.41113e+00 -8.74939e-03 8.67434e-03
-3.42741e+00 3.42741e+00 -8.71187e-03 8.71187e-03
-3.41113e+00 3.44369e+00 -8.67434e-03 8.74939e-03
-3.37904e+00 3.45896e+00 -8.60093e-03 8.78511e-03
-3.33113e+00 3.47322e+00 -8.49099e-03 8.81908e-03
-3.28322e+00 3.48749e+00 -8.38103e-03 8.85304e-03
-3.21950e+00 3.50075e+00 -8.23457e-03 8.88527e-03
-3.13995e+00 3.51300e+00 -8.05013e-03 8.91581e-03
-3.06041e+00 3.52525e+00 -7.86565e-03 8.94633e-03
-2.96505e+00 3.53650e+00 -7.64322e-03 8.97518e-03
-2.85388e+00 3.54674e+00 -7.38007e-03 9.00204e-03
-2.74270e+00 3.55699e+00 -7.11688e-03 9.02888e-03
-2.61571e+00 3.56622e+00 -6.81291e-03 9.05373e-03
-2.47290e+00 3.57446e+00 -6.46412e-03 9.07565e-03
-2.33009e+00 3.58269e+00 -6.11535e-03 9.09755e-03
-2.17147e+00 3.58991e+00 -5.72155e-03 9.11643e-03
-1.99703e+00 3.59614e+00 -5.27900e-03 9.13099e-03
-1.82259e+00 3.60236e+00 -4.83655e-03 9.14559e-03
-1.63233e+00 3.60757e+00 -4.34516e-03 9.15571e-03
-1.42625e+00 3.61179e+00 -3.80447e-03 9.16147e-03
-1.22018e+00 3.61600e+00 -3.26390e-03 9.16731e-03
-9.98286e-01 3.61920e+00 -2.67429e-03 9.16881e-03
-7.60577e-01 3.62141e+00 -2.03901e-03 9.16879e-03
-5.22868e-01 3.62361e+00 -1.40374e-03 9.16876e-03
-2.69343e-01 3.62481e+00 -7.23057e-04 9.16753e-03
0.00000e+00 3.62500e+00 0.00000e+00 9.16800e-03
-3.75000e+00 0.00000e+00 -9.44468e-03 0.00000e+00
-3.74994e+00 2.89436e-01 -9.44450e-03 7.74778e-04
-3.74916e+00 5.61500e-01 -9.44588e-03 1.50315e-03
-3.74767e+00 8.16193e-01 -9.44631e-03 2.18140e-03
-3.74617e+00 1.07089e+00 -9.44674e-03 2.85965e-03
-3.74396e+00 1.30821e+00 -9.44589e-03 3.48745e-03
-3.74104e+00 1.52816e+00 -9.44150e-03 4.06084e-03
-3.73812e+00 1.74811e+00 -9.43714e-03 4.63440e-03
-3.73448e+00 1.95069e+00 -9.42927e-03 5.15331e-03
-3.73013e+00 2.13590e+00 -9.41810e-03 5.61847e-03
-3.72578e+00 2.32111e+00 -9.40693e-03 6.08378e-03
-3.72071e+00 2.48895e+00 -9.39268e-03 6.49561e-03
-3.71493e+00 2.63941e+00 -9.37658e-03 6.85870e-03
-3.70915e+00 2.78988e+00 -9.36047e-03 7.22180e-03
-3.70265e+00 2.92298e+00 -9.34258e-03 7.53636e-03
-3.69544e+00 3.03870e+00 -9.32361e-03 7.80707e-03
-3.68822e+00 3.15443e+00 -9.30462e-03 8.07771e-03
-3.68030e+00 3.25278e+00 -9.28453e-03 8.30449e-03
-3.67166e+00 3.33377e+00 -9.26339e-03 8.49033e-03
-3.66301e+00 3.41475e+00 -9.24225e-03 8.67610e-03
-3.65366e+00 3.47836e+00 -9.22004e-03 8.82087e-03
-3.64359e+00 3.52461e+00 -9.19659e-03 8.92596e-03
-3.63351e+00 3.57085e+00 -9.17315e-03 9.03101e-03
-3.62273e+00 3.59972e+00 -9.14845e-03 9.09636e-03
-3.61122e+00 3.61122e+00 -9.12241e-03 9.12241e-03
-3.59972e+00 3.62273e+00 -9.09636e-03 9.14845e-03
-3.57085e+00 3.63351e+00 -9.03101e-03 9.17315e-03
-3.52461e+00 3.64358e+00 -8.92596e-03 9.19659e-03
-3.47836e+00 3.65366e+00 -8.82087e-03 9.22004e-03
-3.41475e+00 3.66301e+00 -8.67610e-03 9.24225e-03
-3.33377e+00 3.67165e+00 -8.49033e-03 9.26339e-03
-3.25278e+00 3.68030e+00 -8.30449e-03 9.28452e-03
-3.15443e+00 3.68822e+00 -8.07771e-03 9.30461e-03
-3.03870e+00 3.69543e+00 -7.80707e-03 9.32360e-03
-2.92298e+00 3.70265e+00 -7.53636e-03 9.34258e-03
-2.78988e+00 3.70914e+00 -7.22180e-03 9.36046e-03
-2.63941e+00 3.71492e+00 -6.85870e-03 9.37658e-03
-2.48895e+00 3.72071e+00 -6.49561e-03 9.39268e-03
-2.32111e+00 3.72577e+00 -6.08378e-03 9.40693e-03
-2.13590e+00 3.73013e+00 -5.61847e-03 9.41809e-03
-1.95069e+00 3.73448e+00 -5.15331e-03 9.42926e-03
-1.74811e+00 3.73812e+00 -4.63440e-03 9.43714e-03
-1.52816e+00 3.74104e+00 -4.06084e-03 9.44149e-03
-1.30821e+00 3.74396e+00 -3.48745e-03 9.44588e-03
-1.07089e+00 3.74617e+00 -2.85965e-03 9.44673e-03
-8.16193e-01 3.74766e+00 -2.18140e-03 9.44630e-03
-5.61500e-01 3.74916e+00 -1.50315e-03 9.44588e-03
-2.89436e-01 3.74994e+00 -7.74778e-04 9.44450e-03
0.00000e+00 3.75000e+00 0.00000e+00 9.44468e-03
-3.87500e+00 0.00000e+00 -9.72234e-03 0.00000e+00
-3.87500e+00 3.10767e-01 -9.72232e-03 8.30456e-04
-3.87462e+00 6.02491e-01 -9.72343e-03 1.61017e-03
-3.87386e+00 8.75170e-01 -9.72389e-03 2.33452e-03
-3.87310e+00 1.14785e+00 -9.72431e-03 3.05894e-03
-3.87196e+00 1.40149e+00 -9.72387e-03 3.72748e-03
-3.87044e+00 1.63608e+00 -9.72102e-03 4.33566e-03
-3.86892e+00 1.87067e+00 -9.71827e-03 4.94403e-03
-3.86703e+00 2.08622e+00 -9.71335e-03 5.49152e-03
-3.86475e+00 2.28273e+00 -9.70676e-03 5.98008e-03
-3.86247e+00 2.47923e+00 -9.70022e-03 6.46868e-03
-3.85981e+00 2.65670e+00 -9.69222e-03 6.89865e-03
-3.85677e+00 2.81512e+00 -9.68361e-03 7.27604e-03
-3.85374e+00 2.97354e+00 -9.67499e-03 7.65339e-03
-3.85032e+00 3.11291e+00 -9.66573e-03 7.97854e-03
-3.84652e+00 3.23324e+00 -9.65609e-03 8.25668e-03
-3.84272e+00 3.35358e+00 -9.64643e-03 8.53476e-03
-3.83855e+00 3.45487e+00 -9.63633e-03 8.76598e-03
-3.83399e+00 3.53712e+00 -9.62565e-03 8.95309e-03
-3.82943e+00 3.61936e+00 -9.61497e-03 9.14016e-03
-3.82449e+00 3.68257e+00 -9.60370e-03 9.28311e-03
-3.81918e+00 3.72673e+00 -9.59165e-03 9.38293e-03
-3.81386e+00 3.77089e+00 -9.57960e-03 9.48274e-03
-3.80816e+00 3.79601e+00 -9.56677e-03 9.53936e-03
-3.80209e+00 3.80209e+00 -9.55307e-03 9.55307e-03
-3.79601e+00 3.80816e+00 -9.53936e-03 9.56677e-03
-3.77089e+00 3.81386e+00 -9.48274e-03 9.57960e-03
-3.72673e+00 3.81918e+00 -9.38293e-03 9.59165e-03
-3.68257e+00 3.82449e+00 -9.28311e-03 9.60370e-03
-3.61936e+00 3.82943e+00 -9.14016e-03 9.61497e-03
-3.53712e+00 3.83399e+00 -8.95309e-03 9.62565e-03
-3.45487e+00 3.83855e+00 -8.76598e-03 9.63633e-03
-3.35358e+00 3.84272e+00 -8.53476e-03 9.64643e-03
-3.23324e+00 3.84652e+00 -8.25668e-03 9.65609e-03
-3.11291e+00 3.85032e+00 -7.97854e-03 9.66573e-03
-2.97354e+00 3.85374e+00 -7.65339e-03 9.67499e-03
-2.81512e+00 3.85677e+00 -7.27604e-03 9.68361e-03
-2.65670e+00 3.85981e+00 -6.89865e-03 9.69222e-03
-2.47923e+00 3.86247e+00 -6.46868e-03 9.70022e-03
-2.28273e+00 3.86475e+00 -5.98008e-03 9.70676e-03
-2.08622e+00 3.86703e+00 -5.49152e-03 9.71335e-03
-1.87067e+00 3.86892e+00 -4.94403e-03 9.71827e-03
-1.63608e+00 3.87044e+00 -4.33566e-03 9.72102e-03
-1.40149e+00 3.87196e+00 -3.72748e-03 9.72387e-03
-1.14785e+00 3.87310e+00 -3.05894e-03 9.72431e-03
-8.75170e-01 3.87386e+00 -2.33452e-03 9.72389e-03
-6.02491e-01 3.87462e+00 -1.61017e-03 9.72343e-03
-3.10767e-01 3.87500e+00 -8.30456e-04 9.72232e-03
0.00000e+00 3.87500e+00 0.00000e+00 9.72234e-03
-4.00000e+00 0.00000e+00 -1.00000e-02 0.00000e+00
-4.00000e+00 3.33338e-01 -1.00000e-02 8.90755e-04
-4.00000e+00 6.45841e-01 -1.00000e-02 1.72606e-03
-4.00000e+00 9.37510e-01 -1.00000e-02 2.49991e-03
-4.00000e+00 1.22918e+00 -1.00000e-02 3.27377e-03
-4.00000e+00 1.50001e+00 -1.00000e-02 3.98542e-03
-4.00000e+00 1.75001e+00 -1.00000e-02 4.62909e-03
-4.00000e+00 2.00001e+00 -1.00000e-02 5.27300e-03
-4.00000e+00 2.22918e+00 -1.00000e-02 5.84888e-03
-4.00000e+00 2.43751e+00 -1.00000e-02 6.36007e-03
-4.00000e+00 2.64585e+00 -1.00000e-02 6.87144e-03
-4.00000e+00 2.83335e+00 -1.00000e-02 7.31893e-03
-4.00000e+00 3.00001e+00 -1.00000e-02 7.71053e-03
-4.00000e+00 3.16668e+00 -1.00000e-02 8.10209e-03
-4.00000e+00 3.31251e+00 -1.00000e-02 8.43802e-03
-4.00000e+00 3.43751e+00 -1.00000e-02 8.72416e-03
-4.00000e+00 3.56251e+00 -1.00000e-02 9.01020e-03
-4.00000e+00 3.66667e+00 -1.00000e-02 9.24632e-03
-4.00000e+00 3.75000e+00 -1.00000e-02 9.43503e-03
-4.00000e+00 3.83334e+00 -1.00000e-02 9.62368e-03
-4.00000e+00 3.89584e+00 -1.00000e-02 9.76476e-03
-4.00000e+00 3.93750e+00 -1.00000e-02 9.85886e-03
-4.00000e+00 3.97917e+00 -1.00000e-02 9.95294e-03
-4.00000e+00 4.00000e+00 -1.00000e-02 1.00000e-02
-4.00000e+00 4.00000e+00 -1.00000e-02 1.00000e-02
-4.00000e+00 4.00000e+00 -1.00000e-02 1.00000e-02
-3.97917e+00 4.00000e+00 -9.95294e-03 1.00000e-02
-3.93750e+00 4.00000e+00 -9.85886e-03 1.00000e-02
-3.89584e+00 4.00000e+00 -9.76476e-03 1.00000e-02
-3.83334e+00 4.00000e+00 -9.62368e-03 1.00000e-02
-3.75000e+00 4.00000e+00 -9.43503e-03 1.00000e-02
-3.66667e+00 4.00000e+00 -9.24632e-03 1.00000e-02
-3.56251e+00 4.00000e+00 -9.01020e-03 1.00000e-02
-3.43751e+00 4.00000e+00 -8.72416e-03 1.00000e-02
-3.31251e+00 4.00000e+00 -8.43802e-03 1.00000e-02
-3.16668e+00 4.00000e+00 -8.10209e-03 1.00000e-02
-3.00001e+00 4.00000e+00 -7.71053e-03 1.00000e-02
-2.83335e+00 4.00000e+00 -7.31893e-03 1.00000e-02
-2.64585e+00 4.00000e+00 -6.87144e-03 1.00000e-02
-2.43751e+00 4.00000e+00 -6.36007e-03 1.00000e-02
-2.22918e+00 4.00000e+00 -5.84888e-03 1.00000e-02
-2.00001e+00 4.00000e+00 -5.27300e-03 1.00000e-02
-1.75001e+00 4.00000e+00 -4.62909e-03 1.00000e-02
-1.50001e+00 4.00000e+00 -3.98542e-03 1.00000e-02
-1.22918e+00 4.00000e+00 -3.27377e-03 1.00000e-02
-9.37510e-01 4.00000e+00 -2.49991e-03 1.00000e-02
-6.45841e-01 4.00000e+00 -1.72606e-03 1.00000e-02
-3.33338e-01 4.00000e+00 -8.90755e-04 1.00000e-02
0.00000e+00 4.00000e+00 0.00000e+00 1.00000e-02
