-1.00000e+00 0.00000e+00 -4.61292e-03 0.00000e+00
-9.75600e-01 5.89250e-02 -4.64697e-03 6.88456e-04
-9.49037e-01 1.15694e-01 -4.70240e-03 1.11444e-03
-9.20315e-01 1.70305e-01 -4.68815e-03 1.48241e-03
-8.91592e-01 2.24917e-01 -4.67953e-03 1.84576e-03
-8.60709e-01 2.77372e-01 -4.62891e-03 2.13867e-03
-8.27669e-01 3.27669e-01 -4.54655e-03 2.40712e-03
-7.94628e-01 3.77966e-01 -4.46406e-03 2.67418e-03
-7.59430e-01 4.26105e-01 -4.35044e-03 2.91315e-03
-7.22076e-01 4.72085e-01 -4.21325e-03 3.13331e-03
-6.84722e-01 5.18066e-01 -4.07591e-03 3.35312e-03
-6.45212e-01 5.61887e-01 -3.91486e-03 3.55327e-03
-6.03550e-01 6.03550e-01 -3.73411e-03 3.73411e-03
-5.61888e-01 6.45212e-01 -3.55327e-03 3.91486e-03
-5.18066e-01 6.84722e-01 -3.35311e-03 4.07591e-03
-4.72085e-01 7.22076e-01 -3.13331e-03 4.21325e-03
-4.26105e-01 7.59430e-01 -2.91315e-03 4.35044e-03
-3.77966e-01 7.94628e-01 -2.67418e-03 4.46406e-03
-3.27669e-01 8.27669e-01 -2.40712e-03 4.54655e-03
-2.77372e-01 8.60709e-01 -2.13867e-03 4.62891e-03
-2.24917e-01 8.91592e-01 -1.84577e-03 4.67953e-03
-1.70305e-01 9.20315e-01 -1.48242e-03 4.68815e-03
-1.15694e-01 9.49037e-01 -1.11445e-03 4.70240e-03
-5.89250e-02 9.75600e-01 -6.88459e-04 4.64696e-03
0.00000e+00 1.00000e+00 0.00000e+00 4.61291e-03
-1.25000e+00 0.00000e+00 -4.31144e-03 0.00000e+00
-1.22967e+00 6.99375e-02 -4.28323e-03 -4.13449e-05
-1.20450e+00 1.38513e-01 -4.43816e-03 4.77194e-04
-1.17449e+00 2.05724e-01 -4.50182e-03 8.90901e-04
-1.14448e+00 2.72936e-01 -4.57330e-03 1.32678e-03
-1.10963e+00 3.38784e-01 -4.58660e-03 1.74479e-03
-1.06994e+00 4.03269e-01 -4.54438e-03 2.10241e-03
-1.03025e+00 4.67753e-01 -4.50269e-03 2.46267e-03
-9.85732e-01 5.30873e-01 -4.41298e-03 2.77502e-03
-9.36375e-01 5.92629e-01 -4.28516e-03 3.05137e-03
-8.87017e-01 6.54384e-01 -4.15679e-03 3.32767e-03
-8.32825e-01 7.14775e-01 -3.99026e-03 3.56888e-03
-7.73800e-01 7.73800e-01 -3.77977e-03 3.77977e-03
-7.14775e-01 8.32825e-01 -3.56888e-03 3.99026e-03
-6.54384e-01 8.87009e-01 -3.32768e-03 4.15677e-03
-5.92629e-01 9.36357e-01 -3.05141e-03 4.28514e-03
-5.30873e-01 9.85705e-01 -2.77508e-03 4.41295e-03
-4.67753e-01 1.03022e+00 -2.46276e-03 4.50267e-03
-4.03269e-01 1.06989e+00 -2.10253e-03 4.54437e-03
-3.38784e-01 1.10957e+00 -1.74493e-03 4.58661e-03
-2.72936e-01 1.14442e+00 -1.32694e-03 4.57334e-03
-2.05724e-01 1.17443e+00 -8.91027e-04 4.50186e-03
-1.38512e-01 1.20445e+00 -4.77290e-04 4.43820e-03
-6.99375e-02 1.22964e+00 4.13469e-05 4.28325e-03
0.00000e+00 1.25000e+00 0.00000e+00 4.31145e-03
-1.50000e+00 0.00000e+00 -5.00047e-03 0.00000e+00
-1.48323e+00 9.08578e-02 -4.94763e-03 5.27568e-04
-1.45965e+00 1.79257e-01 -4.81395e-03 7.39726e-04
-1.42927e+00 2.65198e-01 -4.79748e-03 1.10588e-03
-1.39890e+00 3.51139e-01 -4.76614e-03 1.44821e-03
-1.36172e+00 4.34620e-01 -4.76703e-03 1.82116e-03
-1.31773e+00 5.15642e-01 -4.72874e-03 2.17586e-03
-1.27375e+00 5.96663e-01 -4.69202e-03 2.53135e-03
-1.22297e+00 6.75225e-01 -4.61878e-03 2.86770e-03
-1.16539e+00 7.51326e-01 -4.49392e-03 3.16912e-03
-1.10781e+00 8.27428e-01 -4.36949e-03 3.47093e-03
-1.04343e+00 9.01068e-01 -4.19559e-03 3.73968e-03
-9.72247e-01 9.72247e-01 -3.96764e-03 3.96764e-03
-9.01068e-01 1.04343e+00 -3.73968e-03 4.19559e-03
-8.27428e-01 1.10780e+00 -3.47094e-03 4.36947e-03
-7.51326e-01 1.16536e+00 -3.16916e-03 4.49388e-03
-6.75225e-01 1.22293e+00 -2.86776e-03 4.61872e-03
-5.96663e-01 1.27369e+00 -2.53144e-03 4.69196e-03
-5.15642e-01 1.31766e+00 -2.17596e-03 4.72866e-03
-4.34620e-01 1.36163e+00 -1.82126e-03 4.76695e-03
-3.51139e-01 1.39881e+00 -1.44828e-03 4.76604e-03
-2.65198e-01 1.42920e+00 -1.10592e-03 4.79737e-03
-1.79257e-01 1.45958e+00 -7.39718e-04 4.81382e-03
-9.08578e-02 1.48318e+00 -5.27565e-04 4.94752e-03
0.00000e+00 1.50000e+00 0.00000e+00 5.00047e-03
-1.75000e+00 0.00000e+00 -5.29293e-03 0.00000e+00
-1.73628e+00 1.21686e-01 -5.28052e-03 4.16177e-04
-1.71450e+00 2.37929e-01 -5.26710e-03 8.46423e-04
-1.68468e+00 3.48727e-01 -5.23586e-03 1.24454e-03
-1.65485e+00 4.59526e-01 -5.20904e-03 1.64864e-03
-1.61698e+00 5.64880e-01 -5.18082e-03 2.04938e-03
-1.57105e+00 6.64788e-01 -5.12254e-03 2.42731e-03
-1.52512e+00 7.64697e-01 -5.06443e-03 2.80512e-03
-1.47114e+00 8.59161e-01 -4.97391e-03 3.15665e-03
-1.40912e+00 9.48178e-01 -4.83692e-03 3.46865e-03
-1.34709e+00 1.03720e+00 -4.70030e-03 3.78099e-03
-1.27701e+00 1.12077e+00 -4.51850e-03 4.05496e-03
-1.19889e+00 1.19889e+00 -4.28668e-03 4.28668e-03
-1.12077e+00 1.27701e+00 -4.05496e-03 4.51850e-03
-1.03720e+00 1.34708e+00 -3.78100e-03 4.70027e-03
-9.48178e-01 1.40909e+00 -3.46868e-03 4.83688e-03
-8.59161e-01 1.47110e+00 -3.15670e-03 4.97384e-03
-7.64697e-01 1.52506e+00 -2.80519e-03 5.06433e-03
-6.64788e-01 1.57097e+00 -2.42739e-03 5.12243e-03
-5.64880e-01 1.61688e+00 -2.04946e-03 5.18069e-03
-4.59526e-01 1.65475e+00 -1.64871e-03 5.20889e-03
-3.48727e-01 1.68459e+00 -1.24459e-03 5.23572e-03
-2.37929e-01 1.71443e+00 -8.46449e-04 5.26697e-03
-1.21686e-01 1.73623e+00 -4.16179e-04 5.28044e-03
0.00000e+00 1.75000e+00 0.00000e+00 5.29293e-03
-2.00000e+00 0.00000e+00 -5.73701e-03 0.00000e+00
-1.98933e+00 1.52515e-01 -5.69880e-03 4.91634e-04
-1.96936e+00 2.96601e-01 -5.67986e-03 9.51554e-04
-1.94008e+00 4.32257e-01 -5.65379e-03 1.40862e-03
-1.91081e+00 5.67913e-01 -5.62039e-03 1.85627e-03
-1.87224e+00 6.95139e-01 -5.57533e-03 2.28240e-03
-1.82436e+00 8.13935e-01 -5.50238e-03 2.67911e-03
-1.77649e+00 9.32731e-01 -5.42967e-03 3.07603e-03
-1.71932e+00 1.04310e+00 -5.32671e-03 3.44135e-03
-1.65285e+00 1.14503e+00 -5.17964e-03 3.76438e-03
-1.58638e+00 1.24696e+00 -5.03292e-03 4.08770e-03
-1.51060e+00 1.34046e+00 -4.84262e-03 4.36899e-03
-1.42553e+00 1.42553e+00 -4.60570e-03 4.60570e-03
-1.34046e+00 1.51060e+00 -4.36899e-03 4.84262e-03
-1.24696e+00 1.58636e+00 -4.08771e-03 5.03289e-03
-1.14503e+00 1.65281e+00 -3.76440e-03 5.17958e-03
-1.04310e+00 1.71927e+00 -3.44139e-03 5.32662e-03
-9.32731e-01 1.77642e+00 -3.07609e-03 5.42954e-03
-8.13935e-01 1.82428e+00 -2.67917e-03 5.50223e-03
-6.95139e-01 1.87214e+00 -2.28246e-03 5.57516e-03
-5.67913e-01 1.91070e+00 -1.85632e-03 5.62020e-03
-4.32257e-01 1.93999e+00 -1.40866e-03 5.65361e-03
-2.96601e-01 1.96927e+00 -9.51580e-04 5.67971e-03
-1.52515e-01 1.98927e+00 -4.91629e-04 5.69867e-03
0.00000e+00 2.00000e+00 0.00000e+00 5.73701e-03
-2.25000e+00 0.00000e+00 -6.22015e-03 0.00000e+00
-2.24187e+00 1.93252e-01 -6.21260e-03 5.89860e-04
-2.22391e+00 3.73199e-01 -6.19112e-03 1.14205e-03
-2.19611e+00 5.39842e-01 -6.15753e-03 1.65408e-03
-2.16831e+00 7.06485e-01 -6.12677e-03 2.16995e-03
-2.13067e+00 8.59823e-01 -6.07858e-03 2.64684e-03
-2.08320e+00 9.99855e-01 -5.99615e-03 3.07622e-03
-2.03573e+00 1.13989e+00 -5.91392e-03 3.50565e-03
-1.97843e+00 1.26661e+00 -5.79638e-03 3.88601e-03
-1.91129e+00 1.38003e+00 -5.63903e-03 4.21476e-03
-1.84415e+00 1.49346e+00 -5.48194e-03 4.54380e-03
-1.76718e+00 1.59357e+00 -5.28598e-03 4.82185e-03
-1.68038e+00 1.68038e+00 -5.05388e-03 5.05388e-03
-1.59357e+00 1.76718e+00 -4.82185e-03 5.28598e-03
-1.49346e+00 1.84414e+00 -4.54380e-03 5.48191e-03
-1.38003e+00 1.91126e+00 -4.21478e-03 5.63896e-03
-1.26661e+00 1.97838e+00 -3.88604e-03 5.79628e-03
-1.13989e+00 2.03566e+00 -3.50569e-03 5.91379e-03
-9.99855e-01 2.08312e+00 -3.07627e-03 5.99600e-03
-8.59823e-01 2.13058e+00 -2.64689e-03 6.07840e-03
-7.06485e-01 2.16820e+00 -2.16999e-03 6.12658e-03
-5.39842e-01 2.19601e+00 -1.65411e-03 6.15735e-03
-3.73199e-01 2.22382e+00 -1.14206e-03 6.19096e-03
-1.93252e-01 2.24182e+00 -5.89863e-04 6.21249e-03
0.00000e+00 2.25000e+00 0.00000e+00 6.22015e-03
-2.50000e+00 0.00000e+00 -6.73956e-03 0.00000e+00
-2.49390e+00 2.43897e-01 -6.72603e-03 7.10602e-04
-2.47815e+00 4.67725e-01 -6.71411e-03 1.36648e-03
-2.45275e+00 6.71484e-01 -6.68403e-03 1.96370e-03
-2.42734e+00 8.75242e-01 -6.65404e-03 2.56068e-03
-2.39228e+00 1.05893e+00 -6.60444e-03 3.09824e-03
-2.34756e+00 1.22255e+00 -6.51941e-03 3.56774e-03
-2.30285e+00 1.38617e+00 -6.43491e-03 4.03763e-03
-2.24848e+00 1.52972e+00 -6.31547e-03 4.43940e-03
-2.18445e+00 1.65319e+00 -6.16149e-03 4.77639e-03
-2.12043e+00 1.77667e+00 -6.00766e-03 5.11353e-03
-2.04675e+00 1.88008e+00 -5.82016e-03 5.38668e-03
-1.96341e+00 1.96341e+00 -5.60343e-03 5.60343e-03
-1.88008e+00 2.04675e+00 -5.38668e-03 5.82016e-03
-1.77667e+00 2.12041e+00 -5.11353e-03 6.00763e-03
-1.65319e+00 2.18443e+00 -4.77640e-03 6.16144e-03
-1.52972e+00 2.24844e+00 -4.43942e-03 6.31539e-03
-1.38617e+00 2.30279e+00 -4.03766e-03 6.43479e-03
-1.22255e+00 2.34749e+00 -3.56777e-03 6.51927e-03
-1.05893e+00 2.39220e+00 -3.09828e-03 6.60428e-03
-8.75242e-01 2.42725e+00 -2.56071e-03 6.65386e-03
-6.71484e-01 2.45267e+00 -1.96373e-03 6.68387e-03
-4.67725e-01 2.47808e+00 -1.36649e-03 6.71397e-03
-2.43897e-01 2.49386e+00 -7.10602e-04 6.72594e-03
0.00000e+00 2.50000e+00 0.00000e+00 6.73956e-03
-2.75000e+00 0.00000e+00 -7.25561e-03 0.00000e+00
-2.74594e+00 2.94542e-01 -7.24697e-03 8.34141e-04
-2.73240e+00 5.62251e-01 -7.23895e-03 1.59311e-03
-2.70938e+00 8.03125e-01 -7.21138e-03 2.27325e-03
-2.68637e+00 1.04400e+00 -7.18390e-03 2.95338e-03
-2.65388e+00 1.25804e+00 -7.13268e-03 3.55110e-03
-2.61192e+00 1.44524e+00 -7.04537e-03 4.06106e-03
-2.56996e+00 1.63245e+00 -6.95854e-03 4.57138e-03
-2.51852e+00 1.79282e+00 -6.83659e-03 4.99431e-03
-2.45761e+00 1.92635e+00 -6.68539e-03 5.33911e-03
-2.39670e+00 2.05989e+00 -6.53422e-03 5.68405e-03
-2.32631e+00 2.16659e+00 -6.35474e-03 5.95173e-03
-2.24645e+00 2.24645e+00 -6.15330e-03 6.15330e-03
-2.16659e+00 2.32631e+00 -5.95173e-03 6.35474e-03
-2.05989e+00 2.39669e+00 -5.68405e-03 6.53420e-03
-1.92635e+00 2.45759e+00 -5.33912e-03 6.68534e-03
-1.79282e+00 2.51849e+00 -4.99432e-03 6.83651e-03
-1.63245e+00 2.56991e+00 -4.57140e-03 6.95844e-03
-1.44524e+00 2.61186e+00 -4.06107e-03 7.04525e-03
-1.25804e+00 2.65382e+00 -3.55112e-03 7.13254e-03
-1.04400e+00 2.68630e+00 -2.95340e-03 7.18375e-03
-8.03125e-01 2.70932e+00 -2.27327e-03 7.21124e-03
-5.62251e-01 2.73234e+00 -1.59312e-03 7.23882e-03
-2.94542e-01 2.74590e+00 -8.34141e-04 7.24688e-03
0.00000e+00 2.75000e+00 0.00000e+00 7.25561e-03
-3.00000e+00 0.00000e+00 -7.79513e-03 0.00000e+00
-2.99746e+00 3.55096e-01 -7.78922e-03 9.81943e-04
-2.98634e+00 6.74704e-01 -7.78829e-03 1.86761e-03
-2.96664e+00 9.58823e-01 -7.76451e-03 2.64715e-03
-2.94694e+00 1.24294e+00 -7.74137e-03 3.42705e-03
-2.91866e+00 1.49157e+00 -7.69196e-03 4.09769e-03
-2.88181e+00 1.70471e+00 -7.60848e-03 4.65638e-03
-2.84495e+00 1.91785e+00 -7.52551e-03 5.21566e-03
-2.79951e+00 2.09551e+00 -7.41099e-03 5.66449e-03
-2.74549e+00 2.23767e+00 -7.27429e-03 6.01782e-03
-2.69147e+00 2.37983e+00 -7.13751e-03 6.37097e-03
-2.62887e+00 2.48650e+00 -6.97908e-03 6.62948e-03
-2.55768e+00 2.55768e+00 -6.80437e-03 6.80437e-03
-2.48650e+00 2.62887e+00 -6.62948e-03 6.97908e-03
-2.37983e+00 2.69146e+00 -6.37098e-03 7.13750e-03
-2.23767e+00 2.74547e+00 -6.01782e-03 7.27426e-03
-2.09551e+00 2.79948e+00 -5.66450e-03 7.41094e-03
-1.91785e+00 2.84491e+00 -5.21567e-03 7.52544e-03
-1.70471e+00 2.88176e+00 -4.65639e-03 7.60839e-03
-1.49157e+00 2.91862e+00 -4.09771e-03 7.69186e-03
-1.24294e+00 2.94689e+00 -3.42706e-03 7.74126e-03
-9.58823e-01 2.96660e+00 -2.64716e-03 7.76441e-03
-6.74704e-01 2.98630e+00 -1.86761e-03 7.78820e-03
-3.55096e-01 2.99743e+00 -9.81943e-04 7.78916e-03
0.00000e+00 3.00000e+00 0.00000e+00 7.79513e-03
-3.25000e+00 0.00000e+00 -8.34205e-03 0.00000e+00
-3.24848e+00 4.25559e-01 -8.33849e-03 1.15867e-03
-3.23998e+00 8.05085e-01 -8.34134e-03 2.19342e-03
-3.22452e+00 1.13858e+00 -8.32214e-03 3.08886e-03
-3.20905e+00 1.47207e+00 -8.30363e-03 3.98487e-03
-3.18662e+00 1.75953e+00 -8.25972e-03 4.73719e-03
-3.15721e+00 2.00096e+00 -8.18885e-03 5.35018e-03
-3.12781e+00 2.24238e+00 -8.11830e-03 5.96353e-03
-3.09143e+00 2.43778e+00 -8.02367e-03 6.44062e-03
-3.04808e+00 2.58714e+00 -7.91397e-03 6.80067e-03
-3.00473e+00 2.73650e+00 -7.80410e-03 7.16053e-03
-2.95441e+00 2.83982e+00 -7.67909e-03 7.40382e-03
-2.89712e+00 2.89712e+00 -7.54155e-03 7.54155e-03
-2.83982e+00 2.95441e+00 -7.40382e-03 7.67909e-03
-2.73650e+00 3.00473e+00 -7.16053e-03 7.80409e-03
-2.58714e+00 3.04807e+00 -6.80067e-03 7.91395e-03
-2.43778e+00 3.09141e+00 -6.44062e-03 8.02364e-03
-2.24238e+00 3.12778e+00 -5.96353e-03 8.11826e-03
-2.00096e+00 3.15719e+00 -5.35018e-03 8.18879e-03
-1.75953e+00 3.18659e+00 -4.73719e-03 8.25965e-03
-1.47207e+00 3.20902e+00 -3.98488e-03 8.30356e-03
-1.13858e+00 3.22449e+00 -3.08886e-03 8.32208e-03
-8.05085e-01 3.23996e+00 -2.19343e-03 8.34128e-03
-4.25559e-01 3.24846e+00 -1.15867e-03 8.33845e-03
0.00000e+00 3.25000e+00 0.00000e+00 8.34205e-03
-3.50000e+00 0.00000e+00 -8.88923e-03 0.00000e+00
-3.49949e+00 4.96022e-01 -8.88784e-03 1.33555e-03
-3.49362e+00 9.35466e-01 -8.89460e-03 2.51970e-03
-3.48239e+00 1.31833e+00 -8.88062e-03 3.53029e-03
-3.47116e+00 1.70120e+00 -8.86715e-03 4.54187e-03
-3.45457e+00 2.02749e+00 -8.82879e-03 5.37605e-03
-3.43262e+00 2.29720e+00 -8.77004e-03 6.04331e-03
-3.41066e+00 2.56691e+00 -8.71135e-03 6.71143e-03
-3.38335e+00 2.78005e+00 -8.63642e-03 7.21636e-03
-3.35067e+00 2.93660e+00 -8.55353e-03 7.58349e-03
-3.31799e+00 3.09316e+00 -8.47048e-03 7.94986e-03
-3.27995e+00 3.19314e+00 -8.37868e-03 8.17873e-03
-3.23655e+00 3.23655e+00 -8.27876e-03 8.27876e-03
-3.19314e+00 3.27995e+00 -8.17873e-03 8.37868e-03
-3.09316e+00 3.31799e+00 -7.94986e-03 8.47047e-03
-2.93660e+00 3.35067e+00 -7.58349e-03 8.55352e-03
-2.78005e+00 3.38334e+00 -7.21636e-03 8.63640e-03
-2.56691e+00 3.41065e+00 -6.71143e-03 8.71133e-03
-2.29720e+00 3.43261e+00 -6.04331e-03 8.77002e-03
-2.02749e+00 3.45456e+00 -5.37605e-03 8.82876e-03
-1.70120e+00 3.47115e+00 -4.54187e-03 8.86712e-03
-1.31833e+00 3.48238e+00 -3.53029e-03 8.88059e-03
-9.35466e-01 3.49361e+00 -2.51970e-03 8.89457e-03
-4.96022e-01 3.49948e+00 -1.33555e-03 8.88782e-03
0.00000e+00 3.50000e+00 0.00000e+00 8.88923e-03
-3.75000e+00 0.00000e+00 -9.44470e-03 0.00000e+00
-3.75000e+00 5.76394e-01 -9.44464e-03 1.54028e-03
-3.74696e+00 1.08378e+00 -9.45364e-03 2.89706e-03
-3.74089e+00 1.52214e+00 -9.44211e-03 4.04199e-03
-3.73481e+00 1.96051e+00 -9.43130e-03 5.18871e-03
-3.72570e+00 2.32987e+00 -9.40261e-03 6.11413e-03
-3.71355e+00 2.63022e+00 -9.36764e-03 6.84028e-03
-3.70140e+00 2.93057e+00 -9.33281e-03 7.56574e-03
-3.68621e+00 3.16190e+00 -9.29329e-03 8.09942e-03
-3.66798e+00 3.32423e+00 -9.25039e-03 8.47081e-03
-3.64975e+00 3.48655e+00 -9.20730e-03 8.84197e-03
-3.62848e+00 3.57987e+00 -9.15977e-03 9.05046e-03
-3.60417e+00 3.60418e+00 -9.10524e-03 9.10524e-03
-3.57987e+00 3.62848e+00 -9.05046e-03 9.15977e-03
-3.48655e+00 3.64975e+00 -8.84197e-03 9.20730e-03
-3.32423e+00 3.66798e+00 -8.47081e-03 9.25039e-03
-3.16190e+00 3.68621e+00 -8.09942e-03 9.29329e-03
-2.93057e+00 3.70140e+00 -7.56574e-03 9.33281e-03
-2.63022e+00 3.71355e+00 -6.84028e-03 9.36764e-03
-2.32987e+00 3.72570e+00 -6.11413e-03 9.40261e-03
-1.96051e+00 3.73481e+00 -5.18871e-03 9.43130e-03
-1.52214e+00 3.74089e+00 -4.04199e-03 9.44211e-03
-1.08377e+00 3.74696e+00 -2.89706e-03 9.45364e-03
-5.76394e-01 3.75000e+00 -1.54028e-03 9.44464e-03
0.00000e+00 3.75000e+00 0.00000e+00 9.44470e-03
-4.00000e+00 0.00000e+00 -1.00000e-02 0.00000e+00
-4.00000e+00 6.66675e-01 -1.00000e-02 1.78137e-03
-4.00000e+00 1.25001e+00 -1.00000e-02 3.34194e-03
-4.00000e+00 1.75001e+00 -1.00000e-02 4.62896e-03
-4.00000e+00 2.25002e+00 -1.00000e-02 5.91756e-03
-4.00000e+00 2.66668e+00 -1.00000e-02 6.92777e-03
-4.00000e+00 3.00001e+00 -1.00000e-02 7.71010e-03
-4.00000e+00 3.33334e+00 -1.00000e-02 8.49271e-03
-4.00000e+00 3.58334e+00 -1.00000e-02 9.05681e-03
-4.00000e+00 3.75000e+00 -1.00000e-02 9.43490e-03
-4.00000e+00 3.91667e+00 -1.00000e-02 9.81178e-03
-4.00000e+00 4.00000e+00 -1.00000e-02 1.00000e-02
-4.00000e+00 4.00000e+00 -1.00000e-02 1.00000e-02
-4.00000e+00 4.00000e+00 -1.00000e-02 1.00000e-02
-3.91667e+00 4.00000e+00 -9.81178e-03 1.00000e-02
-3.75000e+00 4.00000e+00 -9.43490e-03 1.00000e-02
-3.58334e+00 4.00000e+00 -9.05681e-03 1.00000e-02
-3.33334e+00 4.00000e+00 -8.49271e-03 1.00000e-02
-3.00001e+00 4.00000e+00 -7.71009e-03 1.00000e-02
-2.66668e+00 4.00000e+00 -6.92777e-03 1.00000e-02
-2.25002e+00 4.00000e+00 -5.91756e-03 1.00000e-02
-1.75001e+00 4.00000e+00 -4.62896e-03 1.00000e-02
-1.25001e+00 4.00000e+00 -3.34194e-03 1.00000e-02
-6.66675e-01 4.00000e+00 -1.78137e-03 1.00000e-02
0.00000e+00 4.00000e+00 0.00000e+00 1.00000e-02
