-1.00000e+00 0.00000e+00 -4.73627e-03 0.00000e+00
-9.51200e-01 1.17851e-01 -3.76316e-03 1.87376e-03
-8.93748e-01 2.27075e-01 -3.60807e-03 2.77566e-03
-8.27669e-01 3.27665e-01 -4.00395e-03 2.98382e-03
-7.61587e-01 4.28262e-01 -4.56017e-03 2.78049e-03
-6.86878e-01 5.20225e-01 -5.64684e-03 2.12110e-03
-6.03550e-01 6.03550e-01 -6.34101e-03 1.44651e-03
-5.20227e-01 6.86874e-01 -7.17824e-03 7.16837e-04
-4.38898e-01 7.68201e-01 -7.93019e-03 1.68308e-05
-4.43087e-01 7.77990e-01 -7.93242e-03 5.43114e-05
-4.50681e-01 7.95458e-01 -7.93622e-03 1.20823e-04
-4.53771e-01 8.02466e-01 -7.93769e-03 1.47374e-04
0.00000e+00 1.00000e+00 0.00000e+00 4.73620e-03
-1.50000e+00 -5.24942e-18 -4.71591e-03 8.66355e-04
-1.46747e+00 1.61899e-01 -3.64317e-03 2.12544e-03
-1.40488e+00 3.21525e-01 -3.16918e-03 2.97750e-03
-1.31221e+00 4.78868e-01 -3.27992e-03 3.42541e-03
-1.21955e+00 6.36213e-01 -3.86596e-03 3.47152e-03
-1.09683e+00 7.91274e-01 -4.83653e-03 3.17056e-03
-9.44049e-01 9.44048e-01 -5.93624e-03 2.60555e-03
-7.91275e-01 1.09682e+00 -7.10729e-03 2.02107e-03
-6.68056e-01 1.19925e+00 -7.96430e-03 1.53279e-03
-6.64915e-01 1.19430e+00 -7.96464e-03 1.51686e-03
-6.62045e-01 1.18976e+00 -7.96493e-03 1.50222e-03
-6.47358e-01 1.16628e+00 -7.96624e-03 1.42606e-03
-6.22697e-01 1.12588e+00 -7.96760e-03 1.29329e-03
-2.00000e+00 0.00000e+00 -4.87559e-03 0.00000e+00
-1.97967e+00 2.85213e-01 -3.58893e-03 2.41800e-03
-1.91929e+00 5.44269e-01 -3.05035e-03 3.06253e-03
-1.81884e+00 7.77162e-01 -2.98632e-03 3.55434e-03
-1.71839e+00 1.01005e+00 -3.38138e-03 3.83803e-03
-1.57789e+00 1.21678e+00 -4.20879e-03 3.88435e-03
-1.41677e+00 1.41677e+00 -5.39334e-03 3.69705e-03
-1.21678e+00 1.57789e+00 -6.76033e-03 3.31765e-03
-1.03860e+00 1.69389e+00 -7.84890e-03 2.97534e-03
-9.92208e-01 1.63914e+00 -7.86944e-03 2.82920e-03
-9.50397e-01 1.58843e+00 -7.88678e-03 2.69103e-03
-8.88259e-01 1.51036e+00 -7.91026e-03 2.47291e-03
0.00000e+00 2.00000e+00 0.00000e+00 4.87559e-03
-2.50000e+00 -3.54891e-15 -4.40765e-03 2.33616e-03
-2.48781e+00 4.87793e-01 -3.61233e-03 2.54534e-03
-2.43699e+00 8.95312e-01 -3.08230e-03 2.98221e-03
-2.34756e+00 1.22255e+00 -2.86582e-03 3.50805e-03
-2.25813e+00 1.54979e+00 -3.02704e-03 4.04270e-03
-2.13008e+00 1.79674e+00 -3.64482e-03 4.41568e-03
-1.96341e+00 1.96341e+00 -4.74451e-03 4.50595e-03
-1.90410e+00 1.90410e+00 -4.81203e-03 4.43320e-03
-1.56810e+00 2.23828e+00 -7.54584e-03 4.27813e-03
-1.44266e+00 2.11980e+00 -7.62663e-03 4.01563e-03
-1.32878e+00 2.00738e+00 -7.69581e-03 3.75649e-03
-1.17745e+00 1.84945e+00 -7.78039e-03 3.37434e-03
-1.00455e+00 1.65386e+00 -7.86410e-03 2.86880e-03
-3.00000e+00 0.00000e+00 -7.94774e-03 0.00000e+00
-2.99593e+00 6.90376e-01 -3.70964e-03 2.59211e-03
-2.95470e+00 1.24636e+00 -3.23017e-03 2.77017e-03
-2.87628e+00 1.66794e+00 -2.83433e-03 3.28772e-03
-2.79786e+00 2.08952e+00 -2.67696e-03 4.05620e-03
-2.68227e+00 2.37671e+00 -3.06693e-03 4.73851e-03
-2.52949e+00 2.52949e+00 -4.71632e-03 4.91148e-03
-2.37671e+00 2.68227e+00 -5.84595e-03 5.22926e-03
-2.14382e+00 2.72905e+00 -7.12919e-03 5.26721e-03
-1.93298e+00 2.55779e+00 -7.28914e-03 4.93813e-03
-1.73950e+00 2.39252e+00 -7.42886e-03 4.60490e-03
-1.48505e+00 2.16042e+00 -7.59983e-03 4.10683e-03
0.00000e+00 3.00000e+00 0.00000e+00 7.94774e-03
-3.50000e+00 6.30104e-18 -3.56950e-03 3.70893e-03
-3.50000e+00 9.72227e-01 -3.63529e-03 2.75973e-03
-3.47570e+00 1.72570e+00 -3.23341e-03 2.73646e-03
-3.42709e+00 2.26042e+00 -2.74843e-03 3.21526e-03
-3.37849e+00 2.79515e+00 -3.13837e-03 4.04042e-03
-3.30558e+00 3.11112e+00 -3.68300e-03 5.07262e-03
-3.20835e+00 3.20835e+00 -4.33738e-03 5.57490e-03
-3.11113e+00 3.30558e+00 -5.31450e-03 6.05238e-03
-2.87194e+00 3.26820e+00 -6.53091e-03 6.21878e-03
-2.54707e+00 3.03618e+00 -6.80539e-03 5.82275e-03
-2.24420e+00 2.80780e+00 -7.05061e-03 5.41357e-03
-1.84162e+00 2.48081e+00 -7.35604e-03 4.78497e-03
-1.39790e+00 2.07621e+00 -7.65433e-03 3.91636e-03
-4.00000e+00 0.00000e+00 -1.00000e-02 0.00000e+00
-3.99694e+00 1.33330e+00 -3.30920e-03 3.13951e-03
-3.99678e+00 2.33331e+00 -2.97416e-03 2.99395e-03
-3.99655e+00 3.00001e+00 -3.05464e-03 3.03224e-03
-3.99575e+00 3.66666e+00 -2.88619e-03 4.88073e-03
-4.00000e+00 4.00000e+00 -1.00000e-02 1.00000e-02
-4.00000e+00 4.00000e+00 -1.00000e-02 1.00000e-02
-4.00000e+00 4.00000e+00 -1.00000e-02 1.00000e-02
-3.75930e+00 3.85156e+00 -5.73613e-03 7.15454e-03
-3.29386e+00 3.55353e+00 -6.16017e-03 6.68497e-03
-2.85332e+00 3.25522e+00 -6.54692e-03 6.19706e-03
-2.25297e+00 2.81460e+00 -7.04368e-03 5.42608e-03
0.00000e+00 4.00000e+00 0.00000e+00 1.00000e-02
