-1.00000e+00 0.00000e+00 -4.61292e-03 0.00000e+00
-9.87803e-01 2.94639e-02 -4.21460e-03 1.38065e-03
-9.75059e-01 5.83851e-02 -4.02054e-03 1.88546e-03
-9.61778e-01 8.67703e-02 -3.93128e-03 1.97229e-03
-9.48498e-01 1.15154e-01 -3.84921e-03 2.08625e-03
-9.34676e-01 1.42999e-01 -3.67946e-03 2.66941e-03
-9.21017e-01 1.68969e-01 -3.35073e-03 4.05568e-03
-9.21017e-01 1.68969e-01 -3.35073e-03 4.05568e-03
-9.21017e-01 1.68969e-01 -3.35073e-03 4.05568e-03
-9.21017e-01 1.68969e-01 -3.35073e-03 4.05568e-03
-9.21017e-01 1.68969e-01 -3.35073e-03 4.05568e-03
-9.21017e-01 1.68969e-01 -3.35073e-03 4.05568e-03
-8.27669e-01 3.27669e-01 -4.54655e-03 2.40712e-03
-9.21017e-01 1.68969e-01 -3.35073e-03 4.05568e-03
-9.21017e-01 1.68969e-01 -3.35073e-03 4.05568e-03
-9.21017e-01 1.68969e-01 -3.35073e-03 4.05568e-03
-9.21017e-01 1.68969e-01 -3.35073e-03 4.05568e-03
-9.21017e-01 1.68969e-01 -3.35073e-03 4.05568e-03
-9.21017e-01 1.68969e-01 -3.35073e-03 4.05568e-03
-9.21017e-01 1.68969e-01 -3.35073e-03 4.05568e-03
-9.21017e-01 1.68969e-01 -3.35073e-03 4.05568e-03
-9.21017e-01 1.68969e-01 -3.35073e-03 4.05568e-03
-9.21017e-01 1.68969e-01 -3.35073e-03 4.05568e-03
-9.21017e-01 1.68969e-01 -3.35073e-03 4.05568e-03
-9.21017e-01 1.68969e-01 -3.35073e-03 4.05568e-03
-9.21017e-01 1.68969e-01 -3.35073e-03 4.05568e-03
-9.21017e-01 1.68969e-01 -3.35073e-03 4.05568e-03
-9.21017e-01 1.68969e-01 -3.35073e-03 4.05568e-03
-9.21017e-01 1.68969e-01 -3.35073e-03 4.05568e-03
-9.21017e-01 1.68969e-01 -3.35073e-03 4.05568e-03
-9.21017e-01 1.68969e-01 -3.35073e-03 4.05568e-03
-9.21017e-01 1.68969e-01 -3.35073e-03 4.05568e-03
-9.21017e-01 1.68969e-01 -3.35073e-03 4.05568e-03
-9.21017e-01 1.68969e-01 -3.35073e-03 4.05568e-03
-9.21017e-01 1.68969e-01 -3.35073e-03 4.05568e-03
-9.21017e-01 1.68969e-01 -3.35073e-03 4.05568e-03
-9.21017e-01 1.68969e-01 -3.35073e-03 4.05568e-03
-9.21017e-01 1.68969e-01 -3.35073e-03 4.05568e-03
-9.21017e-01 1.68969e-01 -3.35073e-03 4.05568e-03
-9.21017e-01 1.68969e-01 -3.35073e-03 4.05568e-03
-9.21017e-01 1.68969e-01 -3.35073e-03 4.05568e-03
-9.21017e-01 1.68969e-01 -3.35073e-03 4.05568e-03
-9.21017e-01 1.68969e-01 -3.35073e-03 4.05568e-03
-9.21017e-01 1.68969e-01 -3.35073e-03 4.05568e-03
-9.21017e-01 1.68969e-01 -3.35073e-03 4.05568e-03
-9.21017e-01 1.68969e-01 -3.35073e-03 4.05568e-03
-9.21017e-01 1.68969e-01 -3.35073e-03 4.05568e-03
-9.21017e-01 1.68969e-01 -3.35073e-03 4.05568e-03
0.00000e+00 1.00000e+00 0.00000e+00 4.61291e-03
-1.12500e+00 -3.30316e-18 -4.63130e-03 3.23302e-04
-1.11382e+00 3.22150e-02 -4.19834e-03 1.60065e-03
-1.10176e+00 6.39919e-02 -3.99467e-03 2.06872e-03
-1.08882e+00 9.53234e-02 -3.90700e-03 2.14323e-03
-1.07589e+00 1.26664e-01 -3.82319e-03 2.23390e-03
-1.06208e+00 1.57560e-01 -3.63272e-03 2.75014e-03
-1.04740e+00 1.88014e-01 -3.22471e-03 4.10198e-03
-1.06667e+00 1.93336e-01 -3.16856e-03 4.22985e-03
-1.05862e+00 1.91940e-01 -3.17720e-03 4.22630e-03
-1.01629e+00 1.83243e-01 -3.25090e-03 4.10720e-03
-1.00459e+00 1.81372e-01 -3.26317e-03 4.10091e-03
-9.91483e-01 1.79312e-01 -3.27692e-03 4.09384e-03
-9.77084e-01 1.77100e-01 -3.29202e-03 4.08606e-03
-9.63076e-01 1.74996e-01 -3.30670e-03 4.07849e-03
-9.47681e-01 1.72740e-01 -3.32282e-03 4.07015e-03
-9.31135e-01 1.70379e-01 -3.34014e-03 4.06117e-03
-9.21017e-01 1.68969e-01 -3.35073e-03 4.05568e-03
-9.21017e-01 1.68969e-01 -3.35073e-03 4.05568e-03
-9.21017e-01 1.68969e-01 -3.35073e-03 4.05568e-03
-9.21017e-01 1.68969e-01 -3.35073e-03 4.05568e-03
-9.21017e-01 1.68969e-01 -3.35073e-03 4.05568e-03
-9.21017e-01 1.68969e-01 -3.35073e-03 4.05568e-03
-9.21017e-01 1.68969e-01 -3.35073e-03 4.05568e-03
-9.21017e-01 1.68969e-01 -3.35073e-03 4.05568e-03
-9.21017e-01 1.68969e-01 -3.35073e-03 4.05568e-03
-9.21017e-01 1.68969e-01 -3.35073e-03 4.05568e-03
-9.21017e-01 1.68969e-01 -3.35073e-03 4.05568e-03
-9.21017e-01 1.68969e-01 -3.35073e-03 4.05568e-03
-9.21017e-01 1.68969e-01 -3.35073e-03 4.05568e-03
-9.21017e-01 1.68969e-01 -3.35073e-03 4.05568e-03
-9.21017e-01 1.68969e-01 -3.35073e-03 4.05568e-03
-9.21017e-01 1.68969e-01 -3.35073e-03 4.05568e-03
-9.21017e-01 1.68969e-01 -3.35073e-03 4.05568e-03
-9.21017e-01 1.68969e-01 -3.35073e-03 4.05568e-03
-9.21017e-01 1.68969e-01 -3.35073e-03 4.05568e-03
-9.21017e-01 1.68969e-01 -3.35073e-03 4.05568e-03
-9.21017e-01 1.68969e-01 -3.35073e-03 4.05568e-03
-9.21017e-01 1.68969e-01 -3.35073e-03 4.05568e-03
-9.21017e-01 1.68969e-01 -3.35073e-03 4.05568e-03
-9.21017e-01 1.68969e-01 -3.35073e-03 4.05568e-03
-9.21017e-01 1.68969e-01 -3.35073e-03 4.05568e-03
-9.21017e-01 1.68969e-01 -3.35073e-03 4.05568e-03
-9.21017e-01 1.68969e-01 -3.35073e-03 4.05568e-03
-9.21017e-01 1.68969e-01 -3.35073e-03 4.05568e-03
-9.21017e-01 1.68969e-01 -3.35073e-03 4.05568e-03
-9.21017e-01 1.68969e-01 -3.35073e-03 4.05568e-03
-9.21017e-01 1.68969e-01 -3.35073e-03 4.05568e-03
-9.21017e-01 1.68969e-01 -3.35073e-03 4.05568e-03
-9.21017e-01 1.68969e-01 -3.35073e-03 4.05568e-03
-1.25000e+00 0.00000e+00 -4.31144e-03 0.00000e+00
-1.23977e+00 3.62070e-02 -4.17661e-03 1.80982e-03
-1.22838e+00 7.19554e-02 -3.96151e-03 2.24275e-03
-1.21582e+00 1.07245e-01 -3.87429e-03 2.30434e-03
-1.20325e+00 1.42536e-01 -3.78511e-03 2.38679e-03
-1.18953e+00 1.77367e-01 -3.56550e-03 2.88174e-03
-1.17464e+00 2.11739e-01 -3.08637e-03 4.18339e-03
-1.21994e+00 2.23131e-01 -3.00018e-03 4.30526e-03
-1.21274e+00 2.21603e-01 -3.00813e-03 4.30183e-03
-1.19078e+00 2.17020e-01 -3.03235e-03 4.29131e-03
-1.18729e+00 2.16301e-01 -3.03621e-03 4.28961e-03
-1.19139e+00 2.17144e-01 -3.03172e-03 4.29152e-03
-1.11064e+00 1.99573e-01 -3.15151e-03 4.15751e-03
-1.09678e+00 1.97040e-01 -3.16614e-03 4.15019e-03
-1.08124e+00 1.94252e-01 -3.18255e-03 4.14194e-03
-1.06418e+00 1.91260e-01 -3.20053e-03 4.13285e-03
-1.04639e+00 1.88217e-01 -3.21926e-03 4.12335e-03
-1.02751e+00 1.85071e-01 -3.23911e-03 4.11323e-03
-1.00690e+00 1.81738e-01 -3.26075e-03 4.10215e-03
-9.85826e-01 1.78437e-01 -3.28286e-03 4.09079e-03
-9.62926e-01 1.74974e-01 -3.30685e-03 4.07841e-03
-9.38238e-01 1.71384e-01 -3.33270e-03 4.06503e-03
-9.21017e-01 1.68969e-01 -3.35073e-03 4.05568e-03
-9.21017e-01 1.68969e-01 -3.35073e-03 4.05568e-03
-9.21017e-01 1.68969e-01 -3.35073e-03 4.05568e-03
-9.21017e-01 1.68969e-01 -3.35073e-03 4.05568e-03
-9.21017e-01 1.68969e-01 -3.35073e-03 4.05568e-03
-9.21017e-01 1.68969e-01 -3.35073e-03 4.05568e-03
-9.21017e-01 1.68969e-01 -3.35073e-03 4.05568e-03
-9.21017e-01 1.68969e-01 -3.35073e-03 4.05568e-03
-9.21017e-01 1.68969e-01 -3.35073e-03 4.05568e-03
-9.21017e-01 1.68969e-01 -3.35073e-03 4.05568e-03
-9.21017e-01 1.68969e-01 -3.35073e-03 4.05568e-03
-9.21017e-01 1.68969e-01 -3.35073e-03 4.05568e-03
-9.21017e-01 1.68969e-01 -3.35073e-03 4.05568e-03
-9.21017e-01 1.68969e-01 -3.35073e-03 4.05568e-03
-9.21017e-01 1.68969e-01 -3.35073e-03 4.05568e-03
-9.21017e-01 1.68969e-01 -3.35073e-03 4.05568e-03
-9.21017e-01 1.68969e-01 -3.35073e-03 4.05568e-03
-9.21017e-01 1.68969e-01 -3.35073e-03 4.05568e-03
-9.21017e-01 1.68969e-01 -3.35073e-03 4.05568e-03
-9.21017e-01 1.68969e-01 -3.35073e-03 4.05568e-03
-9.21017e-01 1.68969e-01 -3.35073e-03 4.05568e-03
-9.21017e-01 1.68969e-01 -3.35073e-03 4.05568e-03
-9.21017e-01 1.68969e-01 -3.35073e-03 4.05568e-03
-9.21017e-01 1.68969e-01 -3.35073e-03 4.05568e-03
-9.21017e-01 1.68969e-01 -3.35073e-03 4.05568e-03
-9.21017e-01 1.68969e-01 -3.35073e-03 4.05568e-03
0.00000e+00 1.25000e+00 0.00000e+00 4.31145e-03
-1.37500e+00 -1.35663e-16 -4.66865e-03 8.61386e-04
-1.36566e+00 4.14367e-02 -4.14885e-03 2.00612e-03
-1.35491e+00 8.22794e-02 -3.92202e-03 2.40693e-03
-1.34275e+00 1.22525e-01 -3.83480e-03 2.45651e-03
-1.33059e+00 1.62770e-01 -3.73602e-03 2.54069e-03
-1.31702e+00 2.02421e-01 -3.47686e-03 3.04235e-03
-1.30334e+00 2.41774e-01 -2.90728e-03 4.34482e-03
-1.37950e+00 2.60286e-01 -2.82145e-03 4.37955e-03
-1.32190e+00 2.46154e-01 -2.88647e-03 4.35339e-03
-1.29949e+00 2.40858e-01 -2.91191e-03 4.34230e-03
-1.30126e+00 2.41284e-01 -2.90969e-03 4.34368e-03
-1.30546e+00 2.42268e-01 -2.90493e-03 4.34576e-03
-1.26365e+00 2.32678e-01 -2.95182e-03 4.32570e-03
-1.27441e+00 2.35112e-01 -2.93964e-03 4.33126e-03
-1.22026e+00 2.21286e-01 -3.03487e-03 4.21459e-03
-1.20368e+00 2.17814e-01 -3.05261e-03 4.20608e-03
-1.18621e+00 2.14228e-01 -3.07126e-03 4.19706e-03
-1.16755e+00 2.10479e-01 -3.09114e-03 4.18737e-03
-1.28504e+00 2.37535e-01 -2.92777e-03 4.33626e-03
-1.12420e+00 2.02100e-01 -3.13715e-03 4.16467e-03
-1.10087e+00 1.97782e-01 -3.16183e-03 4.15235e-03
-1.07512e+00 1.93170e-01 -3.18900e-03 4.13868e-03
-1.04867e+00 1.88603e-01 -3.21686e-03 4.12457e-03
-1.01984e+00 1.83819e-01 -3.24716e-03 4.10911e-03
-9.89024e-01 1.78931e-01 -3.27950e-03 4.09251e-03
-9.56597e-01 1.74039e-01 -3.31348e-03 4.07498e-03
-9.22841e-01 1.69221e-01 -3.34882e-03 4.05667e-03
-9.21017e-01 1.68969e-01 -3.35073e-03 4.05568e-03
-9.21017e-01 1.68969e-01 -3.35073e-03 4.05568e-03
-9.21017e-01 1.68969e-01 -3.35073e-03 4.05568e-03
-9.21017e-01 1.68969e-01 -3.35073e-03 4.05568e-03
-9.21017e-01 1.68969e-01 -3.35073e-03 4.05568e-03
-9.21017e-01 1.68969e-01 -3.35073e-03 4.05568e-03
-9.21017e-01 1.68969e-01 -3.35073e-03 4.05568e-03
-9.21017e-01 1.68969e-01 -3.35073e-03 4.05568e-03
-9.21017e-01 1.68969e-01 -3.35073e-03 4.05568e-03
-9.21017e-01 1.68969e-01 -3.35073e-03 4.05568e-03
-9.21017e-01 1.68969e-01 -3.35073e-03 4.05568e-03
-9.21017e-01 1.68969e-01 -3.35073e-03 4.05568e-03
-9.21017e-01 1.68969e-01 -3.35073e-03 4.05568e-03
-9.21017e-01 1.68969e-01 -3.35073e-03 4.05568e-03
-9.21017e-01 1.68969e-01 -3.35073e-03 4.05568e-03
-9.21017e-01 1.68969e-01 -3.35073e-03 4.05568e-03
-9.21017e-01 1.68969e-01 -3.35073e-03 4.05568e-03
-9.21017e-01 1.68969e-01 -3.35073e-03 4.05568e-03
-9.21017e-01 1.68969e-01 -3.35073e-03 4.05568e-03
-9.21017e-01 1.68969e-01 -3.35073e-03 4.05568e-03
-9.21017e-01 1.68969e-01 -3.35073e-03 4.05568e-03
-9.21017e-01 1.68969e-01 -3.35073e-03 4.05568e-03
-1.50000e+00 1.99532e-19 -4.68255e-03 1.08753e-03
-1.49155e+00 4.66684e-02 -4.12442e-03 2.17160e-03
-1.48144e+00 9.26034e-02 -3.88406e-03 2.55385e-03
-1.46968e+00 1.37803e-01 -3.79507e-03 2.60065e-03
-1.45792e+00 1.83006e-01 -3.69312e-03 2.67269e-03
-1.44450e+00 2.27476e-01 -3.41594e-03 3.12872e-03
-1.42943e+00 2.71211e-01 -2.80070e-03 4.32960e-03
-1.46949e+00 2.83982e-01 -2.71864e-03 4.41831e-03
-1.44402e+00 2.77081e-01 -2.74782e-03 4.40777e-03
-1.40990e+00 2.68073e-01 -2.78684e-03 4.39305e-03
-1.40652e+00 2.64917e-01 -2.83229e-03 4.30655e-03
-1.52969e+00 3.00952e-01 -2.64854e-03 4.44334e-03
-1.44951e+00 2.78562e-01 -2.74142e-03 4.41029e-03
-1.37435e+00 2.56776e-01 -2.86778e-03 4.29121e-03
-1.27134e+00 2.34416e-01 -2.94309e-03 4.32974e-03
-1.34520e+00 2.49618e-01 -2.89973e-03 4.27711e-03
-1.32864e+00 2.45644e-01 -2.91780e-03 4.26901e-03
-1.30940e+00 2.41109e-01 -2.93874e-03 4.25952e-03
-1.28880e+00 2.36356e-01 -2.96108e-03 4.24927e-03
-1.26738e+00 2.31523e-01 -2.98422e-03 4.23853e-03
-1.24327e+00 2.26217e-01 -3.01019e-03 4.22633e-03
-1.21637e+00 2.20466e-01 -3.03904e-03 4.21260e-03
-1.18899e+00 2.14792e-01 -3.06830e-03 4.19849e-03
-1.15871e+00 2.08734e-01 -3.10054e-03 4.18276e-03
-1.12556e+00 2.02356e-01 -3.13571e-03 4.16538e-03
-1.09233e+00 1.96235e-01 -3.17085e-03 4.14783e-03
-1.05574e+00 1.89807e-01 -3.20941e-03 4.12835e-03
-1.01718e+00 1.83387e-01 -3.24996e-03 4.10768e-03
-9.77825e-01 1.77213e-01 -3.29124e-03 4.08646e-03
-9.36321e-01 1.71112e-01 -3.33471e-03 4.06399e-03
-9.21017e-01 1.68969e-01 -3.35073e-03 4.05568e-03
-9.21017e-01 1.68969e-01 -3.35073e-03 4.05568e-03
-9.21017e-01 1.68969e-01 -3.35073e-03 4.05568e-03
-9.21017e-01 1.68969e-01 -3.35073e-03 4.05568e-03
-9.21017e-01 1.68969e-01 -3.35073e-03 4.05568e-03
-9.21017e-01 1.68969e-01 -3.35073e-03 4.05568e-03
-9.21017e-01 1.68969e-01 -3.35073e-03 4.05568e-03
-9.21017e-01 1.68969e-01 -3.35073e-03 4.05568e-03
-9.21017e-01 1.68969e-01 -3.35073e-03 4.05568e-03
-9.21017e-01 1.68969e-01 -3.35073e-03 4.05568e-03
-9.21017e-01 1.68969e-01 -3.35073e-03 4.05568e-03
-9.21017e-01 1.68969e-01 -3.35073e-03 4.05568e-03
-9.21017e-01 1.68969e-01 -3.35073e-03 4.05568e-03
-9.21017e-01 1.68969e-01 -3.35073e-03 4.05568e-03
-9.21017e-01 1.68969e-01 -3.35073e-03 4.05568e-03
-9.21017e-01 1.68969e-01 -3.35073e-03 4.05568e-03
-9.21017e-01 1.68969e-01 -3.35073e-03 4.05568e-03
-9.21017e-01 1.68969e-01 -3.35073e-03 4.05568e-03
-9.21017e-01 1.68969e-01 -3.35073e-03 4.05568e-03
-1.62500e+00 9.97926e-18 -4.68989e-03 1.29264e-03
-1.61738e+00 5.31358e-02 -4.09185e-03 2.33133e-03
-1.60790e+00 1.05285e-01 -3.83994e-03 2.69629e-03
-1.59656e+00 1.56445e-01 -3.75011e-03 2.74022e-03
-1.58522e+00 2.07606e-01 -3.64117e-03 2.80891e-03
-1.57203e+00 2.57779e-01 -3.33460e-03 3.24541e-03
-1.55698e+00 3.06964e-01 -2.65184e-03 4.39360e-03
-1.55658e+00 3.06218e-01 -2.66343e-03 4.37435e-03
-1.54214e+00 3.04585e-01 -2.63366e-03 4.44882e-03
-1.66400e+00 3.42015e-01 -2.48800e-03 4.49527e-03
-1.54446e+00 3.02678e-01 -2.67729e-03 4.36912e-03
-1.53744e+00 3.00645e-01 -2.68530e-03 4.36607e-03
-1.52811e+00 2.97962e-01 -2.69592e-03 4.36199e-03
-1.51863e+00 2.95255e-01 -2.70670e-03 4.35782e-03
-1.67465e+00 3.45459e-01 -2.47502e-03 4.49911e-03
-1.49228e+00 2.87851e-01 -2.73651e-03 4.34609e-03
-1.47767e+00 2.83816e-01 -2.75296e-03 4.33950e-03
-1.46021e+00 2.79064e-01 -2.77255e-03 4.33154e-03
-1.44000e+00 2.73656e-01 -2.79512e-03 4.32222e-03
-1.41949e+00 2.68269e-01 -2.81793e-03 4.31265e-03
-1.39581e+00 2.62178e-01 -2.84413e-03 4.30147e-03
-1.36956e+00 2.55584e-01 -2.87304e-03 4.28891e-03
-1.34202e+00 2.48850e-01 -2.90320e-03 4.27556e-03
-1.31145e+00 2.41588e-01 -2.93651e-03 4.26053e-03
-1.27776e+00 2.33851e-01 -2.97302e-03 4.24375e-03
-1.24284e+00 2.26125e-01 -3.01064e-03 4.22612e-03
-1.20531e+00 2.18152e-01 -3.05087e-03 4.20692e-03
-1.16508e+00 2.09989e-01 -3.09377e-03 4.18608e-03
-1.12250e+00 2.01782e-01 -3.13895e-03 4.16378e-03
-1.07854e+00 1.93773e-01 -3.18540e-03 4.14050e-03
-1.03153e+00 1.85734e-01 -3.23488e-03 4.11539e-03
-9.83114e-01 1.78020e-01 -3.28570e-03 4.08932e-03
-9.31508e-01 1.70432e-01 -3.33975e-03 4.06138e-03
-9.21017e-01 1.68969e-01 -3.35073e-03 4.05568e-03
-9.21017e-01 1.68969e-01 -3.35073e-03 4.05568e-03
-9.21017e-01 1.68969e-01 -3.35073e-03 4.05568e-03
-9.21017e-01 1.68969e-01 -3.35073e-03 4.05568e-03
-9.21017e-01 1.68969e-01 -3.35073e-03 4.05568e-03
-9.21017e-01 1.68969e-01 -3.35073e-03 4.05568e-03
-9.21017e-01 1.68969e-01 -3.35073e-03 4.05568e-03
-9.21017e-01 1.68969e-01 -3.35073e-03 4.05568e-03
-9.21017e-01 1.68969e-01 -3.35073e-03 4.05568e-03
-9.21017e-01 1.68969e-01 -3.35073e-03 4.05568e-03
-9.21017e-01 1.68969e-01 -3.35073e-03 4.05568e-03
-9.21017e-01 1.68969e-01 -3.35073e-03 4.05568e-03
-9.21017e-01 1.68969e-01 -3.35073e-03 4.05568e-03
-9.21017e-01 1.68969e-01 -3.35073e-03 4.05568e-03
-9.21017e-01 1.68969e-01 -3.35073e-03 4.05568e-03
-9.21017e-01 1.68969e-01 -3.35073e-03 4.05568e-03
-1.74700e+00 -3.18809e-16 -4.68832e-03 1.47799e-03
-1.73943e+00 6.03703e-02 -4.05360e-03 2.47927e-03
-1.73053e+00 1.19755e-01 -3.79214e-03 2.83128e-03
-1.72036e+00 1.77833e-01 -3.70249e-03 2.87390e-03
-1.70872e+00 2.35722e-01 -3.58324e-03 2.94385e-03
-1.69579e+00 2.92423e-01 -3.23529e-03 3.37827e-03
-1.68164e+00 3.47733e-01 -2.46651e-03 4.50155e-03
-1.68164e+00 3.47733e-01 -2.46651e-03 4.50155e-03
-1.68164e+00 3.47731e-01 -2.46655e-03 4.50149e-03
-1.68236e+00 3.45053e-01 -2.51682e-03 4.42568e-03
-1.68236e+00 3.45053e-01 -2.51682e-03 4.42568e-03
-1.68164e+00 3.47733e-01 -2.46651e-03 4.50154e-03
-1.67479e+00 3.42608e-01 -2.52579e-03 4.42275e-03
-1.68164e+00 3.47734e-01 -2.46648e-03 4.50159e-03
-1.65848e+00 3.37384e-01 -2.54506e-03 4.41636e-03
-1.64650e+00 3.33592e-01 -2.55914e-03 4.41161e-03
-1.63406e+00 3.29687e-01 -2.57372e-03 4.40662e-03
-1.61870e+00 3.24917e-01 -2.59166e-03 4.40038e-03
-1.59988e+00 3.19156e-01 -2.61352e-03 4.39264e-03
-1.58081e+00 3.13402e-01 -2.63557e-03 4.38466e-03
-1.55934e+00 3.07031e-01 -2.66026e-03 4.37553e-03
-1.53408e+00 2.99676e-01 -2.68913e-03 4.36460e-03
-1.50726e+00 2.92040e-01 -2.71958e-03 4.35279e-03
-1.47780e+00 2.83851e-01 -2.75282e-03 4.33956e-03
-1.44496e+00 2.74973e-01 -2.78959e-03 4.32452e-03
-1.41041e+00 2.65918e-01 -2.82799e-03 4.30838e-03
-1.37258e+00 2.56336e-01 -2.86972e-03 4.29036e-03
-1.33147e+00 2.46316e-01 -2.91473e-03 4.27039e-03
-1.28790e+00 2.36151e-01 -2.96205e-03 4.24882e-03
-1.24279e+00 2.26114e-01 -3.01069e-03 4.22609e-03
-1.19258e+00 2.15526e-01 -3.06447e-03 4.20035e-03
-1.14084e+00 2.05262e-01 -3.11952e-03 4.17341e-03
-1.08427e+00 1.94790e-01 -3.17936e-03 4.14355e-03
-1.02497e+00 1.84655e-01 -3.24178e-03 4.11187e-03
-9.63611e-01 1.75076e-01 -3.30614e-03 4.07878e-03
-9.21017e-01 1.68969e-01 -3.35073e-03 4.05568e-03
-9.21017e-01 1.68969e-01 -3.35073e-03 4.05568e-03
-9.21017e-01 1.68969e-01 -3.35073e-03 4.05568e-03
-9.21017e-01 1.68969e-01 -3.35073e-03 4.05568e-03
-9.21017e-01 1.68969e-01 -3.35073e-03 4.05568e-03
-9.21017e-01 1.68969e-01 -3.35073e-03 4.05568e-03
-9.21017e-01 1.68969e-01 -3.35073e-03 4.05568e-03
-9.21017e-01 1.68969e-01 -3.35073e-03 4.05568e-03
-9.21017e-01 1.68969e-01 -3.35073e-03 4.05568e-03
-9.21017e-01 1.68969e-01 -3.35073e-03 4.05568e-03
-9.21017e-01 1.68969e-01 -3.35073e-03 4.05568e-03
-9.21017e-01 1.68969e-01 -3.35073e-03 4.05568e-03
-9.21017e-01 1.68969e-01 -3.35073e-03 4.05568e-03
-9.21017e-01 1.68969e-01 -3.35073e-03 4.05568e-03
-1.74700e+00 0.00000e+00 -4.68832e-03 1.47799e-03
-1.74065e+00 5.13828e-02 -4.12001e-03 2.37889e-03
-1.73135e+00 1.14650e-01 -3.80513e-03 2.81787e-03
-1.72067e+00 1.76202e-01 -3.70447e-03 2.87390e-03
-1.70838e+00 2.37287e-01 -3.57767e-03 2.94935e-03
-1.69478e+00 2.96566e-01 -3.19509e-03 3.43395e-03
-1.68165e+00 3.47688e-01 -2.46736e-03 4.50026e-03
-1.68164e+00 3.47730e-01 -2.46657e-03 4.50145e-03
-1.68164e+00 3.47730e-01 -2.46656e-03 4.50147e-03
-1.68164e+00 3.47734e-01 -2.46648e-03 4.50159e-03
-1.68164e+00 3.47731e-01 -2.46654e-03 4.50151e-03
-1.68236e+00 3.45053e-01 -2.51682e-03 4.42568e-03
-1.68164e+00 3.47731e-01 -2.46655e-03 4.50148e-03
-1.68236e+00 3.45053e-01 -2.51682e-03 4.42568e-03
-1.68164e+00 3.47734e-01 -2.46648e-03 4.50159e-03
-1.68236e+00 3.45053e-01 -2.51682e-03 4.42568e-03
-1.68164e+00 3.47734e-01 -2.46649e-03 4.50157e-03
-1.68236e+00 3.45053e-01 -2.51682e-03 4.42568e-03
-1.68236e+00 3.45053e-01 -2.51682e-03 4.42568e-03
-1.68236e+00 3.45053e-01 -2.51682e-03 4.42568e-03
-1.68236e+00 3.45053e-01 -2.51682e-03 4.42568e-03
-1.68236e+00 3.45053e-01 -2.51682e-03 4.42568e-03
-1.67714e+00 3.43364e-01 -2.52302e-03 4.42366e-03
-1.64901e+00 3.34382e-01 -2.55620e-03 4.41261e-03
-1.61703e+00 3.24403e-01 -2.59360e-03 4.39970e-03
-1.58193e+00 3.13736e-01 -2.63428e-03 4.38513e-03
-1.54544e+00 3.02963e-01 -2.67618e-03 4.36954e-03
-1.50415e+00 2.91165e-01 -2.72311e-03 4.35140e-03
-1.46054e+00 2.79154e-01 -2.77217e-03 4.33169e-03
-1.41291e+00 2.66562e-01 -2.82522e-03 4.30956e-03
-1.36063e+00 2.53381e-01 -2.88284e-03 4.28460e-03
-1.30630e+00 2.40386e-01 -2.94211e-03 4.25798e-03
-1.24742e+00 2.27121e-01 -3.00572e-03 4.22844e-03
-1.18299e+00 2.13575e-01 -3.07469e-03 4.19539e-03
-1.11544e+00 2.00464e-01 -3.14642e-03 4.16005e-03
-1.04401e+00 1.87815e-01 -3.22177e-03 4.12207e-03
-9.66653e-01 1.75529e-01 -3.30295e-03 4.08042e-03
-9.21017e-01 1.68969e-01 -3.35073e-03 4.05568e-03
-9.21017e-01 1.68969e-01 -3.35073e-03 4.05568e-03
-9.21017e-01 1.68969e-01 -3.35073e-03 4.05568e-03
-9.21017e-01 1.68969e-01 -3.35073e-03 4.05568e-03
-9.21017e-01 1.68969e-01 -3.35073e-03 4.05568e-03
-9.21017e-01 1.68969e-01 -3.35073e-03 4.05568e-03
-9.21017e-01 1.68969e-01 -3.35073e-03 4.05568e-03
-9.21017e-01 1.68969e-01 -3.35073e-03 4.05568e-03
-9.21017e-01 1.68969e-01 -3.35073e-03 4.05568e-03
-9.21017e-01 1.68969e-01 -3.35073e-03 4.05568e-03
-9.21017e-01 1.68969e-01 -3.35073e-03 4.05568e-03
-9.21017e-01 1.68969e-01 -3.35073e-03 4.05568e-03
-1.74700e+00 0.00000e+00 -4.68832e-03 1.47799e-03
-1.74159e+00 4.42919e-02 -4.17863e-03 2.28885e-03
-1.73178e+00 1.11957e-01 -3.81254e-03 2.80980e-03
-1.72043e+00 1.77481e-01 -3.70292e-03 2.87390e-03
-1.70731e+00 2.42247e-01 -3.55884e-03 2.96870e-03
-1.69283e+00 3.04512e-01 -3.11101e-03 3.55214e-03
-1.68164e+00 3.47733e-01 -2.46650e-03 4.50156e-03
-1.68164e+00 3.47734e-01 -2.46649e-03 4.50158e-03
-1.68236e+00 3.45053e-01 -2.51682e-03 4.42568e-03
-1.68164e+00 3.47725e-01 -2.46666e-03 4.50132e-03
-1.68164e+00 3.47732e-01 -2.46652e-03 4.50153e-03
-1.68164e+00 3.47734e-01 -2.46649e-03 4.50158e-03
-1.68164e+00 3.47731e-01 -2.46654e-03 4.50150e-03
-1.68236e+00 3.45053e-01 -2.51682e-03 4.42568e-03
-1.68236e+00 3.45053e-01 -2.51682e-03 4.42568e-03
-1.68236e+00 3.45053e-01 -2.51682e-03 4.42568e-03
-1.68236e+00 3.45053e-01 -2.51682e-03 4.42568e-03
-1.68164e+00 3.47731e-01 -2.46654e-03 4.50150e-03
-1.68236e+00 3.45053e-01 -2.51682e-03 4.42568e-03
-1.68236e+00 3.45053e-01 -2.51682e-03 4.42568e-03
-1.68236e+00 3.45053e-01 -2.51682e-03 4.42568e-03
-1.68236e+00 3.45053e-01 -2.51682e-03 4.42568e-03
-1.68236e+00 3.45053e-01 -2.51682e-03 4.42568e-03
-1.68236e+00 3.45053e-01 -2.51682e-03 4.42568e-03
-1.68236e+00 3.45053e-01 -2.51682e-03 4.42568e-03
-1.68537e+00 3.46029e-01 -2.51325e-03 4.42684e-03
-1.68236e+00 3.45053e-01 -2.51682e-03 4.42568e-03
-1.68236e+00 3.45053e-01 -2.51682e-03 4.42568e-03
-1.65068e+00 3.34909e-01 -2.55424e-03 4.41327e-03
-1.60205e+00 3.19813e-01 -2.61101e-03 4.39353e-03
-1.54829e+00 3.03794e-01 -2.67291e-03 4.37078e-03
-1.49347e+00 2.88180e-01 -2.73517e-03 4.34662e-03
-1.43180e+00 2.71489e-01 -2.80425e-03 4.31841e-03
-1.36380e+00 2.54160e-01 -2.87936e-03 4.28613e-03
-1.29288e+00 2.37290e-01 -2.95666e-03 4.25131e-03
-1.21538e+00 2.20258e-01 -3.04009e-03 4.21209e-03
-1.13061e+00 2.03310e-01 -3.13036e-03 4.16804e-03
-1.04181e+00 1.87445e-01 -3.22408e-03 4.12089e-03
-9.46839e-01 1.72618e-01 -3.32370e-03 4.06969e-03
-9.21017e-01 1.68969e-01 -3.35073e-03 4.05568e-03
-9.21017e-01 1.68969e-01 -3.35073e-03 4.05568e-03
-9.21017e-01 1.68969e-01 -3.35073e-03 4.05568e-03
-9.21017e-01 1.68969e-01 -3.35073e-03 4.05568e-03
-9.21017e-01 1.68969e-01 -3.35073e-03 4.05568e-03
-9.21017e-01 1.68969e-01 -3.35073e-03 4.05568e-03
-9.21017e-01 1.68969e-01 -3.35073e-03 4.05568e-03
-9.21017e-01 1.68969e-01 -3.35073e-03 4.05568e-03
-9.21017e-01 1.68969e-01 -3.35073e-03 4.05568e-03
-9.21017e-01 1.68969e-01 -3.35073e-03 4.05568e-03
-1.74700e+00 0.00000e+00 -4.68832e-03 1.47799e-03
-1.74228e+00 3.89808e-02 -4.22634e-03 2.21482e-03
-1.73182e+00 1.11727e-01 -3.81319e-03 2.80907e-03
-1.71959e+00 1.81902e-01 -3.69742e-03 2.87399e-03
-1.70551e+00 2.50450e-01 -3.52339e-03 3.00755e-03
-1.68991e+00 3.16134e-01 -2.97035e-03 3.75390e-03
-1.68164e+00 3.47727e-01 -2.46662e-03 4.50138e-03
-1.68164e+00 3.47732e-01 -2.46653e-03 4.50151e-03
-1.68164e+00 3.47733e-01 -2.46652e-03 4.50154e-03
-1.68164e+00 3.47735e-01 -2.46648e-03 4.50160e-03
-1.68164e+00 3.47734e-01 -2.46649e-03 4.50158e-03
-1.68164e+00 3.47730e-01 -2.46657e-03 4.50145e-03
-1.68164e+00 3.47734e-01 -2.46648e-03 4.50159e-03
-1.68164e+00 3.47725e-01 -2.46665e-03 4.50133e-03
-1.68236e+00 3.45053e-01 -2.51682e-03 4.42568e-03
-1.68164e+00 3.47732e-01 -2.46653e-03 4.50152e-03
-1.68236e+00 3.45053e-01 -2.51682e-03 4.42568e-03
-1.68236e+00 3.45053e-01 -2.51682e-03 4.42568e-03
-1.68164e+00 3.47733e-01 -2.46650e-03 4.50156e-03
-1.68236e+00 3.45053e-01 -2.51682e-03 4.42568e-03
-1.68236e+00 3.45053e-01 -2.51682e-03 4.42568e-03
-1.68236e+00 3.45053e-01 -2.51682e-03 4.42568e-03
-1.68236e+00 3.45053e-01 -2.51682e-03 4.42568e-03
-1.68236e+00 3.45053e-01 -2.51682e-03 4.42568e-03
-1.68236e+00 3.45053e-01 -2.51682e-03 4.42568e-03
-1.68236e+00 3.45053e-01 -2.51682e-03 4.42568e-03
-1.68236e+00 3.45053e-01 -2.51682e-03 4.42568e-03
-1.68538e+00 3.46033e-01 -2.51324e-03 4.42684e-03
-1.68236e+00 3.45053e-01 -2.51682e-03 4.42568e-03
-1.68236e+00 3.45053e-01 -2.51682e-03 4.42568e-03
-1.68537e+00 3.46028e-01 -2.51326e-03 4.42683e-03
-1.68236e+00 3.45053e-01 -2.51682e-03 4.42568e-03
-1.63710e+00 3.30636e-01 -2.57017e-03 4.40784e-03
-1.56604e+00 3.09004e-01 -2.65258e-03 4.37839e-03
-1.49289e+00 2.88019e-01 -2.73582e-03 4.34637e-03
-1.41034e+00 2.65900e-01 -2.82806e-03 4.30835e-03
-1.31940e+00 2.43455e-01 -2.92787e-03 4.26446e-03
-1.22420e+00 2.22122e-01 -3.03065e-03 4.21661e-03
-1.11908e+00 2.01141e-01 -3.14257e-03 4.16197e-03
-1.00344e+00 1.81188e-01 -3.26438e-03 4.10028e-03
-9.21017e-01 1.68969e-01 -3.35073e-03 4.05568e-03
-9.21017e-01 1.68969e-01 -3.35073e-03 4.05568e-03
-9.21017e-01 1.68969e-01 -3.35073e-03 4.05568e-03
-9.21017e-01 1.68969e-01 -3.35073e-03 4.05568e-03
-9.21017e-01 1.68969e-01 -3.35073e-03 4.05568e-03
-9.21017e-01 1.68969e-01 -3.35073e-03 4.05568e-03
-9.21017e-01 1.68969e-01 -3.35073e-03 4.05568e-03
-9.21017e-01 1.68969e-01 -3.35073e-03 4.05568e-03
-9.21017e-01 1.68969e-01 -3.35073e-03 4.05568e-03
-1.74700e+00 0.00000e+00 -4.68832e-03 1.47799e-03
-1.74291e+00 3.40612e-02 -4.27356e-03 2.14100e-03
-1.73185e+00 1.11577e-01 -3.81362e-03 2.80860e-03
-1.71890e+00 1.85546e-01 -3.69271e-03 2.87427e-03
-1.70383e+00 2.57976e-01 -3.48567e-03 3.05151e-03
-1.68728e+00 3.26391e-01 -2.82731e-03 3.96291e-03
-1.68164e+00 3.47731e-01 -2.46654e-03 4.50150e-03
-1.68164e+00 3.47734e-01 -2.46649e-03 4.50158e-03
-1.68164e+00 3.47734e-01 -2.46650e-03 4.50157e-03
-1.68164e+00 3.47728e-01 -2.46659e-03 4.50142e-03
-1.68164e+00 3.47731e-01 -2.46654e-03 4.50151e-03
-1.68164e+00 3.47731e-01 -2.46654e-03 4.50150e-03
-1.68236e+00 3.45053e-01 -2.51682e-03 4.42568e-03
-1.68164e+00 3.47734e-01 -2.46648e-03 4.50159e-03
-1.68236e+00 3.45053e-01 -2.51682e-03 4.42568e-03
-1.68236e+00 3.45053e-01 -2.51682e-03 4.42568e-03
-1.68164e+00 3.47732e-01 -2.46652e-03 4.50153e-03
-1.68236e+00 3.45053e-01 -2.51682e-03 4.42568e-03
-1.68236e+00 3.45053e-01 -2.51682e-03 4.42568e-03
-1.68236e+00 3.45053e-01 -2.51682e-03 4.42568e-03
-1.68236e+00 3.45053e-01 -2.51682e-03 4.42568e-03
-1.68236e+00 3.45053e-01 -2.51682e-03 4.42568e-03
-1.68236e+00 3.45053e-01 -2.51682e-03 4.42568e-03
-1.68236e+00 3.45053e-01 -2.51682e-03 4.42568e-03
-1.68236e+00 3.45053e-01 -2.51682e-03 4.42568e-03
-1.68236e+00 3.45053e-01 -2.51682e-03 4.42568e-03
-1.68236e+00 3.45053e-01 -2.51682e-03 4.42568e-03
-1.68236e+00 3.45053e-01 -2.51682e-03 4.42568e-03
-1.68236e+00 3.45053e-01 -2.51682e-03 4.42568e-03
-1.68236e+00 3.45053e-01 -2.51682e-03 4.42568e-03
-1.68236e+00 3.45053e-01 -2.51682e-03 4.42568e-03
-1.68236e+00 3.45053e-01 -2.51682e-03 4.42568e-03
-1.68236e+00 3.45053e-01 -2.51682e-03 4.42568e-03
-1.68236e+00 3.45053e-01 -2.51682e-03 4.42568e-03
-1.68418e+00 3.45643e-01 -2.51466e-03 4.42638e-03
-1.61325e+00 3.23239e-01 -2.59801e-03 4.39815e-03
-1.51698e+00 2.94787e-01 -2.70858e-03 4.35709e-03
-1.41566e+00 2.67274e-01 -2.82218e-03 4.31085e-03
-1.30249e+00 2.39504e-01 -2.94624e-03 4.25609e-03
-1.17621e+00 2.12207e-01 -3.08192e-03 4.19187e-03
-1.04280e+00 1.87612e-01 -3.22304e-03 4.12143e-03
-9.21017e-01 1.68969e-01 -3.35073e-03 4.05568e-03
-9.21017e-01 1.68969e-01 -3.35073e-03 4.05568e-03
-9.21017e-01 1.68969e-01 -3.35073e-03 4.05568e-03
-9.21017e-01 1.68969e-01 -3.35073e-03 4.05568e-03
-9.21017e-01 1.68969e-01 -3.35073e-03 4.05568e-03
-9.21017e-01 1.68969e-01 -3.35073e-03 4.05568e-03
-9.21017e-01 1.68969e-01 -3.35073e-03 4.05568e-03
-9.21017e-01 1.68969e-01 -3.35073e-03 4.05568e-03
-1.74700e+00 0.00000e+00 -4.68832e-03 1.47799e-03
-1.74336e+00 3.05067e-02 -4.30954e-03 2.08443e-03
-1.73159e+00 1.13190e-01 -3.80910e-03 2.81358e-03
-1.71778e+00 1.91330e-01 -3.68476e-03 2.87532e-03
-1.70158e+00 2.67870e-01 -3.42766e-03 3.12285e-03
-1.68387e+00 3.39395e-01 -2.61819e-03 4.27349e-03
-1.68164e+00 3.47726e-01 -2.46665e-03 4.50134e-03
-1.68164e+00 3.47728e-01 -2.46660e-03 4.50141e-03
-1.68164e+00 3.47731e-01 -2.46654e-03 4.50150e-03
-1.68164e+00 3.47719e-01 -2.46678e-03 4.50115e-03
-1.68236e+00 3.45053e-01 -2.51682e-03 4.42568e-03
-1.68164e+00 3.47733e-01 -2.46651e-03 4.50155e-03
-1.68236e+00 3.45053e-01 -2.51682e-03 4.42568e-03
-1.68236e+00 3.45053e-01 -2.51682e-03 4.42568e-03
-1.68164e+00 3.47735e-01 -2.46648e-03 4.50160e-03
-1.68236e+00 3.45053e-01 -2.51682e-03 4.42568e-03
-1.68164e+00 3.47732e-01 -2.46653e-03 4.50151e-03
-1.68236e+00 3.45053e-01 -2.51682e-03 4.42568e-03
-1.68236e+00 3.45053e-01 -2.51682e-03 4.42568e-03
-1.68236e+00 3.45053e-01 -2.51682e-03 4.42568e-03
-1.68236e+00 3.45053e-01 -2.51682e-03 4.42568e-03
-1.68236e+00 3.45053e-01 -2.51682e-03 4.42568e-03
-1.68236e+00 3.45053e-01 -2.51682e-03 4.42568e-03
-1.68236e+00 3.45053e-01 -2.51682e-03 4.42568e-03
-1.68236e+00 3.45053e-01 -2.51682e-03 4.42568e-03
-1.68236e+00 3.45053e-01 -2.51682e-03 4.42568e-03
-1.68236e+00 3.45053e-01 -2.51682e-03 4.42568e-03
-1.68236e+00 3.45053e-01 -2.51682e-03 4.42568e-03
-1.68236e+00 3.45053e-01 -2.51682e-03 4.42568e-03
-1.68236e+00 3.45053e-01 -2.51682e-03 4.42568e-03
-1.68540e+00 3.46038e-01 -2.51322e-03 4.42685e-03
-1.68236e+00 3.45053e-01 -2.51682e-03 4.42568e-03
-1.68236e+00 3.45053e-01 -2.51682e-03 4.42568e-03
-1.68538e+00 3.46034e-01 -2.51324e-03 4.42684e-03
-1.68236e+00 3.45053e-01 -2.51682e-03 4.42568e-03
-1.68236e+00 3.45053e-01 -2.51682e-03 4.42568e-03
-1.68525e+00 3.45989e-01 -2.51340e-03 4.42679e-03
-1.62980e+00 3.28359e-01 -2.57870e-03 4.40490e-03
-1.50974e+00 2.92739e-01 -2.71678e-03 4.35389e-03
-1.37413e+00 2.56720e-01 -2.86802e-03 4.29111e-03
-1.22963e+00 2.23278e-01 -3.02483e-03 4.21938e-03
-1.06646e+00 1.91657e-01 -3.19813e-03 4.13407e-03
-9.21017e-01 1.68969e-01 -3.35073e-03 4.05568e-03
-9.21017e-01 1.68969e-01 -3.35073e-03 4.05568e-03
-9.21017e-01 1.68969e-01 -3.35073e-03 4.05568e-03
-9.21017e-01 1.68969e-01 -3.35073e-03 4.05568e-03
-9.21017e-01 1.68969e-01 -3.35073e-03 4.05568e-03
-9.21017e-01 1.68969e-01 -3.35073e-03 4.05568e-03
-9.21017e-01 1.68969e-01 -3.35073e-03 4.05568e-03
-1.74700e+00 0.00000e+00 -4.68832e-03 1.47799e-03
-1.74359e+00 2.86719e-02 -4.32874e-03 2.05414e-03
-1.73099e+00 1.16924e-01 -3.79918e-03 2.82414e-03
-1.71626e+00 1.99115e-01 -3.67283e-03 2.87844e-03
-1.69883e+00 2.79661e-01 -3.34455e-03 3.23046e-03
-1.68164e+00 3.47724e-01 -2.46667e-03 4.50130e-03
-1.68164e+00 3.47735e-01 -2.46648e-03 4.50160e-03
-1.68164e+00 3.47726e-01 -2.46665e-03 4.50134e-03
-1.68164e+00 3.47732e-01 -2.46652e-03 4.50154e-03
-1.68164e+00 3.47716e-01 -2.46683e-03 4.50106e-03
-1.68236e+00 3.45053e-01 -2.51682e-03 4.42568e-03
-1.68164e+00 3.47731e-01 -2.46654e-03 4.50150e-03
-1.68236e+00 3.45053e-01 -2.51682e-03 4.42568e-03
-1.68236e+00 3.45053e-01 -2.51682e-03 4.42568e-03
-1.68164e+00 3.47734e-01 -2.46648e-03 4.50159e-03
-1.68236e+00 3.45053e-01 -2.51682e-03 4.42568e-03
-1.68236e+00 3.45053e-01 -2.51682e-03 4.42568e-03
-1.68164e+00 3.47732e-01 -2.46653e-03 4.50152e-03
-1.68236e+00 3.45053e-01 -2.51682e-03 4.42568e-03
-1.68236e+00 3.45053e-01 -2.51682e-03 4.42568e-03
-1.68164e+00 3.47733e-01 -2.46651e-03 4.50154e-03
-1.68236e+00 3.45053e-01 -2.51682e-03 4.42568e-03
-1.68236e+00 3.45053e-01 -2.51682e-03 4.42568e-03
-1.68236e+00 3.45053e-01 -2.51682e-03 4.42568e-03
-1.68236e+00 3.45053e-01 -2.51682e-03 4.42568e-03
-1.68236e+00 3.45053e-01 -2.51682e-03 4.42568e-03
-1.68236e+00 3.45053e-01 -2.51682e-03 4.42568e-03
-1.68236e+00 3.45053e-01 -2.51682e-03 4.42568e-03
-1.68236e+00 3.45053e-01 -2.51682e-03 4.42568e-03
-1.68236e+00 3.45053e-01 -2.51682e-03 4.42568e-03
-1.68236e+00 3.45053e-01 -2.51682e-03 4.42568e-03
-1.68236e+00 3.45053e-01 -2.51682e-03 4.42568e-03
-1.68236e+00 3.45053e-01 -2.51682e-03 4.42568e-03
-1.68236e+00 3.45053e-01 -2.51682e-03 4.42568e-03
-1.68540e+00 3.46038e-01 -2.51322e-03 4.42685e-03
-1.68236e+00 3.45053e-01 -2.51682e-03 4.42568e-03
-1.68236e+00 3.45053e-01 -2.51682e-03 4.42568e-03
-1.68536e+00 3.46027e-01 -2.51326e-03 4.42683e-03
-1.68526e+00 3.45992e-01 -2.51339e-03 4.42679e-03
-1.59466e+00 3.17572e-01 -2.61957e-03 4.39046e-03
-1.44102e+00 2.73926e-01 -2.79399e-03 4.32269e-03
-1.26339e+00 2.30635e-01 -2.98853e-03 4.23652e-03
-1.06221e+00 1.90919e-01 -3.20261e-03 4.13180e-03
-9.21017e-01 1.68969e-01 -3.35073e-03 4.05568e-03
-9.21017e-01 1.68969e-01 -3.35073e-03 4.05568e-03
-9.21017e-01 1.68969e-01 -3.35073e-03 4.05568e-03
-9.21017e-01 1.68969e-01 -3.35073e-03 4.05568e-03
-9.21017e-01 1.68969e-01 -3.35073e-03 4.05568e-03
-9.21017e-01 1.68969e-01 -3.35073e-03 4.05568e-03
-1.74700e+00 0.00000e+00 -4.68832e-03 1.47799e-03
-1.74388e+00 2.63091e-02 -4.35410e-03 2.01403e-03
-1.73049e+00 1.20009e-01 -3.79153e-03 2.83189e-03
-1.71472e+00 2.06838e-01 -3.65915e-03 2.88423e-03
-1.69622e+00 2.90630e-01 -3.25194e-03 3.35538e-03
-1.68165e+00 3.47709e-01 -2.46696e-03 4.50086e-03
-1.68164e+00 3.47734e-01 -2.46650e-03 4.50157e-03
-1.68164e+00 3.47732e-01 -2.46652e-03 4.50153e-03
-1.68164e+00 3.47734e-01 -2.46649e-03 4.50158e-03
-1.68164e+00 3.47732e-01 -2.46652e-03 4.50153e-03
-1.68164e+00 3.47730e-01 -2.46656e-03 4.50148e-03
-1.68164e+00 3.47734e-01 -2.46648e-03 4.50159e-03
-1.68164e+00 3.47724e-01 -2.46667e-03 4.50130e-03
-1.68236e+00 3.45053e-01 -2.51682e-03 4.42568e-03
-1.68164e+00 3.47732e-01 -2.46652e-03 4.50153e-03
-1.68236e+00 3.45053e-01 -2.51682e-03 4.42568e-03
-1.68236e+00 3.45053e-01 -2.51682e-03 4.42568e-03
-1.68164e+00 3.47734e-01 -2.46649e-03 4.50158e-03
-1.68236e+00 3.45053e-01 -2.51682e-03 4.42568e-03
-1.68236e+00 3.45053e-01 -2.51682e-03 4.42568e-03
-1.68236e+00 3.45053e-01 -2.51682e-03 4.42568e-03
-1.68164e+00 3.47734e-01 -2.46648e-03 4.50159e-03
-1.68236e+00 3.45053e-01 -2.51682e-03 4.42568e-03
-1.68236e+00 3.45053e-01 -2.51682e-03 4.42568e-03
-1.68236e+00 3.45053e-01 -2.51682e-03 4.42568e-03
-1.68236e+00 3.45053e-01 -2.51682e-03 4.42568e-03
-1.68236e+00 3.45053e-01 -2.51682e-03 4.42568e-03
-1.68236e+00 3.45053e-01 -2.51682e-03 4.42568e-03
-1.68236e+00 3.45053e-01 -2.51682e-03 4.42568e-03
-1.68236e+00 3.45053e-01 -2.51682e-03 4.42568e-03
-1.68236e+00 3.45053e-01 -2.51682e-03 4.42568e-03
-1.68236e+00 3.45053e-01 -2.51682e-03 4.42568e-03
-1.68236e+00 3.45053e-01 -2.51682e-03 4.42568e-03
-1.68236e+00 3.45053e-01 -2.51682e-03 4.42568e-03
-1.68236e+00 3.45053e-01 -2.51682e-03 4.42568e-03
-1.68236e+00 3.45053e-01 -2.51682e-03 4.42568e-03
-1.68236e+00 3.45053e-01 -2.51682e-03 4.42568e-03
-1.68236e+00 3.45053e-01 -2.51682e-03 4.42568e-03
-1.68538e+00 3.46033e-01 -2.51324e-03 4.42684e-03
-1.68537e+00 3.46029e-01 -2.51325e-03 4.42684e-03
-1.65978e+00 3.37798e-01 -2.54353e-03 4.41687e-03
-1.47301e+00 2.82541e-01 -2.75820e-03 4.33738e-03
-1.25530e+00 2.28848e-01 -2.99724e-03 4.23243e-03
-1.01426e+00 1.82916e-01 -3.25303e-03 4.10611e-03
-9.21017e-01 1.68969e-01 -3.35073e-03 4.05568e-03
-9.21017e-01 1.68969e-01 -3.35073e-03 4.05568e-03
-9.21017e-01 1.68969e-01 -3.35073e-03 4.05568e-03
-9.21017e-01 1.68969e-01 -3.35073e-03 4.05568e-03
-9.21017e-01 1.68969e-01 -3.35073e-03 4.05568e-03
-1.74700e+00 0.00000e+00 -4.68832e-03 1.47799e-03
-1.74403e+00 2.50785e-02 -4.36760e-03 1.99264e-03
-1.72977e+00 1.24393e-01 -3.78144e-03 2.84146e-03
-1.71300e+00 2.15294e-01 -3.64148e-03 2.89463e-03
-1.69309e+00 3.03436e-01 -3.12294e-03 3.53524e-03
-1.68164e+00 3.47729e-01 -2.46658e-03 4.50144e-03
-1.68164e+00 3.47727e-01 -2.46662e-03 4.50138e-03
-1.68164e+00 3.47733e-01 -2.46650e-03 4.50156e-03
-1.68164e+00 3.47729e-01 -2.46659e-03 4.50143e-03
-1.68164e+00 3.47730e-01 -2.46657e-03 4.50146e-03
-1.68236e+00 3.45053e-01 -2.51682e-03 4.42568e-03
-1.68164e+00 3.47734e-01 -2.46649e-03 4.50158e-03
-1.68164e+00 3.47734e-01 -2.46649e-03 4.50158e-03
-1.68236e+00 3.45053e-01 -2.51682e-03 4.42568e-03
-1.68164e+00 3.47723e-01 -2.46670e-03 4.50127e-03
-1.68236e+00 3.45053e-01 -2.51682e-03 4.42568e-03
-1.68236e+00 3.45053e-01 -2.51682e-03 4.42568e-03
-1.68164e+00 3.47733e-01 -2.46651e-03 4.50155e-03
-1.68236e+00 3.45053e-01 -2.51682e-03 4.42568e-03
-1.68236e+00 3.45053e-01 -2.51682e-03 4.42568e-03
-1.68236e+00 3.45053e-01 -2.51682e-03 4.42568e-03
-1.68236e+00 3.45053e-01 -2.51682e-03 4.42568e-03
-1.68236e+00 3.45053e-01 -2.51682e-03 4.42568e-03
-1.68236e+00 3.45053e-01 -2.51682e-03 4.42568e-03
-1.68236e+00 3.45053e-01 -2.51682e-03 4.42568e-03
-1.68236e+00 3.45053e-01 -2.51682e-03 4.42568e-03
-1.68236e+00 3.45053e-01 -2.51682e-03 4.42568e-03
-1.68236e+00 3.45053e-01 -2.51682e-03 4.42568e-03
-1.68236e+00 3.45053e-01 -2.51682e-03 4.42568e-03
-1.68236e+00 3.45053e-01 -2.51682e-03 4.42568e-03
-1.68236e+00 3.45053e-01 -2.51682e-03 4.42568e-03
-1.68236e+00 3.45053e-01 -2.51682e-03 4.42568e-03
-1.68236e+00 3.45053e-01 -2.51682e-03 4.42568e-03
-1.68236e+00 3.45053e-01 -2.51682e-03 4.42568e-03
-1.68236e+00 3.45053e-01 -2.51682e-03 4.42568e-03
-1.68236e+00 3.45053e-01 -2.51682e-03 4.42568e-03
-1.68236e+00 3.45053e-01 -2.51682e-03 4.42568e-03
-1.68236e+00 3.45053e-01 -2.51682e-03 4.42568e-03
-1.68236e+00 3.45053e-01 -2.51682e-03 4.42568e-03
-1.68534e+00 3.46020e-01 -2.51328e-03 4.42682e-03
-1.68236e+00 3.45053e-01 -2.51682e-03 4.42568e-03
-1.68426e+00 3.45670e-01 -2.51456e-03 4.42641e-03
-1.47099e+00 2.81989e-01 -2.76046e-03 4.33646e-03
-1.21368e+00 2.19900e-01 -3.04192e-03 4.21122e-03
-9.21017e-01 1.68969e-01 -3.35073e-03 4.05568e-03
-9.21017e-01 1.68969e-01 -3.35073e-03 4.05568e-03
-9.21017e-01 1.68969e-01 -3.35073e-03 4.05568e-03
-9.21017e-01 1.68969e-01 -3.35073e-03 4.05568e-03
-9.21017e-01 1.68969e-01 -3.35073e-03 4.05568e-03
-1.74700e+00 0.00000e+00 -4.68832e-03 1.47799e-03
-1.74407e+00 2.48217e-02 -4.37044e-03 1.98813e-03
-1.72885e+00 1.29979e-01 -3.76981e-03 2.85142e-03
-1.71088e+00 2.25547e-01 -3.61536e-03 2.91447e-03
-1.68948e+00 3.17820e-01 -2.94808e-03 3.78621e-03
-1.68164e+00 3.47734e-01 -2.46648e-03 4.50158e-03
-1.68164e+00 3.47731e-01 -2.46654e-03 4.50151e-03
-1.68164e+00 3.47733e-01 -2.46651e-03 4.50154e-03
-1.68164e+00 3.47720e-01 -2.46675e-03 4.50118e-03
-1.68164e+00 3.47734e-01 -2.46648e-03 4.50159e-03
-1.68164e+00 3.47734e-01 -2.46648e-03 4.50159e-03
-1.68164e+00 3.47729e-01 -2.46657e-03 4.50145e-03
-1.68236e+00 3.45053e-01 -2.51682e-03 4.42568e-03
-1.68236e+00 3.45053e-01 -2.51682e-03 4.42568e-03
-1.68164e+00 3.47717e-01 -2.46681e-03 4.50110e-03
-1.68236e+00 3.45053e-01 -2.51682e-03 4.42568e-03
-1.68236e+00 3.45053e-01 -2.51682e-03 4.42568e-03
-1.68236e+00 3.45053e-01 -2.51682e-03 4.42568e-03
-1.68164e+00 3.47731e-01 -2.46654e-03 4.50151e-03
-1.68236e+00 3.45053e-01 -2.51682e-03 4.42568e-03
-1.68236e+00 3.45053e-01 -2.51682e-03 4.42568e-03
-1.68236e+00 3.45053e-01 -2.51682e-03 4.42568e-03
-1.68236e+00 3.45053e-01 -2.51682e-03 4.42568e-03
-1.68236e+00 3.45053e-01 -2.51682e-03 4.42568e-03
-1.68236e+00 3.45053e-01 -2.51682e-03 4.42568e-03
-1.68236e+00 3.45053e-01 -2.51682e-03 4.42568e-03
-1.68236e+00 3.45053e-01 -2.51682e-03 4.42568e-03
-1.68236e+00 3.45053e-01 -2.51682e-03 4.42568e-03
-1.68236e+00 3.45053e-01 -2.51682e-03 4.42568e-03
-1.68236e+00 3.45053e-01 -2.51682e-03 4.42568e-03
-1.68236e+00 3.45053e-01 -2.51682e-03 4.42568e-03
-1.68236e+00 3.45053e-01 -2.51682e-03 4.42568e-03
-1.68236e+00 3.45053e-01 -2.51682e-03 4.42568e-03
-1.68236e+00 3.45053e-01 -2.51682e-03 4.42568e-03
-1.68236e+00 3.45053e-01 -2.51682e-03 4.42568e-03
-1.68540e+00 3.46038e-01 -2.51322e-03 4.42685e-03
-1.68236e+00 3.45053e-01 -2.51682e-03 4.42568e-03
-1.68236e+00 3.45053e-01 -2.51682e-03 4.42568e-03
-1.68236e+00 3.45053e-01 -2.51682e-03 4.42568e-03
-1.68236e+00 3.45053e-01 -2.51682e-03 4.42568e-03
-1.68540e+00 3.46038e-01 -2.51322e-03 4.42685e-03
-1.68236e+00 3.45053e-01 -2.51682e-03 4.42568e-03
-1.68530e+00 3.46006e-01 -2.51334e-03 4.42681e-03
-1.43445e+00 2.72187e-01 -2.80131e-03 4.31964e-03
-1.09895e+00 1.97432e-01 -3.16386e-03 4.15133e-03
-9.21017e-01 1.68969e-01 -3.35073e-03 4.05568e-03
-9.21017e-01 1.68969e-01 -3.35073e-03 4.05568e-03
-9.21017e-01 1.68969e-01 -3.35073e-03 4.05568e-03
-9.21017e-01 1.68969e-01 -3.35073e-03 4.05568e-03
-1.74700e+00 -3.18809e-16 -4.68832e-03 1.47799e-03
-1.74409e+00 2.45929e-02 -4.37298e-03 1.98411e-03
-1.72798e+00 1.35154e-01 -3.76013e-03 2.85863e-03
-1.70887e+00 2.35037e-01 -3.58562e-03 2.94153e-03
-1.68607e+00 3.31040e-01 -2.75624e-03 4.06787e-03
-1.68164e+00 3.47732e-01 -2.46652e-03 4.50153e-03
-1.68165e+00 3.47714e-01 -2.46687e-03 4.50101e-03
-1.68164e+00 3.47734e-01 -2.46649e-03 4.50158e-03
-1.68236e+00 3.45053e-01 -2.51682e-03 4.42568e-03
-1.68164e+00 3.47723e-01 -2.46669e-03 4.50127e-03
-1.68164e+00 3.47732e-01 -2.46653e-03 4.50152e-03
-1.68164e+00 3.47731e-01 -2.46655e-03 4.50148e-03
-1.68236e+00 3.45053e-01 -2.51682e-03 4.42568e-03
-1.68236e+00 3.45053e-01 -2.51682e-03 4.42568e-03
-1.68164e+00 3.47733e-01 -2.46651e-03 4.50155e-03
-1.68236e+00 3.45053e-01 -2.51682e-03 4.42568e-03
-1.68236e+00 3.45053e-01 -2.51682e-03 4.42568e-03
-1.68236e+00 3.45053e-01 -2.51682e-03 4.42568e-03
-1.68164e+00 3.47731e-01 -2.46654e-03 4.50150e-03
-1.68236e+00 3.45053e-01 -2.51682e-03 4.42568e-03
-1.68236e+00 3.45053e-01 -2.51682e-03 4.42568e-03
-1.68236e+00 3.45053e-01 -2.51682e-03 4.42568e-03
-1.68236e+00 3.45053e-01 -2.51682e-03 4.42568e-03
-1.68164e+00 3.47732e-01 -2.46653e-03 4.50152e-03
-1.68236e+00 3.45053e-01 -2.51682e-03 4.42568e-03
-1.68236e+00 3.45053e-01 -2.51682e-03 4.42568e-03
-1.68236e+00 3.45053e-01 -2.51682e-03 4.42568e-03
-1.68236e+00 3.45053e-01 -2.51682e-03 4.42568e-03
-1.68236e+00 3.45053e-01 -2.51682e-03 4.42568e-03
-1.68236e+00 3.45053e-01 -2.51682e-03 4.42568e-03
-1.68236e+00 3.45053e-01 -2.51682e-03 4.42568e-03
-1.68236e+00 3.45053e-01 -2.51682e-03 4.42568e-03
-1.68236e+00 3.45053e-01 -2.51682e-03 4.42568e-03
-1.68236e+00 3.45053e-01 -2.51682e-03 4.42568e-03
-1.68236e+00 3.45053e-01 -2.51682e-03 4.42568e-03
-1.68236e+00 3.45053e-01 -2.51682e-03 4.42568e-03
-1.68539e+00 3.46037e-01 -2.51322e-03 4.42684e-03
-1.68236e+00 3.45053e-01 -2.51682e-03 4.42568e-03
-1.68540e+00 3.46037e-01 -2.51322e-03 4.42684e-03
-1.68236e+00 3.45053e-01 -2.51682e-03 4.42568e-03
-1.68540e+00 3.46039e-01 -2.51322e-03 4.42685e-03
-1.68538e+00 3.46033e-01 -2.51324e-03 4.42684e-03
-1.68538e+00 3.46032e-01 -2.51324e-03 4.42684e-03
-1.66503e+00 3.39475e-01 -2.53733e-03 4.41894e-03
-1.31086e+00 2.41451e-01 -2.93715e-03 4.26024e-03
-9.21017e-01 1.68969e-01 -3.35073e-03 4.05568e-03
-9.21017e-01 1.68969e-01 -3.35073e-03 4.05568e-03
-9.21017e-01 1.68969e-01 -3.35073e-03 4.05568e-03
-9.21017e-01 1.68969e-01 -3.35073e-03 4.05568e-03
-1.74700e+00 -3.18809e-16 -4.68832e-03 1.47799e-03
-1.74402e+00 2.51886e-02 -4.36639e-03 1.99457e-03
-1.72696e+00 1.41155e-01 -3.75003e-03 2.86487e-03
-1.70653e+00 2.45817e-01 -3.54410e-03 2.98451e-03
-1.68223e+00 3.45537e-01 -2.50785e-03 4.43919e-03
-1.68166e+00 3.47656e-01 -2.46798e-03 4.49933e-03
-1.68164e+00 3.47715e-01 -2.46685e-03 4.50103e-03
-1.68164e+00 3.47726e-01 -2.46664e-03 4.50135e-03
-1.68164e+00 3.47728e-01 -2.46660e-03 4.50141e-03
-1.68164e+00 3.47733e-01 -2.46651e-03 4.50154e-03
-1.68236e+00 3.45053e-01 -2.51682e-03 4.42568e-03
-1.68164e+00 3.47728e-01 -2.46660e-03 4.50141e-03
-1.68236e+00 3.45053e-01 -2.51682e-03 4.42568e-03
-1.68236e+00 3.45053e-01 -2.51682e-03 4.42568e-03
-1.68164e+00 3.47734e-01 -2.46648e-03 4.50159e-03
-1.68236e+00 3.45053e-01 -2.51682e-03 4.42568e-03
-1.68236e+00 3.45053e-01 -2.51682e-03 4.42568e-03
-1.68236e+00 3.45053e-01 -2.51682e-03 4.42568e-03
-1.68164e+00 3.47733e-01 -2.46652e-03 4.50154e-03
-1.68236e+00 3.45053e-01 -2.51682e-03 4.42568e-03
-1.68236e+00 3.45053e-01 -2.51682e-03 4.42568e-03
-1.68236e+00 3.45053e-01 -2.51682e-03 4.42568e-03
-1.68236e+00 3.45053e-01 -2.51682e-03 4.42568e-03
-1.68236e+00 3.45053e-01 -2.51682e-03 4.42568e-03
-1.68236e+00 3.45053e-01 -2.51682e-03 4.42568e-03
-1.68236e+00 3.45053e-01 -2.51682e-03 4.42568e-03
-1.68236e+00 3.45053e-01 -2.51682e-03 4.42568e-03
-1.68236e+00 3.45053e-01 -2.51682e-03 4.42568e-03
-1.68236e+00 3.45053e-01 -2.51682e-03 4.42568e-03
-1.68236e+00 3.45053e-01 -2.51682e-03 4.42568e-03
-1.68236e+00 3.45053e-01 -2.51682e-03 4.42568e-03
-1.68236e+00 3.45053e-01 -2.51682e-03 4.42568e-03
-1.68236e+00 3.45053e-01 -2.51682e-03 4.42568e-03
-1.68236e+00 3.45053e-01 -2.51682e-03 4.42568e-03
-1.68236e+00 3.45053e-01 -2.51682e-03 4.42568e-03
-1.68236e+00 3.45053e-01 -2.51682e-03 4.42568e-03
-1.68236e+00 3.45053e-01 -2.51682e-03 4.42568e-03
-1.68236e+00 3.45053e-01 -2.51682e-03 4.42568e-03
-1.68236e+00 3.45053e-01 -2.51682e-03 4.42568e-03
-1.68540e+00 3.46037e-01 -2.51322e-03 4.42684e-03
-1.68236e+00 3.45053e-01 -2.51682e-03 4.42568e-03
-1.68537e+00 3.46030e-01 -2.51325e-03 4.42684e-03
-1.68236e+00 3.45053e-01 -2.51682e-03 4.42568e-03
-1.68525e+00 3.45991e-01 -2.51339e-03 4.42679e-03
-1.54499e+00 3.02835e-01 -2.67668e-03 4.36935e-03
-1.05746e+00 1.90102e-01 -3.20761e-03 4.12927e-03
-9.21017e-01 1.68969e-01 -3.35073e-03 4.05568e-03
-9.21017e-01 1.68969e-01 -3.35073e-03 4.05568e-03
-9.21017e-01 1.68969e-01 -3.35073e-03 4.05568e-03
-1.74700e+00 -3.18809e-16 -4.68832e-03 1.47799e-03
-1.74385e+00 2.65263e-02 -4.35174e-03 2.01777e-03
-1.72559e+00 1.49016e-01 -3.73830e-03 2.87014e-03
-1.70385e+00 2.57858e-01 -3.48630e-03 3.05076e-03
-1.68165e+00 3.47702e-01 -2.46709e-03 4.50067e-03
-1.68164e+00 3.47734e-01 -2.46650e-03 4.50157e-03
-1.68164e+00 3.47734e-01 -2.46649e-03 4.50158e-03
-1.68164e+00 3.47724e-01 -2.46669e-03 4.50128e-03
-1.68164e+00 3.47734e-01 -2.46649e-03 4.50158e-03
-1.68164e+00 3.47733e-01 -2.46651e-03 4.50155e-03
-1.68236e+00 3.45053e-01 -2.51682e-03 4.42568e-03
-1.68164e+00 3.47734e-01 -2.46650e-03 4.50157e-03
-1.68236e+00 3.45053e-01 -2.51682e-03 4.42568e-03
-1.68236e+00 3.45053e-01 -2.51682e-03 4.42568e-03
-1.68164e+00 3.47733e-01 -2.46651e-03 4.50155e-03
-1.68236e+00 3.45053e-01 -2.51682e-03 4.42568e-03
-1.68236e+00 3.45053e-01 -2.51682e-03 4.42568e-03
-1.68236e+00 3.45053e-01 -2.51682e-03 4.42568e-03
-1.68164e+00 3.47734e-01 -2.46648e-03 4.50159e-03
-1.68236e+00 3.45053e-01 -2.51682e-03 4.42568e-03
-1.68236e+00 3.45053e-01 -2.51682e-03 4.42568e-03
-1.68236e+00 3.45053e-01 -2.51682e-03 4.42568e-03
-1.68236e+00 3.45053e-01 -2.51682e-03 4.42568e-03
-1.68236e+00 3.45053e-01 -2.51682e-03 4.42568e-03
-1.68236e+00 3.45053e-01 -2.51682e-03 4.42568e-03
-1.68236e+00 3.45053e-01 -2.51682e-03 4.42568e-03
-1.68164e+00 3.47731e-01 -2.46654e-03 4.50150e-03
-1.68236e+00 3.45053e-01 -2.51682e-03 4.42568e-03
-1.68236e+00 3.45053e-01 -2.51682e-03 4.42568e-03
-1.68236e+00 3.45053e-01 -2.51682e-03 4.42568e-03
-1.68236e+00 3.45053e-01 -2.51682e-03 4.42568e-03
-1.68236e+00 3.45053e-01 -2.51682e-03 4.42568e-03
-1.68236e+00 3.45053e-01 -2.51682e-03 4.42568e-03
-1.68236e+00 3.45053e-01 -2.51682e-03 4.42568e-03
-1.68236e+00 3.45053e-01 -2.51682e-03 4.42568e-03
-1.68236e+00 3.45053e-01 -2.51682e-03 4.42568e-03
-1.68236e+00 3.45053e-01 -2.51682e-03 4.42568e-03
-1.68236e+00 3.45053e-01 -2.51682e-03 4.42568e-03
-1.68236e+00 3.45053e-01 -2.51682e-03 4.42568e-03
-1.68236e+00 3.45053e-01 -2.51682e-03 4.42568e-03
-1.68236e+00 3.45053e-01 -2.51682e-03 4.42568e-03
-1.68236e+00 3.45053e-01 -2.51682e-03 4.42568e-03
-1.68536e+00 3.46024e-01 -2.51327e-03 4.42683e-03
-1.68538e+00 3.46034e-01 -2.51323e-03 4.42684e-03
-1.68538e+00 3.46032e-01 -2.51324e-03 4.42684e-03
-1.29164e+00 2.37005e-01 -2.95800e-03 4.25069e-03
-9.21017e-01 1.68969e-01 -3.35073e-03 4.05568e-03
-9.21017e-01 1.68969e-01 -3.35073e-03 4.05568e-03
-9.21017e-01 1.68969e-01 -3.35073e-03 4.05568e-03
-1.74700e+00 -3.18809e-16 -4.68832e-03 1.47799e-03
-1.74370e+00 2.77828e-02 -4.33820e-03 2.03919e-03
-1.72444e+00 1.55531e-01 -3.72957e-03 2.87255e-03
-1.70138e+00 2.68718e-01 -3.42221e-03 3.12974e-03
-1.68165e+00 3.47692e-01 -2.46728e-03 4.50038e-03
-1.68164e+00 3.47725e-01 -2.46666e-03 4.50131e-03
-1.68164e+00 3.47733e-01 -2.46650e-03 4.50156e-03
-1.68164e+00 3.47728e-01 -2.46661e-03 4.50140e-03
-1.68164e+00 3.47731e-01 -2.46654e-03 4.50150e-03
-1.68164e+00 3.47733e-01 -2.46651e-03 4.50155e-03
-1.68236e+00 3.45053e-01 -2.51682e-03 4.42568e-03
-1.68164e+00 3.47726e-01 -2.46664e-03 4.50134e-03
-1.68236e+00 3.45053e-01 -2.51682e-03 4.42568e-03
-1.68236e+00 3.45053e-01 -2.51682e-03 4.42568e-03
-1.68164e+00 3.47734e-01 -2.46649e-03 4.50157e-03
-1.68236e+00 3.45053e-01 -2.51682e-03 4.42568e-03
-1.68236e+00 3.45053e-01 -2.51682e-03 4.42568e-03
-1.68236e+00 3.45053e-01 -2.51682e-03 4.42568e-03
-1.68164e+00 3.47734e-01 -2.46648e-03 4.50159e-03
-1.68164e+00 3.47734e-01 -2.46648e-03 4.50159e-03
-1.68236e+00 3.45053e-01 -2.51682e-03 4.42568e-03
-1.68236e+00 3.45053e-01 -2.51682e-03 4.42568e-03
-1.68236e+00 3.45053e-01 -2.51682e-03 4.42568e-03
-1.68236e+00 3.45053e-01 -2.51682e-03 4.42568e-03
-1.68236e+00 3.45053e-01 -2.51682e-03 4.42568e-03
-1.68236e+00 3.45053e-01 -2.51682e-03 4.42568e-03
-1.68236e+00 3.45053e-01 -2.51682e-03 4.42568e-03
-1.68164e+00 3.47732e-01 -2.46653e-03 4.50152e-03
-1.68236e+00 3.45053e-01 -2.51682e-03 4.42568e-03
-1.68236e+00 3.45053e-01 -2.51682e-03 4.42568e-03
-1.68236e+00 3.45053e-01 -2.51682e-03 4.42568e-03
-1.68236e+00 3.45053e-01 -2.51682e-03 4.42568e-03
-1.68236e+00 3.45053e-01 -2.51682e-03 4.42568e-03
-1.68236e+00 3.45053e-01 -2.51682e-03 4.42568e-03
-1.68236e+00 3.45053e-01 -2.51682e-03 4.42568e-03
-1.68236e+00 3.45053e-01 -2.51682e-03 4.42568e-03
-1.68236e+00 3.45053e-01 -2.51682e-03 4.42568e-03
-1.68236e+00 3.45053e-01 -2.51682e-03 4.42568e-03
-1.68236e+00 3.45053e-01 -2.51682e-03 4.42568e-03
-1.68236e+00 3.45053e-01 -2.51682e-03 4.42568e-03
-1.68236e+00 3.45053e-01 -2.51682e-03 4.42568e-03
-1.68236e+00 3.45053e-01 -2.51682e-03 4.42568e-03
-1.68540e+00 3.46039e-01 -2.51322e-03 4.42685e-03
-1.68236e+00 3.45053e-01 -2.51682e-03 4.42568e-03
-1.68536e+00 3.46024e-01 -2.51327e-03 4.42683e-03
-1.54166e+00 3.01868e-01 -2.68048e-03 4.36791e-03
-9.21017e-01 1.68969e-01 -3.35073e-03 4.05568e-03
-9.21017e-01 1.68969e-01 -3.35073e-03 4.05568e-03
-9.21017e-01 1.68969e-01 -3.35073e-03 4.05568e-03
-3.50000e+00 0.00000e+00 -8.88923e-03 0.00000e+00
-1.74346e+00 2.96948e-02 -4.31798e-03 2.07112e-03
-1.72307e+00 1.63189e-01 -3.72004e-03 2.87377e-03
-1.69856e+00 2.80827e-01 -3.33544e-03 3.24255e-03
-1.68165e+00 3.47706e-01 -2.46702e-03 4.50078e-03
-1.68164e+00 3.47715e-01 -2.46684e-03 4.50105e-03
-1.68164e+00 3.47731e-01 -2.46654e-03 4.50150e-03
-1.68164e+00 3.47734e-01 -2.46648e-03 4.50159e-03
-1.68164e+00 3.47721e-01 -2.46673e-03 4.50121e-03
-1.68236e+00 3.45053e-01 -2.51682e-03 4.42568e-03
-1.68164e+00 3.47730e-01 -2.46656e-03 4.50147e-03
-1.68164e+00 3.47732e-01 -2.46652e-03 4.50153e-03
-1.68236e+00 3.45053e-01 -2.51682e-03 4.42568e-03
-1.68236e+00 3.45053e-01 -2.51682e-03 4.42568e-03
-1.68164e+00 3.47734e-01 -2.46648e-03 4.50159e-03
-1.68236e+00 3.45053e-01 -2.51682e-03 4.42568e-03
-1.68236e+00 3.45053e-01 -2.51682e-03 4.42568e-03
-1.68236e+00 3.45053e-01 -2.51682e-03 4.42568e-03
-1.68164e+00 3.47732e-01 -2.46652e-03 4.50153e-03
-1.68164e+00 3.47734e-01 -2.46648e-03 4.50159e-03
-1.68236e+00 3.45053e-01 -2.51682e-03 4.42568e-03
-1.68236e+00 3.45053e-01 -2.51682e-03 4.42568e-03
-1.68236e+00 3.45053e-01 -2.51682e-03 4.42568e-03
-1.68236e+00 3.45053e-01 -2.51682e-03 4.42568e-03
-1.68236e+00 3.45053e-01 -2.51682e-03 4.42568e-03
-1.68236e+00 3.45053e-01 -2.51682e-03 4.42568e-03
-1.68236e+00 3.45053e-01 -2.51682e-03 4.42568e-03
-1.68236e+00 3.45053e-01 -2.51682e-03 4.42568e-03
-1.68164e+00 3.47732e-01 -2.46653e-03 4.50152e-03
-1.68236e+00 3.45053e-01 -2.51682e-03 4.42568e-03
-1.68236e+00 3.45053e-01 -2.51682e-03 4.42568e-03
-1.68236e+00 3.45053e-01 -2.51682e-03 4.42568e-03
-1.68236e+00 3.45053e-01 -2.51682e-03 4.42568e-03
-1.68236e+00 3.45053e-01 -2.51682e-03 4.42568e-03
-1.68236e+00 3.45053e-01 -2.51682e-03 4.42568e-03
-1.68236e+00 3.45053e-01 -2.51682e-03 4.42568e-03
-1.68236e+00 3.45053e-01 -2.51682e-03 4.42568e-03
-1.68236e+00 3.45053e-01 -2.51682e-03 4.42568e-03
-1.68236e+00 3.45053e-01 -2.51682e-03 4.42568e-03
-1.68540e+00 3.46038e-01 -2.51322e-03 4.42685e-03
-1.68236e+00 3.45053e-01 -2.51682e-03 4.42568e-03
-1.68236e+00 3.45053e-01 -2.51682e-03 4.42568e-03
-1.68236e+00 3.45053e-01 -2.51682e-03 4.42568e-03
-1.68537e+00 3.46027e-01 -2.51326e-03 4.42683e-03
-1.68539e+00 3.46034e-01 -2.51323e-03 4.42684e-03
-1.68538e+00 3.46031e-01 -2.51324e-03 4.42684e-03
-1.03389e+00 1.86124e-01 -3.23241e-03 4.11665e-03
-9.21017e-01 1.68969e-01 -3.35073e-03 4.05568e-03
0.00000e+00 3.50000e+00 0.00000e+00 8.88923e-03
-1.74700e+00 -3.18809e-16 -4.68832e-03 1.47799e-03
-1.74315e+00 3.22037e-02 -4.29216e-03 2.11178e-03
-1.72153e+00 1.71597e-01 -3.71000e-03 2.87396e-03
-1.69545e+00 2.93821e-01 -3.22199e-03 3.39662e-03
-1.68164e+00 3.47723e-01 -2.46669e-03 4.50127e-03
-1.68164e+00 3.47716e-01 -2.46684e-03 4.50105e-03
-1.68164e+00 3.47731e-01 -2.46655e-03 4.50149e-03
-1.68164e+00 3.47734e-01 -2.46649e-03 4.50158e-03
-1.68164e+00 3.47733e-01 -2.46651e-03 4.50154e-03
-1.68236e+00 3.45053e-01 -2.51682e-03 4.42568e-03
-1.68164e+00 3.47720e-01 -2.46675e-03 4.50119e-03
-1.68236e+00 3.45053e-01 -2.51682e-03 4.42568e-03
-1.68236e+00 3.45053e-01 -2.51682e-03 4.42568e-03
-1.68164e+00 3.47733e-01 -2.46651e-03 4.50155e-03
-1.68164e+00 3.47732e-01 -2.46653e-03 4.50151e-03
-1.68236e+00 3.45053e-01 -2.51682e-03 4.42568e-03
-1.68236e+00 3.45053e-01 -2.51682e-03 4.42568e-03
-1.68236e+00 3.45053e-01 -2.51682e-03 4.42568e-03
-1.68164e+00 3.47734e-01 -2.46649e-03 4.50157e-03
-1.68164e+00 3.47732e-01 -2.46652e-03 4.50153e-03
-1.68236e+00 3.45053e-01 -2.51682e-03 4.42568e-03
-1.68236e+00 3.45053e-01 -2.51682e-03 4.42568e-03
-1.68236e+00 3.45053e-01 -2.51682e-03 4.42568e-03
-1.68236e+00 3.45053e-01 -2.51682e-03 4.42568e-03
-1.68236e+00 3.45053e-01 -2.51682e-03 4.42568e-03
-1.68236e+00 3.45053e-01 -2.51682e-03 4.42568e-03
-1.68236e+00 3.45053e-01 -2.51682e-03 4.42568e-03
-1.68236e+00 3.45053e-01 -2.51682e-03 4.42568e-03
-1.68236e+00 3.45053e-01 -2.51682e-03 4.42568e-03
-1.68236e+00 3.45053e-01 -2.51682e-03 4.42568e-03
-1.68236e+00 3.45053e-01 -2.51682e-03 4.42568e-03
-1.68236e+00 3.45053e-01 -2.51682e-03 4.42568e-03
-1.68236e+00 3.45053e-01 -2.51682e-03 4.42568e-03
-1.68236e+00 3.45053e-01 -2.51682e-03 4.42568e-03
-1.68236e+00 3.45053e-01 -2.51682e-03 4.42568e-03
-1.68236e+00 3.45053e-01 -2.51682e-03 4.42568e-03
-1.68236e+00 3.45053e-01 -2.51682e-03 4.42568e-03
-1.68236e+00 3.45053e-01 -2.51682e-03 4.42568e-03
-1.68236e+00 3.45053e-01 -2.51682e-03 4.42568e-03
-1.68236e+00 3.45053e-01 -2.51682e-03 4.42568e-03
-1.68236e+00 3.45053e-01 -2.51682e-03 4.42568e-03
-1.68236e+00 3.45053e-01 -2.51682e-03 4.42568e-03
-1.68236e+00 3.45053e-01 -2.51682e-03 4.42568e-03
-1.68538e+00 3.46032e-01 -2.51324e-03 4.42684e-03
-1.68539e+00 3.46037e-01 -2.51322e-03 4.42684e-03
-1.68532e+00 3.46014e-01 -2.51331e-03 4.42682e-03
-1.32029e+00 2.43664e-01 -2.92690e-03 4.26490e-03
-9.21017e-01 1.68969e-01 -3.35073e-03 4.05568e-03
-9.21017e-01 1.68969e-01 -3.35073e-03 4.05568e-03
-3.75000e+00 0.00000e+00 -9.44470e-03 0.00000e+00
-1.74285e+00 3.45701e-02 -4.26853e-03 2.14887e-03
-1.72005e+00 1.79466e-01 -3.70047e-03 2.87391e-03
-1.69247e+00 3.05944e-01 -3.09484e-03 3.57510e-03
-1.68164e+00 3.47724e-01 -2.46668e-03 4.50129e-03
-1.68164e+00 3.47720e-01 -2.46675e-03 4.50118e-03
-1.68164e+00 3.47723e-01 -2.46669e-03 4.50127e-03
-1.68164e+00 3.47732e-01 -2.46653e-03 4.50152e-03
-1.68164e+00 3.47734e-01 -2.46648e-03 4.50159e-03
-1.68236e+00 3.45053e-01 -2.51682e-03 4.42568e-03
-1.68164e+00 3.47715e-01 -2.46686e-03 4.50102e-03
-1.68236e+00 3.45053e-01 -2.51682e-03 4.42568e-03
-1.68236e+00 3.45053e-01 -2.51682e-03 4.42568e-03
-1.68164e+00 3.47734e-01 -2.46648e-03 4.50159e-03
-1.68236e+00 3.45053e-01 -2.51682e-03 4.42568e-03
-1.68236e+00 3.45053e-01 -2.51682e-03 4.42568e-03
-1.68236e+00 3.45053e-01 -2.51682e-03 4.42568e-03
-1.68236e+00 3.45053e-01 -2.51682e-03 4.42568e-03
-1.68236e+00 3.45053e-01 -2.51682e-03 4.42568e-03
-1.68164e+00 3.47731e-01 -2.46654e-03 4.50151e-03
-1.68236e+00 3.45053e-01 -2.51682e-03 4.42568e-03
-1.68236e+00 3.45053e-01 -2.51682e-03 4.42568e-03
-1.68236e+00 3.45053e-01 -2.51682e-03 4.42568e-03
-1.68236e+00 3.45053e-01 -2.51682e-03 4.42568e-03
-1.68236e+00 3.45053e-01 -2.51682e-03 4.42568e-03
-1.68236e+00 3.45053e-01 -2.51682e-03 4.42568e-03
-1.68236e+00 3.45053e-01 -2.51682e-03 4.42568e-03
-1.68236e+00 3.45053e-01 -2.51682e-03 4.42568e-03
-1.68236e+00 3.45053e-01 -2.51682e-03 4.42568e-03
-1.68236e+00 3.45053e-01 -2.51682e-03 4.42568e-03
-1.68236e+00 3.45053e-01 -2.51682e-03 4.42568e-03
-1.68236e+00 3.45053e-01 -2.51682e-03 4.42568e-03
-1.68236e+00 3.45053e-01 -2.51682e-03 4.42568e-03
-1.68236e+00 3.45053e-01 -2.51682e-03 4.42568e-03
-1.68236e+00 3.45053e-01 -2.51682e-03 4.42568e-03
-1.68236e+00 3.45053e-01 -2.51682e-03 4.42568e-03
-1.68236e+00 3.45053e-01 -2.51682e-03 4.42568e-03
-1.68236e+00 3.45053e-01 -2.51682e-03 4.42568e-03
-1.68236e+00 3.45053e-01 -2.51682e-03 4.42568e-03
-1.68236e+00 3.45053e-01 -2.51682e-03 4.42568e-03
-1.68540e+00 3.46039e-01 -2.51322e-03 4.42685e-03
-1.68236e+00 3.45053e-01 -2.51682e-03 4.42568e-03
-1.68236e+00 3.45053e-01 -2.51682e-03 4.42568e-03
-1.68539e+00 3.46037e-01 -2.51322e-03 4.42684e-03
-1.68236e+00 3.45053e-01 -2.51682e-03 4.42568e-03
-1.68540e+00 3.46038e-01 -2.51322e-03 4.42685e-03
-1.61631e+00 3.24183e-01 -2.59444e-03 4.39941e-03
-9.21017e-01 1.68969e-01 -3.35073e-03 4.05568e-03
0.00000e+00 3.75000e+00 0.00000e+00 9.44470e-03
-1.74700e+00 -3.18809e-16 -4.68832e-03 1.47799e-03
-1.74248e+00 3.74736e-02 -4.24049e-03 2.19275e-03
-1.71848e+00 1.87716e-01 -3.68980e-03 2.87456e-03
-1.68923e+00 3.18814e-01 -2.93474e-03 3.80561e-03
-1.68166e+00 3.47652e-01 -2.46804e-03 4.49923e-03
-1.68164e+00 3.47731e-01 -2.46655e-03 4.50149e-03
-1.68164e+00 3.47720e-01 -2.46675e-03 4.50118e-03
-1.68164e+00 3.47722e-01 -2.46671e-03 4.50125e-03
-1.68164e+00 3.47732e-01 -2.46653e-03 4.50151e-03
-1.68236e+00 3.45053e-01 -2.51682e-03 4.42568e-03
-1.68164e+00 3.47732e-01 -2.46652e-03 4.50153e-03
-1.68236e+00 3.45053e-01 -2.51682e-03 4.42568e-03
-1.68236e+00 3.45053e-01 -2.51682e-03 4.42568e-03
-1.68164e+00 3.47727e-01 -2.46661e-03 4.50139e-03
-1.68236e+00 3.45053e-01 -2.51682e-03 4.42568e-03
-1.68236e+00 3.45053e-01 -2.51682e-03 4.42568e-03
-1.68236e+00 3.45053e-01 -2.51682e-03 4.42568e-03
-1.68236e+00 3.45053e-01 -2.51682e-03 4.42568e-03
-1.68236e+00 3.45053e-01 -2.51682e-03 4.42568e-03
-1.68164e+00 3.47732e-01 -2.46652e-03 4.50154e-03
-1.68164e+00 3.47735e-01 -2.46648e-03 4.50160e-03
-1.68236e+00 3.45053e-01 -2.51682e-03 4.42568e-03
-1.68236e+00 3.45053e-01 -2.51682e-03 4.42568e-03
-1.68236e+00 3.45053e-01 -2.51682e-03 4.42568e-03
-1.68236e+00 3.45053e-01 -2.51682e-03 4.42568e-03
-1.68236e+00 3.45053e-01 -2.51682e-03 4.42568e-03
-1.68236e+00 3.45053e-01 -2.51682e-03 4.42568e-03
-1.68236e+00 3.45053e-01 -2.51682e-03 4.42568e-03
-1.68236e+00 3.45053e-01 -2.51682e-03 4.42568e-03
-1.68236e+00 3.45053e-01 -2.51682e-03 4.42568e-03
-1.68236e+00 3.45053e-01 -2.51682e-03 4.42568e-03
-1.68236e+00 3.45053e-01 -2.51682e-03 4.42568e-03
-1.68236e+00 3.45053e-01 -2.51682e-03 4.42568e-03
-1.68236e+00 3.45053e-01 -2.51682e-03 4.42568e-03
-1.68236e+00 3.45053e-01 -2.51682e-03 4.42568e-03
-1.68236e+00 3.45053e-01 -2.51682e-03 4.42568e-03
-1.68236e+00 3.45053e-01 -2.51682e-03 4.42568e-03
-1.68236e+00 3.45053e-01 -2.51682e-03 4.42568e-03
-1.68236e+00 3.45053e-01 -2.51682e-03 4.42568e-03
-1.68236e+00 3.45053e-01 -2.51682e-03 4.42568e-03
-1.68236e+00 3.45053e-01 -2.51682e-03 4.42568e-03
-1.68236e+00 3.45053e-01 -2.51682e-03 4.42568e-03
-1.68539e+00 3.46037e-01 -2.51322e-03 4.42684e-03
-1.68236e+00 3.45053e-01 -2.51682e-03 4.42568e-03
-1.68539e+00 3.46036e-01 -2.51323e-03 4.42684e-03
-1.68540e+00 3.46039e-01 -2.51322e-03 4.42685e-03
-1.68537e+00 3.46028e-01 -2.51325e-03 4.42683e-03
-9.21017e-01 1.68969e-01 -3.35073e-03 4.05568e-03
-9.21017e-01 1.68969e-01 -3.35073e-03 4.05568e-03
-4.00000e+00 0.00000e+00 -1.00000e-02 0.00000e+00
-1.74204e+00 4.08691e-02 -4.20900e-03 2.24180e-03
-1.71668e+00 1.97002e-01 -3.67623e-03 2.87736e-03
-1.68573e+00 3.32344e-01 -2.73559e-03 4.09850e-03
-1.68164e+00 3.47728e-01 -2.46661e-03 4.50139e-03
-1.68164e+00 3.47729e-01 -2.46659e-03 4.50143e-03
-1.68164e+00 3.47720e-01 -2.46675e-03 4.50118e-03
-1.68164e+00 3.47734e-01 -2.46649e-03 4.50157e-03
-1.68164e+00 3.47734e-01 -2.46649e-03 4.50157e-03
-1.68236e+00 3.45053e-01 -2.51682e-03 4.42568e-03
-1.68164e+00 3.47732e-01 -2.46652e-03 4.50153e-03
-1.68236e+00 3.45053e-01 -2.51682e-03 4.42568e-03
-1.68236e+00 3.45053e-01 -2.51682e-03 4.42568e-03
-1.68164e+00 3.47723e-01 -2.46670e-03 4.50126e-03
-1.68236e+00 3.45053e-01 -2.51682e-03 4.42568e-03
-1.68236e+00 3.45053e-01 -2.51682e-03 4.42568e-03
-1.68236e+00 3.45053e-01 -2.51682e-03 4.42568e-03
-1.68236e+00 3.45053e-01 -2.51682e-03 4.42568e-03
-1.68164e+00 3.47732e-01 -2.46652e-03 4.50154e-03
-1.68164e+00 3.47734e-01 -2.46650e-03 4.50157e-03
-1.68164e+00 3.47734e-01 -2.46650e-03 4.50157e-03
-1.68236e+00 3.45053e-01 -2.51682e-03 4.42568e-03
-1.68236e+00 3.45053e-01 -2.51682e-03 4.42568e-03
-4.00000e+00 4.00000e+00 -1.00000e-02 1.00000e-02
-4.00000e+00 4.00000e+00 -1.00000e-02 1.00000e-02
-4.00000e+00 4.00000e+00 -1.00000e-02 1.00000e-02
-1.68236e+00 3.45053e-01 -2.51682e-03 4.42568e-03
-1.68236e+00 3.45053e-01 -2.51682e-03 4.42568e-03
-1.68236e+00 3.45053e-01 -2.51682e-03 4.42568e-03
-1.68236e+00 3.45053e-01 -2.51682e-03 4.42568e-03
-3.75000e+00 4.00000e+00 -9.43490e-03 1.00000e-02
-1.68236e+00 3.45053e-01 -2.51682e-03 4.42568e-03
-1.68236e+00 3.45053e-01 -2.51682e-03 4.42568e-03
-1.68236e+00 3.45053e-01 -2.51682e-03 4.42568e-03
-1.68236e+00 3.45053e-01 -2.51682e-03 4.42568e-03
-1.68236e+00 3.45053e-01 -2.51682e-03 4.42568e-03
-1.68236e+00 3.45053e-01 -2.51682e-03 4.42568e-03
-1.68236e+00 3.45053e-01 -2.51682e-03 4.42568e-03
-1.68236e+00 3.45053e-01 -2.51682e-03 4.42568e-03
-1.68236e+00 3.45053e-01 -2.51682e-03 4.42568e-03
-1.68236e+00 3.45053e-01 -2.51682e-03 4.42568e-03
-1.68539e+00 3.46036e-01 -2.51323e-03 4.42684e-03
-1.68236e+00 3.45053e-01 -2.51682e-03 4.42568e-03
-1.68236e+00 3.45053e-01 -2.51682e-03 4.42568e-03
-1.68539e+00 3.46036e-01 -2.51323e-03 4.42684e-03
-1.68538e+00 3.46033e-01 -2.51324e-03 4.42684e-03
-1.68539e+00 3.46037e-01 -2.51322e-03 4.42684e-03
-9.21017e-01 1.68969e-01 -3.35073e-03 4.05568e-03
0.00000e+00 4.00000e+00 0.00000e+00 1.00000e-02
