-1.00000e+00 0.00000e+00 -4.68978e-03 0.00000e+00
-9.75600e-01 5.89248e-02 -4.18311e-03 1.45332e-03
-9.49037e-01 1.15694e-01 -3.92581e-03 2.00053e-03
-9.20314e-01 1.70305e-01 -3.77704e-03 2.12551e-03
-8.91594e-01 2.24917e-01 -3.59915e-03 2.28459e-03
-8.60709e-01 2.77373e-01 -3.26544e-03 2.92169e-03
-8.28483e-01 3.26428e-01 -2.66755e-03 4.42587e-03
-8.28483e-01 3.26428e-01 -2.66755e-03 4.42587e-03
-8.28483e-01 3.26428e-01 -2.66755e-03 4.42587e-03
-8.28483e-01 3.26428e-01 -2.66755e-03 4.42587e-03
-8.28483e-01 3.26428e-01 -2.66755e-03 4.42587e-03
-8.28483e-01 3.26428e-01 -2.66755e-03 4.42587e-03
-6.03550e-01 6.03550e-01 -3.71676e-03 3.71676e-03
-8.28483e-01 3.26428e-01 -2.66755e-03 4.42587e-03
-8.28483e-01 3.26428e-01 -2.66755e-03 4.42587e-03
-8.28483e-01 3.26428e-01 -2.66755e-03 4.42587e-03
-8.28483e-01 3.26428e-01 -2.66755e-03 4.42587e-03
-8.28483e-01 3.26428e-01 -2.66755e-03 4.42587e-03
-8.28483e-01 3.26428e-01 -2.66755e-03 4.42587e-03
-8.28483e-01 3.26428e-01 -2.66755e-03 4.42587e-03
-8.28483e-01 3.26428e-01 -2.66755e-03 4.42587e-03
-8.28483e-01 3.26428e-01 -2.66755e-03 4.42587e-03
-8.28483e-01 3.26428e-01 -2.66755e-03 4.42587e-03
-8.28483e-01 3.26428e-01 -2.66755e-03 4.42587e-03
0.00000e+00 1.00000e+00 0.00000e+00 4.68974e-03
-1.25000e+00 1.12806e-17 -4.70702e-03 5.29832e-04
-1.22967e+00 6.99381e-02 -4.13941e-03 1.79624e-03
-1.20450e+00 1.38512e-01 -3.85546e-03 2.30432e-03
-1.17449e+00 2.05724e-01 -3.70043e-03 2.42029e-03
-1.14448e+00 2.72936e-01 -3.51671e-03 2.51701e-03
-1.10963e+00 3.38785e-01 -3.14573e-03 2.97612e-03
-1.06994e+00 4.03267e-01 -2.41524e-03 4.21903e-03
-1.05102e+00 4.07079e-01 -2.29278e-03 4.48416e-03
-1.03705e+00 3.99639e-01 -2.34116e-03 4.43563e-03
-1.01360e+00 3.90571e-01 -2.37755e-03 4.43460e-03
-9.89172e-01 3.81347e-01 -2.41554e-03 4.43349e-03
-9.57290e-01 3.69655e-01 -2.46521e-03 4.43201e-03
-9.17574e-01 3.55638e-01 -2.52728e-03 4.43011e-03
-8.76172e-01 3.41678e-01 -2.59227e-03 4.42813e-03
-8.28483e-01 3.26428e-01 -2.66755e-03 4.42587e-03
-8.28483e-01 3.26428e-01 -2.66755e-03 4.42587e-03
-8.28483e-01 3.26428e-01 -2.66755e-03 4.42587e-03
-8.28483e-01 3.26428e-01 -2.66755e-03 4.42587e-03
-8.28483e-01 3.26428e-01 -2.66755e-03 4.42587e-03
-8.28483e-01 3.26428e-01 -2.66755e-03 4.42587e-03
-8.28483e-01 3.26428e-01 -2.66755e-03 4.42587e-03
-8.28483e-01 3.26428e-01 -2.66755e-03 4.42587e-03
-8.28483e-01 3.26428e-01 -2.66755e-03 4.42587e-03
-8.28483e-01 3.26428e-01 -2.66755e-03 4.42587e-03
-8.28483e-01 3.26428e-01 -2.66755e-03 4.42587e-03
-1.50000e+00 0.00000e+00 -4.34846e-03 0.00000e+00
-1.48323e+00 9.08573e-02 -4.05653e-03 2.14785e-03
-1.45965e+00 1.79258e-01 -3.74446e-03 2.60282e-03
-1.42927e+00 2.65198e-01 -3.58164e-03 2.69662e-03
-1.39889e+00 3.51140e-01 -3.37153e-03 2.77411e-03
-1.36172e+00 4.34619e-01 -2.91975e-03 3.18233e-03
-1.31773e+00 5.15641e-01 -2.01560e-03 4.30425e-03
-1.35967e+00 5.47974e-01 -1.80775e-03 4.48388e-03
-1.37088e+00 5.53755e-01 -1.79002e-03 4.48356e-03
-1.28326e+00 5.07371e-01 -1.96012e-03 4.44286e-03
-1.37571e+00 5.56252e-01 -1.78243e-03 4.48337e-03
-1.23713e+00 4.85466e-01 -2.03158e-03 4.44218e-03
-1.19991e+00 4.68366e-01 -2.08916e-03 4.44136e-03
-1.16052e+00 4.50827e-01 -2.15007e-03 4.44026e-03
-1.11252e+00 4.30243e-01 -2.22429e-03 4.43865e-03
-1.05301e+00 4.05930e-01 -2.31642e-03 4.43631e-03
-9.88971e-01 3.81272e-01 -2.41585e-03 4.43348e-03
-9.11719e-01 3.53624e-01 -2.53645e-03 4.42983e-03
-8.28483e-01 3.26428e-01 -2.66755e-03 4.42587e-03
-8.28483e-01 3.26428e-01 -2.66755e-03 4.42587e-03
-8.28483e-01 3.26428e-01 -2.66755e-03 4.42587e-03
-8.28483e-01 3.26428e-01 -2.66755e-03 4.42587e-03
-8.28483e-01 3.26428e-01 -2.66755e-03 4.42587e-03
-8.28483e-01 3.26428e-01 -2.66755e-03 4.42587e-03
0.00000e+00 1.50000e+00 0.00000e+00 4.34847e-03
-1.75000e+00 -1.26831e-15 -4.70039e-03 1.39222e-03
-1.73628e+00 1.21686e-01 -3.94178e-03 2.47741e-03
-1.71450e+00 2.37931e-01 -3.60355e-03 2.87992e-03
-1.68468e+00 3.48729e-01 -3.43101e-03 2.94925e-03
-1.65485e+00 4.59527e-01 -3.17383e-03 3.02128e-03
-1.61698e+00 5.64882e-01 -2.59912e-03 3.41807e-03
-1.58305e+00 6.71613e-01 -1.45050e-03 4.47126e-03
-1.60397e+00 6.84095e-01 -1.41648e-03 4.46931e-03
-1.64621e+00 7.09763e-01 -1.34740e-03 4.46495e-03
-1.53973e+00 6.46252e-01 -1.52058e-03 4.47484e-03
-1.56809e+00 6.59706e-01 -1.51273e-03 4.43627e-03
-1.54991e+00 6.49117e-01 -1.54176e-03 4.43736e-03
-1.40069e+00 5.69339e-01 -1.74285e-03 4.48252e-03
-1.49013e+00 6.15125e-01 -1.63666e-03 4.44024e-03
-1.44729e+00 5.91546e-01 -1.70420e-03 4.44166e-03
-1.39097e+00 5.61546e-01 -1.79249e-03 4.44278e-03
-1.32988e+00 5.30303e-01 -1.88772e-03 4.44314e-03
-1.25087e+00 4.91909e-01 -2.01031e-03 4.44242e-03
-1.15341e+00 4.47722e-01 -2.16107e-03 4.44004e-03
-1.04281e+00 4.01896e-01 -2.33224e-03 4.43588e-03
-9.02248e-01 3.50393e-01 -2.55130e-03 4.42938e-03
-8.28483e-01 3.26428e-01 -2.66755e-03 4.42587e-03
-8.28483e-01 3.26428e-01 -2.66755e-03 4.42587e-03
-8.28483e-01 3.26428e-01 -2.66755e-03 4.42587e-03
-8.28483e-01 3.26428e-01 -2.66755e-03 4.42587e-03
-2.00000e+00 0.00000e+00 -5.88597e-03 0.00000e+00
-1.98933e+00 1.52514e-01 -3.83798e-03 2.73420e-03
-1.96935e+00 2.96601e-01 -3.46975e-03 3.11054e-03
-1.94009e+00 4.32257e-01 -3.28873e-03 3.17482e-03
-1.91081e+00 5.67914e-01 -3.01940e-03 3.21420e-03
-1.87224e+00 6.95138e-01 -2.40476e-03 3.50695e-03
-1.82437e+00 8.13935e-01 -1.17583e-03 4.34956e-03
-1.79042e+00 8.01997e-01 -1.10740e-03 4.44501e-03
-1.85633e+00 8.42769e-01 -1.03902e-03 4.40306e-03
-1.85908e+00 8.44650e-01 -1.03435e-03 4.40259e-03
-1.86113e+00 8.46055e-01 -1.03087e-03 4.40223e-03
-1.85201e+00 8.39822e-01 -1.04633e-03 4.40381e-03
-1.83075e+00 8.25381e-01 -1.08227e-03 4.40735e-03
-1.80802e+00 8.10119e-01 -1.12047e-03 4.41092e-03
-1.77160e+00 7.86025e-01 -1.18125e-03 4.41619e-03
-1.71867e+00 7.51804e-01 -1.26875e-03 4.42289e-03
-1.66265e+00 7.16625e-01 -1.36032e-03 4.42881e-03
-1.58740e+00 6.71076e-01 -1.48181e-03 4.43499e-03
-1.48754e+00 6.13684e-01 -1.64075e-03 4.44034e-03
-1.37688e+00 5.54223e-01 -1.81449e-03 4.44294e-03
-1.23046e+00 4.82360e-01 -2.04192e-03 4.44205e-03
-1.03277e+00 3.97967e-01 -2.34780e-03 4.43544e-03
-8.28483e-01 3.26428e-01 -2.66755e-03 4.42587e-03
-8.28483e-01 3.26428e-01 -2.66755e-03 4.42587e-03
0.00000e+00 2.00000e+00 0.00000e+00 5.88598e-03
-2.25000e+00 -1.15585e-17 -4.61779e-03 2.06535e-03
-2.24187e+00 1.93253e-01 -3.70305e-03 2.98450e-03
-2.22391e+00 3.73199e-01 -3.31018e-03 3.33384e-03
-2.19610e+00 5.39842e-01 -3.11949e-03 3.38850e-03
-2.16831e+00 7.06484e-01 -2.81520e-03 3.40519e-03
-2.13067e+00 8.59825e-01 -2.11081e-03 3.62882e-03
-2.08320e+00 9.99857e-01 -7.16044e-04 4.31407e-03
-2.11790e+00 1.03286e+00 -5.79802e-04 4.34169e-03
-2.24757e+00 1.13984e+00 -2.86540e-04 4.31953e-03
-2.15813e+00 1.06405e+00 -5.06091e-04 4.32917e-03
-2.17288e+00 1.07561e+00 -4.78846e-04 4.32437e-03
-2.17382e+00 1.07635e+00 -4.77101e-04 4.32406e-03
-2.16137e+00 1.06658e+00 -5.00126e-04 4.32813e-03
-2.14725e+00 1.05557e+00 -5.26106e-04 4.33265e-03
-2.11746e+00 1.03252e+00 -5.80607e-04 4.34183e-03
-2.06960e+00 9.96098e-01 -6.67130e-04 4.35558e-03
-2.01808e+00 9.57705e-01 -7.58949e-04 4.36907e-03
-1.94626e+00 9.05610e-01 -8.84787e-04 4.38569e-03
-1.84823e+00 8.37243e-01 -1.05273e-03 4.40445e-03
-1.73987e+00 7.65396e-01 -1.23383e-03 4.42034e-03
-1.59448e+00 6.75275e-01 -1.47045e-03 4.43449e-03
-1.39393e+00 5.63094e-01 -1.78786e-03 4.44274e-03
-1.13930e+00 4.41622e-01 -2.18287e-03 4.43958e-03
-8.28483e-01 3.26428e-01 -2.66755e-03 4.42587e-03
-8.28483e-01 3.26428e-01 -2.66755e-03 4.42587e-03
-2.50000e+00 0.00000e+00 -6.73461e-03 0.00000e+00
-2.48729e+00 2.43499e-01 -3.54383e-03 3.22170e-03
-2.47126e+00 4.67070e-01 -3.13379e-03 3.54642e-03
-2.44953e+00 6.71095e-01 -2.93044e-03 3.59067e-03
-2.41979e+00 8.73980e-01 -2.56421e-03 3.58072e-03
-2.38437e+00 1.05722e+00 -1.70685e-03 3.74611e-03
-2.34445e+00 1.21992e+00 -9.78664e-05 4.27844e-03
-2.34553e+00 1.21598e+00 -1.50355e-04 4.25890e-03
-2.34553e+00 1.21598e+00 -1.50355e-04 4.25890e-03
-2.34553e+00 1.21598e+00 -1.50355e-04 4.25890e-03
-2.34553e+00 1.21598e+00 -1.50355e-04 4.25890e-03
-2.34553e+00 1.21598e+00 -1.50355e-04 4.25890e-03
-2.34553e+00 1.21598e+00 -1.50355e-04 4.25890e-03
-2.34553e+00 1.21598e+00 -1.50355e-04 4.25890e-03
-2.34553e+00 1.21598e+00 -1.50355e-04 4.25890e-03
-2.34553e+00 1.21598e+00 -1.50355e-04 4.25890e-03
-2.34553e+00 1.21598e+00 -1.50355e-04 4.25890e-03
-2.31044e+00 1.18671e+00 -2.18600e-04 4.27361e-03
-2.21240e+00 1.10693e+00 -4.05217e-04 4.31089e-03
-2.10611e+00 1.02382e+00 -6.01236e-04 4.34520e-03
-1.96075e+00 9.15983e-01 -8.59601e-04 4.38253e-03
-1.76270e+00 7.80205e-01 -1.19604e-03 4.41739e-03
-1.51607e+00 6.29723e-01 -1.59557e-03 4.43912e-03
-1.10640e+00 4.27680e-01 -2.23376e-03 4.43843e-03
0.00000e+00 2.50000e+00 0.00000e+00 6.73460e-03
-2.49700e+00 0.00000e+00 -4.54116e-03 2.35519e-03
-2.48524e+00 2.78794e-01 -3.45364e-03 3.29917e-03
-2.46479e+00 5.35507e-01 -3.06181e-03 3.57995e-03
-2.43706e+00 7.63676e-01 -2.80746e-03 3.57921e-03
-2.39901e+00 9.87036e-01 -2.12436e-03 3.64594e-03
-2.35495e+00 1.18053e+00 -5.88234e-04 4.10031e-03
-2.34445e+00 1.21993e+00 -9.78229e-05 4.27846e-03
-2.34553e+00 1.21598e+00 -1.50355e-04 4.25890e-03
-2.34553e+00 1.21598e+00 -1.50355e-04 4.25890e-03
-2.34445e+00 1.21993e+00 -9.78431e-05 4.27845e-03
-2.34553e+00 1.21598e+00 -1.50355e-04 4.25890e-03
-2.34553e+00 1.21598e+00 -1.50355e-04 4.25890e-03
-2.34553e+00 1.21598e+00 -1.50355e-04 4.25890e-03
-2.34553e+00 1.21598e+00 -1.50355e-04 4.25890e-03
-2.34553e+00 1.21598e+00 -1.50355e-04 4.25890e-03
-2.34553e+00 1.21598e+00 -1.50355e-04 4.25890e-03
-2.34553e+00 1.21598e+00 -1.50355e-04 4.25890e-03
-2.34553e+00 1.21598e+00 -1.50355e-04 4.25890e-03
-2.34553e+00 1.21598e+00 -1.50355e-04 4.25890e-03
-2.34553e+00 1.21598e+00 -1.50355e-04 4.25890e-03
-2.29089e+00 1.17057e+00 -2.56269e-04 4.28149e-03
-2.09353e+00 1.01422e+00 -6.24023e-04 4.34885e-03
-1.85365e+00 8.40938e-01 -1.04356e-03 4.40353e-03
-1.47913e+00 6.09007e-01 -1.65404e-03 4.44065e-03
-8.28483e-01 3.26428e-01 -2.66755e-03 4.42587e-03
-3.00000e+00 0.00000e+00 -7.77904e-03 0.00000e+00
-2.48257e+00 3.20904e-01 -3.36048e-03 3.37765e-03
-2.45635e+00 6.14090e-01 -2.98794e-03 3.59286e-03
-2.42092e+00 8.67257e-01 -2.58335e-03 3.57941e-03
-2.37271e+00 1.10862e+00 -1.30847e-03 3.86138e-03
-2.34553e+00 1.21598e+00 -1.50355e-04 4.25890e-03
-2.34446e+00 1.21991e+00 -9.80952e-05 4.27835e-03
-2.34553e+00 1.21598e+00 -1.50355e-04 4.25890e-03
-2.34553e+00 1.21598e+00 -1.50355e-04 4.25890e-03
-2.34553e+00 1.21598e+00 -1.50355e-04 4.25890e-03
-2.34553e+00 1.21598e+00 -1.50355e-04 4.25890e-03
-2.34553e+00 1.21598e+00 -1.50355e-04 4.25890e-03
-2.34553e+00 1.21598e+00 -1.50355e-04 4.25890e-03
-2.34553e+00 1.21598e+00 -1.50355e-04 4.25890e-03
-2.34553e+00 1.21598e+00 -1.50355e-04 4.25890e-03
-2.34553e+00 1.21598e+00 -1.50355e-04 4.25890e-03
-2.34553e+00 1.21598e+00 -1.50355e-04 4.25890e-03
-2.34553e+00 1.21598e+00 -1.50355e-04 4.25890e-03
-2.34553e+00 1.21598e+00 -1.50355e-04 4.25890e-03
-2.34864e+00 1.21859e+00 -1.44269e-04 4.25756e-03
-2.34553e+00 1.21598e+00 -1.50355e-04 4.25890e-03
-2.34553e+00 1.21598e+00 -1.50355e-04 4.25890e-03
-2.17701e+00 1.07886e+00 -4.71198e-04 4.32300e-03
-1.81857e+00 8.17180e-01 -1.10276e-03 4.40929e-03
0.00000e+00 3.00000e+00 0.00000e+00 7.77904e-03
-2.49700e+00 -1.21663e-14 -4.54116e-03 2.35519e-03
-2.47925e+00 3.68385e-01 -3.27219e-03 3.44910e-03
-2.44578e+00 7.00333e-01 -2.89679e-03 3.58741e-03
-2.40093e+00 9.77336e-01 -2.17223e-03 3.63635e-03
-2.34446e+00 1.21989e+00 -9.82797e-05 4.27829e-03
-2.34553e+00 1.21598e+00 -1.50355e-04 4.25890e-03
-2.34553e+00 1.21598e+00 -1.50355e-04 4.25890e-03
-2.34553e+00 1.21598e+00 -1.50355e-04 4.25890e-03
-2.34553e+00 1.21598e+00 -1.50355e-04 4.25890e-03
-2.34553e+00 1.21598e+00 -1.50355e-04 4.25890e-03
-2.34553e+00 1.21598e+00 -1.50355e-04 4.25890e-03
-2.34553e+00 1.21598e+00 -1.50355e-04 4.25890e-03
-2.34553e+00 1.21598e+00 -1.50355e-04 4.25890e-03
-2.34553e+00 1.21598e+00 -1.50355e-04 4.25890e-03
-2.34553e+00 1.21598e+00 -1.50355e-04 4.25890e-03
-2.34553e+00 1.21598e+00 -1.50355e-04 4.25890e-03
-2.34553e+00 1.21598e+00 -1.50355e-04 4.25890e-03
-2.34553e+00 1.21598e+00 -1.50355e-04 4.25890e-03
-2.34553e+00 1.21598e+00 -1.50355e-04 4.25890e-03
-2.34553e+00 1.21598e+00 -1.50355e-04 4.25890e-03
-2.34553e+00 1.21598e+00 -1.50355e-04 4.25890e-03
-2.34553e+00 1.21598e+00 -1.50355e-04 4.25890e-03
-2.34553e+00 1.21598e+00 -1.50355e-04 4.25890e-03
-2.13038e+00 1.04248e+00 -5.57036e-04 4.33790e-03
-1.43417e+00 5.84460e-01 -1.72480e-03 4.44199e-03
-3.50000e+00 0.00000e+00 -8.89180e-03 0.00000e+00
-2.47576e+00 4.13749e-01 -3.20203e-03 3.50185e-03
-2.43481e+00 7.79123e-01 -2.78118e-03 3.57761e-03
-2.38107e+00 1.07216e+00 -1.59990e-03 3.77551e-03
-2.34445e+00 1.21992e+00 -9.78923e-05 4.27843e-03
-2.34446e+00 1.21991e+00 -9.81065e-05 4.27835e-03
-2.34553e+00 1.21598e+00 -1.50355e-04 4.25890e-03
-2.34553e+00 1.21598e+00 -1.50355e-04 4.25890e-03
-2.34553e+00 1.21598e+00 -1.50355e-04 4.25890e-03
-2.34553e+00 1.21598e+00 -1.50355e-04 4.25890e-03
-2.34445e+00 1.21993e+00 -9.78113e-05 4.27846e-03
-2.34553e+00 1.21598e+00 -1.50355e-04 4.25890e-03
-2.34553e+00 1.21598e+00 -1.50355e-04 4.25890e-03
-2.34553e+00 1.21598e+00 -1.50355e-04 4.25890e-03
-2.34553e+00 1.21598e+00 -1.50355e-04 4.25890e-03
-2.34553e+00 1.21598e+00 -1.50355e-04 4.25890e-03
-2.34553e+00 1.21598e+00 -1.50355e-04 4.25890e-03
-2.34553e+00 1.21598e+00 -1.50355e-04 4.25890e-03
-2.34553e+00 1.21598e+00 -1.50355e-04 4.25890e-03
-2.34553e+00 1.21598e+00 -1.50355e-04 4.25890e-03
-2.34553e+00 1.21598e+00 -1.50355e-04 4.25890e-03
-2.34553e+00 1.21598e+00 -1.50355e-04 4.25890e-03
-2.34553e+00 1.21598e+00 -1.50355e-04 4.25890e-03
-2.34553e+00 1.21598e+00 -1.50355e-04 4.25890e-03
0.00000e+00 3.50000e+00 0.00000e+00 8.89180e-03
-2.49700e+00 -1.21663e-14 -4.54116e-03 2.35519e-03
-2.47157e+00 4.63487e-01 -3.13798e-03 3.54397e-03
-2.42181e+00 8.61948e-01 -2.59801e-03 3.57853e-03
-2.35794e+00 1.16893e+00 -7.18905e-04 4.05470e-03
-2.34553e+00 1.21598e+00 -1.50355e-04 4.25890e-03
-2.34445e+00 1.21993e+00 -9.78404e-05 4.27845e-03
-2.34553e+00 1.21598e+00 -1.50355e-04 4.25890e-03
-2.34553e+00 1.21598e+00 -1.50355e-04 4.25890e-03
-2.34553e+00 1.21598e+00 -1.50355e-04 4.25890e-03
-2.34553e+00 1.21598e+00 -1.50355e-04 4.25890e-03
-2.34445e+00 1.21993e+00 -9.77900e-05 4.27847e-03
-2.34553e+00 1.21598e+00 -1.50355e-04 4.25890e-03
-2.34553e+00 1.21598e+00 -1.50355e-04 4.25890e-03
-2.34553e+00 1.21598e+00 -1.50355e-04 4.25890e-03
-2.34553e+00 1.21598e+00 -1.50355e-04 4.25890e-03
-2.34553e+00 1.21598e+00 -1.50355e-04 4.25890e-03
-2.34553e+00 1.21598e+00 -1.50355e-04 4.25890e-03
-2.34553e+00 1.21598e+00 -1.50355e-04 4.25890e-03
-2.34553e+00 1.21598e+00 -1.50355e-04 4.25890e-03
-2.34553e+00 1.21598e+00 -1.50355e-04 4.25890e-03
-2.34553e+00 1.21598e+00 -1.50355e-04 4.25890e-03
-2.34553e+00 1.21598e+00 -1.50355e-04 4.25890e-03
-2.34553e+00 1.21598e+00 -1.50355e-04 4.25890e-03
-2.34553e+00 1.21598e+00 -1.50355e-04 4.25890e-03
-2.07694e+00 1.00164e+00 -6.53932e-04 4.35355e-03
-4.00000e+00 0.00000e+00 -1.00000e-02 0.00000e+00
-2.46658e+00 5.17354e-01 -3.07970e-03 3.57337e-03
-2.40632e+00 9.49278e-01 -2.29893e-03 3.61342e-03
-2.34445e+00 1.21992e+00 -9.78881e-05 4.27843e-03
-2.34553e+00 1.21598e+00 -1.50355e-04 4.25890e-03
-2.34445e+00 1.21993e+00 -9.78456e-05 4.27845e-03
-2.34553e+00 1.21598e+00 -1.50355e-04 4.25890e-03
-2.34553e+00 1.21598e+00 -1.50355e-04 4.25890e-03
-2.34553e+00 1.21598e+00 -1.50355e-04 4.25890e-03
-2.34553e+00 1.21598e+00 -1.50355e-04 4.25890e-03
-2.34445e+00 1.21993e+00 -9.78057e-05 4.27846e-03
-4.00000e+00 4.00000e+00 -1.00000e-02 1.00000e-02
-4.00000e+00 4.00000e+00 -1.00000e-02 1.00000e-02
-4.00000e+00 4.00000e+00 -1.00000e-02 1.00000e-02
-2.34553e+00 1.21598e+00 -1.50355e-04 4.25890e-03
-2.34553e+00 1.21598e+00 -1.50355e-04 4.25890e-03
-2.34553e+00 1.21598e+00 -1.50355e-04 4.25890e-03
-2.34553e+00 1.21598e+00 -1.50355e-04 4.25890e-03
-3.00001e+00 4.00000e+00 -7.70863e-03 1.00000e-02
-2.34553e+00 1.21598e+00 -1.50355e-04 4.25890e-03
-2.34553e+00 1.21598e+00 -1.50355e-04 4.25890e-03
-2.34553e+00 1.21598e+00 -1.50355e-04 4.25890e-03
-2.34553e+00 1.21598e+00 -1.50355e-04 4.25890e-03
-2.34553e+00 1.21598e+00 -1.50355e-04 4.25890e-03
0.00000e+00 4.00000e+00 0.00000e+00 1.00000e-02
