-1.00000e+00 0.00000e+00 -4.73627e-03 0.00000e+00
-9.02400e-01 2.35700e-01 -4.75876e-03 1.85838e-03
-7.70200e-01 4.36900e-01 -4.45396e-03 2.88672e-03
-4.36900e-01 7.70200e-01 -2.88678e-03 4.45399e-03
-2.35700e-01 9.02400e-01 -1.85846e-03 4.75880e-03
0.00000e+00 1.00000e+00 0.00000e+00 4.73620e-03
-2.00000e+00 0.00000e+00 -4.87559e-03 0.00000e+00
-1.96750e+00 4.11900e-01 -4.68066e-03 7.61766e-04
-1.72900e+00 8.40100e-01 -5.02355e-03 2.80630e-03
-8.40100e-01 1.72900e+00 -2.80637e-03 5.02355e-03
-4.11900e-01 1.96700e+00 -7.61941e-04 4.67981e-03
0.00000e+00 2.00000e+00 0.00000e+00 4.87559e-03
-3.00000e+00 0.00000e+00 -7.94774e-03 0.00000e+00
-3.00000e+00 1.22220e+00 -8.18312e-03 3.67452e-03
-2.80560e+00 2.02780e+00 -7.39911e-03 5.54488e-03
-2.02780e+00 2.80560e+00 -5.54482e-03 7.39909e-03
-1.22220e+00 3.00000e+00 -3.67450e-03 8.18303e-03
0.00000e+00 3.00000e+00 0.00000e+00 7.94774e-03
-4.00000e+00 0.00000e+00 -1.00000e-02 0.00000e+00
-4.00000e+00 2.66670e+00 -1.00000e-02 7.22463e-03
-4.00000e+00 4.00000e+00 -1.00000e-02 1.00000e-02
-4.00000e+00 4.00000e+00 -1.00000e-02 1.00000e-02
-2.66670e+00 4.00000e+00 -7.22461e-03 1.00000e-02
0.00000e+00 4.00000e+00 0.00000e+00 1.00000e-02
