0.00e+00 0.00e+00 0.00e+00 0.00e+00
1.67e-01 0.00e+00 0.00e+00 0.00e+00
3.33e-01 0.00e+00 0.00e+00 0.00e+00
5.00e-01 0.00e+00 0.00e+00 0.00e+00
6.66e-01 0.00e+00 0.00e+00 0.00e+00
8.33e-01 0.00e+00 0.00e+00 0.00e+00
1.00e+00 0.00e+00 0.00e+00 0.00e+00
1.17e+00 0.00e+00 0.00e+00 0.00e+00
1.33e+00 0.00e+00 0.00e+00 0.00e+00
1.50e+00 0.00e+00 0.00e+00 0.00e+00
1.67e+00 0.00e+00 0.00e+00 0.00e+00
1.83e+00 0.00e+00 0.00e+00 0.00e+00
2.00e+00 0.00e+00 0.00e+00 0.00e+00
2.17e+00 0.00e+00 0.00e+00 0.00e+00
2.33e+00 0.00e+00 0.00e+00 0.00e+00
2.50e+00 0.00e+00 0.00e+00 0.00e+00
2.67e+00 0.00e+00 0.00e+00 0.00e+00
2.83e+00 0.00e+00 0.00e+00 0.00e+00
3.00e+00 0.00e+00 0.00e+00 0.00e+00
3.17e+00 0.00e+00 0.00e+00 0.00e+00
3.33e+00 0.00e+00 0.00e+00 0.00e+00
3.50e+00 0.00e+00 0.00e+00 0.00e+00
3.67e+00 0.00e+00 0.00e+00 0.00e+00
3.83e+00 0.00e+00 0.00e+00 0.00e+00
4.00e+00 0.00e+00 0.00e+00 0.00e+00
0.00e+00 1.67e-01 4.02e-03 8.21e-03
1.67e-01 1.67e-01 2.27e-04 2.35e-03
3.33e-01 1.67e-01 1.69e-03 4.70e-03
5.00e-01 1.67e-01 1.03e-03 3.77e-03
6.66e-01 1.67e-01 8.85e-04 3.67e-03
8.33e-01 1.67e-01 7.56e-04 3.60e-03
1.00e+00 1.67e-01 6.34e-04 3.56e-03
1.17e+00 1.67e-01 5.14e-04 3.52e-03
1.33e+00 1.67e-01 4.06e-04 3.50e-03
1.50e+00 1.67e-01 3.02e-04 3.48e-03
1.67e+00 1.67e-01 1.98e-04 3.47e-03
1.83e+00 1.67e-01 9.93e-05 3.47e-03
2.00e+00 1.67e-01 -2.80e-16 3.47e-03
2.17e+00 1.67e-01 -9.93e-05 3.47e-03
2.33e+00 1.67e-01 -1.98e-04 3.47e-03
2.50e+00 1.67e-01 -3.02e-04 3.48e-03
2.67e+00 1.67e-01 -4.06e-04 3.50e-03
2.83e+00 1.67e-01 -5.14e-04 3.52e-03
3.00e+00 1.67e-01 -6.34e-04 3.56e-03
3.17e+00 1.67e-01 -7.56e-04 3.60e-03
3.33e+00 1.67e-01 -8.85e-04 3.67e-03
3.50e+00 1.67e-01 -1.03e-03 3.77e-03
3.67e+00 1.67e-01 -1.69e-03 4.70e-03
3.83e+00 1.67e-01 -2.27e-04 2.35e-03
4.00e+00 1.67e-01 -4.02e-03 8.21e-03
0.00e+00 3.33e-01 5.81e-03 1.13e-02
1.67e-01 3.33e-01 5.40e-03 1.06e-02
3.33e-01 3.33e-01 2.63e-03 7.90e-03
5.00e-01 3.33e-01 2.62e-03 8.06e-03
6.66e-01 3.33e-01 1.95e-03 7.51e-03
8.33e-01 3.33e-01 1.68e-03 7.45e-03
1.00e+00 3.33e-01 1.38e-03 7.31e-03
1.17e+00 3.33e-01 1.09e-03 7.21e-03
1.33e+00 3.33e-01 8.58e-04 7.16e-03
1.50e+00 3.33e-01 6.35e-04 7.13e-03
1.67e+00 3.33e-01 4.14e-04 7.10e-03
1.83e+00 3.33e-01 2.07e-04 7.08e-03
2.00e+00 3.33e-01 4.34e-17 7.08e-03
2.17e+00 3.33e-01 -2.07e-04 7.08e-03
2.33e+00 3.33e-01 -4.14e-04 7.10e-03
2.50e+00 3.33e-01 -6.35e-04 7.13e-03
2.67e+00 3.33e-01 -8.58e-04 7.16e-03
2.83e+00 3.33e-01 -1.09e-03 7.21e-03
3.00e+00 3.33e-01 -1.38e-03 7.31e-03
3.17e+00 3.33e-01 -1.68e-03 7.45e-03
3.33e+00 3.33e-01 -1.95e-03 7.51e-03
3.50e+00 3.33e-01 -2.62e-03 8.06e-03
3.67e+00 3.33e-01 -2.63e-03 7.90e-03
3.83e+00 3.33e-01 -5.40e-03 1.06e-02
4.00e+00 3.33e-01 -5.81e-03 1.13e-02
0.00e+00 5.00e-01 7.41e-03 1.58e-02
1.67e-01 5.00e-01 6.07e-03 1.41e-02
3.33e-01 5.00e-01 4.89e-03 1.30e-02
5.00e-01 5.00e-01 3.98e-03 1.23e-02
6.66e-01 5.00e-01 3.17e-03 1.17e-02
8.33e-01 5.00e-01 2.61e-03 1.14e-02
1.00e+00 5.00e-01 2.16e-03 1.13e-02
1.17e+00 5.00e-01 1.70e-03 1.11e-02
1.33e+00 5.00e-01 1.33e-03 1.10e-02
1.50e+00 5.00e-01 9.87e-04 1.09e-02
1.67e+00 5.00e-01 6.41e-04 1.09e-02
1.83e+00 5.00e-01 3.21e-04 1.09e-02
2.00e+00 5.00e-01 -8.07e-17 1.09e-02
2.17e+00 5.00e-01 -3.21e-04 1.09e-02
2.33e+00 5.00e-01 -6.41e-04 1.09e-02
2.50e+00 5.00e-01 -9.87e-04 1.09e-02
2.67e+00 5.00e-01 -1.33e-03 1.10e-02
2.83e+00 5.00e-01 -1.70e-03 1.11e-02
3.00e+00 5.00e-01 -2.16e-03 1.13e-02
3.17e+00 5.00e-01 -2.61e-03 1.14e-02
3.33e+00 5.00e-01 -3.17e-03 1.17e-02
3.50e+00 5.00e-01 -3.98e-03 1.23e-02
3.67e+00 5.00e-01 -4.89e-03 1.30e-02
3.83e+00 5.00e-01 -6.07e-03 1.41e-02
4.00e+00 5.00e-01 -7.41e-03 1.58e-02
0.00e+00 6.66e-01 8.97e-03 1.99e-02
1.67e-01 6.66e-01 7.83e-03 1.87e-02
3.33e-01 6.66e-01 6.41e-03 1.74e-02
5.00e-01 6.66e-01 5.43e-03 1.67e-02
6.66e-01 6.66e-01 4.29e-03 1.58e-02
8.33e-01 6.66e-01 3.59e-03 1.55e-02
1.00e+00 6.66e-01 2.94e-03 1.52e-02
1.17e+00 6.66e-01 2.32e-03 1.50e-02
1.33e+00 6.66e-01 1.81e-03 1.48e-02
1.50e+00 6.66e-01 1.34e-03 1.47e-02
1.67e+00 6.66e-01 8.67e-04 1.47e-02
1.83e+00 6.66e-01 4.34e-04 1.46e-02
2.00e+00 6.66e-01 -9.89e-17 1.46e-02
2.17e+00 6.66e-01 -4.34e-04 1.46e-02
2.33e+00 6.66e-01 -8.67e-04 1.47e-02
2.50e+00 6.66e-01 -1.34e-03 1.47e-02
2.67e+00 6.66e-01 -1.81e-03 1.48e-02
2.83e+00 6.66e-01 -2.32e-03 1.50e-02
3.00e+00 6.66e-01 -2.94e-03 1.52e-02
3.17e+00 6.66e-01 -3.59e-03 1.55e-02
3.33e+00 6.66e-01 -4.29e-03 1.58e-02
3.50e+00 6.66e-01 -5.43e-03 1.67e-02
3.67e+00 6.66e-01 -6.41e-03 1.74e-02
3.83e+00 6.66e-01 -7.83e-03 1.87e-02
4.00e+00 6.66e-01 -8.97e-03 1.99e-02
0.00e+00 8.33e-01 1.01e-02 2.38e-02
1.67e-01 8.33e-01 8.93e-03 2.27e-02
3.33e-01 8.33e-01 7.73e-03 2.17e-02
5.00e-01 8.33e-01 6.58e-03 2.10e-02
6.66e-01 8.33e-01 5.50e-03 2.02e-02
8.33e-01 8.33e-01 4.51e-03 1.97e-02
1.00e+00 8.33e-01 3.75e-03 1.94e-02
1.17e+00 8.33e-01 2.96e-03 1.90e-02
1.33e+00 8.33e-01 2.31e-03 1.88e-02
1.50e+00 8.33e-01 1.71e-03 1.87e-02
1.67e+00 8.33e-01 1.10e-03 1.86e-02
1.83e+00 8.33e-01 5.53e-04 1.86e-02
2.00e+00 8.33e-01 -3.92e-16 1.86e-02
2.17e+00 8.33e-01 -5.53e-04 1.86e-02
2.33e+00 8.33e-01 -1.10e-03 1.86e-02
2.50e+00 8.33e-01 -1.71e-03 1.87e-02
2.67e+00 8.33e-01 -2.31e-03 1.88e-02
2.83e+00 8.33e-01 -2.96e-03 1.90e-02
3.00e+00 8.33e-01 -3.75e-03 1.94e-02
3.17e+00 8.33e-01 -4.51e-03 1.97e-02
3.33e+00 8.33e-01 -5.50e-03 2.02e-02
3.50e+00 8.33e-01 -6.58e-03 2.10e-02
3.67e+00 8.33e-01 -7.73e-03 2.17e-02
3.83e+00 8.33e-01 -8.93e-03 2.27e-02
4.00e+00 8.33e-01 -1.01e-02 2.38e-02
0.00e+00 1.00e+00 1.11e-02 2.77e-02
1.67e-01 1.00e+00 9.90e-03 2.68e-02
3.33e-01 1.00e+00 8.66e-03 2.59e-02
5.00e-01 1.00e+00 7.52e-03 2.52e-02
6.66e-01 1.00e+00 6.36e-03 2.44e-02
8.33e-01 1.00e+00 5.34e-03 2.39e-02
1.00e+00 1.00e+00 4.44e-03 2.35e-02
1.17e+00 1.00e+00 3.54e-03 2.32e-02
1.33e+00 1.00e+00 2.77e-03 2.30e-02
1.50e+00 1.00e+00 2.05e-03 2.28e-02
1.67e+00 1.00e+00 1.33e-03 2.27e-02
1.83e+00 1.00e+00 6.66e-04 2.26e-02
2.00e+00 1.00e+00 -4.68e-17 2.26e-02
2.17e+00 1.00e+00 -6.66e-04 2.26e-02
2.33e+00 1.00e+00 -1.33e-03 2.27e-02
2.50e+00 1.00e+00 -2.05e-03 2.28e-02
2.67e+00 1.00e+00 -2.77e-03 2.30e-02
2.83e+00 1.00e+00 -3.54e-03 2.32e-02
3.00e+00 1.00e+00 -4.44e-03 2.35e-02
3.17e+00 1.00e+00 -5.34e-03 2.39e-02
3.33e+00 1.00e+00 -6.36e-03 2.44e-02
3.50e+00 1.00e+00 -7.52e-03 2.52e-02
3.67e+00 1.00e+00 -8.66e-03 2.59e-02
3.83e+00 1.00e+00 -9.90e-03 2.68e-02
4.00e+00 1.00e+00 -1.11e-02 2.77e-02
0.00e+00 1.17e+00 1.20e-02 3.16e-02
1.67e-01 1.17e+00 1.08e-02 3.08e-02
3.33e-01 1.17e+00 9.62e-03 3.00e-02
5.00e-01 1.17e+00 8.44e-03 2.94e-02
6.66e-01 1.17e+00 7.27e-03 2.87e-02
8.33e-01 1.17e+00 6.14e-03 2.81e-02
1.00e+00 1.17e+00 5.14e-03 2.77e-02
1.17e+00 1.17e+00 4.13e-03 2.73e-02
1.33e+00 1.17e+00 3.23e-03 2.71e-02
1.50e+00 1.17e+00 2.39e-03 2.69e-02
1.67e+00 1.17e+00 1.56e-03 2.68e-02
1.83e+00 1.17e+00 7.79e-04 2.67e-02
2.00e+00 1.17e+00 -4.77e-16 2.67e-02
2.17e+00 1.17e+00 -7.79e-04 2.67e-02
2.33e+00 1.17e+00 -1.56e-03 2.68e-02
2.50e+00 1.17e+00 -2.39e-03 2.69e-02
2.67e+00 1.17e+00 -3.23e-03 2.71e-02
2.83e+00 1.17e+00 -4.13e-03 2.73e-02
3.00e+00 1.17e+00 -5.14e-03 2.77e-02
3.17e+00 1.17e+00 -6.14e-03 2.81e-02
3.33e+00 1.17e+00 -7.27e-03 2.87e-02
3.50e+00 1.17e+00 -8.44e-03 2.94e-02
3.67e+00 1.17e+00 -9.62e-03 3.00e-02
3.83e+00 1.17e+00 -1.08e-02 3.08e-02
4.00e+00 1.17e+00 -1.20e-02 3.16e-02
0.00e+00 1.33e+00 1.27e-02 3.54e-02
1.67e-01 1.33e+00 1.15e-02 3.48e-02
3.33e-01 1.33e+00 1.03e-02 3.41e-02
5.00e-01 1.33e+00 9.14e-03 3.35e-02
6.66e-01 1.33e+00 7.95e-03 3.29e-02
8.33e-01 1.33e+00 6.80e-03 3.24e-02
1.00e+00 1.33e+00 5.72e-03 3.20e-02
1.17e+00 1.33e+00 4.65e-03 3.16e-02
1.33e+00 1.33e+00 3.65e-03 3.13e-02
1.50e+00 1.33e+00 2.71e-03 3.11e-02
1.67e+00 1.33e+00 1.77e-03 3.09e-02
1.83e+00 1.33e+00 8.86e-04 3.09e-02
2.00e+00 1.33e+00 2.71e-16 3.09e-02
2.17e+00 1.33e+00 -8.86e-04 3.09e-02
2.33e+00 1.33e+00 -1.77e-03 3.09e-02
2.50e+00 1.33e+00 -2.71e-03 3.11e-02
2.67e+00 1.33e+00 -3.65e-03 3.13e-02
2.83e+00 1.33e+00 -4.65e-03 3.16e-02
3.00e+00 1.33e+00 -5.72e-03 3.20e-02
3.17e+00 1.33e+00 -6.80e-03 3.24e-02
3.33e+00 1.33e+00 -7.95e-03 3.29e-02
3.50e+00 1.33e+00 -9.14e-03 3.35e-02
3.67e+00 1.33e+00 -1.03e-02 3.41e-02
3.83e+00 1.33e+00 -1.15e-02 3.48e-02
4.00e+00 1.33e+00 -1.27e-02 3.54e-02
0.00e+00 1.50e+00 1.32e-02 3.93e-02
1.67e-01 1.50e+00 1.21e-02 3.87e-02
3.33e-01 1.50e+00 1.09e-02 3.82e-02
5.00e-01 1.50e+00 9.68e-03 3.76e-02
6.66e-01 1.50e+00 8.48e-03 3.71e-02
8.33e-01 1.50e+00 7.30e-03 3.66e-02
1.00e+00 1.50e+00 6.18e-03 3.62e-02
1.17e+00 1.50e+00 5.05e-03 3.59e-02
1.33e+00 1.50e+00 3.99e-03 3.56e-02
1.50e+00 1.50e+00 2.97e-03 3.54e-02
1.67e+00 1.50e+00 1.95e-03 3.52e-02
1.83e+00 1.50e+00 9.74e-04 3.51e-02
2.00e+00 1.50e+00 1.91e-17 3.51e-02
2.17e+00 1.50e+00 -9.74e-04 3.51e-02
2.33e+00 1.50e+00 -1.95e-03 3.52e-02
2.50e+00 1.50e+00 -2.97e-03 3.54e-02
2.67e+00 1.50e+00 -3.99e-03 3.56e-02
2.83e+00 1.50e+00 -5.05e-03 3.59e-02
3.00e+00 1.50e+00 -6.18e-03 3.62e-02
3.17e+00 1.50e+00 -7.30e-03 3.66e-02
3.33e+00 1.50e+00 -8.48e-03 3.71e-02
3.50e+00 1.50e+00 -9.68e-03 3.76e-02
3.67e+00 1.50e+00 -1.09e-02 3.82e-02
3.83e+00 1.50e+00 -1.21e-02 3.87e-02
4.00e+00 1.50e+00 -1.32e-02 3.93e-02
0.00e+00 1.67e+00 1.38e-02 4.32e-02
1.67e-01 1.67e+00 1.26e-02 4.27e-02
3.33e-01 1.67e+00 1.14e-02 4.22e-02
5.00e-01 1.67e+00 1.02e-02 4.18e-02
6.66e-01 1.67e+00 9.02e-03 4.13e-02
8.33e-01 1.67e+00 7.81e-03 4.09e-02
1.00e+00 1.67e+00 6.63e-03 4.05e-02
1.17e+00 1.67e+00 5.46e-03 4.01e-02
1.33e+00 1.67e+00 4.32e-03 3.98e-02
1.50e+00 1.67e+00 3.23e-03 3.97e-02
1.67e+00 1.67e+00 2.13e-03 3.95e-02
1.83e+00 1.67e+00 1.06e-03 3.94e-02
2.00e+00 1.67e+00 -1.35e-16 3.94e-02
2.17e+00 1.67e+00 -1.06e-03 3.94e-02
2.33e+00 1.67e+00 -2.13e-03 3.95e-02
2.50e+00 1.67e+00 -3.23e-03 3.97e-02
2.67e+00 1.67e+00 -4.32e-03 3.98e-02
2.83e+00 1.67e+00 -5.46e-03 4.01e-02
3.00e+00 1.67e+00 -6.63e-03 4.05e-02
3.17e+00 1.67e+00 -7.81e-03 4.09e-02
3.33e+00 1.67e+00 -9.02e-03 4.13e-02
3.50e+00 1.67e+00 -1.02e-02 4.18e-02
3.67e+00 1.67e+00 -1.14e-02 4.22e-02
3.83e+00 1.67e+00 -1.26e-02 4.27e-02
4.00e+00 1.67e+00 -1.38e-02 4.32e-02
0.00e+00 1.83e+00 1.42e-02 4.71e-02
1.67e-01 1.83e+00 1.30e-02 4.67e-02
3.33e-01 1.83e+00 1.18e-02 4.63e-02
5.00e-01 1.83e+00 1.06e-02 4.59e-02
6.66e-01 1.83e+00 9.40e-03 4.55e-02
8.33e-01 1.83e+00 8.18e-03 4.51e-02
1.00e+00 1.83e+00 6.97e-03 4.47e-02
1.17e+00 1.83e+00 5.77e-03 4.44e-02
1.33e+00 1.83e+00 4.58e-03 4.42e-02
1.50e+00 1.83e+00 3.43e-03 4.40e-02
1.67e+00 1.83e+00 2.27e-03 4.38e-02
1.83e+00 1.83e+00 1.13e-03 4.37e-02
2.00e+00 1.83e+00 1.39e-16 4.37e-02
2.17e+00 1.83e+00 -1.13e-03 4.37e-02
2.33e+00 1.83e+00 -2.27e-03 4.38e-02
2.50e+00 1.83e+00 -3.43e-03 4.40e-02
2.67e+00 1.83e+00 -4.58e-03 4.42e-02
2.83e+00 1.83e+00 -5.77e-03 4.44e-02
3.00e+00 1.83e+00 -6.97e-03 4.47e-02
3.17e+00 1.83e+00 -8.18e-03 4.51e-02
3.33e+00 1.83e+00 -9.40e-03 4.55e-02
3.50e+00 1.83e+00 -1.06e-02 4.59e-02
3.67e+00 1.83e+00 -1.18e-02 4.63e-02
3.83e+00 1.83e+00 -1.30e-02 4.67e-02
4.00e+00 1.83e+00 -1.42e-02 4.71e-02
0.00e+00 2.00e+00 1.45e-02 5.10e-02
1.67e-01 2.00e+00 1.33e-02 5.07e-02
3.33e-01 2.00e+00 1.21e-02 5.03e-02
5.00e-01 2.00e+00 1.09e-02 5.00e-02
6.66e-01 2.00e+00 9.68e-03 4.96e-02
8.33e-01 2.00e+00 8.45e-03 4.93e-02
1.00e+00 2.00e+00 7.22e-03 4.90e-02
1.17e+00 2.00e+00 5.99e-03 4.87e-02
1.33e+00 2.00e+00 4.78e-03 4.85e-02
1.50e+00 2.00e+00 3.57e-03 4.83e-02
1.67e+00 2.00e+00 2.37e-03 4.81e-02
1.83e+00 2.00e+00 1.19e-03 4.81e-02
2.00e+00 2.00e+00 1.01e-16 4.81e-02
2.17e+00 2.00e+00 -1.19e-03 4.81e-02
2.33e+00 2.00e+00 -2.37e-03 4.81e-02
2.50e+00 2.00e+00 -3.57e-03 4.83e-02
2.67e+00 2.00e+00 -4.78e-03 4.85e-02
2.83e+00 2.00e+00 -5.99e-03 4.87e-02
3.00e+00 2.00e+00 -7.22e-03 4.90e-02
3.17e+00 2.00e+00 -8.45e-03 4.93e-02
3.33e+00 2.00e+00 -9.68e-03 4.96e-02
3.50e+00 2.00e+00 -1.09e-02 5.00e-02
3.67e+00 2.00e+00 -1.21e-02 5.03e-02
3.83e+00 2.00e+00 -1.33e-02 5.07e-02
4.00e+00 2.00e+00 -1.45e-02 5.10e-02
0.00e+00 2.17e+00 1.48e-02 5.49e-02
1.67e-01 2.17e+00 1.36e-02 5.47e-02
3.33e-01 2.17e+00 1.24e-02 5.44e-02
5.00e-01 2.17e+00 1.12e-02 5.41e-02
6.66e-01 2.17e+00 9.97e-03 5.38e-02
8.33e-01 2.17e+00 8.72e-03 5.35e-02
1.00e+00 2.17e+00 7.47e-03 5.33e-02
1.17e+00 2.17e+00 6.22e-03 5.30e-02
1.33e+00 2.17e+00 4.97e-03 5.28e-02
1.50e+00 2.17e+00 3.72e-03 5.26e-02
1.67e+00 2.17e+00 2.48e-03 5.25e-02
1.83e+00 2.17e+00 1.24e-03 5.24e-02
2.00e+00 2.17e+00 3.37e-16 5.24e-02
2.17e+00 2.17e+00 -1.24e-03 5.24e-02
2.33e+00 2.17e+00 -2.48e-03 5.25e-02
2.50e+00 2.17e+00 -3.72e-03 5.26e-02
2.67e+00 2.17e+00 -4.97e-03 5.28e-02
2.83e+00 2.17e+00 -6.22e-03 5.30e-02
3.00e+00 2.17e+00 -7.47e-03 5.33e-02
3.17e+00 2.17e+00 -8.72e-03 5.35e-02
3.33e+00 2.17e+00 -9.97e-03 5.38e-02
3.50e+00 2.17e+00 -1.12e-02 5.41e-02
3.67e+00 2.17e+00 -1.24e-02 5.44e-02
3.83e+00 2.17e+00 -1.36e-02 5.47e-02
4.00e+00 2.17e+00 -1.48e-02 5.49e-02
0.00e+00 2.33e+00 1.51e-02 5.89e-02
1.67e-01 2.33e+00 1.39e-02 5.87e-02
3.33e-01 2.33e+00 1.26e-02 5.85e-02
5.00e-01 2.33e+00 1.14e-02 5.82e-02
6.66e-01 2.33e+00 1.02e-02 5.80e-02
8.33e-01 2.33e+00 8.90e-03 5.77e-02
1.00e+00 2.33e+00 7.64e-03 5.75e-02
1.17e+00 2.33e+00 6.37e-03 5.73e-02
1.33e+00 2.33e+00 5.10e-03 5.71e-02
1.50e+00 2.33e+00 3.82e-03 5.70e-02
1.67e+00 2.33e+00 2.55e-03 5.68e-02
1.83e+00 2.33e+00 1.27e-03 5.68e-02
2.00e+00 2.33e+00 4.30e-16 5.68e-02
2.17e+00 2.33e+00 -1.27e-03 5.68e-02
2.33e+00 2.33e+00 -2.55e-03 5.68e-02
2.50e+00 2.33e+00 -3.82e-03 5.70e-02
2.67e+00 2.33e+00 -5.10e-03 5.71e-02
2.83e+00 2.33e+00 -6.37e-03 5.73e-02
3.00e+00 2.33e+00 -7.64e-03 5.75e-02
3.17e+00 2.33e+00 -8.90e-03 5.77e-02
3.33e+00 2.33e+00 -1.02e-02 5.80e-02
3.50e+00 2.33e+00 -1.14e-02 5.82e-02
3.67e+00 2.33e+00 -1.26e-02 5.85e-02
3.83e+00 2.33e+00 -1.39e-02 5.87e-02
4.00e+00 2.33e+00 -1.51e-02 5.89e-02
0.00e+00 2.50e+00 1.52e-02 6.30e-02
1.67e-01 2.50e+00 1.40e-02 6.28e-02
3.33e-01 2.50e+00 1.28e-02 6.26e-02
5.00e-01 2.50e+00 1.15e-02 6.24e-02
6.66e-01 2.50e+00 1.03e-02 6.22e-02
8.33e-01 2.50e+00 9.03e-03 6.20e-02
1.00e+00 2.50e+00 7.75e-03 6.18e-02
1.17e+00 2.50e+00 6.47e-03 6.16e-02
1.33e+00 2.50e+00 5.18e-03 6.14e-02
1.50e+00 2.50e+00 3.89e-03 6.13e-02
1.67e+00 2.50e+00 2.60e-03 6.12e-02
1.83e+00 2.50e+00 1.30e-03 6.11e-02
2.00e+00 2.50e+00 2.43e-16 6.11e-02
2.17e+00 2.50e+00 -1.30e-03 6.11e-02
2.33e+00 2.50e+00 -2.60e-03 6.12e-02
2.50e+00 2.50e+00 -3.89e-03 6.13e-02
2.67e+00 2.50e+00 -5.18e-03 6.14e-02
2.83e+00 2.50e+00 -6.47e-03 6.16e-02
3.00e+00 2.50e+00 -7.75e-03 6.18e-02
3.17e+00 2.50e+00 -9.03e-03 6.20e-02
3.33e+00 2.50e+00 -1.03e-02 6.22e-02
3.50e+00 2.50e+00 -1.15e-02 6.24e-02
3.67e+00 2.50e+00 -1.28e-02 6.26e-02
3.83e+00 2.50e+00 -1.40e-02 6.28e-02
4.00e+00 2.50e+00 -1.52e-02 6.30e-02
0.00e+00 2.67e+00 1.54e-02 6.70e-02
1.67e-01 2.67e+00 1.42e-02 6.69e-02
3.33e-01 2.67e+00 1.29e-02 6.67e-02
5.00e-01 2.67e+00 1.17e-02 6.65e-02
6.66e-01 2.67e+00 1.04e-02 6.64e-02
8.33e-01 2.67e+00 9.15e-03 6.62e-02
1.00e+00 2.67e+00 7.87e-03 6.60e-02
1.17e+00 2.67e+00 6.58e-03 6.59e-02
1.33e+00 2.67e+00 5.27e-03 6.57e-02
1.50e+00 2.67e+00 3.96e-03 6.56e-02
1.67e+00 2.67e+00 2.64e-03 6.55e-02
1.83e+00 2.67e+00 1.32e-03 6.55e-02
2.00e+00 2.67e+00 3.12e-16 6.55e-02
2.17e+00 2.67e+00 -1.32e-03 6.55e-02
2.33e+00 2.67e+00 -2.64e-03 6.55e-02
2.50e+00 2.67e+00 -3.96e-03 6.56e-02
2.67e+00 2.67e+00 -5.27e-03 6.57e-02
2.83e+00 2.67e+00 -6.58e-03 6.59e-02
3.00e+00 2.67e+00 -7.87e-03 6.60e-02
3.17e+00 2.67e+00 -9.15e-03 6.62e-02
3.33e+00 2.67e+00 -1.04e-02 6.64e-02
3.50e+00 2.67e+00 -1.17e-02 6.65e-02
3.67e+00 2.67e+00 -1.29e-02 6.67e-02
3.83e+00 2.67e+00 -1.42e-02 6.69e-02
4.00e+00 2.67e+00 -1.54e-02 6.70e-02
0.00e+00 2.83e+00 1.55e-02 7.10e-02
1.67e-01 2.83e+00 1.43e-02 7.10e-02
3.33e-01 2.83e+00 1.30e-02 7.08e-02
5.00e-01 2.83e+00 1.18e-02 7.07e-02
6.66e-01 2.83e+00 1.05e-02 7.06e-02
8.33e-01 2.83e+00 9.23e-03 7.04e-02
1.00e+00 2.83e+00 7.93e-03 7.03e-02
1.17e+00 2.83e+00 6.64e-03 7.01e-02
1.33e+00 2.83e+00 5.32e-03 7.00e-02
1.50e+00 2.83e+00 4.00e-03 6.99e-02
1.67e+00 2.83e+00 2.67e-03 6.99e-02
1.83e+00 2.83e+00 1.34e-03 6.98e-02
2.00e+00 2.83e+00 6.42e-16 6.98e-02
2.17e+00 2.83e+00 -1.34e-03 6.98e-02
2.33e+00 2.83e+00 -2.67e-03 6.99e-02
2.50e+00 2.83e+00 -4.00e-03 6.99e-02
2.67e+00 2.83e+00 -5.32e-03 7.00e-02
2.83e+00 2.83e+00 -6.64e-03 7.01e-02
3.00e+00 2.83e+00 -7.93e-03 7.03e-02
3.17e+00 2.83e+00 -9.23e-03 7.04e-02
3.33e+00 2.83e+00 -1.05e-02 7.06e-02
3.50e+00 2.83e+00 -1.18e-02 7.07e-02
3.67e+00 2.83e+00 -1.30e-02 7.08e-02
3.83e+00 2.83e+00 -1.43e-02 7.10e-02
4.00e+00 2.83e+00 -1.55e-02 7.10e-02
0.00e+00 3.00e+00 1.55e-02 7.51e-02
1.67e-01 3.00e+00 1.43e-02 7.51e-02
3.33e-01 3.00e+00 1.31e-02 7.50e-02
5.00e-01 3.00e+00 1.18e-02 7.49e-02
6.66e-01 3.00e+00 1.06e-02 7.48e-02
8.33e-01 3.00e+00 9.27e-03 7.46e-02
1.00e+00 3.00e+00 7.97e-03 7.45e-02
1.17e+00 3.00e+00 6.67e-03 7.44e-02
1.33e+00 3.00e+00 5.35e-03 7.43e-02
1.50e+00 3.00e+00 4.02e-03 7.42e-02
1.67e+00 3.00e+00 2.69e-03 7.42e-02
1.83e+00 3.00e+00 1.34e-03 7.41e-02
2.00e+00 3.00e+00 5.13e-16 7.41e-02
2.17e+00 3.00e+00 -1.34e-03 7.41e-02
2.33e+00 3.00e+00 -2.69e-03 7.42e-02
2.50e+00 3.00e+00 -4.02e-03 7.42e-02
2.67e+00 3.00e+00 -5.35e-03 7.43e-02
2.83e+00 3.00e+00 -6.67e-03 7.44e-02
3.00e+00 3.00e+00 -7.97e-03 7.45e-02
3.17e+00 3.00e+00 -9.27e-03 7.46e-02
3.33e+00 3.00e+00 -1.06e-02 7.48e-02
3.50e+00 3.00e+00 -1.18e-02 7.49e-02
3.67e+00 3.00e+00 -1.31e-02 7.50e-02
3.83e+00 3.00e+00 -1.43e-02 7.51e-02
4.00e+00 3.00e+00 -1.55e-02 7.51e-02
0.00e+00 3.17e+00 1.56e-02 7.92e-02
1.67e-01 3.17e+00 1.44e-02 7.92e-02
3.33e-01 3.17e+00 1.31e-02 7.91e-02
5.00e-01 3.17e+00 1.19e-02 7.90e-02
6.66e-01 3.17e+00 1.06e-02 7.90e-02
8.33e-01 3.17e+00 9.32e-03 7.89e-02
1.00e+00 3.17e+00 8.02e-03 7.88e-02
1.17e+00 3.17e+00 6.71e-03 7.87e-02
1.33e+00 3.17e+00 5.38e-03 7.86e-02
1.50e+00 3.17e+00 4.04e-03 7.86e-02
1.67e+00 3.17e+00 2.70e-03 7.85e-02
1.83e+00 3.17e+00 1.35e-03 7.85e-02
2.00e+00 3.17e+00 7.22e-16 7.85e-02
2.17e+00 3.17e+00 -1.35e-03 7.85e-02
2.33e+00 3.17e+00 -2.70e-03 7.85e-02
2.50e+00 3.17e+00 -4.04e-03 7.86e-02
2.67e+00 3.17e+00 -5.38e-03 7.86e-02
2.83e+00 3.17e+00 -6.71e-03 7.87e-02
3.00e+00 3.17e+00 -8.02e-03 7.88e-02
3.17e+00 3.17e+00 -9.32e-03 7.89e-02
3.33e+00 3.17e+00 -1.06e-02 7.90e-02
3.50e+00 3.17e+00 -1.19e-02 7.90e-02
3.67e+00 3.17e+00 -1.31e-02 7.91e-02
3.83e+00 3.17e+00 -1.44e-02 7.92e-02
4.00e+00 3.17e+00 -1.56e-02 7.92e-02
0.00e+00 3.33e+00 1.57e-02 8.34e-02
1.67e-01 3.33e+00 1.44e-02 8.33e-02
3.33e-01 3.33e+00 1.32e-02 8.33e-02
5.00e-01 3.33e+00 1.19e-02 8.32e-02
6.66e-01 3.33e+00 1.06e-02 8.32e-02
8.33e-01 3.33e+00 9.34e-03 8.31e-02
1.00e+00 3.33e+00 8.04e-03 8.30e-02
1.17e+00 3.33e+00 6.73e-03 8.30e-02
1.33e+00 3.33e+00 5.40e-03 8.29e-02
1.50e+00 3.33e+00 4.05e-03 8.29e-02
1.67e+00 3.33e+00 2.71e-03 8.28e-02
1.83e+00 3.33e+00 1.36e-03 8.28e-02
2.00e+00 3.33e+00 6.80e-16 8.28e-02
2.17e+00 3.33e+00 -1.36e-03 8.28e-02
2.33e+00 3.33e+00 -2.71e-03 8.28e-02
2.50e+00 3.33e+00 -4.05e-03 8.29e-02
2.67e+00 3.33e+00 -5.40e-03 8.29e-02
2.83e+00 3.33e+00 -6.73e-03 8.30e-02
3.00e+00 3.33e+00 -8.04e-03 8.30e-02
3.17e+00 3.33e+00 -9.34e-03 8.31e-02
3.33e+00 3.33e+00 -1.06e-02 8.32e-02
3.50e+00 3.33e+00 -1.19e-02 8.32e-02
3.67e+00 3.33e+00 -1.32e-02 8.33e-02
3.83e+00 3.33e+00 -1.44e-02 8.33e-02
4.00e+00 3.33e+00 -1.57e-02 8.34e-02
0.00e+00 3.50e+00 1.57e-02 8.75e-02
1.67e-01 3.50e+00 1.44e-02 8.75e-02
3.33e-01 3.50e+00 1.32e-02 8.75e-02
5.00e-01 3.50e+00 1.19e-02 8.74e-02
6.66e-01 3.50e+00 1.06e-02 8.74e-02
8.33e-01 3.50e+00 9.36e-03 8.73e-02
1.00e+00 3.50e+00 8.05e-03 8.73e-02
1.17e+00 3.50e+00 6.74e-03 8.72e-02
1.33e+00 3.50e+00 5.41e-03 8.72e-02
1.50e+00 3.50e+00 4.06e-03 8.71e-02
1.67e+00 3.50e+00 2.72e-03 8.71e-02
1.83e+00 3.50e+00 1.36e-03 8.71e-02
2.00e+00 3.50e+00 7.36e-16 8.71e-02
2.17e+00 3.50e+00 -1.36e-03 8.71e-02
2.33e+00 3.50e+00 -2.72e-03 8.71e-02
2.50e+00 3.50e+00 -4.06e-03 8.71e-02
2.67e+00 3.50e+00 -5.41e-03 8.72e-02
2.83e+00 3.50e+00 -6.74e-03 8.72e-02
3.00e+00 3.50e+00 -8.05e-03 8.73e-02
3.17e+00 3.50e+00 -9.36e-03 8.73e-02
3.33e+00 3.50e+00 -1.06e-02 8.74e-02
3.50e+00 3.50e+00 -1.19e-02 8.74e-02
3.67e+00 3.50e+00 -1.32e-02 8.75e-02
3.83e+00 3.50e+00 -1.44e-02 8.75e-02
4.00e+00 3.50e+00 -1.57e-02 8.75e-02
0.00e+00 3.67e+00 1.57e-02 9.17e-02
1.67e-01 3.67e+00 1.45e-02 9.17e-02
3.33e-01 3.67e+00 1.32e-02 9.16e-02
5.00e-01 3.67e+00 1.19e-02 9.16e-02
6.66e-01 3.67e+00 1.07e-02 9.16e-02
8.33e-01 3.67e+00 9.37e-03 9.15e-02
1.00e+00 3.67e+00 8.06e-03 9.15e-02
1.17e+00 3.67e+00 6.75e-03 9.15e-02
1.33e+00 3.67e+00 5.41e-03 9.15e-02
1.50e+00 3.67e+00 4.07e-03 9.14e-02
1.67e+00 3.67e+00 2.72e-03 9.14e-02
1.83e+00 3.67e+00 1.36e-03 9.14e-02
2.00e+00 3.67e+00 6.31e-16 9.14e-02
2.17e+00 3.67e+00 -1.36e-03 9.14e-02
2.33e+00 3.67e+00 -2.72e-03 9.14e-02
2.50e+00 3.67e+00 -4.07e-03 9.14e-02
2.67e+00 3.67e+00 -5.41e-03 9.15e-02
2.83e+00 3.67e+00 -6.75e-03 9.15e-02
3.00e+00 3.67e+00 -8.06e-03 9.15e-02
3.17e+00 3.67e+00 -9.37e-03 9.15e-02
3.33e+00 3.67e+00 -1.07e-02 9.16e-02
3.50e+00 3.67e+00 -1.19e-02 9.16e-02
3.67e+00 3.67e+00 -1.32e-02 9.16e-02
3.83e+00 3.67e+00 -1.45e-02 9.17e-02
4.00e+00 3.67e+00 -1.57e-02 9.17e-02
0.00e+00 3.83e+00 1.57e-02 9.58e-02
1.67e-01 3.83e+00 1.45e-02 9.58e-02
3.33e-01 3.83e+00 1.32e-02 9.58e-02
5.00e-01 3.83e+00 1.19e-02 9.58e-02
6.66e-01 3.83e+00 1.07e-02 9.58e-02
8.33e-01 3.83e+00 9.37e-03 9.58e-02
1.00e+00 3.83e+00 8.06e-03 9.58e-02
1.17e+00 3.83e+00 6.75e-03 9.57e-02
1.33e+00 3.83e+00 5.42e-03 9.57e-02
1.50e+00 3.83e+00 4.07e-03 9.57e-02
1.67e+00 3.83e+00 2.72e-03 9.57e-02
1.83e+00 3.83e+00 1.36e-03 9.57e-02
2.00e+00 3.83e+00 5.90e-16 9.57e-02
2.17e+00 3.83e+00 -1.36e-03 9.57e-02
2.33e+00 3.83e+00 -2.72e-03 9.57e-02
2.50e+00 3.83e+00 -4.07e-03 9.57e-02
2.67e+00 3.83e+00 -5.42e-03 9.57e-02
2.83e+00 3.83e+00 -6.75e-03 9.57e-02
3.00e+00 3.83e+00 -8.06e-03 9.58e-02
3.17e+00 3.83e+00 -9.37e-03 9.58e-02
3.33e+00 3.83e+00 -1.07e-02 9.58e-02
3.50e+00 3.83e+00 -1.19e-02 9.58e-02
3.67e+00 3.83e+00 -1.32e-02 9.58e-02
3.83e+00 3.83e+00 -1.45e-02 9.58e-02
4.00e+00 3.83e+00 -1.57e-02 9.58e-02
0.00e+00 4.00e+00 1.57e-02 1.00e-01
1.67e-01 4.00e+00 1.45e-02 1.00e-01
3.33e-01 4.00e+00 1.32e-02 1.00e-01
5.00e-01 4.00e+00 1.19e-02 1.00e-01
6.66e-01 4.00e+00 1.07e-02 1.00e-01
8.33e-01 4.00e+00 9.37e-03 1.00e-01
1.00e+00 4.00e+00 8.06e-03 1.00e-01
1.17e+00 4.00e+00 6.75e-03 1.00e-01
1.33e+00 4.00e+00 5.42e-03 1.00e-01
1.50e+00 4.00e+00 4.07e-03 1.00e-01
1.67e+00 4.00e+00 2.72e-03 1.00e-01
1.83e+00 4.00e+00 1.36e-03 1.00e-01
2.00e+00 4.00e+00 5.34e-16 1.00e-01
2.17e+00 4.00e+00 -1.36e-03 1.00e-01
2.33e+00 4.00e+00 -2.72e-03 1.00e-01
2.50e+00 4.00e+00 -4.07e-03 1.00e-01
2.67e+00 4.00e+00 -5.42e-03 1.00e-01
2.83e+00 4.00e+00 -6.75e-03 1.00e-01
3.00e+00 4.00e+00 -8.06e-03 1.00e-01
3.17e+00 4.00e+00 -9.37e-03 1.00e-01
3.33e+00 4.00e+00 -1.07e-02 1.00e-01
3.50e+00 4.00e+00 -1.19e-02 1.00e-01
3.67e+00 4.00e+00 -1.32e-02 1.00e-01
3.83e+00 4.00e+00 -1.45e-02 1.00e-01
4.00e+00 4.00e+00 -1.57e-02 1.00e-01
